probIn scale
0.02543526 1716.742
0.0105805 1725.104
0.009742497 1670.456
0.01053186 1548.311
0.02265472 1430.633
0.01679761 1408.56
0.02708338 1346.218
0.02080371 1420.367
0.04155571 1382.547
0.02937203 1385.034
0.03400746 1298.421
0.02692386 1337.655
0.0161161 1222.969
0.0134121 1288.047
0.01764339 1164.112
0.03487282 1192.424
0.0280215 1158.193
0.03599794 1107.524
0.03222324 1186.167
0.03819667 1129.221
0.04007007 1099.653
0.04459042 1136.361
0.03502117 1215.98
0.01529704 1511.498
0.02713777 1590.816
0.02373649 1699.354
0.02021028 1630.348
0.0194287 1619.944
0.02214459 1646.546
0.02466035 1913.175
0.0340103 1842.059
0.03710708 1620.007
0.02579579 1653.492
0.01483474 1621.912
0.01876659 1775.907
0.02009734 1747.267
0.02469808 1543.853
0.02365174 1662.378
0.01484948 1722.765
0.01778142 1774.793
0.01945555 1944.082
0.02614696 1775.491
0.01968637 1868.682
0.03272462 1753.734
0.03568548 1711.389
0.02094206 1773.884
0.01752835 1855.291
0.02078947 1692.654
0.04157799 1710.304
0.03888207 1490.135
0.03529988 1396.498
0.0361895 1415.306
0.03153216 1533.25
0.03786213 1596.378
0.04217236 1546.557
0.03648379 1524.959
0.040566 1589.978
0.03495742 1551.727
0.03541456 1583.797
0.05010483 1406.27
0.05226936 1154.418
0.03622627 1138.856
0.0380876 1057.585
0.03628838 1101.54
0.05121455 1014.406
0.0512412 1020.676
0.05502795 984.7693
0.04914835 1006.826
0.04976387 962.0438
0.04527544 928.7425
0.04690311 958.7336
0.0390712 914.6644
0.04460088 974.1954
0.05533155 878.7729
0.0696705 908.2162
0.06312882 928.5666
0.05220453 910.3558
0.07039215 848.6955
0.04246667 862.3532
0.06257695 865.7704
0.05928206 896.9183
0.08401943 812.1815
0.06114976 803.5302
0.06371973 774.4926
0.05726576 778.5538
0.06763083 757.7492
0.04794083 756.7843
0.06814751 787.197
0.06767276 811.7419
0.06412104 749.8257
0.03748939 820.0186
0.06255462 856.903
0.0485181 783.0146
0.04834673 737.8669
0.05650675 699.637
0.05881685 669.0971
0.04996376 691.5487
0.06028351 670.3317
0.03067774 633.2551
0.04447256 616.7798
0.05097583 572.6941
0.05138631 607.555
0.04206348 660.0631
0.0549633 663.8956
0.04401325 702.8953
0.0466552 753.1664
0.03846127 806.7645
0.02959331 829.868
0.0513157 734.3936
0.05460038 765.263
0.04205055 656.5575
0.06359183 652.2456
0.0780001 648.7067
0.07016128 538.0705
0.04752012 537.377
0.06004569 491.6972
0.04524101 503.5046
0.06002768 511.0766
0.07696739 527.2786
0.06763484 567.3005
0.05186894 619.1297
0.05474071 577.8396
0.03800021 623.8454
0.03328822 655.1395
0.03539613 656.3482
0.0318322 585.4184
0.03715143 573.6895
0.04111171 658.7612
0.02933904 632.43
0.02598742 552.8311
0.03024906 611.118
0.06187496 610.6998
0.0542476 578.9525
0.07035089 517.4377
0.07645822 537.6354
0.0514645 464.9354
0.06022944 513.9635
0.0847192 477.622
0.0737028 457.5511
0.06892619 497.0052
0.05754852 500.3364
0.05259094 495.6184
0.05579298 493.7126
0.05047055 494.2935
0.0503917 508.0113
0.05562955 549.2736
0.0361756 526.0102
0.05043833 511.7161
0.07379795 563.8035
0.04940307 475.295
0.05439797 533.8973
0.03736775 478.0377
0.054983 449.4452
0.03827899 467.2732
0.04858869 465.7326
0.08118619 507.0124
0.04854292 488.1786
0.06094136 481.2595
0.04979963 436.0684
0.05344348 442.3766
0.07117348 458.1608
0.06943445 420.8816
0.0650152 416.5943
0.05495994 465.2023
0.06355808 515.7698
0.06096564 527.8283
0.06091416 514.0622
0.04508213 554.7046
0.0708193 560.0129
0.05754208 571.6243
0.06108004 560.5628
0.04587988 545.2651
0.05805092 560.7265
0.05011477 527.3238
0.09908107 529.0379
0.08788446 574.2454
0.08343666 482.2372
0.1059589 493.6727
0.1234124 491.7006
0.1204498 527.9603
0.1130178 513.3503
0.08590746 517.1564
0.07257534 541.6381
0.09263866 537.9046
0.06463144 509.4611
0.0791505 462.8654
0.08588542 516.5478
0.07448809 544.0121
0.07393104 538.8823
0.07350831 545.8428
0.05156126 560.6026
0.05224483 531.5687
0.07285677 527.2507
0.08171669 528.3192
0.08493178 567.4038
0.08121838 530.7465
0.08872808 519.9995
0.06438016 583.6274
0.05467897 567.6583
0.05823967 530.2076
0.07162833 551.7325
0.07701546 579.9572
0.06232857 579.64
0.05582284 554.8796
0.06960142 504.2079
0.0671467 489.0664
0.07310738 437.8513
0.1317975 485.9861
0.1259435 456.9274
0.07783359 434.3742
0.1289892 431.6797
0.09724028 454.1046
0.07936754 423.1652
0.08970579 407.5649
0.09724827 373.3266
0.133604 414.3375
0.1047092 427.6366
0.1305086 420.5984
0.1371452 418.0291
0.1438993 413.9698
0.09956182 436.3631
0.07274223 434.3021
0.07198179 460.0625
0.08917182 421.6846
0.08011584 410.5943
0.09684343 458.1033
0.07908838 428.9707
0.09043401 415.0623
0.09240031 414.1502
0.08025864 429.9504
0.0568768 415.1615
0.09693111 395.5238
0.09449648 366.6661
0.07347405 346.5441
0.09329262 359.6891
0.08619616 384.4494
0.1060754 412.086
0.1371867 418.6871
0.1243027 407.2777
0.1259369 440.1572
0.1248325 428.0464
0.1207158 408.1888
0.1607062 429.4253
0.1256104 470.7176
0.1273085 485.8974
0.1144548 486.3152
0.1296427 466.8634
0.1045365 477.5751
0.0815241 481.6491
0.08942026 489.7372
0.08243028 461.9117
0.08412533 447.2325
0.08897006 450.2864
0.1242683 415.412
0.1131166 378.4214
0.07966382 406.1314
0.09583367 410.8742
0.09095483 381.4048
0.1066274 374.6336
0.1476896 402.1131
0.1220924 362.1855
0.1184453 429.0604
0.1054984 457.4992
0.09653141 521.799
0.1106647 527.2808
0.0907203 545.4512
0.09406649 555.3609
0.1040087 572.0449
0.06656817 538.5112
0.06001239 503.8208
0.07700433 539.1623
0.09867541 481.1718
0.07825541 511.5253
0.08152965 529.5791
0.0632383 537.8271
0.06534067 501.0848
0.08051756 525.1173
0.08709394 593.2038
0.04664478 578.6816
0.03951086 589.3693
0.0526654 582.2825
0.07094039 494.5847
0.06724285 495.1872
0.08055882 503.9293
0.06081319 529.9004
0.08300824 518.021
0.09337287 506.3306
0.08399795 471.5376
0.1111954 458.818
0.1095906 404.4207
0.09868824 383.6772
0.08614915 368.9426
0.08295899 427.4983
0.09504311 458.1702
0.1096039 448.9556
0.07741046 499.3939
0.09699725 467.0659
0.1136841 475.9905
0.122837 517.5084
0.101685 499.4394
0.08652635 485.8477
0.09569639 462.4268
0.08801555 457.8276
0.07847335 434.9908
0.08904243 445.3094
0.06185969 445.9505
0.07771266 445.8112
0.07547988 459.7161
0.1105988 436.6619
0.07958851 494.4522
0.08469797 472.5997
0.04633247 446.5084
0.07027897 424.2074
0.06635128 420.2189
0.05902443 413.5872
0.06142165 374.7822
0.06374223 358.6934
0.07060471 345.1752
0.0818103 354.2696
0.09408003 337.2789
0.1299528 324.6657
0.1015531 319.854
0.1136804 311.4066
0.1595766 289.5567
0.2093736 316.5805
0.2193295 336.5799
0.2052762 325.584
0.1459385 299.9471
0.1199381 314.5353
0.1157704 315.9667
0.1266909 286.6249
0.1255763 297.8901
0.1093368 279.0994
0.1075282 265.769
0.1557544 259.8757
0.1324285 260.2446
0.1263097 247.9251
0.1632749 264.3243
0.1710815 248.6904
0.12686 233.7045
0.1604361 239.307
0.1824298 221.2658
0.1658128 224.2506
0.17323 246.4422
0.14298 244.988
0.1162117 243.6944
0.0878037 264.7988
0.08824729 258.9236
0.08444573 251.6334
0.1529007 254.0286
0.1393817 280.34
0.1463965 276.9169
0.140676 265.4835
0.1006673 265.7181
0.09891698 244.2477
0.1121529 242.9439
0.1117772 250.1923
0.0755254 284.8568
0.1079309 280.5098
0.1344293 306.8335
0.1108305 332.1408
0.1117696 326.6027
0.1011485 307.8233
0.1046417 322.5384
0.08732881 382.4861
0.08305351 340.8749
0.08192651 336.9697
0.09095838 352.8543
0.07186584 351.1037
0.08430826 357.3389
0.07873925 343.7656
0.08433332 305.0898
0.08620017 298.9153
0.09802903 278.707
0.149732 278.33
0.1017523 231.164
0.1195201 222.3723
0.1393125 218.4309
0.1035802 220.7412
0.06899194 208.9983
0.1110915 178.6221
0.1193564 164.6661
0.1307852 169.6598
0.1413529 181.1745
0.1122918 178.4799
0.1185086 180.6057
0.1120033 172.1112
0.151287 154.9397
0.1180647 159.8729
0.1150267 162.1413
0.1505924 161.2032
0.152442 158.9275
0.1395168 149.1985
0.1210301 167.5505
0.1054722 176.5625
0.1367318 188.3762
0.164021 182.7836
0.1742307 198.2796
0.1745081 194.6369
0.156308 205.7297
0.1390849 202.2266
0.1847914 205.9917
0.1550667 217.2817
0.1383016 234.2519
0.1329375 215.4399
0.1214241 241.5661
0.1156252 268.6644
0.1484246 241.2927
0.155946 238.7912
0.1540611 239.1643
0.1703702 253.648
0.1594445 273.874
0.1525664 247.0668
0.1575251 250.2129
0.1420894 252.8367
0.1858949 255.796
0.1935815 275.179
0.1494379 319.9388
0.1336961 333.8703
0.1426853 362.0356
0.1193989 379.2821
0.1472889 374.6666
0.1579549 363.0035
0.1450918 367.3199
0.1880141 351.9472
0.1174605 355.64
0.1127951 387.6496
0.1332263 366.8562
0.1607326 313.7882
0.128122 308.845
0.1543496 313.2652
0.1758861 307.4686
0.1356128 259.7862
0.1267467 267.5197
0.1074832 293.5962
0.1075972 312.7906
0.08893851 293.5252
0.1199435 307.1882
0.1100797 298.8086
0.1385983 309.5111
0.09837183 317.8281
0.1114272 313.9761
0.127933 333.0851
0.1193922 348.4973
0.1455635 350.5423
0.1481989 372.6633
0.1318832 370.6013
0.1566391 334.1519
0.1128393 329.5894
0.07689795 331.9652
0.1439668 347.9402
0.1729473 350.9782
0.2013492 358.3476
0.1703183 384.3477
0.1298655 418.3545
0.1339445 421.3498
0.1399483 425.2839
0.1185679 422.7728
0.128588 409.6125
0.1336543 417.2613
0.1267691 436.2896
0.1305319 399.2812
0.07490448 391.3289
0.1321288 428.6926
0.1249391 437.4797
0.1178715 429.0568
0.09692871 439.7147
0.07374121 483.4091
0.06990629 523.4983
0.05932417 484.9904
0.0488829 509.0961
0.05648587 466.8706
0.06968688 425.2646
0.07703846 389.0653
0.07976314 409.0165
0.1331155 419.8919
0.09739993 408.8308
0.1134454 438.3562
0.126113 448.3047
0.1481616 443.8462
0.1248646 473.8626
0.1049162 478.7149
0.1137146 407.5524
0.0812189 441.0582
0.1034557 401.0595
0.104368 381.467
0.1007765 366.8874
0.1074984 328.7997
0.1374164 350.3863
0.141212 382.423
0.1483716 328.4765
0.1236249 335.914
0.2116412 348.7331
0.2162453 326.7665
0.1956259 313.3472
0.2082648 327.1279
0.1722793 355.3393
0.1200476 380.6175
0.1338553 349.4158
0.09576119 367.3498
