51.58973
47.55209
52.53345
47.79899
43.22925
38.56097
45.27265
42.51501
42.75648
56.66203
61.1028
56.64891
53.3528
50.48761
45.88736
51.96888
56.5515
55.7025
51.10943
56.33164
56.50245
62.28724
72.3671
70.39913
77.55624
74.1168
83.12447
77.32003
73.11869
64.00982
67.3496
69.53034
65.07403
59.5851
55.06518
47.99021
62.23501
65.53305
84.96272
87.2369
76.2111
70.25539
62.02415
64.48853
75.8293
85.30596
107.7554
77.14235
98.46252
113.8211
88.76813
79.01077
79.3909
99.65507
108.279
88.55633
88.1223
105.7419
121.551
74.09092
84.87056
75.26492
75.81138
64.46958
69.13617
58.43992
56.09039
53.18095
45.63697
51.901
64.35725
60.07784
87.2638
117.3337
102.7098
96.0031
79.51715
58.41454
61.05032
52.64401
75.5477
47.65394
51.98387
66.21427
64.73646
48.11477
39.03927
62.44121
58.92547
63.17379
54.49623
47.08611
77.35017
78.89632
80.97161
68.50346
54.59429
57.03884
69.49382
66.01267
76.26118
68.95267
83.22131
85.95809
70.83168
81.48245
87.57669
59.37616
49.36639
47.57822
45.35938
54.61396
42.48676
36.57148
49.57704
46.76304
58.442
62.32091
70.21469
59.03456
53.73359
54.9033
56.28533
45.97766
51.69359
48.36177
58.69513
60.57872
65.88812
66.79571
64.38622
74.85139
61.25918
43.40294
47.77402
64.43191
51.236
50.14605
42.99703
35.20242
34.64729
50.39197
63.08387
63.11556
61.30672
56.42423
76.28799
70.23115
58.05187
59.96856
56.53807
49.8579
63.45403
75.39485
66.58608
82.81794
60.63225
68.35239
60.49288
70.06481
60.34797
58.35098
65.93243
72.909
58.5468
56.11151
82.33673
80.79036
61.74063
71.27681
60.53968
54.14856
71.91421
77.13387
64.83483
68.75814
92.12865
99.71415
138.5037
124.636
105.4664
110.0829
98.323
106.3687
79.60969
87.30031
81.4628
73.9094
69.8311
72.65084
67.15411
98.90409
118.529
124.9403
102.1415
89.99808
58.66902
57.79972
72.13446
79.58078
97.54788
97.48481
123.5967
118.4509
111.7505
142.9484
138.392
99.43078
85.64012
58.0221
87.65185
92.25179
89.1796
81.31144
85.32752
115.3034
133.842
121.3032
125.3258
104.6277
113.3585
87.22732
81.03293
83.93433
84.60929
73.18936
71.70709
67.36503
87.94217
78.66341
74.82598
88.25016
86.45352
74.90016
77.72314
78.09123
82.36589
56.26152
66.57859
59.10438
59.10196
63.23319
75.72895
82.87486
71.69131
95.5027
64.33919
70.9329
58.0452
72.41424
84.8664
76.0109
84.38524
87.48277
96.6521
126.46
100.4026
97.04779
99.3899
111.5988
100.4373
102.5847
116.2879
123.2238
76.62168
79.05261
77.50335
73.85247
75.20497
84.80683
85.89716
70.92561
65.999
57.88859
61.0478
62.82014
54.79986
82.06305
69.36595
68.76741
71.08989
55.41983
70.49649
80.51332
63.69416
60.21047
49.35883
71.07673
66.31591
80.18205
74.763
73.18698
64.98736
68.98159
98.0409
87.62005
97.35178
93.08683
113.2598
108.4948
81.93903
71.584
65.52274
68.77788
74.70877
58.91555
95.28648
71.51531
85.48791
82.91974
76.21722
106.2267
86.70727
95.73948
92.64107
107.7763
105.9812
70.99829
86.69122
89.2038
82.21178
69.206
85.93369
77.06971
77.07302
85.84058
92.81596
72.73554
84.62833
98.55121
93.9007
134.3901
116.4526
74.81088
81.92063
90.84591
99.79773
74.1856
72.70225
84.39174
78.95588
87.70073
87.3084
98.17061
90.30937
94.54463
61.90421
69.47028
80.70029
67.56339
79.80772
103.5891
87.21522
118.9651
78.71171
76.16282
80.64453
72.814
67.26255
73.00804
63.97668
65.09682
75.55777
95.1346
107.6924
86.70079
81.0844
60.76738
57.42798
50.22977
59.8951
65.36785
78.30973
84.18707
80.50643
89.02121
91.94091
81.02465
59.03809
57.05774
49.45417
42.36897
62.26659
81.58551
80.14871
84.73035
84.25858
74.00762
100.764
81.87391
75.20388
76.80034
93.00148
107.006
109.053
95.74435
108.5261
98.86653
100.4697
116.895
88.67874
93.00881
74.71216
101.9733
74.57576
65.63241
99.32125
74.9777
75.39079
60.49122
52.88903
48.44089
47.70456
61.368
77.86306
71.51625
62.81819
86.17726
87.43201
102.4952
108.8057
96.86359
79.90225
71.25417
86.51294
90.581
84.54704
62.3642
69.15669
70.56636
104.6228
125.6694
95.82663
106.9739
86.45844
86.68816
81.44263
83.25466
90.95684
77.9483
63.68567
50.86014
82.82599
57.17105
64.72141
75.36236
64.77473
60.55527
58.69019
86.56958
85.48973
67.18837
52.87114
50.07049
36.8325
46.13607
43.32907
50.8768
50.04639
55.51949
63.19739
71.08351
41.9875
54.02723
59.46215
53.12459
38.82148
63.50243
60.87217
59.89198
57.2374
65.1891
65.35172
86.22785
61.48572
70.49395
77.7054
111.529
81.12147
62.93724
76.9407
71.99983
100.4308
88.71407
90.33705
66.25879
50.31905
65.13468
67.62807
75.27216
96.09316
70.18623
91.63298
74.32661
61.3286
48.463
47.45164
39.48772
49.5676
54.61668
68.94001
61.34764
73.49179
54.24721
49.10672
50.5614
44.18854
37.09002
59.10786
66.83342
78.65415
52.48837
51.49076
73.0405
94.57061
75.4109
71.50552
82.18969
111.3841
89.10005
108.1027
121.619
94.59454
83.1457
65.28597
83.31799
103.5344
91.63081
84.33644
63.98703
83.0159
85.32848
87.19543
66.90578
73.85038
81.96698
75.36129
93.76863
119.5273
130.5299
87.33203
75.84849
83.15124
110.5105
102.0934
106.4234
99.6669
95.80308
107.1903
87.86333
74.41912
67.90114
94.72251
84.2851
78.92218
60.82573
73.96503
64.31052
55.69108
50.03023
68.53833
73.46868
75.93112
88.41705
110.0578
103.3596
94.46789
123.0029
101.2905
99.86907
121.3775
97.05315
120.7926
91.72255
106.8654
98.21972
105.7338
84.78426
99.08059
82.2644
100.1537
95.97214
70.05575
75.20656
88.20607
83.41243
70.41141
84.38415
78.30079
71.07724
53.95674
62.4301
49.25101
66.68383
71.60752
62.06097
74.24405
74.0711
72.30832
73.1444
69.4734
85.36692
80.04092
87.96764
71.71881
57.92145
61.93234
54.0014
49.48308
40.61433
47.12396
52.76589
60.36375
58.45004
46.05284
60.3902
55.99684
63.49957
53.37284
63.99372
56.32804
43.23526
47.17786
45.67977
53.3378
53.98455
58.99848
66.16941
75.83094
74.49973
75.52162
83.71222
64.00688
74.05995
70.11938
70.25254
90.3224
75.17105
74.89255
72.33316
71.63635
97.37217
96.10284
129.0174
104.7062
80.53812
79.40397
79.04249
58.99566
69.42946
97.22616
85.05607
76.29724
79.0795
88.26101
120.2025
114.6392
94.60253
66.05827
68.75679
52.94644
59.80554
61.27793
60.27924
72.29873
68.01541
66.78333
122.3145
103.4721
98.07503
67.64715
61.78866
51.10549
51.59958
71.90863
72.54003
79.47782
94.17634
88.08436
69.44076
62.01001
54.7409
45.33761
50.03807
59.51311
64.62702
83.04921
68.24851
65.8473
74.91489
56.59403
64.70145
60.44622
56.35336
76.63394
57.87071
49.46935
81.02505
90.08765
109.5253
98.1182
88.89188
130.6158
137.4417
84.75683
83.45398
94.27241
105.1876
70.60189
59.96372
63.65256
53.43886
67.23064
70.81639
59.41887
46.92712
61.3194
49.65838
51.37885
63.63963
70.16011
74.15418
71.07243
89.89587
75.68925
64.1071
50.56234
71.86926
54.21068
61.64189
61.26848
60.73897
57.97168
55.78423
47.31229
55.86434
45.12582
49.04835
45.6184
44.74441
49.77681
56.59611
57.21208
58.40165
54.39596
63.51134
62.06791
59.67298
52.62805
57.19668
73.52271
82.31256
85.3439
82.84902
84.12306
79.31731
71.73131
58.78011
59.73581
35.38082
50.05952
48.53152
31.03189
26.51714
30.79022
48.81259
53.822
71.66259
59.8993
65.49559
81.08332
71.01084
82.17233
80.30217
66.8199
70.96598
73.1865
65.84222
71.47194
79.76021
72.54392
89.18331
96.10632
95.7866
78.62393
65.89139
88.11194
109.8616
99.7238
79.08729
84.00959
91.02577
75.27664
82.48748
72.49994
67.04904
64.48554
87.26803
81.72494
68.97017
56.99919
47.89167
60.91563
59.81327
72.71362
104.4909
108.6859
79.5201
85.8103
88.66742
80.96535
90.09291
71.80063
86.291
104.6602
94.82344
93.43063
90.26704
83.9614
61.52808
71.22511
86.53007
104.8404
99.17703
90.96353
62.18934
61.29296
77.87314
59.11586
72.7892
70.76551
81.32409
89.39589
79.82009
97.04885
115.5957
81.32232
86.72097
65.65756
68.90496
61.47602
65.85502
53.29909
53.70938
65.17362
82.85572
78.97502
82.02824
81.249
59.90447
53.17333
60.66592
46.83766
60.08895
59.54421
71.87938
82.92701
71.44318
101.1479
86.53061
64.13728
53.34788
56.06723
70.20642
58.34695
39.88274
40.72566
61.49549
75.09833
76.59815
58.39911
63.72111
51.02301
71.54219
87.91641
73.09688
88.947
85.25929
78.68932
99.92963
115.0729
104.5163
111.1105
84.36344
75.15776
89.38256
86.67283
80.27024
77.56767
80.10569
51.08873
48.48865
48.20502
43.42423
69.26451
54.5035
38.88474
43.31711
63.7771
57.05964
57.79243
56.3179
55.39436
72.16817
66.88828
71.57923
86.86308
119.4569
97.52717
75.26598
86.88367
83.76396
72.72302
53.16954
64.70515
69.41051
81.49976
73.9174
71.91789
88.06503
101.0609
94.45638
83.38166
70.25615
75.95635
79.95679
73.16066
72.91516
66.96616
82.42665
90.18899
66.33399
87.0156
81.41521
82.41081
108.5566
98.49547
85.87
92.26034
89.3212
79.48533
78.64286
72.25963
77.96028
70.38798
51.40068
72.22947
61.5598
59.23514
78.5307
72.26969
69.97558
67.54467
78.15907
65.12915
65.55465
103.9558
110.2251
119.5342
79.75146
77.99956
70.51341
74.17561
95.75506
84.29598
84.85053
70.8576
56.37272
48.63831
65.43938
58.12645
81.35268
66.82169
70.6247
71.50687
68.19927
57.66602
61.12157
64.84003
51.63454
55.45012
55.12024
56.20399
52.9221
72.7757
53.81412
66.91472
121.7698
85.55798
61.18322
61.46465
70.18733
65.02597
60.97477
84.381
80.85216
87.73107
86.25178
89.04116
71.8381
