0.2893783
0.2555269
0.2480187
0.2477623
0.2510496
0.2380778
0.2281116
0.2303523
0.2194079
0.2202896
0.2003035
0.1857197
0.1815098
0.1759282
0.1799067
0.1743273
0.178675
0.1746516
0.1675877
0.1663479
0.1710865
0.1696992
0.1751905
0.1742299
0.1666623
0.1715309
0.1651071
0.1507315
0.1389274
0.138637
0.137118
0.1354034
0.1443837
0.1508343
0.1491983
0.1506108
0.1526424
0.1507201
0.153989
0.1589938
0.1553585
0.1603205
0.1569342
0.1510976
0.1453676
0.1454728
0.1498222
0.1487746
0.1421963
0.1352768
0.1355967
0.1286863
0.1251128
0.1234664
0.1206078
0.116138
0.1206873
0.1138668
0.1143777
0.1166473
0.1146516
0.1140514
0.1204256
0.116566
0.1151858
0.116352
0.1227066
0.1263841
0.1230036
0.1181225
0.1225263
0.1217213
0.1262318
0.1225827
0.122934
0.1200242
0.1181605
0.1186065
0.1162248
0.1233477
0.1296944
0.13617
0.1305761
0.1278958
0.1276913
0.1334868
0.1295905
0.1179207
0.1149453
0.1054661
0.1091411
0.1148951
0.114304
0.1098739
0.1087025
0.1099939
0.1080572
0.1091234
0.1132683
0.1087466
0.1085999
0.1009602
0.1006106
0.0969501
0.1021216
0.09761753
0.09842746
0.0989545
0.09581149
0.0936394
0.09967301
0.1014268
0.1071259
0.1097651
0.1073095
0.1131749
0.1090066
0.1122965
0.1147667
0.1113978
0.104077
0.1114657
0.1096704
0.1076442
0.1039662
0.1004259
0.1012461
0.1030843
0.1058205
0.1064265
0.107722
0.1116786
0.117227
0.1139908
0.1125465
0.1115151
0.112027
0.1041596
0.100603
0.1013903
0.1002499
0.09871056
0.09245677
0.09383913
0.09681539
0.09757074
0.09538212
0.09209566
0.09294505
0.09063648
0.08786008
0.09022721
0.08827035
0.08747829
0.08578919
0.08786877
0.08424403
0.08293083
0.08077556
0.08012112
0.08150722
0.08224888
0.08048935
0.08053307
0.08270446
0.07967179
0.08181129
0.08428197
0.0846051
0.08190464
0.07589087
0.07772164
0.07942124
0.08223568
0.08243316
0.08569205
0.0858302
0.08796468
0.08828544
0.08842208
0.09132969
0.08861202
0.08092428
0.07957401
0.08124963
0.08335181
0.08163219
0.08446412
0.083719
0.08225192
0.08383327
0.08891705
0.09004442
0.09229187
0.09041494
0.09265514
0.09031053
0.08433867
0.08470582
0.0876966
0.08882201
0.0920593
0.09296194
0.08995691
0.08936839
0.0904023
0.09277762
0.09984333
0.0991883
0.09267839
0.09460837
0.0929546
0.09149461
0.09273139
0.09406956
0.09239608
0.09549274
0.09448995
0.09313161
0.09136896
0.0937902
0.0942522
0.09490002
0.09468015
0.09955377
0.09236536
0.08883424
0.08794819
0.09200016
0.09365293
0.08891091
0.08673289
0.08720018
0.08316986
0.08493853
0.08752626
0.0934635
0.08684574
0.08174146
0.08123318
0.08292899
0.08368045
0.08005676
0.08066642
0.07956515
0.07867602
0.07999106
0.07576445
0.07246594
0.07208702
0.07447799
0.0746259
0.07246592
0.07244195
0.06986595
0.0728298
0.07140186
0.06842535
0.06765204
0.06854554
0.07095136
0.06953287
0.06976546
0.07115418
0.07039849
0.06768885
0.07275943
0.07749887
0.07173353
0.07263843
0.07583337
0.07464464
0.07504542
0.07137163
0.06802314
0.06861968
0.06557575
0.06514166
0.06305242
0.06361125
0.05866832
0.05642041
0.05807297
0.05942042
0.05602864
0.06012632
0.05913628
0.05857203
0.05868636
0.05536398
0.05558045
0.05373829
0.05327409
0.05524575
0.05378491
0.05353641
0.05373076
0.05115818
0.05256638
0.05459812
0.05635673
0.05559418
0.05710745
0.05525537
0.05633267
0.05377575
0.05415235
0.05029893
0.05428604
0.05077986
0.05189875
0.05214241
0.05340847
0.05454687
0.05507341
0.05512383
0.05780643
0.0553355
0.05432606
0.05364835
0.0519495
0.05038041
0.05145555
0.04815734
0.04773986
0.04658046
0.04433735
0.04641373
0.04410968
0.04286138
0.04189395
0.04348686
0.04129113
0.04128258
0.04024682
0.03819246
0.04072545
0.04093087
0.04077678
0.04144462
0.04092112
0.04149393
0.041475
0.03840199
0.03846719
0.03694843
0.03587117
0.0354174
0.03511539
0.03460579
0.03450435
0.0336559
0.03509376
0.03358866
0.03571492
0.03578043
0.03482642
0.03652281
0.03994364
0.04073914
0.04178178
0.04221847
0.04083899
0.04092005
0.04365978
0.04280606
0.0431664
0.04251957
0.04440841
0.04400354
0.04392175
0.04456748
0.04738192
0.04383925
0.04303794
0.04570586
0.04566052
0.04436589
0.04531547
0.04579846
0.0456754
0.04610448
0.04445157
0.04536023
0.0447687
0.04493765
0.04468415
0.04424592
0.04295172
0.04371737
0.04198208
0.04202456
0.04179894
0.04419267
0.04712794
0.05090368
0.04920202
0.04774272
0.04720167
0.04972448
0.05075641
0.04748554
0.04612409
0.04672971
0.04594146
0.04730092
0.04852644
0.04823168
0.04868284
0.0475346
0.04628446
0.04829429
0.04911141
0.04843161
0.04662926
0.04923637
0.04797705
0.04852597
0.04719682
0.04951737
0.04928799
0.04806667
0.04968863
0.05004795
0.04733533
0.05043493
0.04642557
0.04381722
0.04676024
0.04813913
0.04805102
0.0487255
0.04868161
0.04908042
0.04954155
0.04949524
0.04882199
0.04803585
0.04666983
0.04695608
0.04493318
0.04349117
0.04264988
0.043997
0.04476133
0.04614024
0.04466485
0.04772881
0.04694026
0.04811038
0.04860901
0.04725192
0.04947905
0.04950088
0.04990315
0.05108018
0.05095638
0.05063192
0.05025629
0.05007586
0.04894497
0.04951078
0.04831748
0.04867013
0.04951952
0.04754769
0.04712247
0.045611
0.04417026
0.04718537
0.04935761
0.05013366
0.04768371
0.04860363
0.0490102
0.04989582
0.05185598
0.04760023
0.04733926
0.04582193
0.04317825
0.04328719
0.04347178
0.04161846
0.04048126
0.04201472
0.04296191
0.0417649
0.04371991
0.04261806
0.04157116
0.04002171
0.04019034
0.04136774
0.04047832
0.03866998
0.03779698
0.03596716
0.03610045
0.03824299
0.03712877
0.03521796
0.03542556
0.03513221
0.03605865
0.03615905
0.0347986
0.03322848
0.0328358
0.03296204
0.03253607
0.03270101
0.03461682
0.03522721
0.03283775
0.03233895
0.02967785
0.02924994
0.02974255
0.02681594
0.02590659
0.02712733
0.02709188
0.0284266
0.02817471
0.02701452
0.02531353
0.02538498
0.02549479
0.02606161
0.02636765
0.02569896
0.02512181
0.02629437
0.02751021
0.0276365
0.02910187
0.0300773
0.03102215
0.03068221
0.02984691
0.02897534
0.02829205
0.0282533
0.03055306
0.0281829
0.02859334
0.0282737
0.02833491
0.02647393
0.02587862
0.0247647
0.02379484
0.0245484
0.02518997
0.02583146
0.02765393
0.02571929
0.02569884
0.02560045
0.0245225
0.02592204
0.02420327
0.02406863
0.02347556
0.02451294
0.0244507
0.02421559
0.02323545
0.02173764
0.02130218
0.01989245
0.01936979
0.01837959
0.01864805
0.01868083
0.01915933
0.01801032
0.01716454
0.01647603
0.01693236
0.0186348
0.01859429
0.01740511
0.01856718
0.0177892
0.0182008
0.01792251
0.01802962
0.01809979
0.01808563
0.0179689
0.01791941
0.01776156
0.01753378
0.01824439
0.01853966
0.01851975
0.01841587
0.01861723
0.01945966
0.01950565
0.02038216
0.02036115
0.01927164
0.01964387
0.01915033
0.01867766
0.0177348
0.01825752
0.01932246
0.02011672
0.0200466
0.01869495
0.01813777
0.01785819
0.01742988
0.01845193
0.01653547
0.01600938
0.01577246
0.01578781
0.01533629
0.01619973
0.01523724
0.01508028
0.01573396
0.01554911
0.01555735
0.01507936
0.0154709
0.01601166
0.01658709
0.01600934
0.0158456
0.01535575
0.01473855
0.01476673
0.01479392
0.01458047
0.013562
0.01329885
0.01321304
0.01312583
0.01266484
0.01261165
0.01265381
0.01345223
0.01303872
0.01255196
0.01177044
0.01236485
0.0127274
0.01276185
0.0122178
0.01236684
0.01191278
0.01239596
0.01235038
0.01183585
0.01239062
0.01296626
0.01282821
0.01292157
0.0123584
0.01200738
0.01152113
0.01175981
0.01137421
0.01211464
0.0116454
0.01015304
0.01011621
0.009441233
0.009409904
0.0106724
0.01042085
0.01018385
0.01051786
0.01100052
0.01087163
0.01154162
0.01140423
0.01130484
0.01076729
0.01110499
0.01131642
0.01132591
0.01169282
0.01221921
0.01276888
0.01232257
0.01197499
0.01182576
0.01162794
0.01151903
0.01162095
0.01150091
0.01194126
0.01216163
0.0128827
0.0131527
0.01416011
0.01422856
0.01386697
0.01377265
0.01403335
0.01411644
0.01391703
0.01441465
0.0152345
0.01464702
0.01462334
0.01501982
0.01611269
0.01551365
0.01531804
0.01558837
0.01531906
0.01505574
0.01411737
0.01470043
0.01506019
0.01440103
0.01438112
0.0145325
0.01449543
0.01401965
0.0138778
0.0150703
0.01554951
0.01460456
0.01419446
0.01469563
0.01507189
0.01446592
0.01395744
0.01437986
0.01419417
0.01443974
0.01525464
0.01453076
0.01534118
0.0159454
0.01573301
0.01637299
0.01727175
0.01711087
0.017329
0.01805485
0.01758243
0.01739713
0.01762875
0.01664229
0.01724198
0.01728727
0.01834025
0.01867597
0.01897612
0.01938014
0.01927635
0.01893464
0.01858968
0.01968629
0.02014619
0.02105051
0.02128529
0.02049527
0.02143933
0.02088165
0.02157587
0.02160953
0.02036073
0.02025482
0.02014656
0.01928431
0.01838473
0.01844931
0.01823881
0.01919107
0.01898911
0.01984193
0.01990193
0.02104156
0.02180557
0.02156488
0.02179333
0.02169644
0.02338532
0.0232459
0.0224069
0.02212146
0.02199284
0.02270106
0.02263971
0.02260661
0.02326507
0.02171065
0.02245138
0.02131659
0.02171881
0.01988634
0.01998952
0.02191161
0.02168436
0.02076766
0.02069714
0.02014295
0.02064124
0.02104633
0.02079873
0.02096147
0.02055744
0.02218688
0.02180418
0.02209914
0.02077136
0.01996562
0.02062491
0.02066292
0.01991894
0.02007053
0.02006293
0.02105386
0.02130775
0.02084374
0.02101858
0.02037257
0.02112265
0.02167326
0.02095235
0.02158677
0.02163743
0.02119249
0.02146719
0.02123393
0.01920237
0.01898635
0.01818721
0.01702094
0.01636601
0.01759382
0.0163395
0.01583719
0.01583889
0.01660918
0.01680674
0.01596992
0.01693651
0.01678309
0.01662599
0.01647959
0.01705553
0.01762549
0.01839994
0.01912809
0.0188783
0.0185581
0.01782746
0.01727785
0.01805573
0.01831915
0.01904785
0.0182447
0.01765368
0.0165622
0.01658561
0.01672138
0.01655079
0.01545158
0.01588684
0.01661226
0.0170183
0.01665585
0.01560507
0.01613941
0.01678402
0.0168359
0.01618353
0.01622446
0.01561081
0.01433026
0.01415567
0.01434609
0.01397612
0.01324773
0.0135708
0.01382599
0.01333064
0.01338603
0.01327378
0.01256062
0.01327068
0.01314853
0.01315112
0.01278989
0.01299237
0.01363653
0.01334088
0.01288292
0.01324571
0.0135401
0.01344229
0.0137968
0.01474161
0.0138942
0.01391236
0.0136215
0.01428567
0.01400894
0.01386659
0.01338634
0.01276331
0.01248325
0.01254967
0.01254805
0.01189187
0.01228205
0.01171471
0.01169469
0.01166849
0.01083899
0.01112305
0.01207176
0.01222531
0.01227709
0.01258452
0.01270489
0.01208787
0.01169949
0.01211316
0.01165309
0.01100751
0.01075212
0.01090393
0.01055954
0.01056676
0.009613636
0.009858494
0.009615891
0.01016754
0.01001716
0.01029242
0.01033143
0.01026274
0.01055136
0.01058024
0.01031422
0.01004058
0.01073529
0.01087323
0.01116764
0.01114018
0.01041416
0.01026961
0.01055627
0.01049317
0.01061592
0.0111891
0.01124627
0.01114409
0.01084649
0.01080515
0.01093906
0.01086674
0.01091457
0.01069645
0.01101407
0.0111038
0.01013222
0.01078929
0.01098558
0.01060944
0.01117756
0.01111993
0.01140387
0.01125872
0.01054157
0.01115516
0.0117946
0.01174813
0.01178477
0.01146036
0.01168352
0.0120791
0.01313256
0.01308555
0.01282148
0.01287329
0.01352116
0.01450831
0.01402803
0.01472595
0.01517162
0.01470539
0.01444881
0.01401766
0.01391619
0.01426125
0.01440179
0.01427188
0.01514751
0.01568822
0.01694573
0.01709627
0.01714322
0.01673307
0.0171737
0.01828379
0.01815902
0.01749142
0.01790405
0.01737315
0.01710252
0.01781681
0.01774037
0.01737631
0.01790618
0.0172231
0.01666673
0.01741199
0.0176156
0.01645277
0.01764412
0.01730175
0.01702494
0.01819317
0.01764518
0.01807277
0.01857382
0.01951568
0.01986253
0.01898501
0.01926629
0.01823268
0.01795791
0.01769259
0.01664487
0.01693675
0.01745664
0.01671528
0.01736203
0.01753119
0.01700102
0.0165552
0.01704718
0.01639022
0.0158985
0.01611646
0.01588714
0.01544734
0.01453464
0.01526463
0.01479611
0.01383638
0.01367705
0.01459812
0.01440598
0.01506674
0.01575726
0.01556328
0.01607442
0.01604885
0.01586443
0.01618884
0.01660107
0.01673648
0.01698859
0.01734686
0.01722728
0.01803961
0.01680408
0.01578975
0.0157838
0.01590472
0.01580615
0.01530925
0.01581787
0.01478142
0.01490751
0.01464908
0.01520189
0.01602806
0.01714899
0.01763316
0.01839469
0.01761586
0.01820589
0.01768569
0.01792228
0.01798533
0.01750379
0.01840067
0.01881447
0.01937869
0.01946834
0.01901723
0.01868978
0.01859185
0.01963971
0.01925471
0.01895471
0.01930626
0.01925764
0.01898203
0.01910293
0.01905837
0.01809016
0.01767974
0.01836958
0.01756638
0.01768863
0.01813971
0.01720789
0.01791277
0.018373
0.01661992
0.01671729
0.01610747
0.01639175
0.01700912
0.01707838
0.01672712
0.0167907
0.01672977
0.01683642
0.0157454
0.01538442
0.01702857
0.0171342
0.01669047
0.01669916
0.01672443
0.01662013
0.01638417
0.01656246
0.01658713
0.01693913
0.01683965
0.01614925
0.01727522
0.01746424
0.01686744
0.01645208
0.01680143
0.01751106
0.0167495
0.01681778
0.01660684
0.01640925
0.0174816
0.01861592
0.01909763
0.01853811
0.0184865
0.01845635
0.01744008
0.01801165
0.01757463
0.01762792
0.01702374
0.01664405
0.01618077
0.01599892
0.01613617
0.0159843
0.01528902
0.01551889
0.01547936
0.01513263
0.01563085
0.01496226
0.01489171
0.01412099
0.01402477
0.01420063
0.01486423
0.0149641
0.01488795
0.01577175
0.01620366
0.0156631
0.01517979
0.0156664
0.0150613
0.01543124
0.01621291
0.01600338
0.01596397
0.01555924
0.01609153
0.01590678
0.01710908
0.01599136
0.01673599
0.01670257
0.01571627
0.01516177
0.01434292
0.01516902
0.01539813
0.01487419
0.01472995
0.01543981
0.0149914
0.01516312
0.01581186
0.01491466
0.01464112
0.01451264
0.01363087
0.01328278
0.01206048
0.01193923
0.01201686
0.01212332
0.0119049
0.01165414
0.01193761
0.01245131
0.01212578
0.01258122
0.01252541
0.01226219
0.01198438
0.0123067
0.01253004
0.01235834
0.0129743
0.01355679
0.01369612
0.01366954
0.01284056
0.01330006
0.01401139
0.01415708
0.01459045
0.01451283
0.01467135
0.01376751
0.01446702
0.01427873
0.01443768
0.01435695
0.01415129
0.01375766
0.01311712
0.01322336
0.01294258
0.01412566
0.01422193
0.01343003
0.01375668
0.01399996
0.01303976
0.01331249
0.01381284
0.01402366
0.0132264
0.01229825
0.01261628
0.01302722
0.01303875
0.01353649
0.01353187
0.01392555
0.01429656
0.01448458
0.01435832
0.01456806
0.01453653
0.01529775
0.01610637
0.01694588
0.01692046
0.01686944
0.01759917
0.01609927
0.01644206
0.01606852
0.01727505
0.01718927
0.01629859
0.01678871
0.01806477
0.0163229
0.01547203
0.01459914
0.01399326
0.01426092
0.01375464
0.01421072
0.01499742
0.01449551
0.01424642
0.01471067
0.01514402
0.01394635
0.01402704
0.01438978
0.01476749
0.01399212
0.01406453
0.01502174
0.01513015
0.01509777
0.01517449
0.01430037
0.01475817
0.01459063
0.01402623
0.0145946
0.01412049
0.0135051
0.01343193
0.0130012
0.01301177
0.01288841
0.0142812
0.01450101
0.0146181
0.01523748
0.0163678
0.01659107
0.0168437
0.0174672
0.01767757
0.01857866
0.01824844
0.01833349
0.01946244
0.02028957
0.02163003
0.02114787
0.02056212
0.02075271
0.02061707
0.0202266
0.02048272
0.0210048
0.02126371
0.02191981
0.02408808
0.0249541
0.02525769
0.02430273
0.02462289
0.02425851
0.02349554
0.02322128
0.02368164
0.02459897
0.02496262
0.02653457
0.02672461
0.02663877
0.02683306
0.02619394
0.02551812
0.02403685
0.0225255
0.02285011
0.02181749
0.02130126
0.02044853
0.0198708
0.0203472
0.02044692
0.0201489
0.01909539
0.01811592
0.01773565
0.01703817
0.0178897
0.01729735
0.01747918
0.01692915
0.016586
0.01653124
0.01607994
0.01635337
0.01667066
0.01643037
0.01714169
0.01745976
0.01755272
0.01705503
0.01632448
0.01609526
0.01638858
0.01643008
0.01660331
0.01740245
0.01868505
0.0188821
0.01859018
0.01871789
0.01938031
0.01950211
0.01907254
0.01908417
0.02126278
0.02114379
0.02251767
0.02130983
0.02105138
0.02168174
0.02211183
0.02307188
0.02352945
0.02283466
0.02199838
0.02176247
0.02331922
0.022376
0.02213448
0.02109198
0.02204913
0.02104441
0.0208505
0.02146478
0.02186565
0.0202808
0.0212855
0.02206105
0.02222585
0.02131652
0.02031334
0.02013655
0.02056779
0.02178201
0.02130038
0.02079883
0.01969846
0.01990133
0.02059288
0.02071507
0.0209237
0.02017666
0.02211134
0.02174812
0.02179927
0.02189662
0.02115447
0.02179021
0.02154952
0.02028916
0.01945049
0.01907827
0.01939341
0.01905506
0.02001515
0.01944605
0.01907025
0.0191854
0.01921268
0.01936854
0.0183505
0.01953317
0.01938421
0.01915564
0.01924969
0.01968018
0.01985584
0.02003413
0.02027687
0.02046529
0.02063056
0.02072284
0.02156183
0.02281825
0.02276999
0.02372722
0.02213586
0.02248731
0.02239232
0.02312036
0.02353511
0.0226733
0.02282487
0.02360786
0.02427036
0.02305516
0.02354454
0.02413945
0.02363119
0.0233588
0.02371845
0.02541999
0.02643419
0.02739178
0.02824618
0.02741542
0.02654642
0.02542444
0.02434008
0.02461682
0.02624063
0.02559014
0.02410421
0.0243436
0.02432526
0.0236518
0.02474212
0.0244482
0.02443836
0.02466989
0.02470225
0.02382949
0.02514269
0.02539327
0.02497171
0.02503001
0.02435924
0.02602395
0.02429893
0.02488353
0.02472047
0.02503854
0.02568053
0.02443622
0.02547076
0.0248848
0.02357887
0.02360074
0.02529474
0.02326565
0.02323254
0.02198239
0.02160241
0.02076657
0.02085001
0.02149808
0.02095812
0.02160036
0.02138384
0.0214865
0.02106264
0.02040739
0.01981572
0.01961797
0.02031631
0.01950612
0.01964967
0.02004652
0.02022792
0.0220154
0.02364819
0.02435393
0.02487333
0.02360974
0.0237041
0.02314483
0.02343156
0.02369354
0.02481555
0.02582849
0.02675404
0.02860841
0.02830997
0.02756868
0.02705913
0.02862279
0.03003842
0.03053391
0.03001401
0.02970565
0.02914119
0.02821623
0.02667426
0.02792535
0.02771421
0.02770597
0.0262769
0.02737678
0.02680457
0.02593503
0.02483052
0.02609263
0.02538886
0.02610065
0.0254337
0.02392134
0.02398173
0.02241752
0.022004
0.02254211
0.02141375
0.02016211
0.0207986
0.02120902
0.02161075
0.02104675
0.0205602
0.02088868
0.02007578
0.02051849
0.02031456
0.01880115
0.01857302
0.01874295
0.01789841
0.01698687
0.01635944
0.01643251
0.01562933
0.01612399
0.01633072
0.01542674
0.0142593
0.01427082
0.01327196
0.01327714
0.01269587
0.01256443
0.01226455
0.01191546
0.01215241
0.01214039
0.01219487
0.01262036
0.01304338
0.01330014
0.01288192
0.0132979
0.01320736
0.01321643
0.01296559
0.01308243
0.01235838
0.01177583
0.01153968
0.01174059
0.01141546
0.01242925
0.01333352
0.01444493
0.01468458
0.01498586
0.0150999
0.01442252
0.01514818
0.01401969
0.01387649
0.01383165
0.01467489
0.01398897
0.0127752
0.01297604
0.01341297
0.0137804
0.01440605
0.01485179
0.01476513
0.01519849
0.0151087
0.01546935
0.0149901
0.01457059
0.01487855
0.01451938
0.01533767
0.01545981
0.01554982
0.01601391
0.01537478
