46.67596
47.65413
47.14729
46.77229
47.311
47.30612
45.54002
44.26409
44.84617
44.4428
46.74035
44.22934
45.06616
45.00678
44.55135
43.8894
45.58497
44.89019
42.78359
44.35019
46.21254
44.81777
46.06449
45.71142
46.40487
47.13379
44.93236
48.57981
47.22783
46.78268
45.16365
45.34838
44.10677
46.0246
46.82616
46.93913
44.24936
44.02514
44.35256
46.3085
46.29432
46.11368
44.47046
43.82683
42.26615
44.28712
46.07314
45.54763
47.1214
46.32654
47.1413
50.0987
50.9024
48.2124
43.08993
44.3021
41.32394
44.65933
46.44634
46.79227
48.88258
45.12456
45.22776
47.33883
47.78401
46.69994
44.12693
42.83248
43.85018
44.64426
47.18098
46.71503
45.3932
46.03034
44.52062
45.97399
45.41093
46.83278
44.4924
45.59364
46.93038
45.60582
47.34706
46.64678
48.18854
47.3095
45.58175
46.11354
45.94701
44.73689
45.978
45.92019
46.90414
44.16796
46.23926
47.54664
48.5751
44.93524
43.22377
42.73334
44.95666
47.11114
48.84269
46.97027
47.20146
46.65639
45.43954
47.27956
45.43786
43.94282
44.19968
44.49719
45.76894
45.48387
45.35034
43.32008
42.85274
44.49136
43.00359
44.5732
47.08483
45.18062
47.08784
48.73234
47.83268
46.32353
43.54139
41.29589
43.59735
41.68515
39.58732
40.91926
38.91002
39.41549
41.69551
44.49274
47.8569
47.60294
45.50772
46.00457
49.02039
46.21574
43.07405
41.96301
42.49574
43.72963
43.79787
44.13826
44.91668
45.46601
44.15233
43.30608
45.75814
45.76679
45.82676
46.97477
47.01127
44.34494
46.06881
46.65048
46.4081
46.15301
46.24228
44.39812
44.037
44.69952
44.615
45.80733
46.56178
43.48762
43.43044
43.61694
46.90573
49.31742
46.07705
46.61173
46.18538
45.26612
45.19564
45.03653
47.88558
47.39661
47.61953
45.24226
43.46415
46.63934
46.7399
45.33661
44.86297
45.51568
45.89938
43.97372
46.09878
45.73841
45.42259
45.51101
45.61766
45.3778
43.59751
45.72781
46.03118
49.27006
46.62436
46.17873
50.0277
48.85947
50.43175
47.67829
47.47638
47.22122
47.19866
43.77303
44.67158
44.98529
45.76195
47.64943
47.07685
46.64027
45.10438
45.82868
44.61494
44.5331
45.32345
44.76795
43.56772
43.02613
44.57841
42.12117
42.91719
42.82007
43.68427
46.25186
45.68685
45.01098
42.9233
44.40924
43.48462
44.13039
44.17601
41.84814
46.83305
46.69754
43.26593
45.30322
45.76472
46.84353
47.37938
49.44701
48.19053
48.00434
50.38664
46.55172
48.8583
47.9075
44.88047
45.45497
45.81707
44.8766
46.87278
45.715
44.83
46.05257
44.3346
45.8127
44.73914
42.6639
44.04418
45.53297
44.02592
43.49674
43.12864
42.99048
43.49434
43.25034
43.07201
45.26519
43.33511
43.26894
41.99223
45.54253
46.9213
46.91757
47.01926
46.57487
45.59622
44.66303
44.62151
45.98653
47.34582
49.27152
48.07431
46.77293
48.59217
45.61068
43.67152
46.84949
45.51118
46.3845
48.18539
46.10013
46.54099
43.23381
44.90178
44.70968
45.33818
45.58393
45.86519
45.07672
45.63833
46.89005
47.42213
49.0049
49.06697
46.32533
44.94002
43.81981
42.26524
42.98831
44.44698
45.97991
46.17632
48.56088
45.72191
44.33623
46.38362
47.02189
47.88495
47.55795
46.64985
48.15437
48.41938
46.9648
47.65169
44.5664
45.18675
46.05499
46.92624
46.03912
46.64209
48.65388
46.34234
47.53431
45.52762
46.90759
43.32852
44.48038
45.19674
47.22447
44.31529
43.31929
42.11741
42.16887
43.35081
40.99743
40.29812
41.48973
41.68947
41.51149
40.45194
39.27098
40.08429
39.95234
44.51082
44.51905
43.9932
44.52549
46.63987
48.56341
49.47876
51.52547
51.09281
50.89532
51.45718
52.00207
50.28587
51.17736
51.62358
49.75108
50.06258
48.74738
46.4969
48.11299
47.34309
46.07196
45.98089
45.56005
47.47686
47.07799
46.39425
46.27785
45.72126
45.67291
43.02437
43.16832
43.57856
44.18556
43.21121
45.19506
43.70488
44.84213
44.89956
42.58338
45.2148
43.3713
46.6567
47.00421
46.98884
45.88471
45.42674
45.31334
44.87786
43.61005
46.13518
44.83268
43.72508
44.05568
44.71349
43.49879
44.44071
44.32188
43.84803
45.65869
44.9669
46.797
46.35378
47.53447
48.03054
48.77177
47.55169
47.2024
47.89916
47.70817
47.85693
47.66248
49.09204
46.21035
46.23533
46.61996
47.78773
46.08391
44.28886
45.83291
45.34949
46.29671
45.69984
45.94416
47.25553
45.75265
45.85564
42.23416
43.51834
43.72147
44.26915
44.27185
42.40361
40.9009
39.46541
42.53861
42.272
43.22447
43.97825
46.0496
48.67211
51.41838
50.29743
49.78693
46.56467
45.14387
46.49835
45.2395
45.11319
44.07389
44.15088
44.18208
43.48784
45.57087
46.27688
45.06038
47.29244
46.99007
44.23302
45.20642
46.89768
48.23322
48.42008
48.4177
46.83235
47.04595
46.85258
47.55731
47.14216
45.75745
45.20314
46.43213
50.15645
48.87732
48.961
48.42352
50.08121
46.95251
