0.369427 0.2898089
0.3358409 0.2562776
0.2569276 0.2542686
0.2262137 0.2055227
0.2089867 0.1982285
0.2046719 0.2021337
0.1800222 0.1920669
0.1970826 0.1960533
0.2122887 0.1671187
0.2248534 0.1597539
0.2250988 0.1503692
0.2302085 0.1504474
0.2550137 0.1415079
0.2808173 0.1428839
0.284295 0.1448182
0.2589181 0.1493316
0.2938154 0.1583748
0.2652217 0.1707798
0.258029 0.1801061
0.2785831 0.1649067
0.262108 0.164017
0.2729279 0.1792896
0.2704435 0.1511446
0.2774087 0.166458
0.2344224 0.1841652
0.2106869 0.190682
0.2344086 0.179973
0.1928994 0.1887663
0.2279664 0.2035962
0.1995058 0.180847
0.2271157 0.1663428
0.2105729 0.1607988
0.2170899 0.1704234
0.2054636 0.1764793
0.2192682 0.1699025
0.2475066 0.1931428
0.2581658 0.1973527
0.2584298 0.1848314
0.2390467 0.1679623
0.2656453 0.1769715
0.2485702 0.1751534
0.2407932 0.186988
0.2601049 0.2130442
0.2346346 0.2025443
0.2503572 0.1931674
0.2469471 0.2109741
0.2417686 0.1860621
0.2630481 0.1809171
0.2488247 0.1784509
0.2180348 0.1848917
0.2328197 0.1851782
0.2273694 0.1691716
0.2492651 0.1651703
0.275557 0.1652061
0.2503437 0.1644353
0.2292221 0.1654965
0.2176136 0.1771597
0.2204267 0.2246193
0.202638 0.1950213
0.1975827 0.2148812
0.20728 0.2033236
0.191165 0.2097711
0.1982168 0.226111
0.1937751 0.2468533
0.1736723 0.2368954
0.1779334 0.2332894
0.1703398 0.2556336
0.172933 0.2375921
0.1527643 0.2340647
0.2015806 0.2176744
0.2463667 0.221101
0.1871569 0.2423808
0.2160711 0.2178166
0.2201589 0.2021364
0.2390919 0.2160554
0.2393851 0.1864486
0.2189909 0.2075947
0.2505728 0.202989
0.2868645 0.179852
0.3122385 0.1854243
0.283618 0.1640657
0.2768154 0.1519522
0.3023156 0.1654079
0.2822878 0.1841799
0.2315913 0.2049236
0.2390078 0.1912815
0.2253717 0.1860098
0.2515107 0.179892
0.2318325 0.1692512
0.2517835 0.1826755
0.2663538 0.1706196
0.2459894 0.1941299
0.2491627 0.1724456
0.2345066 0.1873712
0.2621533 0.1762656
0.2932209 0.1786595
0.254338 0.1719046
0.2540467 0.1556556
0.2418772 0.1338813
0.2353218 0.1361522
0.2352839 0.1396294
0.2597312 0.1237791
0.2730945 0.1208866
0.3158307 0.1212966
0.2970677 0.1005959
0.3185791 0.1041011
0.366183 0.1066862
0.3615814 0.1166583
0.327456 0.1075439
0.3319341 0.1119787
0.3317695 0.1051914
0.3724611 0.09891078
0.4094755 0.09130077
0.4224295 0.08502552
0.4151914 0.1003118
0.4426298 0.0905405
0.466175 0.09160465
0.4777846 0.08538349
0.463953 0.0930046
0.4669714 0.09816472
0.4997019 0.09891333
0.5058478 0.1128117
0.5002445 0.09696723
0.5336317 0.09722476
0.4963177 0.1008176
0.4809465 0.1071354
0.4828414 0.1032683
0.4515449 0.1119551
0.4203979 0.1135974
0.4237906 0.1173096
0.4248372 0.1227287
0.4014648 0.1095049
0.4256767 0.09870745
0.4316089 0.09885033
0.4226323 0.1169943
0.4095155 0.1201827
0.38217 0.1280248
0.3570433 0.1238437
0.3678002 0.1270497
0.4080108 0.1173314
0.4247946 0.1141691
0.4494042 0.1142171
0.4417206 0.1096752
0.4699634 0.1103115
0.4571348 0.1006092
0.4277279 0.1166447
0.4449936 0.1290318
0.4378253 0.1118996
0.4593355 0.09482764
0.4583564 0.109393
0.495333 0.1091258
0.4966257 0.09912005
0.4922413 0.09646281
0.505184 0.09891169
0.4928922 0.1004014
0.4867414 0.09683281
0.4305066 0.09710847
0.4356595 0.09469968
0.4450131 0.09437804
0.4729583 0.1110659
0.4595552 0.1031607
0.4753952 0.09381775
0.4670495 0.09966842
0.5074694 0.1188141
0.5074493 0.1099585
0.5088233 0.1082629
0.5267212 0.1214374
0.5283887 0.1176604
0.5193822 0.1255246
0.5158683 0.1174502
0.5202917 0.1172267
0.5154966 0.1176284
0.5325359 0.1290626
0.5427265 0.1196995
0.5668317 0.1264711
0.5259999 0.1219489
0.5654109 0.1253466
0.5443911 0.1136964
0.5636624 0.1235786
0.5563415 0.1121033
0.5421818 0.1142676
0.5483411 0.129587
0.4961873 0.1348102
0.4872132 0.1269954
0.4731829 0.1362442
0.5132405 0.1252184
0.4956054 0.1230012
0.4485621 0.1239582
0.4399225 0.1278819
0.4564047 0.1315083
0.4385712 0.1218052
0.4415565 0.1242005
0.4472062 0.1239416
0.4473635 0.113853
0.4202211 0.1088912
0.4088244 0.117718
0.3738071 0.1277463
0.3898601 0.1325116
0.3789309 0.1317115
0.406205 0.1265142
0.4373316 0.1117027
0.4603909 0.1153861
0.40522 0.101949
0.475899 0.1044692
0.48327 0.1115165
0.4737009 0.09815486
0.440695 0.09579877
0.4693435 0.07885984
0.4670679 0.08560988
0.4914074 0.08439281
0.4603278 0.08942231
0.4621446 0.08981493
0.4192862 0.09636331
0.4267966 0.08740902
0.4533942 0.1000782
0.4543821 0.099144
0.4363288 0.09950158
0.4188101 0.09368652
0.4369998 0.08758414
0.4262213 0.09610383
0.4405943 0.1034647
0.418006 0.09918751
0.3870484 0.1037376
0.4028882 0.08905412
0.3976125 0.08179811
0.4257198 0.08702999
0.4536211 0.07961971
0.4629497 0.09131401
0.4123879 0.08649219
0.4020325 0.09846297
0.3838281 0.0854086
0.4244179 0.08107716
0.3685426 0.09167747
0.3815703 0.09581333
0.4095952 0.1039469
0.4053177 0.08742932
0.4300848 0.0893836
0.3628333 0.09252074
0.3705214 0.1064384
0.3660839 0.1018267
0.3922065 0.09443756
0.3896622 0.08982741
0.3771904 0.1019944
0.4182906 0.09641351
0.4312352 0.07849285
0.4169959 0.0761853
0.4511768 0.07032421
0.4572952 0.06847658
0.4822918 0.06426744
0.4953248 0.06506871
0.5087584 0.07309786
0.4862986 0.07124893
0.441803 0.07726915
0.442928 0.08206025
0.4632011 0.0776723
0.5100933 0.07413089
0.461676 0.06469547
0.4936769 0.07130571
0.4557501 0.0753366
0.4472745 0.08010541
0.441559 0.08340042
0.4566477 0.08477961
0.4743972 0.08592042
0.4902893 0.07934399
0.5137315 0.09132857
0.5165744 0.09754945
0.5275522 0.09131548
0.5256296 0.09629357
0.443071 0.08807732
0.4471249 0.07223805
0.4287454 0.07981894
0.4236587 0.07463638
0.4241807 0.07093541
0.404985 0.07312809
0.4536332 0.07778719
0.4248329 0.0804999
0.4688562 0.08314329
0.4573174 0.08433636
0.4180526 0.08989653
0.4538259 0.08990641
0.4578749 0.093381
0.4492199 0.09723131
0.4986924 0.09888094
0.4905778 0.09005861
0.424679 0.09056424
0.434276 0.09347195
0.4380754 0.1053029
0.4432716 0.1151407
0.4174177 0.1048964
0.4259383 0.09541346
0.4317628 0.09503818
0.4505755 0.09782247
0.4575148 0.08929045
0.4294933 0.09692658
0.4291732 0.09505272
0.44946 0.09524191
0.4403305 0.1039361
0.4432147 0.09825899
0.3923811 0.1009772
0.4025087 0.1051672
0.4257318 0.1135998
0.4716291 0.1062788
0.4907554 0.1132172
0.4756849 0.1074067
0.526239 0.1137655
0.510019 0.09183525
0.5241615 0.09048162
0.5226474 0.08603028
0.5503766 0.09082055
0.5475937 0.07717145
0.5485201 0.0747176
0.557211 0.0837237
0.5964518 0.0848206
0.6558185 0.08827913
0.6524414 0.08832909
0.625811 0.08358375
0.6267581 0.0730885
0.6289585 0.06823131
0.6381896 0.07846984
0.6311891 0.08378185
0.6120387 0.07439784
0.632599 0.07800598
0.6081184 0.08638568
0.5894216 0.07985763
0.5925274 0.07932561
0.5902843 0.09035768
0.5891283 0.08898936
0.551882 0.09357743
0.5336307 0.09488071
0.5130174 0.08700107
0.4685045 0.08272701
0.4653498 0.07961152
0.4304919 0.08198482
0.4484544 0.087862
0.4359163 0.07821066
0.4274521 0.08973134
0.4249192 0.08420507
0.412491 0.09119784
0.4367173 0.0937691
0.4453704 0.09711879
0.4218339 0.09725072
0.4578594 0.08974253
0.4483665 0.09326727
0.4767151 0.09107288
0.5073027 0.08813169
0.5361278 0.07954961
0.5643807 0.07202501
0.4922289 0.08400809
0.4760449 0.07993264
0.4751207 0.07473895
0.4513553 0.06849167
0.4493855 0.06801528
0.4521384 0.07079679
0.4384249 0.07508365
0.4316014 0.07294173
0.4495565 0.07710256
0.4537848 0.07441149
0.4988448 0.0759117
0.5512615 0.0705462
0.5009075 0.06705142
0.47026 0.0743282
0.4268443 0.06914362
0.4457515 0.0693501
0.451038 0.06638122
0.4929041 0.06661934
0.4809431 0.06054375
0.46987 0.06555617
0.4707321 0.06514002
0.4540601 0.05989861
0.4730177 0.0656389
0.4601692 0.05936271
0.4883289 0.05739921
0.5088194 0.0546513
0.5147143 0.05519892
0.5285261 0.0580793
0.4951538 0.05938781
0.4991875 0.06432725
0.5207459 0.07007854
0.5233137 0.07900049
0.5148668 0.07910726
0.4958836 0.07663247
0.4645961 0.08091189
0.497222 0.07823455
0.5439067 0.08300063
0.5640535 0.08196373
0.5762953 0.07753563
0.5884983 0.0736493
0.6466104 0.0660248
0.6470335 0.07047098
0.6327872 0.0747528
0.6332309 0.07840239
0.6197919 0.0739168
0.6750222 0.07388077
0.661007 0.07762778
0.625523 0.08553661
0.5946316 0.08323284
0.5729801 0.08582226
0.5482241 0.08346044
0.5616559 0.08543148
0.547838 0.09523893
0.5262269 0.08591868
0.5228214 0.09603508
0.5427514 0.1010451
0.5202424 0.09700009
0.5020945 0.0888383
0.496607 0.08985503
0.4763941 0.09486748
0.4535232 0.08966239
0.4125498 0.09393723
0.4792366 0.08740318
0.500978 0.08511992
0.4818 0.08846226
0.5208865 0.0883336
0.5147513 0.08645121
0.55451 0.08437828
0.527138 0.08650368
0.5288994 0.09356885
0.5505819 0.09005294
0.5456193 0.08668151
0.508501 0.08780662
0.4728191 0.1073556
0.4845648 0.09284666
0.4808429 0.1012995
0.5065778 0.08989864
0.4878244 0.09504428
0.4944337 0.09951851
0.4750397 0.1047088
0.4804018 0.1027372
0.5058544 0.1071382
0.5247694 0.1207681
0.5529083 0.113527
0.5383252 0.1189919
0.5493014 0.1019703
0.5462692 0.1146197
0.517046 0.1058794
0.4877728 0.1094719
0.5209463 0.09467116
0.530081 0.09099919
0.519308 0.08905271
0.5318305 0.0904646
0.4885922 0.08532075
0.5665792 0.09186505
0.5691211 0.09538046
0.5541043 0.1060217
0.5773265 0.1101387
0.5539808 0.1158745
0.5408576 0.1096062
0.5108682 0.1019044
0.5283713 0.09097765
0.4953226 0.09367786
0.5279027 0.09938881
0.5575895 0.09741099
0.5600875 0.1094961
0.5646335 0.1281978
0.5123984 0.1206759
0.4568376 0.1264844
0.4513007 0.1254999
0.4291149 0.1264988
0.4689282 0.1212311
0.4993208 0.1076793
0.4635851 0.0989013
0.4565209 0.1004795
0.471969 0.09911706
0.5233581 0.09565953
0.545144 0.07428614
0.6048213 0.06769586
0.6143665 0.06365734
0.5757601 0.06332872
0.5790206 0.0636465
0.5899138 0.07422334
0.6305921 0.07531485
0.6241758 0.07877424
0.5913926 0.07725885
0.6098994 0.07483252
0.598748 0.07192752
0.6180235 0.07108803
0.6115008 0.07982063
0.64823 0.07282882
0.6573813 0.07362289
0.644811 0.07189726
0.6409216 0.07287749
0.6186032 0.07954859
0.617166 0.09479771
0.6270235 0.09299581
0.6161038 0.08170657
0.6125126 0.07742561
0.6301463 0.07715376
0.6218309 0.07114611
0.6673723 0.07468582
0.7238663 0.06742224
0.6937977 0.07437875
0.6759287 0.06907846
0.6751275 0.06674396
0.6322674 0.06878779
0.6443769 0.06846494
0.6000446 0.0643859
0.5981857 0.0579966
0.6017425 0.06109052
0.6038325 0.06187915
0.611044 0.06267346
0.6234063 0.06138205
0.6141512 0.05417707
0.6063291 0.06256915
0.630131 0.06232753
0.6523996 0.0567231
0.6404351 0.0651574
0.6363124 0.0650143
0.6493909 0.06394422
0.6136124 0.07507753
0.5775309 0.07721001
0.5778126 0.08321175
0.5221613 0.09273091
0.5213013 0.08754373
0.5432735 0.08728025
0.5294176 0.09724844
0.5367415 0.09170212
0.4565138 0.09517012
0.4238261 0.09771785
0.4347258 0.09179272
0.4384735 0.09358788
0.4749254 0.09428402
0.4696678 0.09223168
0.510207 0.09590204
0.5541626 0.1027869
0.5261264 0.1080223
0.4971559 0.1022544
0.4702952 0.1038015
0.4467706 0.116825
0.4573368 0.1018519
0.4394833 0.1097048
0.4354519 0.103821
0.4028395 0.1127178
0.3696315 0.1029404
0.4065891 0.09907623
0.3820149 0.09934448
0.3824085 0.1027558
0.3609594 0.1097749
0.3652673 0.1168777
0.4131762 0.0925379
0.398722 0.08682646
0.4178399 0.09132465
0.425258 0.1061489
0.4191221 0.1020059
0.4177564 0.1041189
0.4199368 0.09706451
0.4560009 0.1031336
0.4210004 0.1111547
0.4239626 0.1140252
0.4546172 0.1256598
0.4569621 0.1111548
0.4831359 0.1046772
0.4970948 0.1032944
0.4687036 0.09707017
0.4903196 0.09839673
0.4908977 0.08838845
0.4812485 0.08942575
0.4395309 0.07605473
0.4094977 0.08581086
0.4181377 0.08136075
0.4558352 0.07662952
0.5218903 0.08168481
0.4985861 0.07490934
0.5136487 0.08414653
0.4975651 0.08894154
0.502178 0.09118295
0.5128289 0.0859878
0.4867188 0.09637685
0.4557365 0.09953802
0.469477 0.09861998
0.4535189 0.09721445
0.4579598 0.09663905
0.4587405 0.1001307
0.4451744 0.09407692
0.4809086 0.1052949
0.4462288 0.09742903
0.4440783 0.09240589
0.4352372 0.1066309
0.4248637 0.09684389
0.4240226 0.09445675
0.4668829 0.1031231
0.4710402 0.1005626
0.4288785 0.09883968
0.442192 0.1106146
0.4183049 0.1122908
0.4394371 0.1240728
0.4209389 0.1112181
0.4171848 0.1202157
0.3970157 0.1308221
0.3662396 0.1319159
0.3967305 0.1131369
0.3990273 0.1048697
0.3765162 0.09308378
0.3985996 0.08892492
0.3969321 0.0888201
0.4168546 0.09309185
0.4155533 0.0870566
0.4220098 0.0988931
0.4033646 0.08600703
0.3740424 0.09187758
0.3335574 0.08734528
0.3628873 0.08946804
0.3698705 0.09692194
0.3838277 0.09575313
0.3736201 0.1080072
0.3593016 0.1048324
0.3648642 0.09873111
0.3656953 0.1049484
0.358539 0.111744
0.3548315 0.1100327
0.3308051 0.1185998
0.342402 0.1165298
0.2936073 0.1069277
0.3486587 0.1087083
0.340454 0.09606965
0.3002452 0.1131239
0.3013468 0.1092121
0.3713857 0.1198143
0.365353 0.1291706
0.426596 0.1138683
0.4403159 0.1133877
0.4482208 0.1039867
0.4471244 0.106626
0.4516031 0.1120062
0.4892124 0.1144015
0.4804099 0.118957
0.4412375 0.1019203
0.4405554 0.1153691
0.4425821 0.1169143
0.4527198 0.1330494
0.431842 0.1197447
0.4354312 0.1106023
0.4914762 0.1186373
0.5211887 0.1071472
0.5298357 0.1145022
0.4994668 0.1074026
0.491512 0.1043157
0.5115252 0.09851193
0.5129451 0.1006732
0.520051 0.1059897
0.5145388 0.1056758
0.5340302 0.1029156
0.5385742 0.1096588
0.5179706 0.1143128
0.4860701 0.1056194
0.4887672 0.09358483
0.4975311 0.10025
0.4876856 0.09827991
0.5224311 0.1018143
0.5221869 0.08854996
0.5554918 0.08458994
0.5532766 0.08799706
0.5308421 0.08964814
0.5275858 0.08707071
0.5385895 0.07481283
0.5439116 0.07675432
0.5639706 0.07233147
0.5868346 0.06204247
0.601814 0.05793025
0.585384 0.05564248
0.6174683 0.05677688
0.6851379 0.06659932
0.6879101 0.05435976
0.650416 0.05475954
0.66663 0.05620513
0.6555128 0.06251059
0.6801779 0.0676001
0.6435204 0.06534384
0.6654678 0.05930426
0.6815196 0.06726093
0.6394732 0.06216385
0.6727462 0.06600671
0.6728714 0.06734625
0.6422728 0.07211735
0.6469625 0.07780666
0.6358041 0.08322823
0.5995099 0.08941626
0.5938271 0.08712429
0.5773649 0.08509065
0.5649739 0.09596038
0.5792051 0.09741778
0.5780526 0.09461462
0.5929447 0.09845572
0.5615167 0.09188833
0.5454669 0.09372559
0.5606999 0.07682097
0.5994663 0.08121187
0.6090865 0.08140781
0.5839733 0.07795355
0.6141653 0.08082074
0.6056141 0.08106521
0.6407149 0.07941077
0.6126308 0.08598036
0.5907944 0.08441231
0.6386874 0.0980545
0.6478641 0.1041357
0.6712992 0.1103674
0.6133227 0.1025786
0.6404723 0.1004273
0.601975 0.108007
0.5477127 0.09119966
0.5483077 0.09264165
0.5484398 0.1096608
0.5518384 0.09692212
0.5768691 0.09777347
0.6213938 0.1025351
0.6207397 0.1047349
0.6213621 0.08891943
0.645271 0.1017126
0.6839487 0.0895874
0.6797202 0.1009471
0.6333018 0.1070312
0.6330379 0.1155598
0.6376881 0.1073865
0.681627 0.09481202
0.6875805 0.09110103
0.7048704 0.08952342
0.6267858 0.09673948
0.6048211 0.09845104
0.6261633 0.1052465
0.5716499 0.0925335
0.5155891 0.09239825
0.5554542 0.09315126
0.5422605 0.1005601
0.5419795 0.09305133
0.5510502 0.08051284
0.568289 0.08070295
0.5991388 0.07842299
0.5944517 0.05959537
0.5908385 0.05596969
0.569079 0.05989001
0.6192927 0.06087898
0.6190429 0.06011228
0.6303478 0.06019941
0.6242233 0.06636444
0.6154167 0.06869044
0.6029676 0.06645193
0.6059131 0.05861917
0.6039137 0.06843616
0.5940189 0.06395842
0.5917419 0.06269367
0.6657624 0.06954978
0.625705 0.07202438
0.6312024 0.06962641
0.5993121 0.05901751
0.5805304 0.06697756
0.5654992 0.06257451
0.5736248 0.06813443
0.5735128 0.07710217
0.5379611 0.08104446
0.5613306 0.08628352
0.5817863 0.07908831
0.5722799 0.07037292
0.5670328 0.06229527
0.5468665 0.06059571
0.5562958 0.06413952
0.5495666 0.06488553
0.5653211 0.06126987
0.5653194 0.06416306
0.5115502 0.06259543
0.5126974 0.07045029
0.5107741 0.06912458
0.4952934 0.07597123
0.4538009 0.07948892
0.4173002 0.07907837
0.4391001 0.09070688
0.4672758 0.0982497
0.4620276 0.09705717
0.4183122 0.09936575
0.4297364 0.1100227
0.4447799 0.09285954
0.465314 0.09302068
0.4483618 0.09195116
0.4774325 0.08712607
0.4757732 0.08509283
0.4161153 0.08135178
0.498101 0.06834165
0.4513155 0.06859529
0.4476433 0.07702416
0.4062078 0.07722538
0.4627097 0.084918
0.4588075 0.08608804
0.5106544 0.08281894
0.531234 0.08186126
0.5735177 0.08544684
0.5756644 0.09535104
0.5707716 0.08096917
0.553586 0.07358966
0.5777466 0.0796413
0.5855296 0.07962371
0.5688596 0.07924309
0.6088567 0.0811748
0.5966919 0.07934948
0.5790143 0.08451434
0.597643 0.07256872
0.5734113 0.07548056
0.596283 0.07933067
0.5835276 0.07671166
0.5777904 0.08421939
0.5839805 0.08601177
0.5759573 0.08172767
0.6293719 0.08117615
0.6181172 0.07172788
0.6386926 0.07210801
0.6567149 0.07222352
0.6729918 0.06961616
0.6605334 0.07387876
0.6658002 0.07140898
0.7024546 0.06955358
0.6700888 0.06596189
0.7137207 0.064946
0.7042397 0.07654507
0.6722517 0.08629801
0.695199 0.07892427
0.6379205 0.07592666
0.6620887 0.07607027
0.7103431 0.08919962
0.6684657 0.08752743
0.6284083 0.08896082
0.6248671 0.09372541
0.6197091 0.08845246
0.628252 0.08223333
0.6053569 0.08114506
0.6389151 0.08350946
0.5961792 0.08306285
0.6252708 0.08547819
0.5881005 0.088824
0.5686284 0.0847618
0.5318213 0.08645709
0.5361258 0.07745424
0.5539659 0.08345129
0.5202946 0.08023659
0.4774085 0.07881674
0.4945655 0.07380241
0.4621313 0.0710361
0.4677211 0.07354869
0.4354715 0.07500595
0.4457337 0.07025255
0.4387674 0.0839168
0.497865 0.08526672
0.4230448 0.08708763
0.4554472 0.08427017
0.4589292 0.07432659
0.4933071 0.07333554
0.4807333 0.0739155
0.4663074 0.0735423
0.4961778 0.06909576
0.488377 0.07169259
0.4396748 0.08197264
0.4585296 0.08895774
0.5158809 0.08470508
0.5837289 0.08409328
0.5402746 0.07893691
0.5114514 0.08351882
0.5364531 0.09102765
0.4928114 0.103091
0.4932477 0.100315
0.4935838 0.1011699
0.485851 0.09870144
0.4632255 0.09482359
0.4541148 0.09729027
0.48088 0.1020341
0.4954718 0.09450897
0.4731013 0.09204737
0.4533311 0.09177098
0.436485 0.08864607
0.4426148 0.1069293
0.3956629 0.1207748
0.4375237 0.1021246
0.451009 0.1130772
0.458419 0.1178547
0.4235585 0.1040436
0.3997265 0.1088411
0.4613747 0.1126491
0.4493449 0.1198937
0.4183926 0.1267154
0.4652184 0.1242724
0.4657207 0.118383
0.4912488 0.1126632
0.4881703 0.1143601
0.5106691 0.1128045
0.5125485 0.1050527
0.5060746 0.08929738
0.5125122 0.08751845
0.502707 0.08206598
0.5132048 0.07382141
0.5218846 0.07876254
0.5650736 0.08720524
0.5623372 0.09260056
0.5782475 0.09237356
0.5837833 0.0897456
0.562658 0.08062821
0.5644474 0.07884291
0.5535843 0.07775179
0.557846 0.07831721
0.5372026 0.07748857
0.5060201 0.06977788
0.4705654 0.07204041
0.4852294 0.06860645
0.4958804 0.06571731
0.534964 0.06783954
0.5332294 0.07180123
0.549379 0.0693343
0.5278686 0.07159398
0.5656326 0.07070705
0.5562028 0.0738029
0.4868387 0.08179859
0.4610717 0.08948403
0.4901926 0.08528967
0.5137648 0.0886661
0.5005407 0.09082174
0.5114791 0.1027366
0.4931124 0.0969736
0.4819895 0.09271713
0.5089996 0.09929889
0.5069543 0.08207195
0.5371346 0.0816436
0.5392814 0.08868689
0.5325784 0.08753175
0.5238605 0.08685967
0.4970579 0.09958687
0.5309967 0.09256135
0.5517883 0.1029391
0.568371 0.1028694
0.5553369 0.1048076
0.5860479 0.1097012
0.5628743 0.1169462
0.5649209 0.09799368
0.5700185 0.1073003
0.5557814 0.09800819
0.5366083 0.09218989
0.5457047 0.09378556
0.5540359 0.08929211
0.5857541 0.08123402
0.5924549 0.0872233
0.5430316 0.08851964
0.5538956 0.0945393
0.5108321 0.09252473
0.5160752 0.0903935
0.5215497 0.08752012
0.5474483 0.09165265
0.4748386 0.07989502
0.460119 0.09190811
0.4312544 0.08561479
0.4509603 0.0849174
0.439637 0.0744579
0.4473674 0.07766865
0.4655246 0.07095773
0.4385077 0.07854722
0.4421987 0.07626449
0.4387213 0.07499297
0.4530387 0.07427325
0.4483672 0.08088146
0.3927827 0.09156983
0.3803356 0.08257246
0.3325376 0.08415013
0.3170083 0.09625602
0.3072119 0.1255548
0.2772586 0.1398182
0.2516084 0.1343808
0.2729238 0.1420204
0.2791013 0.1426001
0.2908571 0.1290941
0.2866941 0.1218833
0.2794204 0.1406428
0.2800558 0.1434782
0.2682369 0.1573562
0.2482144 0.1766314
0.2519662 0.1562268
0.2695681 0.1687215
0.26351 0.1654968
0.2594899 0.1765968
0.2255868 0.1707046
0.1985244 0.1530126
0.2129452 0.1486593
0.2055334 0.1546046
0.1910007 0.1655363
0.1988933 0.1441622
0.1799208 0.1493521
0.2234663 0.1354844
0.2627052 0.1498549
0.245435 0.1356774
0.2829135 0.1498462
0.2862388 0.1424189
0.3057552 0.1486924
0.3019534 0.1457969
0.2935625 0.1365975
0.2990851 0.1317068
0.3188952 0.1520802
0.3267217 0.1285161
0.3423542 0.126363
0.3716956 0.1129823
0.3282429 0.1251757
0.3378208 0.1368127
0.3043235 0.1356774
0.316054 0.1266738
0.3260286 0.122921
0.32341 0.1354312
0.3041725 0.1433777
0.342111 0.1211277
0.3396631 0.1341922
0.3270337 0.1291189
0.3115124 0.1253635
0.2819163 0.1199668
0.2764247 0.1212344
0.273573 0.1337712
0.2600998 0.1481553
0.2803911 0.1270196
0.3151657 0.1188963
0.3236055 0.109212
0.3436055 0.1048592
0.3670165 0.1002068
0.3629222 0.09918627
0.3781184 0.1025292
0.3876988 0.1099718
0.3656638 0.114214
0.3643419 0.1230229
0.4017604 0.1083331
0.4228386 0.1165583
0.396635 0.1104391
0.4082325 0.1220557
0.399748 0.1266709
0.4057497 0.1278878
0.4202963 0.1147964
0.3688017 0.1062675
0.3725125 0.1093624
0.3978062 0.1242429
0.4095734 0.1060256
0.4402603 0.1106723
0.4349755 0.1186149
0.4004744 0.1083034
0.4042812 0.1020459
0.3953211 0.1004812
0.4241579 0.09537569
0.4402816 0.09455307
0.4209937 0.0986312
0.454166 0.09687981
0.4632838 0.08738525
0.4620984 0.08308488
0.4513922 0.07748969
0.4434804 0.07419988
0.4017428 0.07316597
0.4474344 0.07384672
0.4221027 0.07646294
0.4278334 0.08304518
0.4476343 0.07532472
0.50816 0.07324073
0.5176532 0.06603019
0.5310396 0.06657429
0.4920672 0.07416591
0.5048161 0.0717726
0.4951633 0.07369982
0.45652 0.07724615
0.5335123 0.07524396
0.5132592 0.07528841
0.5252952 0.07195387
0.4840685 0.07150111
0.5013699 0.07958698
0.481442 0.08266337
0.4819398 0.09042305
0.4624958 0.08755474
0.4758268 0.09438397
0.4889078 0.09957545
0.4443822 0.09381583
0.4619421 0.09332793
0.4592216 0.1074802
0.475848 0.1097343
0.4454722 0.1059237
0.4450043 0.08937841
0.4265744 0.08298591
0.4149796 0.09550485
0.416755 0.09476295
0.4404767 0.09183772
0.4423692 0.1022119
0.4009118 0.09620008
0.3868875 0.1040136
0.3528882 0.09419364
0.373365 0.09466153
0.3497263 0.1034043
0.417848 0.09495047
0.3874003 0.08735793
0.4075095 0.1016512
0.4218083 0.1016676
0.4020944 0.1162262
0.3746105 0.1103397
0.3799163 0.1123139
0.3882333 0.1164366
0.3858347 0.1141479
0.4304387 0.1168624
0.3840734 0.1146046
0.3874957 0.125107
0.3551266 0.1341478
0.3851868 0.1219061
0.3382438 0.1284327
0.3765819 0.1242767
0.3543018 0.1446727
0.3134305 0.1487365
0.3036351 0.1366682
0.3195925 0.1367212
0.3408214 0.1166881
0.3771168 0.1286719
0.3960601 0.1198363
0.374367 0.1226721
0.36354 0.1236293
0.3459395 0.1319746
0.346329 0.1259961
0.3810817 0.1097361
0.394972 0.1293693
0.4182395 0.1257345
0.4838485 0.1293699
0.4906398 0.1335641
0.4879211 0.1223803
0.4883103 0.1161504
0.4818415 0.1080376
0.4825548 0.1038569
0.4934873 0.09580482
0.4723329 0.08517606
0.4352635 0.08966404
0.4356445 0.09388997
0.4425438 0.09058621
0.4665461 0.09729912
0.4101324 0.09413842
0.4156533 0.09503241
0.4305407 0.09448614
0.4079744 0.09279015
0.4239986 0.105158
0.4444824 0.1124448
0.414607 0.1126456
0.3944889 0.1119329
0.4017241 0.1167099
0.4197104 0.1099972
0.4438316 0.1128517
0.4669947 0.1079727
0.3979193 0.1141049
0.4419864 0.1188506
0.4724042 0.1143466
0.4570405 0.1140537
0.4117035 0.1116009
0.4244096 0.1174785
0.4260478 0.09824358
0.4547887 0.1040408
0.4645311 0.09900799
0.4785374 0.09036398
0.452351 0.09420304
0.4313344 0.09414839
0.4559876 0.09072516
0.4781806 0.07861617
0.5048339 0.07055231
0.5174196 0.07912125
0.4977577 0.07956725
0.5057798 0.07740826
0.5056086 0.09285916
0.4963017 0.09129423
0.4632864 0.08394599
0.4627083 0.08172522
0.4672488 0.09474467
0.4773322 0.09107845
0.4237026 0.1032952
0.4012076 0.1147627
0.4451297 0.1089193
0.4272196 0.1113594
0.413409 0.104762
0.3815159 0.1061056
0.3381388 0.09855404
0.3591181 0.1056725
0.3292778 0.1153457
0.3558259 0.1201517
0.3460434 0.1361759
0.3615167 0.150076
0.3438621 0.1446928
0.3354443 0.1427432
0.3431191 0.1450798
0.3383991 0.1398183
0.3318885 0.1325931
0.3288797 0.1154912
0.351178 0.1214699
0.3515496 0.1173254
0.3540413 0.1261859
0.3343961 0.1338629
0.3366107 0.1487872
0.3631056 0.1570422
0.3236196 0.1469839
0.3117446 0.149722
0.300409 0.1492291
0.2946545 0.1291665
0.3221119 0.1049667
0.3298091 0.09086177
0.3252585 0.102836
0.3300515 0.1037685
0.3594716 0.1076417
0.3833509 0.1015007
0.3855682 0.09854204
0.3622829 0.1006261
0.402007 0.1100134
0.4254858 0.1044447
0.4081049 0.1069016
0.4038707 0.1073865
0.4069184 0.1017507
0.3861683 0.09719658
0.3892367 0.09797437
0.3680377 0.09462919
0.3461745 0.102811
0.3782141 0.1012935
0.4173689 0.1030116
0.3754395 0.1251025
0.3863151 0.1173822
0.4003662 0.1193895
0.375106 0.1160844
0.3899767 0.1139096
0.3437413 0.1186825
0.3658996 0.1266219
0.4240077 0.1516759
0.4143027 0.1499038
0.3597463 0.1366222
0.3445638 0.1415237
0.3578595 0.1408905
0.338409 0.1361728
0.3649542 0.1508882
0.362143 0.1416047
0.3732338 0.1570332
0.3704507 0.1510515
0.3923395 0.1674407
0.4046458 0.1755197
0.3806714 0.1649073
0.3626349 0.1621788
0.3756538 0.1617746
0.3436982 0.1625428
0.3370623 0.1633445
0.3249135 0.1717477
0.3668129 0.1623145
0.3793155 0.1468131
0.4026248 0.1446271
0.3765527 0.1435206
0.4216954 0.1373481
0.4204707 0.1356454
0.4052559 0.134796
0.3876748 0.1421988
0.4096378 0.126259
0.3681141 0.1317315
0.3925239 0.1238715
0.3593619 0.1325249
0.382353 0.1437545
0.3811758 0.1253751
0.3821418 0.1174839
0.3633564 0.1096372
0.3961628 0.1328438
0.3213688 0.1416818
0.3488536 0.1350864
0.3188342 0.1274621
0.3416012 0.1312064
0.3398571 0.1282179
0.3387267 0.1349934
0.3208197 0.1571374
0.3058617 0.1670783
0.332416 0.1531808
0.3191059 0.1543484
0.3335307 0.1598954
0.3494554 0.1510773
0.3667275 0.1524836
0.3248061 0.1479447
0.3413598 0.1411936
0.361157 0.1502894
0.4135206 0.1615746
0.4280683 0.1639309
0.3732617 0.1582481
0.3784362 0.1534132
0.369249 0.1711825
0.3968674 0.1757394
0.3802617 0.157372
0.3627793 0.1471323
0.371095 0.1457679
0.3875512 0.1437921
0.4007555 0.143742
0.4456085 0.1232067
0.4411945 0.109814
0.4539006 0.1117981
0.4727193 0.1102632
0.4632929 0.1135744
0.5088838 0.1141638
0.5261748 0.09491487
0.5325473 0.0940217
0.5763245 0.07613886
0.5313629 0.07621717
0.5322097 0.07853989
0.4961111 0.09007193
0.5186377 0.07837618
0.4711841 0.07845847
0.482294 0.07450282
0.5136291 0.07183435
0.5118229 0.06937413
0.4845672 0.07187451
0.5181526 0.0782384
0.4990562 0.08577961
0.5112309 0.08336605
0.5656007 0.07668302
0.5370161 0.0797757
0.5920713 0.08108563
0.6261622 0.08493776
0.6540212 0.08296682
0.6858557 0.08746459
0.6580999 0.08488114
0.6681994 0.08561574
0.6758257 0.08555461
0.6558079 0.09213578
0.6892363 0.08800361
0.7087469 0.07718147
0.7395758 0.08289954
0.7328939 0.07691416
0.7810454 0.07105539
0.7633504 0.07409552
0.7766615 0.07936763
0.7645109 0.08127376
0.7631344 0.07775815
0.7381965 0.06784024
0.7494971 0.06885549
0.7442537 0.07102385
0.7330091 0.06020829
0.7605201 0.06432109
0.6937526 0.06367957
0.6564106 0.06512311
0.6812578 0.05879745
0.6878631 0.06167621
0.6942316 0.05891184
0.7069982 0.06121173
0.6657078 0.05401104
0.665862 0.05497833
0.6429028 0.05062736
0.6106307 0.04946206
0.5888255 0.05005328
0.5852521 0.05140923
0.60992 0.05215331
0.5747852 0.055573
0.5941398 0.05667568
0.592146 0.06257983
0.6213509 0.07697431
0.5942794 0.07031955
0.6034977 0.07834308
0.6172452 0.08172821
0.6275049 0.07771909
0.6466201 0.07682955
0.6718476 0.07180965
0.7256974 0.07093472
0.7153233 0.06512616
0.7183487 0.07840005
0.737614 0.07884427
0.7116423 0.06580274
0.7276692 0.06551741
0.7267367 0.06782743
0.7316422 0.07444454
0.7192305 0.06561435
0.7078046 0.05802252
0.696781 0.0615094
0.6703391 0.0644468
0.6569153 0.06368642
0.6462891 0.06666961
0.6286577 0.0723463
0.65968 0.0698823
0.6400106 0.07269584
0.6343179 0.07382567
0.6564192 0.07903006
0.6676261 0.08191823
0.6714172 0.07857905
0.6489908 0.07744151
0.628933 0.07560817
0.6052873 0.07479097
0.5846783 0.06765103
0.5990049 0.0694192
0.6305317 0.06990319
0.6597223 0.07098493
0.6371435 0.07071965
0.6173305 0.06978533
0.6817162 0.07377334
0.6614462 0.07522174
0.6400153 0.07406094
0.6458093 0.0746712
0.5881055 0.07107106
0.6153253 0.07321588
0.615701 0.07543926
0.6368629 0.0834751
0.6246027 0.1004524
0.5955966 0.0891489
0.5652393 0.08017703
0.5444432 0.07503686
0.5829084 0.08185901
0.5598356 0.08554162
0.5281646 0.07406906
0.5476848 0.0766327
0.5137987 0.08006527
0.5046709 0.08454451
0.4798932 0.07926211
0.5346507 0.08204613
0.5209439 0.07120214
0.5727408 0.06559143
0.4988462 0.05957793
0.4976889 0.06734701
0.5615174 0.06737528
0.6057509 0.06217466
0.5991428 0.05858639
0.6117619 0.06774158
0.5933899 0.07104199
0.5889004 0.06341777
0.624785 0.06995582
0.6153117 0.07022183
0.6178558 0.06017172
0.579616 0.06890537
0.563953 0.07140791
0.5625774 0.07029038
0.5598603 0.06808316
0.5674819 0.06502417
0.6127019 0.07339235
0.6128156 0.07584066
0.5728089 0.07713293
0.5689239 0.0870286
0.5820209 0.08659527
0.5963378 0.08317335
0.5897843 0.06923834
0.5981886 0.06909631
0.6085956 0.06679264
0.6040072 0.07818301
0.6568715 0.07830298
0.6897908 0.07698222
0.6738068 0.07578072
0.6390953 0.06420805
0.6296944 0.06665893
0.6460095 0.07386633
0.6517206 0.07127251
0.6037552 0.08930945
0.611926 0.09346508
0.6109097 0.0815345
0.6224856 0.07895904
0.597382 0.09084317
0.5986485 0.09409756
0.610922 0.08152878
0.6432699 0.08063503
0.6249054 0.08345609
0.6432041 0.07719107
0.6057557 0.07898455
0.6067823 0.07977658
0.6123717 0.07861655
0.5666041 0.08218277
0.5845895 0.09154204
0.5713187 0.08708032
0.5852879 0.08092231
0.6379029 0.07751419
0.6317414 0.07789743
0.6537184 0.0815906
0.5958441 0.07970472
0.6150189 0.07591899
0.5978746 0.0748832
0.546796 0.07817106
0.5376797 0.08024603
0.5365662 0.08970405
0.5431375 0.08871085
0.5240074 0.09247235
0.5094751 0.0884851
0.5327121 0.102859
0.537885 0.1051837
0.5061817 0.09496577
0.5285983 0.08918628
0.54291 0.09583093
0.5493759 0.100255
0.5515161 0.09802076
0.509739 0.08915073
0.5540139 0.08989479
0.546592 0.0954833
0.5327156 0.08982714
0.4875937 0.08837315
0.5695533 0.08727606
0.5330312 0.09490628
0.504777 0.1049084
0.4673936 0.1219787
0.506499 0.1134473
0.4950653 0.1149826
0.5396105 0.113014
0.5155445 0.1146175
0.50973 0.1086397
0.5170632 0.1035164
0.5181107 0.09453567
0.5048858 0.09123684
0.481242 0.1041477
0.4534605 0.1100242
0.4305579 0.1064389
0.4147863 0.1023585
0.4144772 0.1025283
0.3967078 0.1024337
0.3621519 0.09974791
0.3857833 0.09687584
0.377549 0.09183813
0.4278457 0.09735272
0.3984209 0.09685058
0.4123104 0.09330919
0.3993497 0.08789659
0.4080982 0.09966441
0.3953662 0.08835748
0.3914745 0.08422335
0.3594764 0.09565143
0.3903369 0.09610405
0.4182922 0.09304437
0.4280239 0.09737421
0.3910457 0.0929678
0.3998092 0.0903092
0.3964338 0.09867703
0.4056183 0.111739
0.4143358 0.1178009
0.4146889 0.1263727
0.4136721 0.1085463
0.443525 0.1264615
0.452701 0.1199401
0.4677601 0.1168542
0.4515424 0.1173886
0.4278324 0.1151524
0.4020938 0.1057583
0.3355193 0.1200668
0.371256 0.1266253
0.3631913 0.1297145
0.4069246 0.1225842
0.4186523 0.1186415
0.4121591 0.1230911
0.37425 0.1250234
0.4014657 0.1459043
0.3977973 0.1372828
0.3780281 0.1494475
0.3180864 0.1372464
0.3200201 0.1435959
0.3241612 0.1565191
0.3061052 0.1582543
0.280576 0.1748998
0.2459778 0.1702694
0.2531121 0.1794174
0.1885322 0.1873789
0.1836338 0.1834941
0.1936151 0.2089488
0.2196799 0.1956476
0.2459243 0.1875689
0.2112424 0.1656125
0.2179614 0.1735175
0.2161441 0.1924563
0.2054969 0.1977911
0.2332881 0.1945231
0.1981375 0.2282745
0.1939125 0.2048984
0.2106507 0.2091064
0.195511 0.1868265
0.1773335 0.1836247
0.16933 0.1790467
0.2090133 0.1688177
0.2046699 0.1796864
0.2172415 0.2114679
0.212895 0.2329658
0.1879758 0.2321477
0.1838644 0.219766
0.2146682 0.2284459
0.2367989 0.2197729
0.2307941 0.2075624
0.2309394 0.2143052
0.208388 0.2172517
0.2187865 0.2021771
0.2373616 0.2071142
0.2079475 0.2312057
0.2367436 0.2229881
0.2043185 0.2442216
0.222149 0.2443609
0.2167784 0.2262475
0.2436292 0.1798031
0.2753793 0.1681344
0.2845551 0.1483065
0.3189513 0.1466814
0.3011604 0.1376844
0.3269858 0.1288609
0.3315893 0.1456106
0.3426501 0.1397769
0.3226401 0.1335908
0.2894458 0.1301701
0.2687941 0.127911
0.308234 0.1069796
0.2977273 0.1019252
0.299496 0.1098863
0.3061356 0.09366317
0.2925965 0.09551055
0.3017044 0.09620895
0.3306674 0.08340311
0.3399479 0.08260914
0.313232 0.07651876
0.2881123 0.0736725
0.3135 0.07495332
0.3333886 0.09063666
0.3252888 0.106981
0.3187826 0.1020773
0.3519181 0.09399608
0.3777786 0.0914551
0.3619831 0.09329902
0.3501606 0.09973952
0.338774 0.08932439
0.3252635 0.09039686
0.3947874 0.09605437
0.4203521 0.09336096
0.4233227 0.09218275
0.3755548 0.09802963
0.3590371 0.1020732
0.348251 0.09632841
0.3129592 0.1029456
0.3096263 0.1175942
0.3266688 0.09964643
0.3837548 0.1004244
0.3750606 0.1036756
0.3433376 0.09975404
0.3585026 0.08965728
0.3336072 0.1019035
0.3182964 0.1142377
0.3008822 0.1179924
0.3153221 0.1229245
0.3121674 0.1210604
0.339537 0.1140243
0.3512012 0.1063835
0.3739022 0.09178253
0.3773929 0.09497928
0.3754095 0.08996019
0.4293904 0.09175517
0.404138 0.09118439
0.472933 0.0948708
0.4182156 0.09869471
0.4239384 0.1035168
0.4455875 0.09523719
0.4797508 0.09463413
0.4576988 0.09343961
0.4362175 0.1010298
0.3735184 0.09031597
0.3257779 0.09310844
0.3264555 0.08939068
0.3437272 0.09754132
0.391527 0.1056538
0.3776715 0.1005998
0.4119374 0.1036884
0.3637889 0.1114391
0.4001498 0.1036909
0.3814589 0.09031275
0.392753 0.09097679
0.4456284 0.09239668
0.4284207 0.0921894
0.4572533 0.1009545
0.4449448 0.09470988
0.4313231 0.0887314
0.4347021 0.08520586
0.4280422 0.07960671
0.37933 0.07790118
0.3914818 0.07546248
0.4202347 0.07245554
0.4070131 0.07311099
0.4142167 0.07700829
0.3772352 0.07421577
0.4484714 0.07414331
0.5245809 0.06917418
0.4914518 0.07386053
0.4537007 0.0766155
0.4193271 0.07763093
0.4249454 0.0745746
0.4351199 0.07200016
0.4765323 0.06960908
0.4355276 0.07291939
0.4456177 0.07558771
0.4619057 0.07439391
0.4920796 0.07796507
0.4738536 0.07650491
0.4590314 0.07365219
0.4639738 0.07377346
0.4852287 0.07566325
0.4439408 0.08017705
