31.78565
34.37044
34.85595
36.37568
39.31614
41.82224
41.44077
41.78686
41.90419
41.2447
40.803
41.56761
41.24955
41.66659
42.29599
41.00481
40.65374
40.02624
40.54051
40.50297
41.52268
41.07203
40.80007
40.50194
40.26053
41.34727
41.53018
42.80612
42.20723
41.446
44.13375
42.96128
44.24452
43.01134
44.52257
45.9463
45.08773
45.32496
44.29406
42.78213
42.60653
41.64982
44.37322
43.08842
42.05058
39.754
40.54278
40.88483
40.48132
38.76199
38.16082
37.69883
39.37276
38.54755
39.38642
38.61634
40.72368
41.51492
42.88776
43.57126
42.6166
41.01473
44.04145
44.69439
44.77426
44.74978
45.80333
46.01298
44.86869
41.66112
43.78406
44.69557
45.84579
45.59237
45.56959
44.39762
42.28977
43.29844
42.2532
43.71817
44.54848
43.86763
43.91775
41.98018
41.07702
41.05152
41.68359
42.95637
42.75449
43.14585
43.71144
43.5134
41.94334
42.61667
42.13426
41.8514
43.42811
42.62571
43.12278
43.85344
43.80904
43.55145
42.95944
43.76721
43.22101
42.78212
41.79023
43.12098
42.71663
41.99317
40.47057
41.0685
41.60495
42.97158
44.06163
44.78354
44.76107
45.28008
45.4026
45.28038
45.92335
46.87044
45.25326
44.30741
44.24639
46.76632
47.74022
44.85578
47.5559
48.38895
48.18825
48.57569
46.6942
49.04246
48.99722
48.83662
48.58256
46.29461
46.64246
45.27463
45.4939
43.1759
43.53529
44.9719
42.55372
43.14023
42.87858
44.27423
45.15499
43.79113
43.2738
44.89033
44.52476
42.01954
45.11
45.34078
43.78861
44.83783
45.09231
46.69236
46.66403
45.09567
47.92373
47.02379
47.89174
48.93259
47.59651
47.37121
48.96419
50.22678
52.14837
49.56023
50.96257
49.27889
49.54862
49.40223
48.9293
49.38722
50.06681
48.59925
47.92888
49.44826
48.17507
48.79783
48.53645
48.68331
50.00138
46.94379
47.67794
47.25244
47.64912
46.5683
48.6381
48.44024
48.69555
48.30294
48.66597
50.22167
50.48696
52.35225
52.51279
51.55002
51.23782
52.82214
53.7255
53.30363
51.72044
52.8767
52.63959
50.63803
50.90924
50.83812
50.66661
50.04488
50.70953
48.56021
49.55004
50.26646
49.03006
47.34288
48.59915
47.58894
50.79885
51.26652
53.19339
54.0908
54.99795
54.49403
54.0844
56.0682
55.45415
55.08436
53.20118
53.5703
53.10223
54.92505
59.75521
56.16099
58.85207
57.69963
54.98393
54.49417
56.91442
56.49998
55.92419
54.73683
53.85186
53.54601
55.58982
53.79198
54.87887
55.95348
55.16307
52.70016
53.35201
55.36159
56.3138
53.50738
52.55623
52.87979
53.76613
55.44548
55.49282
53.25509
55.72142
55.75135
55.21118
55.61922
54.79165
55.66921
53.68041
54.69622
57.22416
56.94564
55.89654
54.72222
55.12065
54.38441
57.76731
58.32297
55.85958
54.35685
53.30413
51.56853
51.70786
51.70086
51.47341
55.02562
53.72513
53.63561
53.45097
53.55258
53.32891
53.77865
52.71537
50.01982
47.61064
51.57044
49.51292
49.54876
49.60725
48.29464
48.83188
45.54165
45.67408
45.95524
44.60063
45.94007
44.76027
48.0241
51.13815
50.59759
51.72933
53.3827
53.12654
55.20752
55.55557
54.37239
55.84069
56.58391
55.79906
57.00991
55.4276
56.09169
56.74586
56.33387
56.31872
56.58098
55.76889
54.38581
56.40891
58.2355
56.67424
59.51095
57.58415
57.99862
54.54735
53.95802
53.30953
52.66651
52.71456
50.36793
51.58857
51.37266
53.32586
53.14611
55.77949
56.71509
56.72509
56.3301
55.93461
52.36514
52.12622
54.91322
55.46634
57.40951
54.35101
54.64734
56.2091
55.47518
54.59759
55.23822
54.74634
55.94275
57.48961
58.85741
60.08899
59.60933
58.61273
60.84633
58.20669
57.45346
58.17541
58.65367
58.87545
58.62214
57.56314
57.03302
54.46882
54.04292
52.19979
52.92625
53.33685
51.35451
52.60755
54.94965
55.22721
55.79205
54.50446
53.21552
53.42479
54.30543
54.17383
52.676
50.85377
51.17292
52.22888
51.62702
51.21285
50.32768
50.03653
50.45953
52.35027
53.9642
55.55814
55.79969
54.82462
54.96237
56.02982
53.75541
55.54596
58.02795
57.16235
54.51839
58.73874
60.52138
63.7789
62.41574
57.74228
57.80294
58.47235
58.15018
58.30383
60.51198
63.60157
61.48813
62.67852
62.25562
61.96265
63.46837
64.88488
64.89275
60.36983
59.52153
60.48242
61.96031
63.38842
61.03503
63.08118
65.45615
63.88954
60.23573
58.28414
58.46093
56.91684
56.78532
57.36928
55.91443
55.90007
55.96764
56.61704
57.23291
60.25984
57.27804
60.08536
60.65626
61.43784
58.73509
59.50299
61.02921
63.58783
68.22227
69.35851
67.90684
64.23352
62.01878
63.7543
64.9086
66.4632
66.30905
67.95675
67.18808
65.01587
65.28569
66.14387
67.71515
67.17491
67.1343
65.93803
65.00505
61.47422
61.32022
61.6502
64.70038
61.84304
62.79576
65.47939
64.54801
66.99312
67.00854
69.42454
70.34094
70.89579
70.96229
70.87491
71.06872
70.23152
66.57655
64.92642
66.75212
64.80021
64.96268
65.31177
65.00177
63.40054
63.78808
66.55746
65.80063
66.67236
65.96367
70.12774
67.94963
68.85307
68.58717
66.49706
69.63993
67.78285
67.89607
66.38455
66.44417
65.77495
65.92208
65.26674
62.69945
63.41499
61.65316
61.50475
62.90685
63.53796
63.63301
64.41769
66.92572
64.4436
63.21005
66.19264
65.88949
68.25767
68.82896
67.31887
64.62616
65.23169
66.1833
64.41041
64.10285
63.09803
62.36975
61.25863
59.9031
57.57624
55.76782
57.10384
58.29363
60.35995
59.15557
56.93391
60.38524
62.19261
60.90192
58.85574
60.98562
61.82922
62.43566
62.48872
63.92284
64.3459
64.17349
68.61352
67.2942
63.83902
64.82338
64.39322
62.71587
64.39416
62.6312
64.69123
66.01398
66.01601
67.95233
65.85405
66.96848
66.48613
67.68126
66.63958
69.22333
67.44815
69.62836
73.51599
73.7008
72.54275
74.03657
76.73544
77.33389
75.51783
74.1916
77.34768
73.49922
71.72065
71.50143
69.09416
65.872
63.02566
60.43289
59.10139
58.3308
57.99177
56.7513
57.53904
57.64688
57.57086
57.1708
58.21224
57.5384
55.56654
53.90805
56.00508
56.13627
56.24434
56.10723
55.7173
56.52373
55.2794
53.73637
54.17426
53.70775
53.01092
53.08521
52.35307
52.51288
50.24783
49.68048
52.61307
52.38771
51.57966
50.18243
49.8685
50.2952
50.00403
50.64519
51.34642
51.10618
50.1348
51.2781
51.20581
51.09168
51.42744
54.48984
54.17496
53.96288
51.87897
52.28326
53.07224
55.66092
56.39379
57.28586
57.22615
57.05265
55.25049
55.07942
54.05599
54.01328
53.30243
52.66654
52.69628
51.73774
53.46642
49.7118
50.99456
51.42383
51.80819
52.16907
50.35082
49.59265
48.62246
51.07256
48.97282
51.38741
49.00221
49.73447
46.46437
46.44971
47.52585
46.54379
46.70857
46.55413
47.06398
47.0259
48.64811
46.60567
46.63212
47.6254
47.59082
46.33887
46.15025
46.4726
45.56463
43.28636
42.70752
43.69993
42.34953
42.78797
44.09512
42.42683
42.58465
44.26938
43.68322
43.45063
45.29861
45.47419
48.67599
47.72978
50.05387
50.96596
52.34615
51.88124
52.99969
53.32537
51.74019
50.48934
49.95844
49.47883
48.30844
48.23915
49.60943
52.79613
51.74961
52.34135
52.29167
52.33641
51.29521
52.68508
53.92403
51.86444
50.37155
52.10782
50.14598
51.02191
50.28582
49.82781
49.02841
50.80209
48.59615
47.89989
48.06132
47.8211
47.85537
44.47484
44.90855
45.06674
47.74416
47.06612
48.07752
51.09267
50.5517
52.59542
54.01462
54.13296
56.34832
56.54704
54.99424
53.03098
52.98318
51.89027
51.69653
51.45761
49.32844
50.75237
50.44098
51.28751
50.3071
50.39619
49.72361
48.06543
46.43086
45.54921
45.92598
47.03229
47.3405
46.79098
45.19911
42.85746
46.17777
44.3754
43.81837
45.89605
45.95183
46.12439
45.87585
45.33968
46.21622
44.14855
45.24412
45.04535
46.92237
47.9108
45.43827
45.88152
45.13748
44.98774
47.81078
47.44215
45.11265
45.44124
44.32256
43.55068
43.03066
44.26833
43.07148
43.91846
45.55823
46.36159
47.52406
47.53922
48.61876
48.30127
48.32942
47.9739
48.70503
49.82182
50.07314
49.94789
50.15665
52.42697
52.55497
53.16437
55.24071
53.56478
54.07793
56.15854
56.98578
56.41599
57.67055
58.5523
58.98714
59.53931
60.40925
59.98316
59.63141
62.59334
60.14469
64.16719
65.10088
63.20594
61.3583
63.11493
65.55102
65.8745
69.34526
65.29177
65.80007
66.50317
63.60405
64.83122
65.42008
65.47266
65.15654
65.22411
61.65865
62.12572
59.28656
58.94281
61.83144
62.02036
62.16018
62.69672
61.64039
62.32126
65.52155
65.58011
65.50569
66.72011
66.318
66.3793
66.55471
67.78312
65.75441
62.70341
65.72746
68.80303
68.37108
71.32183
71.28258
71.52536
69.6433
71.7887
70.74778
72.43912
71.89275
69.86584
70.89957
73.92185
71.27885
69.0982
65.58747
64.71014
65.8266
67.33283
66.66266
67.4617
66.55958
65.6114
65.89589
67.74549
71.21561
66.47769
68.66013
70.2036
70.27919
69.0072
67.84864
65.19656
63.79296
65.05672
65.26366
64.76209
64.63541
65.72514
66.57998
67.24143
67.96394
69.93393
68.10394
70.83676
70.22923
70.27103
74.10469
75.97179
77.35437
76.11984
75.13026
74.84749
74.58353
78.46707
76.49422
75.6013
74.89247
75.36541
76.14375
78.16944
75.28731
72.37103
69.39607
71.30661
73.27776
75.4641
76.46575
75.04321
77.23916
77.59056
74.90713
76.14748
76.63307
75.53554
79.54128
75.997
75.77924
76.4681
77.25518
78.98495
76.08094
73.31359
74.6636
71.92757
72.0694
66.96791
66.9425
63.87365
65.46824
64.61726
65.35819
64.3862
65.02589
63.46796
64.86923
67.74087
67.02643
66.96976
69.24079
69.43319
68.03658
69.03388
70.7734
73.39247
72.58143
71.54859
69.10063
70.98148
71.37327
69.77234
67.80166
66.40175
65.08495
64.48212
63.97513
65.11574
65.03984
63.45387
60.14696
60.98647
63.99976
60.58024
61.25082
61.68164
60.91482
60.47967
61.38615
59.24593
62.97764
61.29483
62.08239
64.37584
64.41095
61.60581
59.39304
62.3896
64.15072
64.22367
64.49515
62.23068
58.31042
59.1578
59.20734
59.7299
58.53665
60.14212
60.36069
60.97511
59.40346
57.49554
58.99659
59.44693
60.74346
58.33644
59.12845
59.99777
59.04894
59.46883
62.35054
60.85098
59.88886
56.94565
55.55708
56.49376
58.71016
58.90479
59.40662
57.62167
57.30365
57.66218
56.51134
57.96891
60.1365
58.45179
57.29011
55.22448
57.42358
58.02848
60.44333
63.28642
63.54001
66.27985
66.22305
66.76831
61.59459
61.26199
62.18437
60.83
59.07578
59.115
57.41483
55.51656
53.89428
54.2007
55.38434
52.51561
49.4956
48.74799
46.9263
50.09783
49.91183
49.9831
49.32499
50.39953
48.23414
49.72351
46.58334
48.60001
47.25806
47.51213
48.06191
48.84103
49.57627
49.62082
48.83541
48.67924
48.93501
49.96645
51.76908
52.72448
53.78689
54.55654
53.75211
53.9157
52.30737
54.3159
56.52501
56.24713
56.09557
54.38205
52.85002
52.62087
53.42584
53.68583
55.65142
54.33395
55.05797
54.63092
54.9176
54.87043
56.84765
56.40739
54.90444
53.82621
52.86854
50.7658
52.39886
52.50886
53.2226
50.20647
50.23304
49.57978
47.40622
47.71381
47.52473
48.24531
48.5436
49.8293
51.01294
52.13345
52.19938
53.04716
50.46036
49.69598
50.20045
47.6354
49.30691
48.98374
49.02908
48.01305
47.20318
47.38449
48.94814
46.9604
47.4195
48.18473
47.01244
46.35508
46.29801
46.40571
47.82576
45.1597
44.66541
47.50351
47.7051
48.06403
49.24226
49.26537
49.47279
47.57063
46.49357
48.70175
48.09126
50.38334
49.93127
48.83245
48.32822
49.79288
49.64256
47.22118
49.67967
48.35382
48.9129
47.0009
47.66841
46.87151
48.74277
49.77439
50.83105
50.17482
50.91026
51.67117
51.56901
50.23288
50.39469
50.48194
50.77587
53.47576
53.9149
53.25657
53.85674
53.00429
53.23946
54.07241
51.60224
51.97912
50.45877
52.31486
53.11002
52.00663
52.93668
53.47487
54.91376
52.64836
51.56171
50.69431
51.6584
53.69414
54.04925
52.37528
53.44543
50.19845
50.82573
52.97283
54.15066
52.46161
49.81217
51.16231
51.64352
52.01546
51.73068
52.55357
48.95962
51.48083
50.2519
49.22343
47.29813
46.73509
47.49923
47.6767
46.24421
46.38518
46.86415
46.98712
45.07316
45.78337
46.40085
45.12976
45.28925
44.33723
44.14346
45.47837
42.25576
41.73079
40.90311
40.58012
39.1471
39.32494
39.94712
39.00473
38.60131
38.74774
41.1121
39.25478
40.40122
39.50114
39.65734
40.45153
40.17989
41.51058
42.36326
44.20183
42.78174
42.15131
41.37835
44.07805
43.1599
44.98414
45.34596
46.84206
47.82211
49.05939
50.2953
50.55655
51.68459
50.64802
53.82802
54.55994
51.97317
53.6722
53.34319
51.82822
52.11473
51.92202
50.24338
50.24326
52.54783
54.0404
52.95614
54.98396
55.44863
52.99479
53.12002
51.47799
51.0054
50.79771
51.29072
50.38142
49.31483
50.60988
49.19804
50.73974
50.04137
48.76592
50.13397
48.80331
48.00779
48.42864
48.48165
47.44863
48.64372
49.16675
49.57779
48.27367
49.57276
49.19331
48.84849
47.21563
46.794
45.47989
46.01744
44.97387
45.84153
44.3375
45.57449
45.40017
42.74996
42.51704
42.32304
43.67366
43.39408
42.02143
41.96634
41.75625
42.72385
42.29095
45.47107
45.24673
42.839
42.28698
41.38193
42.29446
43.04647
41.47855
42.87123
41.20825
42.18646
42.30538
41.9223
42.42253
42.99079
43.7156
43.47572
44.23239
43.34842
43.39284
45.62447
44.98128
45.01861
44.19895
43.05272
43.96603
45.54925
47.3431
47.44191
46.76743
45.38447
44.21668
47.00023
46.66458
47.15374
46.49245
46.73395
48.88428
47.85106
48.69069
45.24425
46.32991
46.17584
47.83538
49.10621
48.94596
49.44466
50.38764
47.94402
45.97738
48.41126
49.77207
46.32784
46.14432
48.54428
48.98866
52.74341
51.54899
53.53749
53.15187
55.76978
54.10686
53.56296
57.13618
56.96902
57.82449
57.70295
55.51294
57.17308
58.04198
58.10924
58.99245
58.71642
57.29132
56.60747
60.43494
58.6639
58.47013
57.19281
54.51468
54.03324
53.86296
55.53703
58.79924
59.65993
57.62126
57.5094
58.36194
57.66077
56.64594
55.82249
56.05097
55.32501
55.84309
56.33232
56.01795
56.79409
57.63166
59.40764
59.21698
62.11856
60.69595
59.38739
61.15702
61.66024
61.15177
65.66827
64.5257
61.62937
61.3986
62.00976
60.90605
63.12206
61.3685
64.29268
65.51264
62.30305
62.92184
63.19847
64.97577
65.39193
64.60159
64.33471
64.32147
63.80573
63.84182
64.58187
67.2533
66.7343
64.78007
65.89645
65.28534
63.8126
64.16129
64.18379
59.82018
58.73127
58.31038
56.2561
54.9192
56.40567
56.80242
57.29182
55.36396
53.41172
53.0632
52.84439
53.53378
53.07478
52.76178
53.36375
53.02397
53.13714
54.38997
54.29687
54.81376
55.59914
55.75395
54.98751
55.99915
56.75676
54.33879
55.49764
55.4598
57.77295
57.38024
59.26424
58.01039
55.09938
53.71931
54.68847
53.20817
52.89918
53.51934
52.79481
51.61056
48.93007
49.5573
51.4009
49.50398
49.20017
50.34256
51.19866
51.25433
52.56684
51.5338
52.36445
52.85662
53.71955
53.75302
53.18572
52.86092
51.77701
50.02038
50.2068
51.67671
52.19523
51.0901
51.21436
52.38563
51.5253
53.93275
53.2473
52.37337
51.26773
50.17112
50.82811
51.08297
48.3627
49.24117
48.93366
46.90001
48.14464
47.23094
47.80886
47.00196
47.01799
48.59652
47.05146
46.83507
51.15484
49.22299
47.99331
47.34612
48.57815
49.66901
47.56799
49.75392
48.92694
49.82063
50.17262
49.49949
49.43006
51.41664
49.52098
48.6273
49.85355
49.36415
50.00988
51.97279
51.54427
54.42961
55.70432
57.74004
58.58844
58.49802
60.81127
59.66875
61.84665
60.26878
60.73234
62.18288
65.07132
59.95675
58.16492
58.53444
56.93515
57.0753
57.542
57.21791
58.03997
58.70263
57.9499
57.74107
56.06847
55.63234
55.91502
53.92056
56.4003
54.20319
55.9924
59.05799
58.31174
56.5568
59.0955
62.74064
60.62847
58.73803
56.33197
56.43887
58.28245
59.28962
58.60616
57.28082
55.00929
54.08647
52.26448
52.71772
52.27739
51.53807
52.17134
51.10158
50.80897
49.64435
49.55639
50.85177
50.90973
48.11155
48.13743
46.94063
46.96808
48.7804
49.59999
49.27563
49.65278
48.8034
51.46357
51.57055
52.72047
53.19823
51.83637
53.4224
53.03529
53.95363
52.10107
50.16652
49.13063
50.43915
51.7525
51.15685
51.96566
53.7749
