0.01703097
0.01795523
0.01743219
0.01768577
0.01870018
0.01653966
0.01616059
0.01654519
0.01571796
0.01590546
0.01460101
0.01618733
0.01750122
0.01570908
0.01328133
0.01323641
0.01207208
0.01150495
0.01060081
0.01108201
0.01142814
0.01205453
0.0121561
0.01215812
0.01268209
0.0126977
0.01381664
0.0128203
0.01082305
0.01111781
0.01067235
0.01015267
0.01159886
0.0117194
0.01140216
0.01147716
0.01190995
0.01279391
0.01436906
0.01488231
0.01728292
0.01705457
0.0156638
0.01731439
0.01674728
0.01671221
0.01678377
0.01560634
0.01513802
0.01316701
0.01444944
0.01423968
0.01372104
0.01400959
0.01305685
0.01535211
0.01633291
0.0173642
0.01483259
0.01603269
0.01620115
0.01486951
0.01347316
0.01419082
0.01337156
0.01304002
0.01576391
0.01566792
0.01636303
0.01894809
0.01900156
0.01974764
0.01924486
0.01894811
0.01941343
0.01939861
0.0211079
0.02066676
0.02076856
0.02014918
0.01854733
0.01793223
0.02073806
0.02037008
0.01957149
0.01775843
0.02304402
0.02084931
0.01926762
0.02077466
0.01844022
0.01942916
0.01764068
0.01855462
0.01972685
0.01887503
0.01773289
0.0172935
0.018658
0.0182305
0.01619407
0.01627809
0.01634385
0.01815622
0.01947584
0.01962374
0.0186554
0.02207841
0.02295204
0.02502228
0.02355733
0.02228154
0.02139001
0.02381065
0.02353478
0.02591246
0.02587407
0.02556788
0.02601231
0.02415457
0.02496839
0.02470032
0.02369716
0.02388482
0.0222909
0.02283958
0.02552021
0.02641028
0.02661075
0.02609636
0.02705543
0.02646755
0.02784064
0.02853636
0.02947516
0.02508364
0.02642364
0.02374755
0.02422428
0.0240792
0.02495006
0.0249599
0.02473
0.02706824
0.02939588
0.02945075
0.0292205
0.02800074
0.02529647
0.02440099
0.02274621
0.02551392
0.02753723
0.02650141
0.02501147
0.02204354
0.0217265
0.023565
0.02501734
0.02601346
0.02488099
0.02024679
0.02241027
0.02371368
0.02483016
0.0230069
0.02473468
0.02200933
0.0237163
0.02601381
0.02586138
0.03091448
0.02913908
0.03139527
0.03162823
0.03215702
0.02937317
0.02595434
0.02152871
0.02481615
0.02176307
0.02136763
0.02217591
0.01925242
0.01941724
0.01975758
0.01710377
0.01796031
0.02054823
0.0186338
0.02170453
0.02359666
0.02111273
0.02251199
0.01876228
0.01623695
0.01570707
0.0171229
0.01672233
0.01714637
0.01673543
0.01523949
0.01563802
0.01495889
0.01279689
0.0117198
0.0126807
0.01211942
0.01342599
0.01580752
0.01749401
0.01819979
0.01682421
0.01584036
0.01667051
0.01820391
0.01764749
0.01851666
0.01688214
0.01720426
0.01703206
0.0169311
0.01921338
0.01878933
0.02002581
0.02092591
0.0194995
0.02100165
0.01818247
0.01862458
0.01982792
0.01867277
0.02008983
0.01740634
0.01698213
0.01767957
0.01874321
0.01965765
0.02025261
0.01931714
0.01796373
0.01823255
0.0179164
0.0194064
0.01854682
0.01997127
0.02250719
0.02219763
0.02176949
0.01918201
0.01984291
0.01976736
0.0211328
0.02139478
0.02103186
0.02195575
0.02295243
0.02185759
0.01936809
0.02001551
0.01892587
0.01926772
0.01788097
0.01781386
0.01582073
0.01504608
0.01396337
0.01413656
0.01329131
0.01468215
0.01530852
0.01588928
0.01703687
0.01952092
0.01811584
0.01842758
0.01733014
0.01754527
0.01665529
0.0168003
0.01785915
0.01713108
0.01758619
0.01789035
0.01904027
0.01785427
0.01717605
0.01880452
0.02078922
0.01925875
0.01901799
0.01921789
0.01911075
0.0200064
0.02136966
0.01928198
0.02079044
0.02066632
0.02066982
0.01973512
0.01983025
0.01985434
0.01886502
0.01914238
0.01948744
0.02179836
0.02185543
0.02120702
0.02242114
0.02125528
0.02299325
0.0225361
0.02286749
0.02612118
0.02669466
0.02963873
0.02933033
0.03181286
0.03193414
0.02874057
0.02582371
0.02784411
0.02558784
0.02643697
0.02381931
0.02498594
0.02657188
0.0301802
0.0304634
0.03306813
0.03114069
0.03100874
0.03160579
0.03204254
0.03234787
0.03156538
0.0308995
0.03122197
0.02850189
0.02679256
0.0277382
0.02598126
0.02361938
0.02340388
0.02405516
0.0256629
0.02565598
0.02508751
0.02418305
0.02595336
0.02587558
0.02518256
0.02632331
0.02676751
0.02348869
0.02639614
0.02869782
0.02713293
0.02759343
0.02783648
0.02699501
0.02515909
0.02620263
0.02546796
0.02529785
0.02527785
0.0258251
0.0251519
0.02461094
0.0278713
0.02426798
0.02615406
0.02491453
0.0260177
0.0282927
0.02934328
0.02589901
0.02550263
0.02381187
0.02648933
0.02789462
0.02735621
0.03184258
0.03250065
0.03108475
0.03039705
0.02954084
0.02855015
0.0249224
0.02554179
0.02383851
0.02172178
0.02063852
0.02126791
0.01959118
0.01815258
0.01963762
0.01936454
0.02115934
0.02307488
0.02267732
0.02339041
0.02305678
0.02287488
0.02217802
0.02172614
0.02038442
0.02407567
0.02090579
0.02049798
0.02239401
0.02078364
0.02000343
0.02090044
0.02243755
0.02016106
0.02157673
0.02193626
0.02148938
0.02576977
0.02634981
0.02089652
0.01960291
0.01874448
0.01805723
0.01740759
0.01671935
0.01793542
0.01737952
0.01641662
0.01540961
0.01492657
0.01586671
0.0161766
0.01553939
0.01578502
0.01517566
0.01735327
0.01798484
0.0183763
0.01722687
0.01971502
0.01728007
0.01726072
0.01697393
0.01602807
0.01661105
0.0170452
0.01795421
0.01700992
0.01917857
0.01775831
0.01961805
0.01806961
0.01763273
0.01765087
0.01714387
0.01626313
0.01584337
0.01701372
0.01953419
0.01840445
0.01853418
0.01723301
0.01983964
0.01867716
0.01925066
0.0181038
0.01752433
0.01824856
0.01855574
0.01933074
0.01860028
0.01860553
0.01605907
0.01770676
0.01610827
0.01560975
0.0154375
0.01682113
0.01817034
0.0201658
0.02186788
0.02036118
0.02181806
0.02139244
0.01868229
0.01718538
0.01614288
0.01510866
0.01443397
0.01462245
0.01357251
0.01352526
0.01327881
0.01422524
0.01500375
0.0193234
0.0212134
0.02202051
0.0226552
0.02124467
0.01959922
0.01882307
0.02064528
0.01910679
0.02121368
0.02334251
0.02150346
0.01907445
0.01804103
0.01778448
0.01523925
0.01602781
0.01503507
0.01797825
0.01797618
0.01937421
0.02071893
0.0201423
0.02007282
0.02085446
0.02091812
0.02003874
0.02235522
0.02108323
0.0188166
0.02041015
0.02142531
0.02252046
0.02275352
0.02336125
0.02068084
0.02042342
0.01897951
0.01920251
0.01994628
0.01949207
0.01876363
0.01828694
0.01802973
0.01584015
0.01652155
0.01588295
0.01560073
0.01573468
0.01361991
0.01564595
0.01501449
0.01564409
0.01470485
0.01478291
0.01337864
0.01385914
0.01338523
0.01268733
0.01297087
0.01429865
0.01502701
0.01267434
0.011593
0.01321726
0.01341201
0.01447285
0.01485936
0.01589932
0.01524113
0.01281821
0.01361209
0.01338277
0.01263966
0.01412106
0.01435221
0.01500015
0.01764621
0.01587157
0.0185526
0.0189679
0.01920426
0.02016514
0.02013937
0.02030215
0.0180459
0.01932486
0.01911527
0.01991377
0.02021662
0.01690351
0.01788097
0.01552996
0.01795273
0.0159455
0.01749058
0.01667174
0.01583312
0.0181143
0.01572687
0.01734261
0.01658327
0.01847034
0.01799053
0.01796083
0.01884086
0.02102676
0.01980153
0.02077735
0.02023043
0.02117447
0.02099413
0.02053491
0.01706698
0.01727851
0.01797697
0.01902343
0.01816355
0.01729957
0.0189415
0.01827279
0.01665632
0.0147589
0.01596645
0.01698012
0.01620529
0.01524307
0.01509652
0.01638587
0.01659475
0.01979866
0.0197841
0.0225692
0.02500843
0.02444319
0.02261178
0.02337026
0.01924373
0.01938261
0.01751129
0.01988227
0.02043823
0.01847141
0.0182079
0.01656258
0.01934931
0.02121978
0.02004767
0.02100837
0.02319185
0.02390458
0.02558629
0.0239422
0.02466914
0.02348834
0.02530929
0.02469401
0.0268286
0.02714587
0.02748036
0.02634439
0.02448992
0.02371293
0.02459795
0.02261252
0.02143256
0.02326531
0.02325689
0.02321054
0.0245619
0.02014877
0.0190861
0.02059597
0.02160902
0.02230321
0.02308869
0.02522078
0.03140093
0.03002071
0.02888524
0.03061459
0.03113444
0.03086245
0.03021616
0.03232681
0.03060548
0.02828176
0.02915485
0.03036144
0.03168936
0.0293321
0.02769353
0.02784166
0.02833625
0.02617345
0.02572123
0.02758591
0.02952345
0.02681136
0.0317836
0.03206355
0.03197863
0.03174026
0.03288755
0.03160239
0.03058798
0.02836507
0.03086775
0.02775295
0.02733839
0.0285506
0.02689866
0.02947275
0.02715426
0.02834063
0.03048685
0.02826585
0.02880146
0.02911378
0.03165089
0.03343028
0.03198753
0.0286224
0.02612345
0.02561867
0.02514523
0.02803818
0.02591578
0.02444515
0.02477475
0.02701349
0.02535279
0.02335536
0.02237654
0.02071304
0.02100722
0.02295381
0.02453965
0.02348315
0.02409048
0.02271099
0.0233061
0.02241644
0.02121447
0.02035606
0.02175818
0.02173515
0.01936149
0.01891503
0.01778092
0.01838081
0.0163179
0.01494441
0.01468739
0.01341616
0.0134929
0.01354462
0.01339068
0.01337206
0.01315824
0.01285239
0.01171068
0.009696505
0.00955136
0.009286503
0.00998563
0.009885359
0.009067269
0.009496735
0.009305535
0.009861802
0.0104131
0.01006295
0.01011772
0.009177792
0.009466917
0.009762868
0.01134201
0.01082535
0.01014352
0.01097469
0.009600406
0.01052471
0.008802262
0.007972558
0.00714396
0.007950885
0.008916658
0.008284284
0.008440155
0.008580214
0.008954412
0.008536469
0.008304222
0.00841286
0.008635282
0.009251511
0.009131893
0.009638171
0.01032717
0.01072238
0.01209544
0.011763
0.01196807
0.010459
0.01109567
0.0101179
0.01006038
0.01048154
0.01016017
0.008794194
0.007848538
0.007981714
0.007814113
0.008461455
0.008796371
0.008487457
0.008005932
0.008142661
0.008966588
0.01025506
0.009856219
0.01113694
0.01211632
0.01326026
0.01262794
0.01377523
0.0142297
0.01510129
0.0131732
0.01326542
0.01386124
0.01527691
0.01550182
0.01703606
0.01622731
0.01436948
0.01610118
0.01385485
0.01366154
0.01318802
0.01369883
0.01392396
0.0120966
0.01214505
0.0135884
0.01481185
0.01566224
0.01675602
0.01711067
0.01741436
0.0164277
0.01633517
0.01790089
0.01570448
0.01693454
0.01584628
0.01778905
0.01893699
0.02016575
0.0163049
0.0142948
0.0163535
0.01812064
0.01979636
0.01756064
0.01636351
0.01612422
0.01483194
0.01565934
0.01680191
0.01554699
0.01689897
0.01809603
0.01954425
0.0202879
0.01847518
0.0203181
0.01985531
0.02032569
0.01989561
0.01981142
0.02142424
0.0202042
0.01757195
0.02088617
0.0188459
0.0180696
0.01758791
0.01511633
0.01675493
0.01572922
0.01697736
0.01786002
0.01773704
0.01852984
0.02042881
0.02012279
0.01910863
0.01947879
0.01805611
0.01650667
0.01667394
0.01588058
0.01586233
0.0149142
0.01607698
0.01757115
0.01975645
0.02000943
0.02000481
0.01973365
0.01949866
0.01991419
0.02082242
0.01936054
0.01782241
0.01873378
0.01966605
0.01710344
0.01444224
0.01579705
0.01564896
0.01424909
0.01419011
0.01320504
0.01410479
0.01486787
0.01562626
0.01707321
0.01616276
0.01509402
0.0143164
0.0155696
0.01576715
0.01542468
0.01615892
0.01733588
0.01711751
0.01673083
0.01707188
0.01734511
0.01665719
0.0167538
0.01763033
0.01996666
0.01782991
0.01779696
0.01766632
0.02063564
0.02110299
0.0180125
0.01954323
0.01752944
0.01695709
0.01713124
0.01576668
0.01465043
0.01644965
0.01522649
0.01598373
0.01538575
0.01553572
0.01584704
0.01504158
0.01732361
0.01845401
0.01906311
0.01754866
0.01852784
0.018787
0.01883952
0.01886584
0.01747071
0.01843867
0.01956593
0.01989983
0.02278963
0.02392202
0.02428177
0.02630274
0.02455031
0.02524699
0.02611882
0.02426225
0.02403965
0.02033868
0.01861106
0.02066224
0.01950165
0.01989137
0.01862772
0.01682172
0.01544628
0.01549683
0.0152266
0.01652304
0.01514008
0.01627519
0.01627847
0.0130157
0.01396629
0.01488404
0.01382291
0.01304368
0.0126045
0.01418025
0.01556021
0.01643978
0.01467327
0.01339055
0.01448568
0.01371915
0.01411546
0.01386029
0.01581382
0.01578899
0.01347823
0.01406331
0.01455886
0.01549712
0.01479381
0.01363866
0.01432205
0.01536093
0.0168547
0.01709524
0.01859638
0.01760064
0.01824999
0.01867402
0.01691512
0.02046057
0.01908518
0.01896437
0.01991526
0.01898175
0.01589159
0.0147401
0.01470086
0.01425573
0.01422416
0.01298218
0.01343829
0.01292887
0.01346321
0.01371212
0.01482741
0.01556482
0.01486861
0.01400689
0.01313343
0.01504902
0.01469316
0.01496595
0.01528899
0.01689651
0.01548305
0.01495976
0.01343924
0.01322178
0.01260808
0.01136302
0.0117717
0.01185691
0.01136038
0.01015076
0.01169588
0.01170506
0.01323559
0.0135293
0.01248245
0.01344252
0.0136621
0.01392059
0.01320052
0.01179554
0.01211983
0.01367914
0.01496026
0.01398916
0.01291525
0.01303455
0.0162266
0.01664384
0.01657743
0.01843348
0.01798704
0.01861877
0.01841058
0.017571
0.01597571
0.01554169
0.01651662
0.01468793
0.01375587
0.01314712
0.01447801
0.01436209
0.01573724
0.01672989
0.01509349
0.0163479
0.01402276
0.0144528
0.0154917
0.01495921
0.01585997
0.01346101
0.01384039
0.01390067
0.0145696
0.01469705
0.01508633
0.01438732
0.01687389
0.01613414
0.01472687
0.01375994
0.01534678
0.01631795
0.01567583
0.01509115
0.01547485
0.01490245
0.0166585
0.01952453
0.02200716
0.02398757
0.02701346
0.02649592
0.02478741
0.02078751
0.02334562
0.02057208
0.02151169
0.01947679
0.01943523
0.01842833
0.01537788
0.01762567
0.01538529
0.01503881
0.01498492
0.01376515
0.01154052
0.01154686
0.01213577
0.01364504
0.01704927
0.01629283
0.01563975
0.0144155
0.01437055
0.01387209
0.01484815
0.01542332
0.01847356
0.01829185
0.01769938
0.01741509
0.01776291
0.0165102
0.01654235
0.01920187
0.01951695
0.01819763
0.01870507
0.01732533
0.01469501
0.01442288
0.01475039
0.01660805
0.01741914
0.01662367
0.01491446
0.01872326
0.02039589
0.01921742
0.0201919
0.02155506
0.02146868
0.021753
0.02013934
0.01991769
0.0171294
0.0166246
0.01648152
0.01569932
0.0156578
0.01543323
0.01529739
0.01668837
0.01889106
0.02034478
0.02441536
0.02409903
0.02323219
0.02330525
0.02237548
0.02293043
0.0246317
0.02104518
0.01816458
0.01874578
0.02236774
0.01952493
0.0211703
0.01755144
0.01514057
0.01319281
0.01266928
0.01228294
0.0119859
0.01158692
0.0116394
0.01150277
0.01380756
0.01307069
0.012665
0.01255257
0.01186836
0.01086668
0.01254268
0.01174262
0.01540283
0.01732369
0.01971951
0.02097137
0.01825019
0.01753071
0.0173585
0.01819797
0.01646996
0.01635779
0.01572576
0.0156236
0.01633537
0.0177506
0.01795971
0.01690364
0.01674389
0.01529996
0.01576222
0.01496198
0.01384753
0.01241912
0.01352377
0.01310339
0.01292364
0.01470829
0.01413056
0.01273514
0.01306039
0.0132386
0.01290037
0.01183574
0.01202238
0.01194535
0.01132133
0.01148519
0.01141842
0.01199509
0.01196896
0.01230368
0.01366738
0.01273375
0.01264915
0.01389113
0.01377507
0.01446329
0.01705569
0.01362491
0.01492906
0.01538165
0.01467135
0.01581146
0.01696845
0.01479594
0.01575857
0.01417743
0.01401154
0.01713334
0.01748091
0.01838621
0.01836859
0.01810969
0.01827715
0.01697261
0.01569342
0.01728175
0.02046054
0.02060003
0.02342542
0.02165362
0.02231114
0.02171487
0.0204318
0.02033604
0.01992579
0.02106162
0.02146229
0.02275374
0.02310894
0.02184559
0.01888186
0.01768642
0.01654683
0.01587
0.01556512
0.01572046
0.01659561
0.01720796
0.01622536
0.01709674
0.01575882
0.01378811
0.01385897
0.01341267
0.01481591
0.01418355
0.01410814
0.01449572
0.01402872
0.01508881
0.01562403
0.01453303
0.0144981
0.01503456
0.01553882
0.01439629
0.01563364
0.01326292
0.01356686
0.01538836
0.01486515
0.01461406
0.01532538
0.01684319
0.01855727
0.01725716
0.01581497
0.0164659
0.01554915
0.01393307
0.01363191
0.01335619
0.01340915
0.01483267
0.01422956
0.01854155
0.01671057
0.01618076
0.01680104
0.01531248
0.01588891
0.01494952
0.01571331
0.01529276
0.01415087
0.01279367
0.01341799
0.01414153
0.01289059
0.01349086
0.01427582
0.01464621
0.01675421
0.01738368
0.01748895
0.01913387
0.01691879
0.01784362
0.0188576
0.01801899
0.01894809
0.02085478
0.02195717
0.02325614
0.02281419
0.02154474
0.02324003
0.02699425
0.02483501
0.02138359
0.02038286
0.01926815
0.02152941
0.01939922
0.02148531
0.02302625
0.0219645
0.02041125
0.02113576
0.02327319
0.0233285
0.02304801
0.02155178
0.02376138
0.02260058
0.02081565
0.02071631
0.02240585
0.02193383
0.02200699
0.02354296
0.02072894
0.02276849
0.02541082
0.0254501
0.02429523
0.02130899
0.02085973
0.01842146
0.01919897
0.01726355
0.01561981
0.01562925
0.01515007
0.01577595
0.01915935
0.02015484
0.02076791
0.02038846
0.0175535
0.0184133
0.01795768
0.02015059
0.02080432
0.0186234
0.02143909
0.02150755
0.02062263
0.02309849
0.0259263
0.02601577
0.02364581
0.02229742
0.02009968
0.02132587
0.02258728
0.02531626
0.02389748
0.02754715
0.02488193
0.02412299
0.02469585
0.02298917
0.02093171
0.02063846
0.02281853
0.02229224
0.02163639
0.02051758
0.01942806
0.02048036
0.01970144
0.01796481
0.01973035
0.0174032
0.01718722
0.02196604
0.02297801
0.02375022
0.0256028
0.02562926
0.02617544
0.02574295
0.02265513
0.02087738
0.0213564
0.02086247
0.0223239
0.02039484
0.0237951
0.02130775
0.02584317
0.02433384
0.02503873
0.02619682
0.02590378
0.02554435
0.02568397
0.0252137
0.02576562
0.02446105
0.02528484
0.02628938
0.02849131
0.02748919
0.03074743
0.03431261
0.03545946
0.03665934
0.0364323
0.03889183
0.03818223
0.03482527
0.03469989
0.03642873
0.03496001
0.03204772
0.03350899
0.03179407
0.03273146
0.03061777
0.02890591
0.02838315
0.02909865
0.02939663
0.0303964
0.03232104
0.03328156
0.03242299
0.02970444
0.03173607
0.02996358
0.0301177
0.02968686
0.02594762
0.02559859
0.02342132
0.02037414
0.01941036
0.01720096
0.0178406
0.01863493
0.01817835
0.02180463
0.02245841
0.02193478
0.02055205
0.01924738
0.01944475
0.0200861
0.01923156
0.02100095
0.02164212
0.02060319
0.02349531
0.02575316
0.0276809
0.03317481
0.03359387
0.03245403
0.03242633
0.02848329
0.02677347
0.02457174
0.02653381
0.0283736
0.02658407
0.02729749
0.02274628
0.02249934
0.0221445
0.02127768
0.02371733
0.0220215
0.02475882
0.02639166
0.0257941
0.0285433
0.02518751
0.02364147
0.02244503
0.02002601
0.01823155
0.01968347
0.01908697
0.02061612
0.01973578
0.018565
0.01945544
0.01746928
0.01604193
0.01524971
0.01800663
0.02093816
0.02063336
0.02289115
0.02248247
0.02210912
0.02255858
0.02228693
0.02168799
0.02225942
0.02192344
0.02189738
0.02311054
0.02321396
0.02485926
0.02411154
0.0258613
0.0297552
0.02948198
0.02808724
0.02508281
0.02551323
0.02954089
0.02919766
0.02764619
0.02577792
0.02225758
0.02426028
0.02596676
0.02558495
0.02301342
0.02458168
0.02703104
0.02216371
0.02083213
0.02346253
0.02798971
0.02709471
0.02704776
0.03050324
0.03050789
0.03313586
0.02869819
0.02851348
0.03174746
0.03005925
0.03134731
0.03471154
0.03661826
0.03726148
0.03442906
0.03639545
0.03256433
0.03560845
0.03566134
0.03136574
0.03117633
0.03063147
0.03097726
0.02901684
0.0355644
0.03203544
0.0333398
0.03405342
0.03425958
0.03090377
0.03305581
0.03522671
0.03209869
0.0313178
0.03304562
0.03416057
0.03620744
0.03616887
0.04049694
0.03387615
0.03430502
0.03221097
0.03122192
0.02583353
0.02718528
0.02707989
0.02833218
0.02918677
0.02967665
0.03637805
0.03571454
0.04228349
0.04476606
0.04071453
0.04009237
0.03989508
