49.1697
47.64645
49.90546
48.61507
46.58044
52.64615
51.42559
46.60583
43.33238
52.51618
47.68061
49.73574
54.48813
50.09325
53.27577
52.57506
46.84844
48.83162
46.20979
43.12081
48.22659
46.69216
49.52193
45.76
46.66068
41.40403
45.94122
46.53873
40.34509
44.2526
49.18646
42.58184
41.82962
52.29662
42.74536
44.21758
46.16926
44.41454
54.56629
52.52322
49.75028
46.16342
40.75489
47.06114
51.25403
54.42766
49.19858
47.46945
48.43619
46.90343
47.90015
48.23029
45.86461
40.92018
43.86291
49.44664
48.18625
49.68109
55.10609
50.63857
45.84327
40.22844
47.99454
42.42518
48.19139
52.24943
44.54167
45.98591
47.08464
45.72689
43.28844
41.96467
45.15974
41.08371
39.81946
53.83864
48.78075
46.5794
41.66843
49.41377
44.86492
53.36028
47.91581
47.90709
52.37057
44.93791
47.02848
45.27079
45.15616
45.84587
47.44457
45.79923
52.6765
41.3264
43.05426
42.37113
44.50741
47.01031
41.29679
46.65523
45.34254
47.484
42.91821
45.43178
46.55843
41.74848
46.60675
51.84534
50.08508
47.37772
50.9109
53.4256
52.2156
46.26244
44.60644
43.22188
41.24131
46.69988
45.28025
41.63747
46.77978
50.764
49.02618
50.32347
47.5642
44.71618
44.30349
42.82907
42.37339
44.87309
43.13494
47.91932
48.95013
46.09221
49.44635
52.67514
44.95482
47.11127
48.85939
42.21163
45.07129
51.61844
43.84894
46.68576
44.06984
42.12557
39.81924
45.87734
40.64766
48.73337
47.14659
42.41075
46.82228
42.81394
43.09433
45.47165
39.96282
42.48146
53.22688
46.39668
45.55936
48.67658
43.57897
51.44496
47.56093
51.90711
49.10361
53.31405
44.40409
41.44885
43.04826
46.51258
53.29556
46.20558
46.33807
50.49023
48.88174
47.39568
46.77512
45.94185
47.78656
48.47053
51.87763
51.2257
51.40111
54.50235
59.46537
43.4383
46.40608
46.77343
39.80454
53.99866
54.48502
47.94353
54.08692
48.78299
47.30164
47.7511
49.9292
49.89572
47.24521
43.77705
42.52664
44.07081
47.85941
40.10595
47.10674
49.49322
44.05482
40.97936
43.72644
47.26019
52.20225
50.7084
50.0928
47.0218
50.0398
50.53427
49.09371
53.49776
45.67321
48.42841
46.68084
50.50851
43.9644
53.28366
55.8622
54.96454
46.659
46.22351
55.81666
48.97925
48.18842
46.00653
57.77072
47.81729
46.80932
40.43443
46.83936
46.28437
45.66603
44.08364
43.59301
48.60072
54.7358
44.2587
44.10343
49.72962
47.87002
45.45886
52.13256
50.39817
48.47988
46.01098
53.50756
51.55288
57.32001
54.91812
41.97075
42.47939
46.10292
49.64398
49.4498
45.04201
46.06773
45.53568
43.6235
54.40023
47.14675
48.46858
42.45347
45.09125
41.4416
44.3802
43.4795
45.33045
52.24663
44.82371
44.38126
49.49613
49.08581
50.55662
57.94076
47.71689
45.79322
45.50238
43.54938
43.43618
43.64877
49.63155
43.07253
43.63833
48.23417
46.55893
45.33584
47.44865
43.03127
50.69233
42.4363
41.1388
49.29454
46.70694
46.32579
44.87629
53.51054
49.34925
48.74206
48.39814
47.34886
50.62093
44.50559
44.82626
49.88027
39.21447
40.61792
45.62086
46.78144
46.04367
44.91992
38.36956
43.65478
51.54851
53.11351
47.76263
45.73308
52.02494
53.05808
47.92379
48.85097
49.29646
48.48039
39.51363
47.88829
48.46157
47.14479
41.51711
51.87173
49.41184
48.57614
43.99129
51.19238
48.76251
48.63199
47.37291
41.75311
41.90524
44.06595
43.86293
50.60043
43.66705
41.63372
49.38691
46.22214
45.64906
45.46751
43.54038
46.3262
51.78653
49.27343
48.68701
46.4742
41.20293
40.73517
47.00548
40.72914
53.23349
45.03089
50.52642
47.68242
43.21244
51.13764
41.97511
42.31439
46.37229
51.91464
55.64458
44.04177
44.99762
49.14597
57.07039
47.07572
49.69772
46.58763
49.57155
49.59097
53.42346
46.31971
49.6809
46.98404
41.76803
56.77361
46.77141
53.60744
48.92514
55.97931
48.49414
52.19303
57.34086
48.79648
53.36441
45.46351
48.53411
48.56667
46.14671
55.30856
53.54969
51.12051
46.33819
46.56151
52.77429
51.70297
45.57813
39.151
43.40757
47.20336
51.02109
47.40545
49.67043
50.22275
50.58666
43.76897
46.72187
43.05352
50.45942
41.66222
45.46212
42.74161
50.53729
46.574
43.01448
48.06715
43.63904
46.38333
47.35219
47.86403
47.13598
52.50639
51.34966
50.96317
45.79774
52.12056
38.98048
39.17387
45.35853
44.26352
51.61585
48.89895
51.11244
48.48892
44.09775
42.91414
40.73347
46.34217
44.23832
48.08675
49.05791
48.26401
52.42559
51.55628
44.38945
48.85881
48.39951
44.04238
42.01069
47.02172
49.98477
52.72735
48.57201
47.78983
49.1743
50.35163
50.66358
45.39511
53.37014
48.99807
51.21343
60.21505
50.02399
48.16455
41.82072
49.88197
51.65395
46.10908
46.07357
42.18404
45.72203
45.0549
45.29065
44.68527
45.6724
46.27731
43.24274
45.19537
49.40059
52.04554
45.14021
41.88792
42.75395
41.38481
45.31097
44.84222
42.90594
47.68324
45.75301
39.07722
37.4828
43.41818
44.02381
46.5621
43.39492
47.80786
42.73535
43.93943
47.70679
42.65627
42.0157
45.40348
43.76345
48.48992
45.7198
43.1169
40.18139
44.39265
39.77427
44.3391
42.50955
47.88466
45.91952
49.27879
42.57495
42.66848
51.01839
44.28745
41.24818
44.61553
42.23537
44.6671
48.48102
46.47797
40.37708
58.98313
51.90012
46.02809
46.59345
44.36969
45.97719
43.98283
48.78863
47.4222
42.77503
46.36179
49.31876
42.2393
44.25845
48.657
45.91839
54.6067
50.5681
56.44026
51.2433
43.96906
48.43847
55.17688
50.89955
52.34316
48.34441
53.61021
49.73908
49.56266
43.79946
52.65916
47.26736
52.32816
45.98644
43.92313
51.59501
47.75895
49.62432
43.4432
39.09571
47.87525
42.42625
41.97476
44.15534
47.04127
46.09676
48.46275
45.9991
49.3518
49.96219
46.97911
46.82721
47.20439
44.84431
45.46394
46.39743
50.15249
48.88036
44.6753
44.8611
41.68413
49.28186
47.3639
50.81183
44.91521
44.74272
44.00097
47.51801
44.5257
49.42776
45.8024
45.36567
47.48874
47.44345
48.80256
44.47628
43.82081
49.84941
42.71361
42.38819
42.26022
48.20472
50.08909
44.67402
49.95316
44.92954
52.08951
50.00696
47.67769
49.10539
52.03556
48.89536
44.65354
51.60435
42.63955
44.4399
48.93981
48.07454
46.6699
48.61982
51.84917
44.70929
49.32707
44.98229
47.61315
45.17278
41.50211
42.60536
44.64668
45.60931
47.03639
46.31174
44.65163
44.68964
45.46689
45.07432
47.68974
55.37277
48.21841
49.99656
47.93519
53.57646
43.02038
49.92889
48.28253
53.00967
49.09359
40.64825
45.10693
42.80688
47.42544
46.68412
57.42946
50.41858
53.42442
49.47609
48.64065
44.31087
45.92656
47.26017
43.9276
47.24784
47.07422
45.79165
44.6252
43.98247
43.8775
46.59346
45.53892
42.83357
46.18039
44.05629
43.84104
47.23541
54.06444
50.84272
56.14781
51.83
40.27087
47.20857
45.39248
46.61402
44.23017
45.37028
41.19548
46.37186
46.86672
43.7213
49.89298
41.65832
49.21295
44.87571
48.67704
41.23371
39.08446
46.24718
47.13986
45.36988
50.76532
45.73613
44.94318
41.25096
41.78813
43.35681
45.30888
48.34275
46.83856
44.49299
44.40534
43.09471
48.46078
45.83366
44.09711
44.75424
48.482
46.89814
51.32047
50.92534
49.68544
48.43641
49.42219
43.45976
43.71982
42.83568
52.26202
48.78045
51.95089
44.75383
47.33925
48.67712
58.22797
53.30329
49.76762
49.34892
46.57296
48.78686
53.95609
50.69328
42.15858
42.73338
50.31007
46.82516
42.1317
46.70932
48.39784
48.31837
47.57662
49.10116
51.13196
46.55954
48.06948
46.91153
44.84608
45.27278
41.66306
45.20311
44.28052
42.61489
49.97098
45.88239
50.04739
44.22197
46.04711
43.46044
47.2965
42.31059
47.69815
54.3745
48.24452
48.5728
40.12795
43.2723
46.15435
45.36402
49.61053
45.64806
42.22312
41.57912
40.66418
44.50575
47.16516
46.32539
51.03515
51.67083
46.05996
53.77636
48.48204
54.2778
48.51942
50.53251
42.95416
41.48874
49.11018
48.17622
46.50493
49.68309
54.12156
50.93017
50.91296
45.60576
38.26859
46.55191
39.45249
47.50174
47.76717
45.86418
43.88995
46.48939
43.66838
45.39176
45.40364
53.79353
50.21905
49.20151
47.32901
49.54581
43.69899
48.27672
51.89241
51.00238
45.59325
45.77242
45.05865
44.79655
48.89024
52.32328
47.40798
51.79441
47.65527
52.35118
55.79491
47.84304
50.61765
48.62945
44.01711
49.16561
50.27395
56.00648
52.03488
48.45392
51.17549
49.39145
45.91479
47.17438
44.30988
47.49533
43.50369
51.17994
47.64234
51.97477
48.01421
48.59622
43.04149
46.20206
47.13654
50.17883
50.88298
48.12026
47.44634
58.33623
48.37418
46.41326
48.3433
43.14161
47.12462
45.21731
52.45023
47.58399
45.99387
48.72699
44.00123
47.81735
41.64032
52.32511
48.44348
42.49821
43.52912
48.01079
46.48431
44.7772
46.72776
45.15426
43.48319
45.19612
41.51693
49.41423
47.78767
46.046
48.89748
50.88715
46.06999
41.67746
40.46114
39.96002
45.29532
47.92086
56.92397
47.91048
56.02739
54.12471
55.83844
49.5219
51.87248
47.7715
47.1207
44.59228
44.08418
48.39831
44.41843
52.09246
55.53239
49.33712
41.2897
52.46046
44.37833
39.10964
45.46445
43.81881
47.83114
43.6493
40.04636
48.30803
44.18488
45.47183
45.41625
52.70217
49.50951
50.86141
45.08714
47.49911
40.5816
50.6458
45.42061
45.31074
47.81653
43.48264
49.10068
47.76352
51.14022
42.35627
41.11393
42.17942
47.92506
46.6792
44.09575
43.21903
43.03942
45.62864
43.81921
48.5807
46.44888
41.17363
47.86332
44.61139
48.46838
47.55291
47.94108
45.33589
39.8862
43.91989
45.87683
43.4729
43.01683
46.97769
45.04197
45.26884
44.24917
46.86739
44.19716
42.5534
43.13095
47.75867
49.8639
44.80711
50.7199
42.47741
47.96537
47.2285
48.16127
49.75311
