0.06688128
0.06146303
0.06193711
0.05849842
0.06045341
0.05578135
0.05283135
0.05139528
0.05055986
0.05291841
0.05163333
0.04894025
0.04722007
0.04717163
0.04942438
0.04733733
0.04654306
0.04667018
0.04639583
0.04550785
0.04636314
0.04454074
0.0431574
0.04441425
0.04435793
0.04142464
0.03900148
0.03790228
0.03714532
0.03613654
0.03429371
0.03372231
0.03548986
0.03545651
0.03628491
0.03537816
0.03724707
0.03569176
0.03806683
0.03542196
0.03456971
0.03509506
0.03454164
0.03334748
0.03447927
0.03613803
0.03515025
0.03586708
0.03743592
0.03998681
0.03951704
0.03922075
0.0416053
0.0426617
0.04241553
0.04220724
0.04391887
0.04562569
0.04623432
0.0450908
0.04622031
0.04718343
0.04609138
0.04787861
0.05082546
0.0498318
0.04915807
0.04939798
0.04616597
0.04565424
0.04440709
0.0432363
0.0408158
0.0428637
0.04529518
0.04590256
0.04440042
0.04540285
0.046396
0.04436505
0.04324026
0.04357493
0.04194468
0.03926794
0.03877947
0.03570913
0.03495276
0.03372629
0.03395283
0.03227116
0.0332787
0.0319494
0.03166142
0.0318919
0.03071497
0.03069948
0.02874497
0.02866469
0.02777828
0.02759208
0.0284657
0.02780585
0.02619654
0.02711542
0.02717516
0.02789141
0.02758399
0.02812803
0.0261929
0.0262341
0.02646633
0.02756164
0.02922586
0.02982474
0.03001423
0.02954831
0.02985672
0.02656048
0.02661521
0.02579024
0.02611355
0.02501313
0.02389907
0.02303936
0.02167071
0.02395418
0.02361458
0.02322046
0.02312225
0.02240654
0.02331047
0.02428752
0.02337097
0.02526547
0.02416978
0.02565978
0.02409006
0.02509268
0.02502378
0.02614321
0.02638947
0.02472846
0.02540207
0.02664187
0.02588481
0.02477704
0.0243253
0.0247172
0.0238385
0.02420979
0.02495917
0.02597205
0.02592993
0.0261324
0.02496162
0.02589163
0.02574944
0.02675481
0.02782592
0.02762762
0.02887278
0.02818862
0.02956694
0.02960222
0.0293818
0.02993996
0.02929925
0.02806344
0.02825596
0.02843177
0.03049213
0.03036755
0.03086585
0.02973465
0.0288312
0.02961835
0.02945861
0.02942352
0.03058985
0.02997809
0.03045692
0.03066714
0.03243109
0.03083571
0.03289197
0.03069544
0.03082628
0.03117332
0.0305471
0.03116833
0.02968814
0.03165399
0.03092376
0.03167959
0.031547
0.03101707
0.03255535
0.03186131
0.03350136
0.03245093
0.0309389
0.03099509
0.03301312
0.03335499
0.03541662
0.03380158
0.03404106
0.03323039
0.03180085
0.03507612
0.03531547
0.03769329
0.03656983
0.03596999
0.03610876
0.0391146
0.03598432
0.0367685
0.03636927
0.03612536
0.03482772
0.03747871
0.03672084
0.03659586
0.03605982
0.03564593
0.03595057
0.03419707
0.03398424
0.03352723
0.03375455
0.03254986
0.03233803
0.03138735
0.03218557
0.03313308
0.03279755
0.03142955
0.03300179
0.03126866
0.03004748
0.02768524
0.0290106
0.02755124
0.02891145
0.02848745
0.02849024
0.0280685
0.02948661
0.02920101
0.02757529
0.02800647
0.02935473
0.02783306
0.02757246
0.02968155
0.02727833
0.02611963
0.02458223
0.02363401
0.02333407
0.02533173
0.02512107
0.02405704
0.0244026
0.02519545
0.02473379
0.02379603
0.02490614
0.02428975
0.02612774
0.02596602
0.02703111
0.02702664
0.02625164
0.02661969
0.02886068
0.02809846
0.02770772
0.0286634
0.02966225
0.03000592
0.02991331
0.02963032
0.03120109
0.03003455
0.02925282
0.02913858
0.02800405
0.02648837
0.02687771
0.02806611
0.02903819
0.0279882
0.02742765
0.02943257
0.02771867
0.02823824
0.02652359
0.02463921
0.023948
0.02456526
0.02404426
0.02506706
0.02570356
0.02582663
0.02482081
0.02366009
0.02261815
0.02203831
0.02347689
0.02293
0.02212342
0.02271764
0.02318643
0.02191611
0.0213023
0.02243201
0.02176559
0.02298841
0.02335768
0.0228954
0.02273274
0.02353084
0.0233415
0.02090592
0.02029705
0.02068721
0.02050171
0.01997476
0.01878611
0.01884365
0.01931054
0.01958106
0.01984924
0.0208839
0.0212148
0.02150472
0.02227912
0.02182575
0.02195364
0.02164164
0.02106844
0.02082096
0.02085443
0.02093789
0.02123255
0.02148369
0.02201131
0.02184645
0.02295805
0.02317371
0.02121657
0.0217149
0.0226275
0.02274634
0.02374407
0.02378759
0.02268983
0.02326478
0.02211495
0.021849
0.02295347
0.0237873
0.02308545
0.02348891
0.02412404
0.02478513
0.02513016
0.02588083
0.02541754
0.02592587
0.02495995
0.02434619
0.02455238
0.02462899
0.0240494
0.02391869
0.02288015
0.02108404
0.02150312
0.02097005
0.0214513
0.02215209
0.02156038
0.02214696
0.02226449
0.02145483
0.02339866
0.02329272
0.0226634
0.0222285
0.02208746
0.02263155
0.02231248
0.02297187
0.02234178
0.02127643
0.02233062
0.02301245
0.02354202
0.02237941
0.02187072
0.02176638
0.02204895
0.02225574
0.02282839
0.0213517
0.02347918
0.0258041
0.02544334
0.02470026
0.02442158
0.02519798
0.02408281
0.02384435
0.02246848
0.02162722
0.02144186
0.02166872
0.02094293
0.02122522
0.01988858
0.0198114
0.0203932
0.02072418
0.02078476
0.02073892
0.02159425
0.02163048
0.02171189
0.02174371
0.02272436
0.02307489
0.02267481
0.02331726
0.0232759
0.02179072
0.02197747
0.02269336
0.02231654
0.02185531
0.02140368
0.01994934
0.0197235
0.01932903
0.02055113
0.02091914
0.01987274
0.02143673
0.0201084
0.02000071
0.01910467
0.0186516
0.01943796
0.02058447
0.02128704
0.02112043
0.02063229
0.02127673
0.02143013
0.02115804
0.02245336
0.02366525
0.02314081
0.02222395
0.02322591
0.02372674
0.02288168
0.0229156
0.02432029
0.02383526
0.02418691
0.0235374
0.02298958
0.02198433
0.02083946
0.02082398
0.02175852
0.02232179
0.02174923
0.02267128
0.02220357
0.02096004
0.02087217
0.02082969
0.02075559
0.02201081
0.023259
0.02432442
0.02320978
0.02304286
0.02445518
0.02604764
0.02751332
0.02808326
0.02698162
0.02618933
0.02658953
0.02584257
0.0267458
0.02618321
0.02624149
0.02605694
0.02540819
0.02638514
0.02650969
0.02742192
0.02530851
0.0249834
0.0243003
0.02624158
0.02508782
0.0258288
0.026809
0.02805493
0.0298083
0.02897374
0.02710718
0.02748235
0.02897592
0.02839276
0.0308133
0.0293815
0.02820927
0.02839069
0.03024126
0.03025884
0.03041983
0.03176503
0.03030163
0.03084006
0.03109745
0.03083866
0.03181273
0.03123128
0.02902351
0.02889709
0.02948512
0.03037707
0.02946608
0.02991271
0.03079109
0.02996319
0.02866499
0.03184242
0.0331831
0.03229719
0.03304459
0.03330932
0.03270573
0.03560309
0.03418128
0.03271197
0.03023649
0.02749327
0.0286709
0.02945468
0.02920727
0.02952135
0.02994465
0.03051953
0.03088096
0.03142053
0.03026394
0.03032944
0.03010766
0.0301046
0.02953372
0.02897059
0.02910132
0.02927928
0.02902321
0.02981091
0.03002361
0.02984829
0.02841593
0.0289197
0.02879233
0.02762645
0.02721394
0.02778812
0.0254784
0.02351296
0.0236782
0.02353172
0.02438073
0.02329407
0.02238314
0.02219189
0.02336609
0.02357284
0.02425677
0.02374115
0.02438233
0.02468066
0.02403341
0.02448206
0.02545264
0.02575081
0.02589089
0.02599278
0.02588095
0.02699132
0.0275559
0.02724419
0.02741711
0.02702666
0.0266656
0.02633606
0.0261871
0.02781305
0.02768273
0.02763174
0.02711224
0.02649208
0.02592064
0.02620715
0.02663574
0.02616018
0.02556333
0.02488986
0.02648003
0.02588617
0.02582241
0.0259509
0.0251318
0.02438583
0.02615357
0.02460277
0.02398306
0.02430011
0.02446791
0.0246233
0.02440349
0.02405734
0.02347581
0.02388986
0.02353878
0.0239005
0.02343014
0.02372364
0.0226765
0.02376705
0.02497542
0.02451029
0.0249863
0.02680977
0.02698294
0.0247506
0.02648774
0.02695749
0.02805059
0.02725418
0.02624724
0.02744994
0.02557466
0.02579945
0.02434889
0.02573249
0.02516295
0.02486739
0.02431759
0.02474012
0.0248597
0.02488253
0.02458608
0.02431128
0.02352752
0.02385408
0.02323597
0.02347978
0.02280206
0.02136114
0.02105961
0.02128683
0.02082586
0.02072109
0.02241103
0.02209822
0.02213692
0.02279834
0.02161454
0.02308216
0.0232105
0.02103964
0.02059116
0.01989936
0.01976613
0.01935991
0.02060654
0.0205538
0.02074614
0.02110917
0.02058326
0.01875371
0.01766307
0.01755935
0.0170458
0.01785805
0.01770993
0.01765188
0.0176344
0.01783816
0.01744268
0.01871503
0.01797246
0.01766787
0.01716727
0.01781832
0.01724564
0.01662637
0.01598678
0.01649324
0.01706576
0.01707138
0.01629116
0.0170899
0.0164387
0.01648758
0.01521562
0.01421304
0.01451026
0.01414973
0.01354873
0.01363814
0.01305304
0.01227725
0.01225435
0.012791
0.01266072
0.01257028
0.01304702
0.01282274
0.01209947
0.01216309
0.01304827
0.01176914
0.01190312
0.01195772
0.01325518
0.01264062
0.01250866
0.01267174
0.01195578
0.01160045
0.01146489
0.01158454
0.01125327
0.01061442
0.0111745
0.01199781
0.01197374
0.01212808
0.01187468
0.01268205
0.01237553
0.01137443
0.0130126
0.01299742
0.01263753
0.01318927
0.012795
0.01361237
0.01424766
0.01396814
0.01478245
0.01461575
0.01497753
0.01521303
0.01463522
0.01463522
0.01403054
0.01447783
0.01442486
0.013812
0.01406051
0.01454904
0.0139585
0.01392675
0.01325888
0.01415955
0.01431865
0.01366123
0.01422394
0.01450607
0.01424056
0.01371444
0.01386271
0.01391854
0.01321119
0.01398671
0.01406551
0.01464542
0.01416317
0.01328114
0.01245165
0.01264293
0.0119025
0.01267478
0.01227338
0.0122006
0.01254221
0.01313429
0.01265266
0.01240648
0.01240636
0.01321414
0.0133333
0.01399458
0.01465956
0.01513341
0.01390286
0.01386581
0.0140346
0.01446232
0.01516971
0.01566603
0.01683839
0.0167682
0.01664651
0.01761751
0.01847391
0.01767352
0.01744242
0.01754442
0.01612321
0.01560441
0.01629865
0.01669677
0.01604183
0.01548793
0.0154379
0.01490902
0.01541915
0.01511016
0.0154534
0.01551943
0.01544925
0.01527502
0.01625374
0.01500443
0.01491694
0.01468636
0.01477043
0.01521717
0.01407794
0.01527682
0.01551304
0.01492319
0.01617706
0.01550453
0.01591401
0.01568949
0.01676335
0.01767045
0.01733737
0.01684119
0.01709911
0.01683455
0.01596364
0.0164772
0.01683168
0.01705716
0.01748888
0.01697299
0.01707084
0.01726496
0.01720395
0.01712302
0.0173066
0.01642404
0.01639101
0.01593909
0.01631345
0.01696695
0.01737652
0.01730617
0.01832011
0.01907912
0.01899474
0.01780131
0.01844388
0.01836939
0.01827064
0.01708096
0.01687822
0.01650509
0.01627227
0.01604281
0.01740567
0.01830232
0.01878993
0.01827779
0.01911083
0.01880982
0.01986971
0.02017198
0.02002726
0.02104731
0.02155637
0.02074358
0.02061343
0.0197076
0.01932316
0.01981184
0.02001489
0.02170711
0.0203779
0.02063926
0.0201325
0.02006572
0.01968008
0.01774836
0.01912043
0.01892824
0.01997182
0.0214358
0.02104264
0.0217164
0.02173704
0.02190462
0.02177357
0.02095723
0.02113661
0.02130875
0.02129009
0.02106809
0.02278558
0.02389294
0.02246414
0.02148955
0.02132011
0.02148509
0.02153036
0.02126769
0.02074452
0.02099545
0.01976623
0.02038807
0.02055052
0.02086869
0.02066304
0.02086187
0.02142298
0.0225344
0.02172731
0.02157423
0.02042075
0.01959997
0.01947516
0.01976298
0.02007214
0.01784182
0.01837205
0.01926002
0.01925509
0.01888645
0.01833098
0.01861836
0.01811412
0.01863732
0.01858992
0.01795014
0.01952605
0.02024219
0.01870867
0.01879411
0.02048512
0.01883355
0.01807787
0.01862
0.01966151
0.01866907
0.01870547
0.01839928
0.01893762
0.01866288
0.01928092
0.01925311
0.0188356
0.01817429
0.01778316
0.01777725
0.0171522
0.01640657
0.01712999
0.01637776
0.01644184
0.01659386
0.01684787
0.01670643
0.01645067
0.01628118
0.0163286
0.01569627
0.01611311
0.01529259
0.01539125
0.01566153
0.01560042
0.01516278
0.01595528
0.01722328
0.01592764
0.01649037
0.01676926
0.01667223
0.01602649
0.01511982
0.01527249
0.01569642
0.01602737
0.01586263
0.01653777
0.01611777
0.01650025
0.01621439
0.01681355
0.01704707
0.0171042
0.01887754
0.02025284
0.02138854
0.02249685
0.02260648
0.02220624
0.02256279
0.02326846
0.02372539
0.02439878
0.02318069
0.02323704
0.02429037
0.02480783
0.02479875
0.02419391
0.02567826
0.02511537
0.02369954
0.02460653
0.02361508
0.02216495
0.02217734
0.02267128
0.02198569
0.02214417
0.02214302
0.02335308
0.02459944
0.02669302
0.02847944
0.02824433
0.02730077
0.02718991
0.02594644
0.0270486
0.02701736
0.02785
0.02895621
0.02876188
0.0298347
0.03166269
0.03210011
0.030809
0.02845918
0.0286814
0.03015525
0.02982548
0.03193969
0.03126772
0.03138793
0.03063696
0.02839501
0.02874339
0.02825003
0.02866623
0.02927462
0.02864574
0.02783557
0.02455107
0.02526162
0.02602489
0.02671746
0.02743638
0.02626341
0.02738334
0.02804624
0.02664872
0.02698432
0.02702594
0.02724965
0.02770811
0.02682116
0.02757331
0.02711579
0.02604756
0.02654915
0.02587584
0.02623879
0.02603117
0.0257466
0.0256039
0.02683628
0.02754266
0.02685924
0.02742839
0.02766753
0.02610219
0.02537451
0.02608403
0.0252317
0.02509591
0.02531587
0.02615215
0.02583512
0.02566105
0.0245094
0.02329845
0.02363132
0.02565877
0.0249068
0.02416984
0.02460085
0.02426363
0.02480302
0.02359236
0.02440489
0.02359898
0.02525027
0.02738073
0.02694592
0.02720815
0.02795728
0.02880981
0.02917539
0.02964088
0.03040424
0.03049894
0.02817722
0.02737837
0.02743929
0.02688132
0.02713456
0.02585091
0.02450464
0.02466486
0.02643073
0.02662221
0.02712145
0.02548303
0.02625863
0.02597946
0.0253339
0.0256694
0.0249683
0.02500142
0.02414905
0.02467711
0.02586042
0.02659482
0.02656807
0.02586044
0.02686193
0.02764543
0.0281446
0.02763022
0.02676131
0.02815843
0.02726351
0.02685765
0.02729333
0.0265967
0.02621838
0.02623974
0.02711188
0.0257708
0.02616373
0.02625869
0.02641107
0.02586778
0.02527355
0.0251792
0.02542201
0.02462296
0.02495805
0.02502402
0.02377222
0.02350047
0.02387495
0.02346087
0.02497851
0.02594894
0.02640287
0.02700539
0.02543643
0.02582416
0.02503048
0.02443738
0.02546089
0.02755343
0.02664252
0.02746431
0.02766344
0.0277335
0.02758671
0.02884981
0.03131167
0.02985912
0.03002856
0.02815621
0.03020845
0.03024521
0.03095477
0.03079943
0.03123984
0.0288095
0.02898142
0.02716938
0.02762943
0.0266797
0.02756295
0.02849455
0.02914011
0.02884585
0.0319268
0.03393268
0.03357031
0.03412561
0.03638881
0.03731694
0.03754772
0.03803833
0.0399957
0.04035513
0.04076856
0.04210586
0.04335579
0.04269452
0.04039754
0.04088008
0.03926314
0.04034552
0.03823917
0.03796441
0.03442267
0.03529437
0.03473804
0.0344467
0.03455424
0.0331955
0.03144818
0.03282491
0.03290734
0.03207271
0.0310614
0.03273487
0.03269904
0.03168674
0.03140431
0.02932644
0.02818547
0.02615252
0.02796149
0.02706082
0.02832373
0.02631974
0.02728689
0.02856814
0.02705527
0.02604965
0.02687268
0.02722144
0.02780879
0.02758391
0.0270418
0.02581267
0.02645962
0.02609432
0.02577338
0.02721883
0.02790938
0.02658643
0.02659806
0.02678051
0.02668962
0.02629368
0.02761126
0.02654758
0.02555056
0.02514076
0.02766806
0.02958587
0.03017888
0.02804303
0.0294841
0.03021317
0.02988765
0.03165283
0.03061071
0.03223334
0.03078741
0.03046176
0.0301599
0.03198093
0.02878
0.02832487
0.02604575
0.02666255
0.02678741
0.02702636
0.02922443
0.03014416
0.03029006
0.0332426
0.03468255
0.03385432
0.0328153
0.03296157
0.03441064
0.03376847
0.0342367
0.03440393
0.03369325
0.03224472
0.03240847
0.03333146
0.03310017
0.03261484
0.03313386
0.03510349
0.03312963
0.03358353
0.03302499
0.03546758
0.03456872
0.03456894
0.03518876
0.03368852
0.03602562
0.03871743
0.03863191
0.03856031
0.03530713
0.03420114
0.03398007
0.03427507
0.03621125
0.03705158
0.03601609
0.03468906
0.03540578
0.03468237
0.03387459
0.03304137
0.03277717
0.03255329
0.03097965
0.03064808
0.02964567
0.03026473
0.02893865
0.02931478
0.02890865
0.03048135
0.02980603
0.02819517
0.02729906
0.02525154
0.0254021
0.02454553
0.02555065
0.0249467
0.02560063
0.02623491
0.0273515
0.02601932
0.02588663
0.02542559
0.02397982
0.0248153
0.02473234
0.02486031
0.02395478
0.0244125
0.02342985
0.02343499
0.02208114
0.02298631
0.02367663
0.023714
0.0231843
0.02181903
0.02243927
0.02188177
0.02228704
0.02176641
0.02226019
0.02357888
0.02438484
0.02449544
0.02376281
0.02318665
0.02240564
0.0231263
0.02273423
0.0225744
0.0225214
0.02146657
0.02288035
0.02182667
0.02124106
0.0197393
0.01899136
0.01972673
0.01937612
0.0195044
0.01778193
0.01698492
0.01671961
0.0182284
0.01875614
0.01914395
0.01971877
0.01946456
0.01883383
0.01871866
0.01829862
0.01764777
0.01738893
0.01791633
0.01825786
0.01732294
0.0180444
0.01780189
0.01730524
0.01684492
0.01756711
0.01767398
0.01839292
0.01812974
0.01926213
0.01816861
0.01830203
0.01741648
0.01688066
0.01646689
0.01725134
0.01674871
0.01729408
0.01793998
0.01759894
0.01964614
0.02074095
0.02163368
0.02134143
0.02042517
0.02048153
0.02144535
0.02177056
0.02089349
0.02246697
0.02265855
0.02252909
0.02322325
0.02237663
0.02353357
0.02399248
0.02356859
0.02329494
0.02402056
0.02295256
0.02396171
0.02563606
0.02483036
0.02478281
0.02540592
0.02599711
0.02716464
0.02646157
0.02781035
0.02740804
0.02752612
0.02683906
0.02750266
0.02788975
0.02684409
0.02723952
0.02591195
0.02600212
0.0253643
0.02424449
0.02419487
0.02428923
0.02521354
0.02349781
0.02257584
0.02366608
0.02314943
0.02372844
0.02340318
0.02401314
0.02323293
0.02251867
0.02161671
0.02056865
0.02017965
0.02266541
0.02176023
0.02355469
0.02227679
0.02194717
0.02206202
0.02149618
0.02201096
0.0216789
0.02060502
0.02200287
0.02279419
0.02301997
0.0235007
0.02359874
0.02442424
0.02416508
0.02294809
0.0223615
0.02262618
0.02235429
0.02183357
0.02001789
0.01970493
0.01923417
0.0207574
0.0213724
0.02196337
0.02201711
0.02194525
0.02303417
0.02238352
0.02216205
0.02117579
0.02152186
0.02033915
0.02108723
0.02181449
0.02124518
0.02058556
0.01960316
0.02089278
0.02040244
0.01938252
0.01885864
0.01829587
0.01784414
0.01966968
0.02035236
0.02022603
0.0194074
0.02033931
0.02013344
0.01973684
0.01998562
0.01954479
0.01944502
0.01963768
0.0197132
0.02030534
0.02047212
0.02094542
0.02063163
0.02045003
0.02154218
0.02097747
0.02041772
0.0200835
0.02054264
0.02015828
0.02039433
0.02075063
0.02199208
0.02301918
0.0217716
0.02100907
0.01997173
0.01976088
0.01956936
0.02079071
0.02102948
0.02267934
0.02265566
0.0220926
0.02327613
0.02218416
0.02331772
0.02361706
0.02435029
0.02473948
0.02343932
0.02289766
0.02210291
0.0225131
0.02309247
0.02426118
0.02483608
0.02572759
0.02554552
0.02586761
0.02548479
0.02513759
0.02464102
0.02530812
0.02582165
0.0257548
0.02686597
0.02629519
0.0259661
0.02692693
0.02578089
0.02570503
0.02740691
0.02908143
0.03049809
0.03231706
0.03130992
0.03154786
0.03296897
0.03207809
0.03172347
0.03353059
0.03176545
0.03156826
0.03256296
0.03176465
0.03375317
0.03152707
0.03305138
0.0312997
0.03060031
0.0299918
0.03017321
0.0286158
0.02865346
0.02755342
0.02740737
0.02652092
0.02618666
0.02509769
0.02611048
0.02596297
0.02519859
0.02488438
0.02526028
0.02629645
0.02705127
0.02472214
0.02458102
0.0257298
0.02514109
0.02641997
0.02687811
0.02615748
0.02744997
0.02779076
0.02859079
0.03014882
0.03007619
