34.75471
33.87169
35.61774
36.24099
35.93573
38.31161
38.58519
38.64742
40.03013
40.30521
39.96834
41.14791
43.25178
41.91137
41.37619
41.81461
44.64376
44.16986
43.17893
44.66861
44.69625
44.99163
44.46573
46.72368
45.44335
45.89067
44.63773
44.7943
45.7498
46.44286
50.18402
49.4292
48.88384
46.28272
46.85414
47.96162
47.53919
49.82231
49.31013
48.98892
47.35453
47.07424
48.10172
48.25573
48.44806
48.7386
51.76097
50.97531
50.03385
49.3832
45.98362
48.24426
48.6414
46.04921
46.37069
44.02158
41.69386
43.86881
42.74969
43.61531
42.98344
43.6136
43.57763
44.6227
43.75875
42.47159
43.49074
43.19517
43.96586
45.84831
46.03096
44.60017
44.81864
44.1027
44.55067
43.78798
43.57825
42.44916
40.57758
41.17246
40.43053
40.01812
39.19243
39.22262
38.56367
38.40161
40.18415
41.44966
44.10534
42.82369
42.95331
40.13636
40.2494
41.05481
39.12066
39.05954
36.90787
37.14382
36.42734
36.50035
38.01587
38.82729
40.132
41.2785
41.8631
41.30226
42.96616
43.55987
42.43214
42.33123
42.54439
43.70375
43.50942
42.0527
43.61036
45.11127
46.39951
43.66506
44.3356
43.53178
43.14598
44.59231
43.83646
44.03905
44.47228
44.39916
45.08205
44.44649
44.12401
44.41174
43.14154
42.28807
43.32796
43.99193
44.66011
44.73161
46.47122
46.4144
47.51154
47.32388
46.2333
46.17289
47.66011
46.36203
46.19426
47.31304
46.18151
44.71876
45.36222
45.05479
45.32761
45.16976
45.9306
47.16499
47.11091
50.5458
50.31134
50.77314
48.61078
48.40626
48.78988
50.48372
50.54503
50.17866
49.02747
49.3039
48.08836
47.39476
47.96578
46.5232
50.14146
48.87706
49.39865
47.03947
48.30069
48.78353
46.87102
47.76004
47.71293
47.01449
47.18431
46.32388
45.75274
47.31961
46.0644
46.95088
47.50232
46.56001
46.27689
46.87128
47.82004
48.88523
50.37426
51.22514
51.71553
54.88411
54.30383
55.20592
56.11991
54.63294
55.51988
53.09014
51.48582
50.17729
49.97238
51.29786
52.05377
52.51386
51.02725
52.64124
50.38445
50.95309
52.9551
52.19209
49.88149
48.94235
48.96882
48.84913
48.3088
47.84141
46.85514
47.51351
47.71955
49.32667
47.35871
49.7368
51.91296
53.20761
50.52051
49.85352
48.98014
49.11913
51.61776
52.38386
53.50617
55.436
55.94911
55.17561
54.35021
54.8342
56.23479
55.90781
56.38603
55.29774
54.88372
53.28542
53.65072
53.89379
53.71067
56.84099
58.64
56.78416
56.19479
57.08148
58.12415
59.70277
58.35739
55.62299
58.77088
57.92526
55.83455
56.35805
55.46918
53.29112
53.23821
52.8336
51.13554
49.80054
49.1472
47.61211
48.71201
50.37788
49.96494
51.76885
52.38958
52.9837
53.40381
54.24646
54.53944
54.20486
54.0514
52.34945
52.79266
52.74844
53.21604
54.81048
56.19143
57.19142
58.1942
58.69901
57.25597
59.67666
62.00196
63.70644
64.09672
62.58718
63.56444
62.15327
61.91197
61.47041
62.37539
62.26977
65.24358
65.59469
67.8979
70.1123
70.34379
70.19899
70.74346
75.98909
74.49366
75.68475
77.43084
71.68397
71.46511
72.23001
70.64967
70.75169
68.83448
67.088
68.7986
70.0995
69.84455
69.64054
68.99889
66.83997
66.48029
66.37735
64.94244
65.41438
63.59346
62.9378
64.66028
65.7422
67.69477
68.69712
67.87792
67.38905
65.98643
70.62513
71.2319
73.12439
71.39065
70.17494
71.17988
73.40584
70.34037
72.62846
70.63453
68.74326
70.64679
69.04846
65.58582
66.0634
63.23013
62.73742
64.1678
64.68881
65.28773
63.85925
65.07529
64.08488
64.12569
67.12298
67.84634
68.61818
68.90724
67.83785
69.60623
73.40025
70.70688
69.98198
68.24675
68.75352
68.14478
67.13436
65.60147
64.13442
61.60888
63.07718
64.98322
65.9032
64.42072
65.85934
67.75519
67.24441
69.45696
69.86601
68.97999
67.82073
63.88137
64.10667
68.27904
69.17305
70.62663
69.26577
69.90927
68.51057
70.83094
73.04533
72.04032
71.08529
67.05626
65.46957
63.29802
65.81101
64.84584
63.58224
65.17716
64.13233
62.21902
64.07188
65.02252
66.43226
69.54816
71.00163
67.35909
64.15402
62.90395
63.86921
61.59392
62.17519
61.5815
63.05797
61.59678
60.56158
61.40881
61.84588
63.92992
64.69818
63.90032
62.31161
64.08794
64.27215
64.24482
60.82948
63.30852
60.90367
59.45459
60.01594
58.6019
58.57638
56.59558
57.07291
55.17273
53.66034
53.41123
54.35757
55.53986
58.21225
60.71026
59.34965
60.61432
62.03052
64.4432
65.30821
64.93336
65.15704
64.72411
60.4223
60.60159
61.68609
64.79475
64.5413
68.09773
69.10341
69.64754
68.27999
67.45942
66.72299
66.16284
66.34983
66.92085
63.8438
63.84
63.10335
62.34875
61.92922
61.04201
60.24302
61.65563
61.05022
60.93457
61.5578
59.77429
60.37736
60.37144
60.68927
61.47681
60.02901
62.41883
62.69129
63.76886
64.33329
64.12459
60.72827
59.13817
57.97912
57.15362
57.84585
57.50809
54.72707
55.18637
54.51128
55.41256
57.6603
57.96496
55.97
54.51316
55.08997
53.77597
52.76272
54.26647
53.60906
52.53235
54.01417
52.37335
48.37351
47.08636
46.47816
47.50228
48.04683
50.82184
51.63865
49.74459
48.94816
48.85243
50.78118
51.18056
51.79272
51.51998
50.7535
53.54222
53.09045
54.31985
55.48254
55.23231
53.12966
51.69766
50.61532
47.64759
47.77176
48.67188
49.40638
48.08357
48.81838
48.85811
51.09193
50.91857
49.7442
51.48447
54.28001
52.81291
53.95091
54.20246
56.58762
56.73438
58.95359
58.94405
62.22947
63.03552
61.8835
66.06068
64.5617
65.15893
61.19411
60.65216
63.3011
62.55394
61.37529
61.70651
60.8984
63.42488
60.00294
60.24134
59.59113
58.1063
59.33302
60.81434
60.20971
60.82538
62.10449
63.15842
63.31443
61.81639
64.86598
65.80166
67.9185
68.53442
67.88993
67.60075
67.95953
67.78244
67.57504
67.08182
66.76674
67.17819
66.19947
64.85006
63.89971
63.79947
61.69785
62.71068
60.9336
58.75563
59.20347
60.24254
60.13423
59.80754
59.87724
61.1636
61.86765
59.53989
59.81683
58.44305
57.30245
56.11085
55.87366
56.84063
56.11844
53.26206
53.38283
53.65332
54.56379
57.21203
55.0561
54.3648
55.9737
56.05929
57.27443
56.79079
58.03992
56.50655
56.02519
56.99986
55.31135
55.45796
55.83143
57.1529
58.90754
58.8213
55.41432
52.49683
51.87056
54.5115
52.12266
53.73748
56.35092
55.5256
56.07385
54.82512
54.35639
52.64007
52.55338
52.86235
51.42579
51.05559
49.51766
47.98324
47.29887
47.54433
48.76759
50.09713
50.91402
51.4613
51.05011
52.69532
51.71602
53.31002
53.43801
52.85844
52.57671
53.32003
51.19891
51.06131
49.79479
49.53561
49.29365
48.08707
47.5781
47.73737
47.98163
46.11044
44.82573
46.45683
48.23648
46.93769
47.20265
46.01
44.99057
44.6214
45.84592
46.52391
46.04854
45.94374
46.63297
47.93549
48.88439
49.24002
50.50809
49.95651
49.16812
51.59905
49.59404
50.42529
49.84135
48.58284
47.56781
46.2737
47.11832
48.71491
47.75559
47.2559
46.85226
45.40068
44.71823
44.78486
45.57595
47.4098
45.40197
47.60643
47.74034
48.90349
47.84669
47.73616
49.2636
49.45639
47.65007
49.20178
49.14879
49.3548
50.2986
48.87554
48.63876
48.87958
49.29027
49.94658
50.94851
48.96057
46.89014
45.32919
48.05862
46.09661
47.21122
46.6732
46.58888
47.72663
45.49446
46.21277
46.13689
47.44714
47.65827
47.84534
46.2577
46.88001
48.22451
46.31661
46.30019
46.64715
48.17686
49.47015
49.00803
50.07316
49.26545
48.70067
52.03166
52.26128
51.67116
50.82299
49.4127
48.74369
46.37091
48.74078
50.43523
52.15792
52.23538
51.50579
52.37584
53.25628
54.33652
54.99225
54.13557
52.96203
53.65615
51.65784
52.33935
51.75648
51.74795
53.4511
50.99004
51.70567
48.96817
47.69714
48.04831
46.35599
47.96844
48.33165
49.62324
51.4743
50.8018
50.81621
50.32156
51.98512
51.4938
51.1481
51.57232
52.37144
52.52349
54.06666
53.4664
51.57319
53.58673
54.02647
54.01632
49.47169
49.59
50.30285
49.47451
49.4761
49.39692
48.75221
50.78338
51.03546
50.91664
52.19753
50.26628
52.47261
53.37573
53.71075
53.0187
51.56375
53.09083
55.4923
55.70556
54.23096
53.08275
52.98681
52.23561
54.01381
55.12596
53.96161
54.01504
52.51198
52.19345
54.7963
52.72724
51.4851
52.68981
50.4664
50.14619
50.84911
50.67802
48.8999
49.75865
49.70318
49.42469
49.89144
50.84359
50.36885
48.60002
50.13648
50.93544
51.44622
54.0894
54.27493
53.66755
52.40942
52.93567
53.9951
52.49637
52.85023
52.64881
51.53725
52.37793
55.21068
54.5296
52.34119
51.36156
50.96949
51.06522
51.23691
50.58049
51.722
52.44621
54.80079
56.89134
56.60723
56.92335
54.04121
56.23326
57.3561
58.47811
58.60176
58.71841
59.04116
59.56681
59.80912
60.87056
60.82919
57.08362
57.63959
57.34978
57.45273
57.25078
55.73168
57.96558
57.68467
57.04733
56.09258
57.1044
58.66861
58.21454
56.10098
56.21621
57.4473
54.77476
53.16305
52.82451
54.16401
54.47623
54.15011
56.04519
56.41085
55.24672
55.14166
53.61513
55.87394
57.24095
56.70949
55.75737
54.87767
51.94014
53.52998
54.33628
52.72898
53.17785
53.77336
54.67345
52.13779
52.08532
53.75595
53.06748
55.04929
54.61831
54.07891
53.16365
54.2078
53.98494
52.82146
53.03003
51.65955
50.90487
50.55544
51.55007
53.06525
53.97444
53.70282
55.06248
55.87581
57.34951
56.88207
54.25191
54.84676
55.91397
56.92953
59.17218
56.64171
55.59844
60.83354
60.55849
59.00742
59.05483
63.10476
62.42221
61.84888
61.17481
63.03503
64.11557
62.08378
62.60953
63.77542
60.32493
61.06381
60.52271
59.61232
62.64669
66.22979
65.17404
66.85427
63.99288
63.646
63.33919
65.11586
64.89904
65.66119
65.91803
66.93835
70.16496
67.15037
66.48499
67.54798
68.77113
69.27461
66.79196
67.94105
66.01884
61.99603
62.84322
61.5009
61.66496
62.37642
62.39152
61.33528
66.70182
65.78863
64.35405
65.65154
64.21684
65.3011
66.65546
64.55164
63.47981
62.61503
64.3284
62.88611
65.607
66.78901
66.27831
68.66558
68.74589
72.75307
72.94811
70.66986
70.60081
74.51436
75.40955
74.30781
77.08851
74.87441
74.04719
73.95486
70.71833
71.95941
71.35249
70.11849
71.29946
67.63527
67.36175
70.72051
72.04606
72.3336
70.57878
69.74025
70.23103
71.97758
72.89454
73.43755
71.72564
70.87211
72.16177
70.76078
71.88508
70.82748
68.71412
73.04195
74.63182
75.809
81.46661
81.32172
80.31741
80.50966
77.33045
76.76581
74.57353
78.60149
81.40336
80.15755
80.30861
79.44313
78.40993
76.19126
76.61043
77.67402
74.62706
72.34638
71.14409
71.87652
68.7297
71.88772
70.60132
73.46506
76.30876
77.28115
78.67534
80.46959
80.52108
80.08642
76.11011
72.87913
73.73824
74.38315
72.02759
70.76375
69.98484
71.37243
71.67918
72.4351
76.14116
77.38563
79.56854
79.98256
80.35244
82.5901
79.29349
82.0938
79.84131
77.33443
80.44798
78.66444
77.55551
77.79962
79.05226
79.42259
82.00642
80.26628
78.74538
79.5186
79.28428
78.53566
74.22891
66.8757
71.64075
70.53151
69.23084
70.30489
68.23558
67.30225
66.55573
65.18407
62.42403
57.60265
59.88486
60.58784
60.31413
61.43806
64.43156
62.66204
61.03848
60.69975
60.66791
58.05404
58.18502
56.98299
54.73193
56.68082
55.49579
53.09087
54.35521
54.67469
54.7074
53.92839
55.5073
59.84609
60.18737
59.83797
60.29276
59.44103
60.16312
60.33552
57.66965
58.20622
60.05827
60.11277
61.61043
59.9153
64.7721
64.22084
62.52974
64.09736
61.72038
58.5186
59.41905
60.32697
62.26717
60.05978
60.08389
59.82277
61.60207
60.01754
60.9311
61.63378
64.03325
62.85275
62.9065
61.79609
61.54776
63.26316
65.57646
68.42062
67.07926
68.18055
65.94988
66.84041
67.0008
67.86498
69.22032
71.78464
72.25222
72.83027
71.36313
74.08353
73.08922
72.14322
71.73229
68.97915
72.72802
70.87489
73.5056
72.56597
69.92762
68.58192
69.83152
71.3402
70.48127
70.99971
70.28967
70.85278
73.25948
73.83005
71.74842
70.73171
71.28922
76.47151
76.69854
76.84529
78.91901
75.2377
72.97889
68.19237
68.37447
69.64425
67.3036
67.82683
66.22121
68.15778
68.3826
70.65652
72.76923
71.52595
73.20853
72.16221
70.5603
69.94745
66.25908
69.30505
70.18548
70.34093
69.23394
72.19557
70.61401
73.95778
75.63333
77.77659
70.05442
68.89351
69.4496
69.60167
69.45582
70.25782
65.86982
67.18658
65.44005
65.14312
64.64511
66.66579
63.89299
63.86097
63.14937
63.36177
62.35669
63.26748
63.30976
62.52843
63.48846
62.33687
62.77392
61.42592
58.82866
60.89742
60.00574
59.54929
58.03408
59.38463
61.19791
60.68429
60.29834
60.79649
62.08179
64.43348
66.76508
69.35966
68.99273
69.12691
70.133
71.08437
65.68378
66.49634
65.80181
62.96661
63.64955
63.05486
66.20406
68.62071
64.02039
67.59897
70.01576
69.62285
70.79538
70.52662
68.99651
67.491
65.84594
63.67723
63.70637
62.94996
62.03237
63.84487
63.13313
58.42668
56.90079
61.18669
62.60958
62.76064
64.50877
63.15411
63.85907
62.74445
61.95268
61.97117
63.94244
64.63779
65.85967
67.40703
63.38005
61.33773
61.34542
59.22507
59.99398
59.04871
56.94907
55.84582
54.7754
54.19441
54.1796
52.81734
54.3654
54.41905
54.00616
51.48396
52.30599
53.23603
52.26724
50.86643
49.42704
49.18895
50.17173
50.11468
49.39728
50.42048
49.85632
51.50669
52.44739
52.78842
50.34745
49.06707
51.1657
48.9515
47.35756
46.26404
46.79352
47.33348
45.7357
45.56951
48.89826
48.75633
47.34854
47.76305
47.78173
47.6837
49.6892
49.40653
50.32638
51.12796
51.13108
49.78637
49.89422
49.50693
48.88259
51.15856
50.47426
49.92296
49.99286
47.88765
47.19671
46.61418
44.14512
45.67366
47.66818
46.13438
43.8704
44.16314
45.06847
45.33522
46.90613
45.68161
46.20759
48.55919
48.91927
47.38418
47.79974
47.67011
46.27133
48.83907
47.19316
46.82552
48.19751
47.80825
50.29073
51.42628
50.46027
47.95095
48.29587
50.20817
50.08998
49.20593
48.02736
47.99042
48.01049
47.94815
48.16414
45.9619
46.3362
47.06261
47.27392
46.71517
45.71178
45.79204
45.74804
46.121
48.38892
47.88594
48.25546
48.5832
47.72443
49.06389
51.8723
53.47491
51.29123
50.15729
49.31112
50.57599
48.83157
47.63157
49.95074
48.25082
48.08003
48.11286
49.16369
49.0299
48.48937
46.91101
46.26264
47.06556
48.97138
49.52897
49.14167
49.36645
48.08313
46.77891
48.39222
47.39815
45.06311
47.30153
50.23338
49.06547
48.4155
48.97904
48.15074
48.21617
47.54787
47.52503
46.56393
47.26091
46.67466
46.68386
46.21685
47.81773
48.53042
51.3062
51.17043
49.62284
50.13411
47.34495
45.87575
48.15701
46.92476
47.36658
49.29214
47.90863
46.9883
46.56227
46.08872
45.78609
47.40032
47.75768
46.36333
45.9823
47.1307
45.47883
45.708
46.0593
47.79401
47.45867
47.34134
49.11538
47.93469
46.6604
46.59529
46.02081
46.2779
44.99179
46.29404
45.00547
45.01551
44.15167
44.08624
43.29464
43.43652
43.66276
44.13368
45.11641
43.82244
43.5845
42.71481
42.64769
42.84304
42.70264
42.71172
43.86768
44.2351
44.97064
44.17836
43.6042
42.78228
44.24492
44.01154
42.89237
44.22064
41.80534
42.925
43.70976
45.20951
45.09085
47.57152
47.42898
48.2796
48.90523
52.15758
50.72991
50.93547
51.57695
50.95641
51.89605
51.14309
52.35287
54.37408
53.36117
54.14479
54.21204
53.92029
51.36593
49.88495
50.48394
50.47657
51.15863
50.71061
48.98064
49.16517
50.99686
49.66136
49.6694
47.06671
47.20264
44.67713
45.29753
44.46678
42.53119
44.24295
44.58026
44.61286
42.99805
42.73537
42.68516
40.61463
41.40921
40.95668
43.37577
42.94562
42.27075
44.70117
42.28997
42.86523
42.55637
41.716
41.38903
40.9266
41.57167
43.09915
42.25399
43.42426
42.69234
42.64332
42.76642
43.16582
44.3175
43.28168
43.11396
43.32982
44.05537
45.19647
45.79764
46.70438
47.65463
50.44019
49.43369
49.21605
48.77722
47.65241
49.33471
52.21898
54.92559
55.27475
55.97805
55.08395
55.3534
56.57791
57.2705
56.4448
57.32412
58.58227
58.4545
57.23317
57.65555
53.72559
53.49514
52.97519
52.47704
52.242
50.82355
49.37596
49.27709
51.51903
50.09917
50.31587
51.20691
50.81156
