49.64108
50.62582
51.13306
48.15793
45.02907
52.19499
52.47393
56.49957
39.56038
45.65823
54.43464
50.86474
49.4455
51.46286
53.19105
44.55341
46.49869
56.43915
50.07866
50.7209
52.37021
53.36871
49.47418
51.69008
47.88657
47.34712
55.17698
45.0389
46.62554
49.36872
50.94744
48.64238
47.63777
48.16705
52.36572
60.06781
47.95762
47.68374
45.83478
47.01591
44.67735
50.4889
47.72684
53.55186
46.55159
47.53478
46.40951
46.92511
51.64566
48.75575
48.76477
52.73014
45.1417
44.87857
51.07151
41.81075
50.68066
44.41161
44.71655
45.06074
42.38446
48.33629
50.18783
44.68825
49.03769
49.70063
44.9646
44.07865
45.81498
48.00164
48.31973
49.62866
54.24392
51.85837
47.77868
48.72982
50.43058
48.88517
48.97923
45.15879
47.50845
45.61029
49.3414
53.40122
45.29416
48.16371
56.91197
54.80073
54.52514
53.06735
53.02046
51.01418
47.96387
47.65573
56.9421
58.8713
50.12117
48.90344
45.72937
47.63162
48.61209
50.48582
56.17407
55.24651
52.27757
49.74121
54.08437
51.34966
49.97626
40.00256
47.66178
50.2415
47.42769
47.9764
48.89759
55.32981
47.5402
49.18834
45.72713
43.41458
46.58674
51.73895
48.39055
53.33525
47.52956
49.6916
43.81591
51.67618
43.01297
54.81949
50.79062
48.07716
46.27316
47.93801
46.89432
51.40981
45.24784
48.18936
52.79945
46.92619
47.1965
50.36907
50.64239
47.08802
44.89485
51.27096
48.63185
44.14426
49.24678
53.163
50.52723
48.55557
59.99975
56.0148
52.82403
53.43385
51.39123
55.02709
46.13686
51.23262
50.69602
47.58068
44.71092
54.67415
44.87669
50.13336
50.40164
48.15319
45.31741
49.87625
54.81868
49.47662
46.96815
50.10557
44.95359
52.45817
49.97005
56.59186
49.42749
49.32782
48.21982
46.8781
55.92687
55.99059
46.96426
48.68949
43.95464
46.4695
41.55533
54.43029
50.25639
49.18974
43.88913
47.3297
47.08594
48.51594
48.01029
47.71508
47.88113
46.98334
48.9519
47.99994
42.83516
45.99491
47.78098
41.67533
51.4226
51.43676
45.69782
50.21877
47.62992
49.56855
46.74434
50.7728
46.67823
49.311
41.43824
48.69903
52.59999
53.36942
42.7729
53.51159
48.3415
47.9848
49.75286
46.84466
57.92952
54.49049
49.04836
51.22746
43.7018
47.00705
51.11443
50.5803
50.41489
43.77783
43.76214
46.19802
53.6241
48.69814
52.14354
50.27272
50.10701
46.94876
44.70995
52.94823
48.60018
45.44518
39.49814
44.26942
47.92288
42.94021
45.97773
44.93964
45.47582
48.96575
46.40838
45.55552
52.47973
45.95038
46.29928
53.03807
51.08647
48.74935
44.84087
49.02199
46.18049
45.46327
47.25725
49.53052
48.42207
49.83339
44.0372
50.84304
41.76597
47.13309
51.55774
44.40052
50.71436
48.52936
46.21382
49.56445
52.54558
57.35449
52.48968
55.38063
47.38456
49.68654
49.51738
55.68593
49.55529
49.13263
57.35778
51.91927
48.71935
47.85905
49.46564
41.89886
53.52715
47.3082
48.62741
49.73988
45.75796
49.38917
43.60779
49.27369
47.98627
51.01713
52.93617
51.07555
39.49752
50.90698
44.84393
53.23119
48.03093
42.40016
48.73464
55.55077
58.64792
48.37697
51.19183
48.76915
45.76214
51.72953
55.69587
42.38109
52.84471
55.37143
41.23844
43.13614
48.4817
46.61274
48.92808
46.48632
48.19906
51.69056
53.74541
45.44219
44.04166
54.13952
49.71888
48.70716
51.02114
49.47429
51.27427
46.64327
50.18476
47.67824
49.45305
50.63682
48.98119
51.97023
51.13791
49.65192
44.32629
46.66814
48.27271
51.433
44.38409
53.12412
46.68037
51.81631
47.79059
50.69334
56.35347
43.71529
48.86846
52.47395
53.56078
47.35385
44.97332
45.99433
45.61588
57.14502
46.16575
51.30762
52.0925
43.44958
40.402
50.52186
49.47956
44.50126
46.67297
45.27337
47.23585
51.07471
46.24276
44.75839
50.39721
42.78873
54.04135
50.72949
48.35
55.48147
52.82251
45.75013
46.58979
48.69493
42.8593
45.46227
49.96805
47.93378
46.59487
48.08653
49.17263
45.67461
43.05695
50.09734
40.1004
48.40229
47.09668
46.71209
49.96309
48.31768
50.20776
54.11267
52.65568
49.03904
53.28716
48.68448
52.59463
44.4532
45.37602
47.49761
52.85002
45.7574
46.79772
47.8426
52.89007
44.66281
43.77818
44.13558
52.22519
46.03977
45.18219
49.04467
48.62476
41.86084
44.09373
47.62896
45.79443
53.02005
47.69038
48.03845
59.47353
47.59981
46.30322
52.82844
49.59509
44.47728
52.41438
50.75481
49.26043
44.56265
46.81378
47.45927
52.10402
52.52493
51.36744
44.27727
51.20405
49.31476
47.93708
49.9754
50.2122
48.88912
44.67682
55.12465
48.75946
49.57123
48.78958
48.52244
50.31988
48.83005
47.80005
48.0622
43.74477
49.58573
45.08967
45.4802
46.95612
44.94533
48.00062
51.67836
50.458
51.24581
42.1341
42.93406
47.47591
52.84535
49.58824
53.27581
48.06523
47.46522
46.24052
53.1548
51.66354
50.21276
49.28255
48.43945
