0.02218904
0.01900139
0.01786125
0.01376304
0.01318435
0.01138182
0.01128003
0.01028864
0.01045056
0.01112915
0.01086897
0.01197477
0.01248298
0.0114141
0.01014524
0.009804659
0.008942926
0.009715063
0.009112187
0.01041889
0.01201294
0.01326688
0.0131207
0.01405394
0.01408817
0.01421249
0.0137974
0.01282406
0.01378071
0.01227736
0.01328073
0.01465246
0.01623131
0.01719297
0.01506796
0.01476907
0.01517366
0.01704896
0.01503326
0.01615061
0.01427628
0.01483645
0.01342488
0.01318105
0.01130308
0.01152545
0.01311433
0.01206166
0.01313507
0.01245944
0.01008517
0.0093161
0.00940562
0.009167225
0.008701247
0.007562291
0.009135252
0.01049617
0.009634272
0.00873611
0.008736819
0.009053322
0.009240282
0.0105864
0.01185225
0.01170845
0.01105552
0.01142743
0.01302936
0.01253195
0.01298726
0.01216872
0.01214494
0.01311079
0.01230015
0.01210405
0.01268768
0.01448971
0.01242566
0.01211141
0.01171275
0.01291257
0.01367515
0.01199376
0.01078242
0.01007109
0.01101113
0.01157253
0.01132767
0.01187973
0.01299832
0.01354927
0.01294811
0.01525328
0.01534664
0.01554394
0.01721918
0.01672267
0.01504681
0.01442936
0.01286321
0.01207963
0.01422876
0.0128121
0.01356549
0.01461693
0.01451245
0.0156816
0.01479769
0.01530171
0.01275812
0.01382826
0.01425604
0.0142806
0.01617926
0.01513819
0.01586083
0.01440525
0.01358243
0.01297824
0.0129357
0.01324969
0.01458618
0.01257152
0.01123659
0.01224048
0.01334488
0.01448546
0.0155183
0.01578655
0.01603439
0.01642065
0.01628745
0.01291569
0.01200706
0.01342127
0.01355082
0.01469319
0.01486317
0.01435801
0.01429834
0.01481548
0.01388682
0.0139041
0.01234696
0.01189841
0.01177444
0.01234305
0.01129946
0.01131294
0.01254917
0.01256856
0.01296715
0.01352047
0.01358857
0.01528136
0.01479631
0.01651805
0.01741213
0.01570037
0.01737618
0.01740079
0.01442037
0.0145675
0.01352268
0.01261793
0.01316404
0.01342973
0.01255942
0.01240283
0.01133112
0.01289916
0.01262159
0.01210316
0.01172168
0.01041246
0.01091335
0.01256123
0.01177198
0.01176986
0.01329151
0.01254195
0.01350174
0.01279976
0.01213543
0.01120804
0.01042658
0.01043237
0.01051343
0.01146387
0.01022412
0.01060736
0.01193785
0.0119056
0.01091546
0.01160571
0.01187317
0.01115156
0.01143676
0.01209666
0.01199043
0.01136115
0.01026513
0.009711498
0.01100646
0.01133243
0.01199095
0.0131014
0.01154359
0.01139848
0.01141859
0.01135424
0.01303133
0.01457532
0.01524432
0.01532137
0.01620764
0.01581358
0.01596128
0.01731475
0.01676706
0.01689117
0.02021512
0.02027871
0.01942578
0.0236211
0.02344144
0.02619526
0.0281653
0.02735884
0.02994266
0.02905322
0.02619253
0.02703367
0.02513082
0.02772743
0.02675526
0.02662493
0.02688508
0.02880154
0.03369914
0.02833125
0.02534887
0.02568529
0.02334
0.02215304
0.01930107
0.02028033
0.01945808
0.02140377
0.02052108
0.02201676
0.02243357
0.02584899
0.02492007
0.02379321
0.0242798
0.02373622
0.02171869
0.02169805
0.02300315
0.0224386
0.02236767
0.02160721
0.02298453
0.02279484
0.02146489
0.02125161
0.02219641
0.02101251
0.01827079
0.01742972
0.01867344
0.01974309
0.01958371
0.01845111
0.01902114
0.01807
0.01594124
0.01474885
0.01576336
0.0167201
0.01657657
0.01711465
0.0169629
0.01528523
0.01575515
0.0169601
0.01741838
0.01643661
0.01484218
0.01328781
0.01345
0.01436434
0.01398203
0.01549207
0.01366252
0.01499941
0.01528034
0.0156196
0.01666989
0.0146795
0.01558717
0.01474595
0.01397286
0.01343421
0.01304612
0.01332792
0.01254355
0.01112965
0.01135378
0.0120682
0.01295407
0.01390123
0.01376423
0.0134227
0.01510046
0.01383723
0.01428202
0.01382841
0.01532781
0.01746517
0.0195791
0.01738757
0.0170264
0.01494072
0.01431811
0.01299148
0.01623719
0.01621036
0.0151806
0.0150454
0.01312026
0.01279981
0.01167705
0.01209463
0.011568
0.0121677
0.01130368
0.01074721
0.01065396
0.01136224
0.01357803
0.01310418
0.01434084
0.01524606
0.01583994
0.01404011
0.01382817
0.01340352
0.01308019
0.01416283
0.01388897
0.01370845
0.01483799
0.01514681
0.01344552
0.01394671
0.01378098
0.01349127
0.01322685
0.01228467
0.01182243
0.01078098
0.01200934
0.01378628
0.01366092
0.01327699
0.0158504
0.0145445
0.01451379
0.01684372
0.01716033
0.01510281
0.01418304
0.01615169
0.01646405
0.01501457
0.0158234
0.0155585
0.01624947
0.01656327
0.01696046
0.01698091
0.01837096
0.01697897
0.0158277
0.01784175
0.01774088
0.0160069
0.01865853
0.01915887
0.01759243
0.01830512
0.01775713
0.01634676
0.01683476
0.01581013
0.0157583
0.01738545
0.02105812
0.01827946
0.01802134
0.01866181
0.01823361
0.01698369
0.01562181
0.01666888
0.01711154
0.01685998
0.01920876
0.01744983
0.01577506
0.01356716
0.01296593
0.01189249
0.01320025
0.01133871
0.01053854
0.01030489
0.01158287
0.01289345
0.0126783
0.01216087
0.01169474
0.00961381
0.01051731
0.01044655
0.008497856
0.008653011
0.009249871
0.008971471
0.009569986
0.01195783
0.01209537
0.0122179
0.01378648
0.01268795
0.01298107
0.01242577
0.0120207
0.009324863
0.009744323
0.009939149
0.01094763
0.00946308
0.009048056
0.009997129
0.009794467
0.009215923
0.009252068
0.01033393
0.009514623
0.01041777
0.01064939
0.009029028
0.01011535
0.01101946
0.009919186
0.0101354
0.009645206
0.009470583
0.009220476
0.009581681
0.01107495
0.01090886
0.01044031
0.01086286
0.01010376
0.01059978
0.01084249
0.01035164
0.01118786
0.01275345
0.0127652
0.01207013
0.01173737
0.0111075
0.01093655
0.01171787
0.01139359
0.01247152
0.01404536
0.01406635
0.01569118
0.01599782
0.01603936
0.01548539
0.01583275
0.01731621
0.01810881
0.01791405
0.0191896
0.02270569
0.02859083
0.02398359
0.01984947
0.02099514
0.02215234
0.02064129
0.0224769
0.02291108
0.02053641
0.01883595
0.01570435
0.01749894
0.01802079
0.01592131
0.01595367
0.01625649
0.01685605
0.01757846
0.01895175
0.01662709
0.01775593
0.01668433
0.0181662
0.02042322
0.02158739
0.02033112
0.02019653
0.01827512
0.01782842
0.02103115
0.02494301
0.02277085
0.02304664
0.01968753
0.01941973
0.02041055
0.02271558
0.02315187
0.02592585
0.02463839
0.02418478
0.02332387
0.02430256
0.02464094
0.02406161
0.02558532
0.02176099
0.02212294
0.02186734
0.02274742
0.02315659
0.02534971
0.02422414
0.02121408
0.0220676
0.02150004
0.0215187
0.0203798
0.0198133
0.02042668
0.02191909
0.01948776
0.01859543
0.01677674
0.0177352
0.01968627
0.01839551
0.01920971
0.01971157
0.01984659
0.02073758
0.02025989
0.01946877
0.01927042
0.01847751
0.0164426
0.01550535
0.01613275
0.01645691
0.01606197
0.01673978
0.01760574
0.01728914
0.0154931
0.01401462
0.01240084
0.01400657
0.01435256
0.01533609
0.01628505
0.01730375
0.01766369
0.01787952
0.016893
0.01603215
0.01815501
0.01804372
0.01758265
0.01706076
0.01581432
0.01839513
0.01728541
0.01669615
0.01376382
0.0151458
0.01473221
0.01474168
0.01447325
0.01369184
0.01418949
0.01312762
0.01341826
0.01381328
0.01439326
0.0142001
0.01525535
0.01536887
0.01727415
0.01721435
0.01765827
0.01956018
0.0205222
0.01893565
0.01824185
0.01941519
0.01992633
0.01845725
0.01530452
0.01463192
0.01511173
0.01585343
0.01845129
0.02125284
0.02157306
0.02051421
0.02216075
0.01904301
0.02018468
0.02107016
0.01887507
0.01922074
0.02059675
0.01988523
0.0198533
0.01943268
0.02156271
0.02237485
0.02472273
0.02296899
0.02540525
0.02511941
0.02419958
0.02100223
0.02012077
0.02063556
0.0220418
0.02107254
0.02024396
0.0237173
0.0224954
0.02259128
0.02743549
0.02916748
0.03095724
0.02711706
0.02604578
0.02380977
0.0202555
0.01890131
0.02042264
0.02090145
0.0209863
0.02022405
0.02072253
0.01951988
0.02002271
0.02281467
0.02097246
0.02052089
0.020831
0.02079154
0.02265523
0.02428325
0.02151131
0.02058208
0.02053718
0.02063673
0.02124245
0.0220945
0.02454424
0.02286236
0.02412971
0.02448896
0.02354558
0.02228341
0.02325646
0.02240573
0.02244079
0.01965113
0.01851819
0.01947031
0.02022347
0.01938184
0.01917385
0.02140107
0.02262213
0.02178318
0.02098503
0.02160271
0.0241183
0.02142613
0.02055639
0.01989406
0.02032327
0.02022309
0.01671375
0.01744166
0.01767984
0.01930035
0.01987006
0.01727903
0.01703597
0.01818852
0.01842879
0.02137958
0.02205462
0.02182031
0.01996146
0.01923025
0.02067793
0.01859017
0.01860428
0.01873981
0.01901938
0.01867922
0.01907078
0.01977775
0.02344295
0.02226958
0.02310518
0.02338875
0.02244983
0.02188981
0.02410221
0.02216234
0.0241975
0.02429546
0.02477302
0.02474453
0.02196593
0.02143764
0.01911317
0.019806
0.02401023
0.02563895
0.02629812
0.02545546
0.02484132
0.02013008
0.0157599
0.01545742
0.01627329
0.01427156
0.01459994
0.01551648
0.01528568
0.01508198
0.01538987
0.01489166
0.01391462
0.01312465
0.01358962
0.01579423
0.01657511
0.01837244
0.01851919
0.01826344
0.02067939
0.02040074
0.01969381
0.02494107
0.02666086
0.0280399
0.02439948
0.02562833
0.02514665
0.02493063
0.02723486
0.02335634
0.0225195
0.02285985
0.02377761
0.02422303
0.02375807
0.02516436
0.02792438
0.02873773
0.0264497
0.02698999
0.02777446
0.0262321
0.02439525
0.02474642
0.02695329
0.02640912
0.02595583
0.02830948
0.0259318
0.02497194
0.02854104
0.02764173
0.02943089
0.02888983
0.03054384
0.03039664
0.02797483
0.02455799
0.02398194
0.02598528
0.0257676
0.02569603
0.0274694
0.02614817
0.0226368
0.02132707
0.0183306
0.02022941
0.01975638
0.02083553
0.02274068
0.02239772
0.0258326
0.02412159
0.02448128
0.02775684
0.02748475
0.02838572
0.03000191
0.02532359
0.02323866
0.02272054
0.02325107
0.02463671
0.02357413
0.02594825
0.0269416
0.02558424
0.02790308
0.03079489
0.03175178
0.02951809
0.02972558
0.02548937
0.02715075
0.02278282
0.0233541
0.02180477
0.02076971
0.02496533
0.02834412
0.03090158
0.0287349
0.02889268
0.02771783
0.02689672
0.02726842
0.02663047
0.02695621
0.02653713
0.02965673
0.02804648
0.02881308
0.02988239
0.02576559
0.02522604
0.02556679
0.02511882
0.02385713
0.0237354
0.02420819
0.0243656
0.02618283
0.02466039
0.02778202
0.02663951
0.02351971
0.02360427
0.02408092
0.02682564
0.0266895
0.02360402
0.02576793
0.02524526
0.02328544
0.02538797
0.02377306
0.02330914
0.02128115
0.02551563
0.02758854
0.02600206
0.03187063
0.02659686
0.0297745
0.0315835
0.02893006
0.02637483
0.02641488
0.02627456
0.02418414
0.02418115
0.02147245
0.02274515
0.02352333
0.02396659
0.02514298
0.02799717
0.0310807
0.03080768
0.02958617
0.02689287
0.02685746
0.02735805
0.02989387
0.02921326
0.02553473
0.02440419
0.02296484
0.02540368
0.02618242
0.02548224
0.02672673
0.02747557
0.0255198
0.02580607
0.02589185
0.02572898
0.02457433
0.02041198
0.02058724
0.02413354
0.02424518
0.02157182
0.02005166
0.01994666
0.01993724
0.02010677
0.01999262
0.02083065
0.02037845
0.0181994
0.01690669
0.01608029
0.01373024
0.01619282
0.01777241
0.01882582
0.01843941
0.01947757
0.01786631
0.01770148
0.02044511
0.01981151
0.01925807
0.01680599
0.01588901
0.01332702
0.01263781
0.01302208
0.01404534
0.01493513
0.01925214
0.02026158
0.02317424
0.02114485
0.02011978
0.02068552
0.01887379
0.01951573
0.01916777
0.02050212
0.02044394
0.01983479
0.01786252
0.01628709
0.01546735
0.01441451
0.01511476
0.01577405
0.01447879
0.01469607
0.01362471
0.01263612
0.01466168
0.0160359
0.01438274
0.01528639
0.0140001
0.01347797
0.01191174
0.01120326
0.01265358
0.01267061
0.01226833
0.01468912
0.01470136
0.01458441
0.01386226
0.01375987
0.01444561
0.01594235
0.015538
0.01425937
0.01393971
0.01386413
0.01375352
0.01509879
0.01660029
0.01505911
0.01410482
0.01340497
0.01197366
0.01167724
0.01251465
0.01276994
0.01194861
0.01270081
0.01239867
0.01401995
0.01375674
0.01357376
0.01236495
0.01494701
0.01548117
0.01633202
0.0144836
0.01660409
0.01712046
0.01853148
0.01542688
0.01671533
0.01591899
0.01701847
0.01700326
0.01636247
0.01503636
0.01403684
0.01469201
0.0142315
0.01394194
0.01479026
0.01517333
0.01644526
0.01597225
0.01572996
0.01783176
0.01556354
0.01473546
0.01437219
0.01297432
0.01438144
0.01687709
0.01739192
0.01817481
0.01858396
0.01619858
0.01551261
0.01489796
0.01419375
0.01582327
0.01411844
0.0143015
0.01275628
0.0123082
0.01282124
0.01250416
0.01220914
0.01261648
0.01166715
0.01300959
0.01207516
0.01308356
0.01352726
0.01332919
0.01304853
0.01436794
0.01336027
0.01343925
0.01287458
0.01313636
0.01333639
0.01406601
0.01375648
0.01422611
0.0162393
0.01581862
0.01603132
0.01539857
0.0147492
0.01474675
0.0149622
0.01598921
0.01594629
0.01582597
0.01599671
0.01764647
0.01829802
0.01990484
0.02097856
0.0221475
0.02183347
0.02083853
0.01983063
0.02092774
0.02157722
0.01892567
0.01777713
0.01724048
0.01895987
0.0173867
0.01947834
0.0197189
0.02047586
0.02327237
0.02245116
0.01925272
0.02083011
0.02036988
0.02207721
0.02350304
0.01961263
0.02154915
0.01935259
0.01803552
0.01772259
0.01672984
0.01718808
0.01874936
0.01715316
0.01456495
0.01440661
0.01425005
0.0151106
0.01338006
0.01417039
0.01533047
0.01478209
0.01464093
0.01452889
0.01630874
0.01702284
0.01533491
0.01750818
0.01604645
0.01622884
0.01664992
0.01722954
0.01708039
0.01702852
0.01716894
0.01789884
0.02104266
0.01915578
0.01834698
0.01775277
0.01834018
0.0160043
0.01738146
0.01666781
0.01708166
0.01752864
0.01632912
0.0150063
0.0133123
0.0141745
0.01426284
0.01511382
0.01583975
0.01599389
0.01592082
0.01559002
0.01497111
0.01529541
0.01704509
0.01546369
0.01544227
0.0130686
0.01353157
0.0142074
0.01336017
0.01317093
0.01492275
0.0149542
0.0147739
0.01510843
0.01308626
0.0108632
0.01268952
0.01292701
0.01580737
0.01460729
0.01465703
0.01638143
0.01716955
0.01862132
0.0179679
0.01591375
0.01829748
0.01631667
0.01808451
0.01781805
0.01797203
0.01808991
0.02093906
0.01980427
0.01801549
0.0203868
0.02006643
0.01852377
0.01768538
0.01797555
0.01763764
0.0189772
0.01793749
0.01561381
0.01537944
0.01342312
0.01228098
0.01427426
0.01364402
0.01181559
0.0117549
0.0129158
0.01256755
0.01360213
0.01370225
0.01458208
0.01694874
0.01720262
0.01744435
0.01810505
0.01815771
0.01788803
0.01843062
0.01796073
0.01955044
0.01994738
0.02082822
0.02052829
0.01995648
0.01924673
0.02058624
0.01981585
0.02144218
0.01951983
0.02096948
0.01910082
0.02000993
0.01889522
0.01738595
0.01600892
0.01755706
0.01933911
0.01817197
0.01883292
0.01877657
0.02117288
0.01846869
0.02263808
0.02170993
0.02018456
0.02016808
0.02046635
0.01754337
0.01999081
0.0190842
0.02007064
0.01871908
0.01843203
0.01565
0.01510926
0.01720499
0.01975028
0.020336
0.018758
0.01716825
0.01883327
0.01811363
0.01839892
0.0169428
0.01790533
0.01874701
0.02074192
0.01986588
0.01930101
0.01763233
0.01820668
0.01863197
0.01963701
0.01964584
0.02132963
0.02358358
0.02205262
0.0211645
0.02353372
0.01922872
0.01654559
0.01662619
0.01795325
0.0181125
0.01633035
0.01446938
0.0142585
0.01464678
0.01346007
0.01303096
0.01417563
0.01389909
0.01352323
0.01270728
0.01215363
0.01236667
0.01387025
0.01606262
0.01611023
0.0169817
0.01774222
0.01732271
0.01691039
0.01413381
0.01560469
0.01601961
0.01631436
0.01579446
0.01392645
0.01400183
0.01383175
0.01183018
0.01190407
0.01161824
0.01171606
0.01415595
0.01426239
0.01533627
0.01599022
0.01643987
0.01605966
0.01454845
0.01523599
0.01419365
0.01519725
0.01502513
0.01646339
0.01540568
0.01398685
0.01447012
0.01365935
0.01402823
0.01365676
0.01434742
0.0146297
0.01612548
0.0145096
0.01317763
0.01234593
0.01234657
0.01384129
0.01337722
0.01515045
0.01486596
0.01467971
0.01582861
0.01508819
0.01576711
0.01564324
0.01494129
0.01379906
0.01482009
0.01645907
0.01819409
0.01883393
0.0191001
0.0157269
0.01552441
0.01736696
0.01776225
0.01693921
0.01874752
0.01823812
0.02049038
0.02392275
0.02227768
0.02426797
0.02266721
0.02120859
0.02223705
0.02171026
0.02264422
0.02257999
0.02170222
0.02103992
0.02077085
0.02124345
0.02040155
0.01985161
0.01900621
0.02089145
0.01938157
0.01987045
0.0185598
0.02070455
0.02005511
0.02179729
0.02025053
0.02020905
0.01889599
0.01699787
0.01919064
0.01892847
0.01672263
0.0162718
0.01669335
0.01589472
0.01780833
0.0172459
0.0142074
0.01519064
0.0137908
0.0120224
0.009605408
0.01133233
0.01282958
0.01368296
0.01442311
0.01327943
0.01274467
0.01435072
0.0127039
0.01112833
0.0111408
0.01171726
0.01158611
0.01214924
0.0102961
0.01178981
0.01105764
0.01091322
0.01188921
0.01273787
0.01262519
0.01140195
0.0121722
0.01206838
0.01141324
0.0120957
0.01336777
0.01376711
0.01378753
0.0133831
0.0128982
0.01232558
0.01365764
0.0142911
0.01472573
0.01516732
0.01393043
0.01329412
0.01192944
0.0126499
0.01165942
0.01152562
0.01182415
0.01272819
0.01402022
0.01497553
0.01455923
0.01401508
0.01429502
0.0144612
0.01544327
0.01545827
0.01643519
0.01696924
0.01774842
0.01675961
0.01645729
0.01452063
0.01613418
0.01723696
0.01874055
0.01974426
0.01973423
0.01648856
0.01465697
0.01455831
0.01390962
0.01399154
0.01462148
0.01487302
0.01434377
0.01321543
0.01320313
0.01367325
0.01404513
0.0145412
0.01567153
0.01703233
0.01803828
0.01715188
0.01536028
0.01396031
0.01379447
0.01636208
0.01484674
0.0166622
0.01710912
0.01569166
0.01740958
0.0168492
0.01607656
0.01568574
0.01579803
0.01725728
0.01757393
0.01591133
0.01638557
0.01854454
0.01904196
0.01836619
0.01828386
0.01975799
0.01783388
0.01758364
0.01576929
0.01624256
0.01620159
0.0170631
0.01800322
0.01709237
0.01694902
0.01793773
0.0174613
0.01656226
0.01564475
0.01474025
0.01529947
0.01517455
0.01530758
0.01598342
0.01335049
0.01432732
0.01351744
0.01350737
0.01285892
0.01164314
0.01043089
0.01001884
0.0109539
0.01289957
0.01245335
0.01199552
0.0113208
0.01128746
0.01361695
0.0138971
0.01384832
0.01223055
0.01241806
0.01296004
0.01157039
0.01191456
0.01213379
0.01149097
0.01225947
0.01397875
0.01293493
0.0129022
0.01344076
0.0139078
0.01298139
0.01536551
0.01496078
0.01634735
0.01730204
0.01633489
0.01457946
0.0148724
0.01671391
0.01675602
0.01654088
0.01665814
0.01836732
0.01807702
0.01883963
0.01772434
0.01711946
0.01646971
0.01912956
0.01561774
0.01496508
0.01452164
0.01504823
0.01508562
0.01506775
0.01502092
0.01598049
0.01664451
0.01582592
0.01484709
0.01541243
0.01556362
0.01556734
0.01566913
0.01554673
0.01721932
0.01614441
0.01473701
0.01384813
0.01410279
0.01328397
0.0132168
0.01368423
0.01410529
0.01385693
0.01415047
0.01630838
0.01541581
0.01547203
0.01508822
0.01621383
0.01558832
0.01424674
0.01442977
0.01324253
0.01344522
0.01086711
0.01102989
0.009806788
0.009365108
0.01059176
0.01204148
0.0114371
0.01027984
0.01038787
0.01042798
0.009974328
0.01044563
0.01065012
0.01197824
0.01161839
0.01044379
0.01057619
0.01181011
0.01301602
0.01289813
0.01296846
0.01397121
0.01414409
0.01538163
0.01612577
0.01491716
0.01415743
0.01377478
0.01416352
0.01425677
0.01405532
0.0136952
0.01395517
0.01453716
0.01414519
0.01247847
0.01456353
