0.2474108
0.2186362
0.2071045
0.1869955
0.1854668
0.1921439
0.200128
0.1966968
0.194129
0.1935521
0.1937504
0.1953904
0.1863731
0.1811048
0.1613103
0.1568119
0.1486699
0.144744
0.1394053
0.1361529
0.1419377
0.1524696
0.1558048
0.1610935
0.1637389
0.163684
0.1603384
0.1536693
0.1516508
0.1490657
0.1458981
0.1429355
0.1396611
0.1381792
0.1387847
0.1287911
0.1273406
0.1265305
0.1237177
0.1187775
0.1214386
0.1191635
0.1211605
0.1209531
0.1206257
0.1175896
0.1193725
0.1196037
0.1245263
0.1287135
0.126271
0.126999
0.1275176
0.125828
0.1185602
0.1113526
0.112653
0.1133609
0.1118651
0.1045041
0.1056277
0.1082716
0.1050791
0.1054856
0.1051978
0.1092265
0.1107497
0.1051572
0.1057879
0.1091327
0.1101975
0.1042217
0.1016242
0.0963726
0.09117408
0.09101658
0.09377932
0.09745931
0.09979281
0.1044292
0.1033249
0.09664704
0.08721926
0.08314867
0.08584364
0.08953318
0.08877202
0.09004028
0.08893581
0.08886754
0.08531673
0.08741749
0.0822531
0.08279639
0.08330401
0.08810894
0.09436894
0.09214824
0.08979191
0.09203795
0.09134794
0.08704987
0.09241954
0.09768399
0.0921772
0.09463802
0.09310795
0.08844531
0.08928566
0.08988097
0.0856178
0.08830851
0.08746799
0.09120136
0.09444647
0.0894223
0.08909778
0.07974454
0.08431079
0.08297813
0.08205425
0.08775301
0.08674251
0.08909292
0.08616676
0.08174315
0.07694762
0.08046145
0.07979514
0.07844999
0.0788806
0.07723432
0.07736991
0.07561357
0.07373623
0.07287818
0.07471495
0.07548907
0.07859221
0.07626042
0.07691055
0.07666191
0.08352683
0.08431346
0.08353255
0.07828504
0.07737497
0.07563824
0.07254316
0.07051256
0.07102815
0.06684964
0.06511722
0.06353394
0.06206489
0.0599684
0.05995468
0.06234522
0.06224242
0.06270755
0.0640492
0.05898031
0.0638127
0.06416899
0.06607055
0.0624661
0.06553109
0.06639192
0.06849906
0.06397129
0.06611309
0.06491074
0.06962628
0.06739907
0.06604789
0.06890408
0.06799258
0.06607513
0.06483002
0.06272557
0.06282658
0.06273368
0.0614697
0.06177561
0.05798276
0.06148158
0.06089559
0.06085152
0.06179457
0.05989071
0.05901683
0.0577212
0.0563969
0.05093237
0.04981471
0.0492864
0.05053858
0.04806626
0.04739825
0.04875755
0.04988963
0.04825526
0.04369951
0.04166407
0.04070322
0.04314434
0.04502485
0.04721315
0.04830035
0.04636998
0.04630533
0.04941283
0.04709555
0.04628998
0.0483997
0.04963149
0.04964605
0.04660184
0.04766665
0.04758062
0.04720369
0.04360518
0.0444637
0.04537049
0.04496288
0.04308387
0.04133736
0.04254758
0.04168862
0.04158125
0.04093807
0.0408075
0.04034477
0.03882698
0.03814117
0.03743717
0.03850275
0.03925019
0.03819132
0.03860979
0.04016045
0.04113741
0.04155827
0.04065879
0.0408564
0.0403315
0.04140097
0.04164555
0.04306538
0.04159729
0.04417023
0.04440432
0.04740141
0.04743567
0.04992474
0.04948635
0.04960208
0.04892216
0.04997986
0.0518603
0.05139603
0.04799187
0.04677521
0.04740601
0.04665186
0.04547704
0.04598595
0.04600665
0.04450419
0.04493066
0.04618599
0.04656648
0.04468658
0.0439147
0.04310024
0.04074708
0.03951983
0.04265844
0.04195479
0.04069388
0.04277726
0.04348869
0.04460706
0.0421313
0.04279297
0.04188285
0.04131263
0.042877
0.04242723
0.0411448
0.04015564
0.03801809
0.03661343
0.03914909
0.0400066
0.03879437
0.03730686
0.03612121
0.03689004
0.03707901
0.03753108
0.03970379
0.04119639
0.04294083
0.04304687
0.04003929
0.04212129
0.04130748
0.04136217
0.04136671
0.03863891
0.0388801
0.03855733
0.03868014
0.03955652
0.0395258
0.04219693
0.04364788
0.04215641
0.04287843
0.04363253
0.04651374
0.04829787
0.04798784
0.04635219
0.04576733
0.04683298
0.04900753
0.04952123
0.05095651
0.05218908
0.05054598
0.04754119
0.04817431
0.04940808
0.04859242
0.04705411
0.0455796
0.04407196
0.04484804
0.04422504
0.04384496
0.04330638
0.04283482
0.04330785
0.04530589
0.04617529
0.04483009
0.04501523
0.04223764
0.03892689
0.03912754
0.03693486
0.03850435
0.03680059
0.03642194
0.03642838
0.0380662
0.03723967
0.03791346
0.03759923
0.03637394
0.03645735
0.03575724
0.0344576
0.0367065
0.03700598
0.03956396
0.0389714
0.03882896
0.03974478
0.04093656
0.04130921
0.03993449
0.04025901
0.03930957
0.04193187
0.04166226
0.0394841
0.0380585
0.03895623
0.04013148
0.03902906
0.03746066
0.04011869
0.03795849
0.0385642
0.03976334
0.03936414
0.03852273
0.03686899
0.03706186
0.03663402
0.03736432
0.03730125
0.03597801
0.03777276
0.03821405
0.03787825
0.0378649
0.03728615
0.03804544
0.03489478
0.03511782
0.03412445
0.03295282
0.03289354
0.03175311
0.03005532
0.02895943
0.02938367
0.02986975
0.02869175
0.0276261
0.02658851
0.02700464
0.02818311
0.02842058
0.02685085
0.02792084
0.029665
0.02785834
0.02607866
0.02618909
0.02813667
0.02890946
0.02908082
0.02907533
0.02670656
0.02684423
0.02546389
0.02568417
0.02458064
0.02604264
0.02618243
0.02481698
0.0256709
0.02522975
0.02456043
0.02471999
0.02526044
0.02567369
0.02547883
0.02431694
0.02401381
0.02487904
0.02476176
0.02338269
0.02196206
0.0215887
0.02085875
0.02099787
0.01980167
0.02116339
0.02015355
0.02016077
0.01933377
0.0199879
0.01973165
0.01955876
0.01937667
0.01871924
0.01894006
0.01803778
0.0176004
0.0172634
0.01839153
0.01806987
0.01853192
0.0190862
0.01981605
0.01958008
0.02057579
0.01993227
0.0193908
0.01936447
0.01888077
0.01940929
0.01951389
0.01958863
0.01912453
0.0194194
0.01965473
0.02105127
0.02134922
0.0220082
0.02138081
0.02142086
0.02184475
0.02233516
0.02164171
0.02219805
0.02238739
0.02298812
0.02391501
0.02260552
0.02328423
0.02240712
0.02383537
0.02541683
0.02412495
0.02515337
0.02418457
0.02324237
0.0235297
0.02408372
0.02389886
0.02182774
0.02162535
0.02190038
0.02180492
0.02088358
0.02034288
0.02081635
0.02201334
0.02310556
0.02312573
0.02360219
0.0250401
0.02436
0.02407326
0.02472052
0.02577031
0.02674468
0.02627839
0.02633432
0.02556624
0.02454228
0.02355356
0.02360016
0.02297794
0.02358445
0.02394917
0.02344502
0.02311981
0.02251959
0.02359554
0.02421505
0.02415896
0.02480365
0.02467159
0.0251609
0.02459832
0.02473689
0.02549459
0.0245615
0.02398752
0.02344141
0.02288886
0.02245493
0.02314405
0.02267188
0.02441274
0.0251004
0.02416849
0.02428693
0.02349185
0.02372144
0.0235899
0.02373778
0.0233763
0.02372876
0.02290107
0.02335417
0.02446977
0.02387338
0.02436056
0.02475298
0.02527363
0.02415144
0.02494268
0.02540747
0.02625701
0.0276957
0.02876505
0.02852063
0.02854346
0.02839914
0.03048906
0.03039492
0.03074273
0.02941339
0.02884691
0.02855153
0.02821804
0.02788841
0.02701598
0.02656498
0.02521699
0.02602475
0.02658151
0.02681357
0.02604546
0.02621184
0.02582091
0.02573309
0.02571708
0.02501211
0.02645529
0.02702494
0.02735251
0.02647343
0.02561997
0.02524375
0.02405923
0.02322221
0.02436177
0.0239587
0.02365093
0.02266342
0.02156361
0.02079412
0.01990348
0.02000343
0.02073717
0.02160403
0.02145414
0.02211888
0.02252732
0.02282058
0.02260156
0.02191596
0.02175435
0.02126459
0.02139103
0.02224641
0.02217386
0.02196647
0.02141475
0.02125204
0.02063517
0.02101228
0.02097571
0.02138316
0.02170249
0.02205646
0.020722
0.02179228
0.02172283
0.02193087
0.02208017
0.02265647
0.02232174
0.02316647
0.02156406
0.02135806
0.02026629
0.02087197
0.02116531
0.02130742
0.01975045
0.02151508
0.02048392
0.02146508
0.02159316
0.02187199
0.02163297
0.02150127
0.02216194
0.02119632
0.02132505
0.02241683
0.02129211
0.02125905
0.02172473
0.02146549
0.02175195
0.02167881
0.02177385
0.02237631
0.02198432
0.02196177
0.02119738
0.02173541
0.02078084
0.02220416
0.02328323
0.02373072
0.02283313
0.02240973
0.02347125
0.02383951
0.02355383
0.02386587
0.02363647
0.02479907
0.02557396
0.02636307
0.02684174
0.02595228
0.02564196
0.0259434
0.02610576
0.02667451
0.0253301
0.02504509
0.02530064
0.02502001
0.02572443
0.02443393
0.02419554
0.02364762
0.02358405
0.02303303
0.02262725
0.02248705
0.02198519
0.0221767
0.02233872
0.02187062
0.02272569
0.02447792
0.02525953
0.02558818
0.02515873
0.02258024
0.02360133
0.02496956
0.02445842
0.02417396
0.02373835
0.0229834
0.02296461
0.02343972
0.02451244
0.02374658
0.02482537
0.02563915
0.0258919
0.02497924
0.02562533
0.02584626
0.02518885
0.02442437
0.02738347
0.02708381
0.02744934
0.02710763
0.0266681
0.02576067
0.02596625
0.02626087
0.02435886
0.02446446
0.02422566
0.02351254
0.02215144
0.02218013
0.02231364
0.0229736
0.02365376
0.02341619
0.02366152
0.02508356
0.02494744
0.02560168
0.02378136
0.02269223
0.02344789
0.02469727
0.02450998
0.02352571
0.02421724
0.02392781
0.02363852
0.02334024
0.02199757
0.02205013
0.02189227
0.02407432
0.0234894
0.02417195
0.02266946
0.02344031
0.02325692
0.02387674
0.02359788
0.02305512
0.02272747
0.02378453
0.02407419
0.0243359
0.02506177
0.02613968
0.02645971
0.02440671
0.02367731
0.0246096
0.02403137
0.02368626
0.02378466
0.02167524
0.02136038
0.0210672
0.02052836
0.01988566
0.01968566
0.02065679
0.02011182
0.02021431
0.01993547
0.0206968
0.02104738
0.021352
0.02172722
0.02102888
0.02015264
0.01978146
0.01855098
0.01879517
0.01824221
0.01754644
0.01733688
0.0175977
0.01765207
0.01620959
0.01680875
0.01656313
0.01605617
0.01621494
0.01714065
0.01701005
0.01721303
0.0177477
0.01796736
0.01742827
0.01769484
0.01728852
0.01781629
0.01829961
0.01927453
0.02026507
0.02077419
0.02006366
0.01979578
0.02122064
0.02130081
0.02252332
0.0216528
0.02216431
0.02174484
0.02179914
0.02089711
0.02015806
0.01870866
0.01913238
0.01799327
0.01782031
0.01776173
0.01691931
0.01625692
0.01631895
0.01701661
0.01689661
0.01604457
0.01655632
0.01691985
0.01668387
0.01742775
0.01781004
0.0174298
0.016536
0.01611811
0.01509606
0.01497546
0.01498963
0.015719
0.0147314
0.01442489
0.01523092
0.01502263
0.0140029
0.01436181
0.01506219
0.01442988
0.01455428
0.01454364
0.01386639
0.01316148
0.01348047
0.01365421
0.01371681
0.01326515
0.01321403
0.0129945
0.01261059
0.01291453
0.01329312
0.01261462
0.01244242
0.01271154
0.01234252
0.01264174
0.01264297
0.0124581
0.01238725
0.01202247
0.0129743
0.01243695
0.01231057
0.01256526
0.01205806
0.01279153
0.01264972
0.01329724
0.01280235
0.0123155
0.01275299
0.01315269
0.01298922
0.01218009
0.01225305
0.01233821
0.01235235
0.01104158
0.01066089
0.01058181
0.01056592
0.0102037
0.009747185
0.009653735
0.009647563
0.009457001
0.008687202
0.009018856
0.008886014
0.009076635
0.009635811
0.01034517
0.01066273
0.01135194
0.01095341
0.01146095
0.0116193
0.0120211
0.01155273
0.01114323
0.01209267
0.0120733
0.01243695
0.01246703
0.01203149
0.01184962
0.01184256
0.0120704
0.01202233
0.01220539
0.01229635
0.01232234
0.01317265
0.01236948
0.0122928
0.01222115
0.01205058
0.01199574
0.01236543
0.01166027
0.01190187
0.01147832
0.01179591
0.01176854
0.01140548
0.01204005
0.01204185
0.01173993
0.01197227
0.01164142
0.0119116
0.01102099
0.01049416
0.01092045
0.01139943
0.01141581
0.01169557
0.01132852
0.01110042
0.01067045
0.01099268
0.01048926
0.01037671
0.01054895
0.01073529
0.01001215
0.00979535
0.01005792
0.0103617
0.009930689
0.01017292
0.0106511
0.0113656
0.01099447
0.01116081
0.01059085
0.01030009
0.01012645
0.009736365
0.009833945
0.009775128
0.009417543
0.009443957
0.009618187
0.01018481
0.01003925
0.009935453
0.009952037
0.00948228
0.009589647
0.00915287
0.009339557
0.009889973
0.0093184
0.009760697
0.009432894
0.009672896
0.00973717
0.01008293
0.009969911
0.009734232
0.01020728
0.01051685
0.01027608
0.01016057
0.0096949
0.009616535
0.009746899
0.0097486
0.009823677
0.01024141
0.01120997
0.01149003
0.01103204
0.01097613
0.01087322
0.01125331
0.01175624
0.01241301
0.01209315
0.01225356
0.01219709
0.01152488
0.01121249
0.01107354
0.0112409
0.01150028
0.01202353
0.01244983
0.01139483
0.01126269
0.01157886
0.01173154
0.01096088
0.01050319
0.01082479
0.01126446
0.01136993
0.01145277
0.01173455
0.01123072
0.01129043
0.01138388
0.01061306
0.01062655
0.01041494
0.01057851
0.01067554
0.01070703
0.01038416
0.01082381
0.01170552
0.01149555
0.01181123
0.01107866
0.01127279
0.0111863
0.01154145
0.01162087
0.01207006
0.01172405
0.01181176
0.01179814
0.01172874
0.01172381
0.01173627
0.01258718
0.01245374
0.01261618
0.01343109
0.01290204
0.01349752
0.01321798
0.01287231
0.01240965
0.01210661
0.01184031
0.01176774
0.011805
0.01143753
0.01207006
0.01166823
0.01204006
0.01166937
0.01193845
0.01216495
0.01166734
0.01174313
0.01173874
0.01182022
0.01141629
0.01110566
0.01115357
0.01095399
0.01062967
0.01080828
0.01130435
0.01144306
0.01119595
0.01146756
0.01089469
0.01123023
0.0115694
0.01102546
0.01067168
0.01182725
0.01214337
0.0129328
0.01282663
0.01261343
0.01249096
0.01229951
0.01101967
0.01068092
0.01077587
0.01123055
0.01091445
0.01070473
0.01057879
0.01010843
0.009576816
0.009894462
0.00987275
0.01004003
0.01066932
0.01060395
0.009871198
0.009950963
0.009808539
0.00960171
0.009325039
0.009547699
0.009130249
0.009115261
0.00947384
0.009026177
0.009240709
0.009288488
0.008821863
0.009133417
0.009338553
0.009870744
0.009747829
0.009905053
0.00968148
0.009923259
0.009862908
0.0097694
0.01014145
0.01021646
0.01008522
0.01024422
0.009850758
0.01043079
0.01011352
0.01026893
0.01016138
0.009814753
0.01020827
0.01001937
0.01051116
0.01077563
0.01049874
0.01043314
0.01036068
0.01042151
0.01050013
0.01102935
0.01134492
0.01115955
0.01065064
0.01039932
0.01103322
0.01062541
0.01147801
0.01162951
0.01199514
0.01264729
0.01237022
0.01215351
0.01227611
0.01321913
0.01332123
0.01326401
0.01314285
0.01275652
0.0136373
0.01340847
0.01405662
0.01446316
0.0145348
0.01463088
0.01552373
0.01550537
0.0154526
0.01598776
0.01634224
0.01660623
0.01711307
0.01764358
0.01778393
0.01715388
0.01744413
0.01667296
0.01574068
0.0155199
0.01591124
0.01554666
0.01561862
0.01524722
0.01538809
0.01547065
0.01487603
0.01548058
0.01518373
0.0161413
0.01625659
0.0164836
0.01658051
0.01603749
0.0147729
0.01602818
0.01576188
0.0157299
0.01580743
0.01504068
0.01536569
0.01568376
0.01545913
0.01604858
0.01561392
0.01447913
0.01480291
0.01531423
0.01576351
0.01629185
0.01597001
0.01612634
0.01612405
0.01604137
0.01747317
0.0166487
0.01596908
0.01501755
0.01471387
0.01510945
0.01491015
0.01491732
0.01454583
0.0147051
0.01521022
0.01606167
0.01525389
0.0154714
0.01615427
0.0159571
0.01722254
0.01640339
0.01623456
0.01706028
0.01710849
0.01704363
0.01622762
0.01599405
0.01650519
0.01607154
0.01736792
0.01793461
0.01818042
0.01745672
0.01697046
0.01692711
0.01735756
0.01853893
0.01841801
0.01811826
0.01895962
0.01951053
0.01906107
0.0190559
0.01926606
0.01860368
0.01851616
0.01920683
0.01895511
0.01868313
0.01894718
0.01933089
0.01965628
0.0194893
0.02082222
0.02091369
0.01995839
0.01887594
0.01796097
0.01817284
0.01854907
0.01843558
0.01845131
0.01849692
0.01686545
0.01650507
0.01606509
0.01547207
0.01497124
0.01511916
0.01621832
0.01604952
0.01659885
0.01744237
0.01857487
0.01831288
0.01879084
0.01869442
0.01826959
0.01875769
0.01911217
0.01846232
0.0182144
0.01801829
0.01771986
0.01810033
0.01744894
0.01734164
0.01778686
0.01816427
0.01793646
0.01798544
0.017779
0.01913095
0.01700053
0.01620517
0.01658105
0.01610807
0.01556487
0.01576549
0.01514094
0.0148396
0.01501183
0.01369129
0.01380221
0.01351336
0.01356541
0.01273031
0.0127015
0.01286319
0.01281543
0.01283762
0.01262857
0.01335923
0.01295889
0.01328032
0.01340937
0.01274783
0.01289742
0.01273622
0.01210445
0.01160294
0.01197242
0.01197826
0.01217842
0.01189044
0.01251255
0.01208402
0.01228035
0.01212851
0.01216152
0.01250956
0.01199392
0.01182499
0.01247491
0.01207578
0.01240322
0.01205503
0.01149026
0.01134269
0.01143957
0.01117601
0.0113821
0.01164099
0.01164731
0.01105927
0.01080401
0.01061174
0.0104894
0.01069036
0.01066727
0.01142479
0.01094829
0.0104829
0.01055943
0.01041216
0.009694609
0.009299232
0.009350564
0.009607642
0.008649578
0.0089877
0.008821727
0.009085764
0.009356401
0.009058384
0.0086982
0.008922563
0.008951581
0.009397943
0.009604606
0.00995072
0.009513854
0.009459222
0.009074625
0.009214845
0.009829498
0.009817518
0.01053251
0.01080359
0.01078004
0.01096267
0.01069814
0.01100374
0.01122875
0.01219925
0.01156869
0.01167842
0.011542
0.01063705
0.01010997
0.01015756
0.01054801
0.01043999
0.01091842
0.01122585
0.0108257
0.01125591
0.01125922
0.01159338
0.01145455
0.01124164
0.01124278
0.01205533
0.01100141
0.01167303
0.01139804
0.0112436
0.01125687
0.01116615
0.01084382
0.01103434
0.0105223
0.009758325
0.01025366
0.01040872
0.01025726
0.01008737
0.01025427
0.01031751
0.009329178
0.009137339
0.008980495
0.00877008
0.008096905
0.007968694
0.007845845
0.007688737
0.007958583
0.008019833
0.0081271
0.007998098
0.008158556
0.008295775
0.008335833
0.008047992
0.008094582
0.008076904
0.008412354
0.00864051
0.008689632
0.008850182
0.008942484
0.008859089
0.009287904
0.009047409
0.009081774
0.009235463
0.009490081
0.009006381
0.009489356
0.009028989
0.009264115
0.008841292
0.009115973
0.009462693
0.009082452
0.009289298
0.009393414
0.009779816
0.01063866
0.01026919
0.01000379
0.01003058
0.01018353
0.009878785
0.009729998
0.01020461
0.009777532
0.009490132
0.009613135
0.008981109
0.008626911
0.008638579
0.008678131
0.00874068
0.008458658
0.008200993
0.008489129
0.008622384
0.009020579
0.009396811
0.0097881
0.009375935
0.009227156
0.009741479
0.009443259
0.01009586
0.00981798
0.01045507
0.009956961
0.009693832
0.01049045
0.009860076
0.0096987
0.0101912
0.01021232
0.01014997
0.01024821
0.009815114
0.009691195
0.01003522
0.01006412
0.0101747
0.01082524
0.01157757
0.01156908
0.01212926
0.01202489
0.01216951
0.01229675
0.01236376
0.01216633
0.01259718
0.01189953
0.01165805
0.01169913
0.01146302
0.01075149
0.01071259
0.0113551
0.01118584
0.01129765
0.01148644
0.01126235
0.01174883
0.01143549
0.0114811
0.01152406
0.0114879
0.01177
0.01169106
0.01161677
0.01219066
0.01269474
0.01341275
0.01360298
0.01420493
0.0145773
0.01416105
0.01419625
0.01444975
0.01514645
0.01490642
0.01504151
0.01502955
0.01517603
0.01591786
0.01532226
0.01535499
0.01628705
0.0155082
0.01676196
0.01775831
0.01600364
0.01613948
0.01543712
0.01573898
0.01652675
0.01607226
0.01624547
0.01624132
0.01562173
0.01484126
0.0153354
0.01544025
0.01631753
0.01606075
0.01752926
0.01712654
0.01732232
0.01811282
0.01700486
0.01733608
0.0168892
0.01643412
0.0172916
0.01817898
0.0171981
0.01661979
0.0166921
0.01620756
0.01601617
0.01578958
0.01663539
0.01720608
0.01663555
0.017587
0.01711636
0.01709418
0.01656938
0.01511359
0.01432489
0.01450115
0.01422312
0.01350306
0.01344955
0.01326487
0.0134704
0.01413815
0.01435666
0.01447442
0.01462102
0.01383312
0.01461458
0.01547375
0.01572252
0.01574017
0.01521754
0.01497459
0.01590919
0.01525549
0.01434371
