0.08234585
0.08214794
0.08091472
0.07366729
0.07583738
0.08007518
0.06764051
0.07659141
0.07320074
0.07372616
0.06850544
0.06660366
0.05713861
0.05357456
0.05558101
0.06344892
0.07551044
0.0680513
0.07305678
0.06886938
0.06629556
0.06219938
0.06236614
0.0579116
0.06855759
0.07105153
0.07461636
0.08254796
0.08761042
0.0974196
0.09658144
0.104216
0.1097175
0.1019196
0.09098365
0.08577312
0.08912399
0.09332149
0.09128283
0.09347779
0.08009595
0.09336754
0.08719163
0.09095193
0.08985911
0.09453356
0.1136037
0.1127749
0.1215982
0.1088637
0.1246438
0.1251303
0.1344745
0.1178332
0.1291185
0.1264636
0.1210396
0.1192651
0.1160919
0.1051903
0.1122114
0.1086439
0.1199158
0.1159437
0.1181667
0.1098292
0.1246066
0.1276649
0.1303327
0.1086829
0.1072872
0.1053242
0.1371362
0.1291211
0.1346845
0.144384
0.1371846
0.1322384
0.1576943
0.152196
0.160774
0.1524948
0.1615822
0.1479916
0.1201542
0.1220479
0.1257466
0.1223763
0.1136416
0.1189436
0.1257847
0.1162858
0.1169529
0.1196042
0.1106232
0.0988715
0.1013952
0.1015924
0.106109
0.1096043
0.1022094
0.1058084
0.1115874
0.1017598
0.1029288
0.1034773
0.09768672
0.1012317
0.09878839
0.09847736
0.1012693
0.09877611
0.08521075
0.08860612
0.08520426
0.08384194
0.09322716
0.08492229
0.08617384
0.08626074
0.09204217
0.1083698
0.114095
0.1065722
0.09576154
0.09685544
0.08900024
0.0892549
0.08815524
0.1002012
0.0918849
0.07957018
0.08243629
0.08214313
0.08294301
0.07988563
0.07106529
0.07330663
0.08358815
0.07482441
0.07750189
0.07531822
0.07314712
0.07661666
0.08330168
0.07904763
0.07987606
0.08906511
0.07990765
0.08159667
0.08089138
0.09116905
0.0862043
0.0975253
0.1094546
0.1216813
0.1149391
0.1077552
0.1113036
0.1030743
0.09483323
0.08725112
0.08219135
0.08368793
0.08655442
0.08327719
0.09198536
0.08011568
0.08037237
0.09066071
0.08411891
0.08901475
0.08314545
0.0899809
0.08703412
0.08435334
0.09472867
0.08858255
0.08682269
0.0851985
0.09419747
0.09091164
0.08912272
0.08877998
0.07961789
0.09242372
0.09124451
0.09245543
0.1007809
0.1101948
0.1031108
0.09093837
0.08668026
0.08616433
0.08754507
0.09633085
0.09853532
0.107865
0.1047394
0.1115778
0.1134494
0.1121513
0.1110279
0.1005107
0.09131748
0.09574215
0.1066259
0.09974796
0.1002375
0.08105375
0.0823844
0.08741454
0.07734548
0.07687649
0.07555429
0.08230619
0.07671569
0.07253581
0.07243372
0.07700614
0.07496528
0.07699555
0.07598654
0.07169814
0.0835335
0.07930726
0.07637663
0.090966
0.09940408
0.1082916
0.1193376
0.1228539
0.1165933
0.113903
0.1278211
0.1194637
0.1315919
0.1219585
0.11014
0.10398
0.1069361
0.1158226
0.1268289
0.139661
0.1310104
0.116918
0.10727
0.1089835
0.1106655
0.08914832
0.09634734
0.09080897
0.1019854
0.1113628
0.1144575
0.1069268
0.1087866
0.09663518
0.0993095
0.1041148
0.1178624
0.1209325
0.1260301
0.1269706
0.1241996
0.1102191
0.1137358
0.1050777
0.114559
0.1099712
0.1042727
0.09045141
0.08850212
0.09440716
0.08909298
0.1059727
0.101845
0.09300843
0.08356024
0.09526736
0.09730789
0.0914047
0.08425179
0.1028746
0.09622473
0.08769304
0.08651437
0.09759688
0.1095732
0.1269448
0.1231409
0.1323162
0.1242451
0.1311717
0.1343528
0.1261227
0.1189599
0.116815
0.127603
0.1300698
0.1380301
0.1281939
0.1324606
0.1328775
0.1247628
0.1368064
0.1506481
0.1824016
0.1908099
0.2092333
0.1993357
0.1977304
0.1892702
0.1855002
0.1699543
0.169112
0.1498206
0.1272954
0.11847
0.1258126
0.1345242
0.1241109
0.1251346
0.1474288
0.1481445
0.1361603
0.1400165
0.1359118
0.139133
0.142617
0.1611604
0.1649161
0.1557275
0.1551739
0.1721662
0.1756729
0.1677189
0.1843559
0.1922137
0.1777061
0.1683273
0.1734267
0.1789534
0.1860756
0.1843936
0.1660972
0.159433
0.1698519
0.1628223
0.1814165
0.1805606
0.1823483
0.178636
0.2056587
0.2191461
0.1752025
0.1652327
0.1765628
0.1849464
0.1976046
0.1842535
0.164407
0.1806189
0.203355
0.1960284
0.1582186
0.1669803
0.1505765
0.1527973
0.176404
0.1489662
0.1329724
0.1234869
0.1422702
0.1496027
0.1553318
0.1532628
0.1601852
0.1703985
0.2003151
0.2154812
0.2364398
0.2202027
0.2236451
0.2325981
0.2304829
0.2591581
0.2774282
0.2640823
0.2791099
0.2828595
0.3154265
0.3303981
0.3118595
0.3616907
0.3731316
0.4161145
0.4221775
0.3971376
0.3595119
0.35435
0.3413633
0.3405845
0.3308885
0.2894824
0.2699236
0.2703227
0.2669107
0.2881412
0.2796497
0.2813067
0.261675
0.2934223
0.2907171
0.2695246
0.2413886
0.247795
0.2244321
0.2518592
0.2376739
0.2377929
0.2191303
0.2023193
0.2036459
0.2111479
0.2032998
0.243817
0.211345
0.2026839
0.2140057
0.2301926
0.2423029
0.2221492
0.2210155
0.2305207
0.2073044
0.2087711
0.1966993
0.1905362
0.1907433
0.1727073
0.1664807
0.1812027
0.1999657
0.1976948
0.174307
0.1732898
0.1817427
0.1789412
0.173905
0.1946487
0.1856411
0.1834441
0.1879916
0.1722832
0.1789582
0.203282
0.2086589
0.1821027
0.1820461
0.181613
0.1793641
0.1696931
0.1880987
0.1813114
0.1863869
0.1914597
0.1896241
0.1719936
0.1745521
0.1878905
0.1922128
0.176925
0.1712941
0.1702981
0.1679031
0.1674374
0.1737559
0.1965721
0.2021595
0.202663
0.2182141
0.2286135
0.2013535
0.2374379
0.2380001
0.2122451
0.214113
0.1929867
0.1714564
0.1557498
0.1591741
0.1681491
0.1701105
0.1586118
0.1888367
0.1980115
0.1838965
0.2080265
0.1890732
0.1906222
0.1749203
0.1701557
0.1567264
0.1758564
0.1754917
0.2018677
0.2071571
0.1973248
0.1715368
0.1953448
0.1935663
0.2187736
0.2018157
0.2041461
0.2062288
0.2169177
0.2201524
0.2381614
0.2070988
0.1880513
0.1901338
0.1887411
0.17479
0.1701376
0.1729844
0.1778933
0.1634081
0.1766157
0.1828152
0.1917299
0.1859712
0.1636911
0.1590598
0.1698541
0.1892845
0.1836856
0.1713612
0.1800554
0.1668546
0.1622626
0.1520089
0.1767471
0.1562475
0.1584915
0.170801
0.1720621
0.1724575
0.1763123
0.1912346
0.1820766
0.1916309
0.1807886
0.197464
0.1894478
0.1670895
0.1710399
0.1811922
0.1877114
0.186449
0.1731855
0.1755029
0.1688276
0.1575528
0.1901453
0.1716947
0.181714
0.1817836
0.1588099
0.1555056
0.1774967
0.1740472
0.1875172
0.1716461
0.1850855
0.1784769
0.1883725
0.1810993
0.1870236
0.19788
0.1638089
0.1702609
0.1854905
0.1692945
0.1679379
0.1751452
0.174384
0.1716091
0.1521179
0.1435478
0.1514675
0.1377647
0.1463333
0.132888
0.1297222
0.1157065
0.1228808
0.1126384
0.1119014
0.1020216
0.09978835
0.1174644
0.1002532
0.096218
0.108326
0.1189242
0.1091637
0.1102777
0.1237559
0.1229166
0.1222701
0.1168973
0.1215381
0.1239767
0.1421314
0.1443647
0.1420596
0.1475717
0.1424559
0.1515573
0.1563814
0.1357598
0.154192
0.1518909
0.1529095
0.1437256
0.1427364
0.1487136
0.1475754
0.1355351
0.1613831
0.1505945
0.1799706
0.1792312
0.1738564
0.1607479
0.1665277
0.162122
0.168708
0.1544086
0.1503603
0.1452556
0.1447132
0.1602658
0.1616731
0.1697165
0.1799419
0.1646369
0.1700346
0.1771417
0.1756902
0.1855786
0.177858
0.172147
0.1598605
0.1675346
0.1536649
0.1628822
0.1470737
0.1351422
0.1296953
0.1392705
0.1357475
0.133517
0.1291991
0.1507493
0.1462711
0.1462338
0.1442066
0.148181
0.1296565
0.135407
0.1431176
0.1358802
0.1436708
0.143392
0.1477291
0.1382994
0.1331199
0.1288429
0.1386657
0.1214311
0.1069458
0.1067119
0.1016662
0.1100955
0.1266246
0.1193582
0.1156306
0.1215799
0.1344157
0.1292048
0.1289658
0.1139802
0.1137373
0.1171988
0.1158557
0.1189247
0.1260916
0.1336093
0.1261067
0.1378735
0.1545597
0.1607555
0.173899
0.1849617
0.1685047
0.1467415
0.1564398
0.1565163
0.1418973
0.1318432
0.14506
0.1264017
0.1247012
0.128153
0.1326902
0.1413948
0.1621916
0.1685552
0.1804998
0.204061
0.2275107
0.2198124
0.2025287
0.2082332
0.2108622
0.2165583
0.2523227
0.2339103
0.2334809
0.2368479
0.2190775
0.2112188
0.2090334
0.221667
0.2276396
0.211304
0.213977
0.2167664
0.1924189
0.1852116
0.1831656
0.1768602
0.1613998
0.1742478
0.1776785
0.1880414
0.1996198
0.1986882
0.2015853
0.225629
0.2226448
0.2197299
0.21178
0.1986165
0.1928947
0.1969856
0.1993285
0.1833808
0.1775333
0.1977982
0.1842291
0.1887142
0.1775878
0.1986453
0.1903224
0.1973185
0.2127511
0.2308146
0.219658
0.1902214
0.1921125
0.1910569
0.1853181
0.1725488
0.1601909
0.1786324
0.1672365
0.171689
0.1828397
0.1745385
0.1771115
0.1714988
0.1660497
0.1926722
0.1784307
0.1865463
0.1982482
0.2059835
0.2434601
0.2377768
0.2323923
0.2198327
0.2052047
0.208803
0.2140157
0.1938872
0.1960362
0.1960752
0.2168321
0.2148307
0.1755631
0.1630659
0.1858861
0.1793489
0.1592133
0.1694228
0.1546603
0.1617096
0.1531258
0.1532757
0.1675292
0.18601
0.1793341
0.1816395
0.1624791
0.1752869
0.1693807
0.1899286
0.1830216
0.1853579
0.2025654
0.2028973
0.1886239
0.1912573
0.153994
0.1594465
0.1670457
0.1663714
0.1724767
0.1762068
0.186597
0.1882929
0.1758908
0.1792534
0.1844968
0.1900899
0.1843336
0.1951785
0.1798069
0.1938546
0.1896176
0.1708898
0.1831045
0.1930948
0.1749849
0.1866061
0.159872
0.1597607
0.1542206
0.1843278
0.1647088
0.1586082
0.1571643
0.1586084
0.1524486
0.1639742
0.1551308
0.133811
0.1538222
0.1521783
0.1604736
0.1732201
0.1634153
0.1689967
0.1809011
0.1941309
0.180972
0.1725458
0.1821749
0.1825415
0.1818944
0.1696382
0.1648185
0.151735
0.1650635
0.1593522
0.1423261
0.1249527
0.1078218
0.1110526
0.110718
0.1132924
0.1185537
0.1383269
0.1297747
0.1312429
0.1314745
0.1478148
0.1514108
0.1464378
0.1617229
0.170921
0.1696068
0.1726468
0.1871749
0.1812964
0.1730328
0.1758461
0.1779793
0.1909028
0.1755417
0.169209
0.1615553
0.1542025
0.1708439
0.1436085
0.15207
0.1285561
0.1398517
0.1329652
0.1342173
0.131586
0.1178845
0.1334532
0.1589128
0.1588414
0.160946
0.1529206
0.1636439
0.1364165
0.1482089
0.1374299
0.1544506
0.1812127
0.1580867
0.172389
0.1800085
0.179984
0.2006007
0.2140976
0.2034425
0.1786826
0.1724812
0.1541525
0.1574678
0.1699589
0.1824166
0.1744411
0.1592912
0.1695821
0.1497474
0.1450406
0.1480719
0.1433836
0.1626962
0.1782509
0.1469844
0.152154
0.1900005
0.1797591
0.1674325
0.1572665
0.1601165
0.172703
0.2191591
0.2174589
0.1967751
0.20995
0.1814642
0.1780845
0.1612479
0.1589855
0.1532089
0.1529624
0.1549187
0.1612028
0.1427762
0.1387033
0.144851
0.1400192
0.1249957
0.1389849
0.147296
0.1432851
0.130247
0.13073
0.1404887
0.1513273
0.1574465
0.1624382
0.1859346
0.1682483
0.1727408
0.1760656
0.2029399
0.1990747
0.2085048
0.1873051
0.190367
0.1835674
0.1861509
0.2222015
0.2405871
0.2289981
0.2222478
0.2162184
0.2263047
0.2004979
0.2046431
0.1786705
0.1786348
0.1904001
0.2062614
0.2055409
0.2047589
0.2324327
0.2162359
0.2196716
0.2097441
0.2165113
0.2327175
0.2219495
0.2422992
0.2294167
0.2264348
0.208843
0.213854
0.2326502
0.2656478
0.2249485
0.1974146
0.1970558
0.1930586
0.1781994
0.1758785
0.1814533
0.1612351
0.1758753
0.1735501
0.1867201
0.167416
0.1844882
0.2105402
0.2011147
0.2068347
0.202318
0.2051561
0.1969389
0.2013902
0.1987927
0.1899721
0.2041014
0.1982286
0.2142326
0.2393096
0.2416705
0.250907
0.2365459
0.2381775
0.2230397
0.1915035
0.1807912
0.1851883
0.1799042
0.1825038
0.157726
0.1553831
0.1634458
0.1387222
0.1515142
0.1391049
0.1468901
0.1685076
0.1724575
0.1689971
0.1492468
0.153961
0.1662696
0.1449404
0.1567755
0.1615717
0.1353165
0.1412564
0.1461079
0.139625
0.1328469
0.1383749
0.1351715
0.1298658
0.1463359
0.1316602
0.1370839
0.133254
0.1407161
0.163664
0.1634951
0.1918891
0.1662847
0.1667297
0.1732934
0.1759025
0.1914093
0.2040443
0.215007
0.2193496
0.2263134
0.2335973
0.230634
0.2250679
0.2315973
0.234485
0.258745
0.2369919
0.2160771
0.226766
0.2295908
0.217587
0.2132895
0.2031413
0.2084347
0.2099302
0.2100538
0.1887256
0.1798666
0.1681086
0.1565283
0.1520105
0.1549618
0.1637905
0.1693568
0.1779048
0.1999467
0.1746462
0.1854395
0.1985374
0.237244
0.2393177
0.240251
0.2538242
0.2616698
0.2470322
0.2671649
0.2353391
0.2447166
0.2357179
0.2358759
0.2190572
0.2340902
0.2286595
0.2215517
0.2099956
0.2210356
0.2038755
0.2061082
0.1739908
0.1813895
0.1802999
0.1981989
0.1980813
0.2092513
0.2123617
0.2166951
0.2293061
0.2393591
0.2515203
0.2616033
0.2850551
0.2907543
0.2959313
0.2685097
0.2832079
0.2817995
0.2946551
0.2546452
0.2618791
0.2540232
0.2543855
0.2626625
0.2465305
0.2772147
0.2455994
0.2753381
0.2520722
0.2281452
0.2261147
0.2334035
0.2047546
0.2138397
0.197712
0.2222303
0.1785642
0.1944044
0.1933002
0.1987728
0.1923475
0.2031033
0.1739439
0.1774231
0.1689381
0.1693974
0.1899393
0.1895106
0.1938266
0.2070804
0.2334203
0.2135723
0.2410271
0.2557457
0.2256187
0.2284863
0.2305622
0.2491187
0.2460685
0.2291939
0.2410952
0.2112603
0.1923866
0.211277
0.240356
0.2311147
0.2408458
0.2520408
0.2564518
0.2296973
0.2592236
0.280562
0.2748648
0.2955438
0.3085528
0.2916407
0.2730399
0.2504061
0.2632104
0.2490498
0.2459124
0.2677655
0.2220704
0.2355894
0.2896529
0.2839426
0.2284194
0.2762042
0.3098851
0.2937984
0.2792469
0.2715195
0.2765414
0.3146341
0.3063847
0.3312221
0.2890162
0.2853358
0.2859322
0.2904058
0.2844321
0.265842
0.2710659
0.2595627
0.2644631
0.2276262
0.2423506
0.2456984
0.2291051
0.2462981
0.246829
0.213717
0.211121
0.2332637
0.2302422
0.2229061
0.2298343
0.2264506
0.2474622
0.2715067
0.289198
0.2471387
0.2779356
0.2694072
0.2607761
0.26403
0.2560129
0.256171
0.2247303
0.2144553
0.2228766
0.2241209
0.2116926
0.2252749
0.2225329
0.2584815
0.2706553
0.2641125
0.2782519
0.2776751
0.2888663
0.2825918
0.2743043
0.2908345
0.2463415
0.218584
0.2353871
0.2674349
0.2601784
0.2941023
0.3348282
0.2977334
0.3102734
0.3127164
0.327947
0.3490006
0.3263998
0.3238489
0.3178429
0.3155654
0.2753048
0.2996116
0.2845224
0.2517311
0.2762637
0.3339776
0.3637903
0.3787667
0.3615722
0.3481049
0.2876704
0.2867073
0.2789776
0.2643555
0.3030273
0.3111133
0.2979473
0.3027437
0.298547
0.2503238
0.2295078
0.2272931
0.2085893
0.189424
0.1925523
0.215698
0.248137
0.2232979
0.2188236
0.2168346
0.1921433
0.1874553
0.2118878
0.2016429
0.1923317
0.1805781
0.2077451
0.2226287
0.2439161
0.2344535
0.2296979
0.2307933
0.2097992
0.2210641
0.2012371
0.2048904
0.1892298
0.1685686
0.1971559
0.1998504
0.2013718
0.1971487
0.1904503
0.1783827
0.2031281
0.2279055
0.2031657
0.1810886
0.1740051
0.1802638
0.1852395
0.2091758
0.2117473
0.204809
0.1983432
0.1749195
0.1982905
0.1792512
0.1643833
0.1782041
0.1733333
0.1475392
0.1546893
0.1543609
0.1420862
0.1349627
0.1308322
0.1378235
0.1347715
0.1501626
0.1363353
0.1304712
0.1428606
0.1310977
0.1265324
0.1431303
0.1450791
0.1338058
0.1544962
0.1543615
0.1554027
0.1616198
0.1756619
0.1550895
0.1492917
0.1594178
0.1514615
0.1553327
0.1735002
0.1700609
0.1628505
0.1665129
0.1679417
0.1734479
0.1882592
0.1510286
0.1401041
0.1333564
0.1405362
0.1482462
0.1281412
0.1233451
0.1263071
0.127835
0.1317882
0.1339512
0.1261667
0.1232766
0.1341662
0.1291369
0.133092
0.1317705
0.1457346
0.1517983
0.1455488
0.1439866
0.1414769
0.159082
0.1611814
0.1660011
0.194427
0.1843996
0.2060489
0.2077596
0.2094805
0.2314563
0.2085933
0.1741279
0.1686388
0.1923868
0.2041519
0.1847957
0.1715873
0.1836173
0.1912214
0.1890116
0.2001756
0.1950101
0.194079
0.1942922
0.1767382
0.1789103
0.1732441
0.1625703
0.1626146
0.1383539
0.1391422
0.1444038
0.1247269
0.1147419
0.1142938
0.1247268
0.132792
0.1515524
0.1426786
0.1386098
0.1429911
0.1432306
0.1619965
0.1452884
0.1514101
0.1498948
0.160658
0.1759511
0.1675732
0.1742365
0.1915717
0.1538092
0.1706017
0.1724306
0.1705253
0.1588613
0.1443274
0.1374797
0.1348981
0.1320726
0.1515631
0.1556686
0.1493741
0.1304553
0.1534588
0.1585881
0.1616161
0.1642111
0.1616006
0.1570656
0.1769874
0.1921077
0.2208025
0.211532
0.1954852
0.2117053
0.2071896
0.1991032
0.1833506
0.1972586
0.2040462
0.1928346
0.2155229
0.2375296
0.2222168
0.1969955
0.2165443
0.2166507
0.2203973
0.1986626
0.2152535
0.1859187
0.1877196
0.189489
0.1687064
0.1785708
0.1924777
0.1735001
0.1745513
0.1701198
0.1824181
0.1862979
0.1963507
0.181462
0.1845993
0.1611163
0.1815254
0.1776438
0.170122
0.1809773
0.1746633
0.15891
0.1602421
0.1780496
0.1885738
0.1988525
0.1993476
0.1984559
0.2233364
0.2339475
0.2537777
0.2503381
0.2283784
0.2494209
0.2267944
0.2371968
0.2717741
0.2830823
0.2453169
0.2365159
0.2446818
0.2233646
0.2092821
0.2086363
0.1870005
0.1764781
0.1780111
0.1838035
0.1821723
0.1810621
0.180409
0.1763057
0.193623
0.1959873
0.188189
0.183631
0.1895784
0.1783111
0.1580655
0.1502425
0.1481692
0.1659294
0.1704484
0.1829394
0.1847621
0.1614654
0.1712478
0.19053
0.198771
0.1743636
0.1870764
0.1709701
0.1774226
0.1588097
0.1620881
0.1622506
0.1837689
0.1919751
0.1701934
0.1643019
0.1618755
0.1831765
0.1795836
0.1761119
0.1765662
0.1483092
0.1372864
0.1372259
0.1436116
0.154476
0.1517281
0.1482539
0.1652663
0.1580785
0.1533003
0.1606557
0.1614666
0.1427456
0.1577012
0.1455102
0.1637829
0.1848672
0.146246
0.146487
0.1755276
0.1797252
0.1912482
0.1678612
0.1625754
0.1771394
0.1743029
0.1776889
0.1610879
0.15632
0.1721698
0.1671566
0.1668929
0.1621074
0.1405639
0.1431117
0.1322197
0.1320612
0.1319089
0.1384687
0.1360273
0.1412117
0.1550084
0.1549275
0.1363754
0.126964
0.132456
0.141727
0.1485479
0.1447107
0.1636006
0.1669515
0.1485187
0.1594419
0.1817086
0.1700368
0.1408485
0.1317164
0.1337491
0.1247305
