198.9465
223.1049
198.6003
249.0981
204.3335
201.4018
221.1618
258.2905
268.6466
283.5663
249.9958
233.3977
269.2704
381.7137
426.5914
312.5874
282.1422
289.4247
299.3762
257.8944
358.6487
290.0464
304.1634
306.6514
246.1948
285.082
350.328
352.948
310.569
273.3387
257.7418
219.3727
304.409
363.643
283.0268
349.6212
334.0115
299.0938
292.1359
233.1897
401.376
396.9976
327.2085
306.2376
184.7047
253.1752
220.0069
376.7969
308.5558
357.7097
344.481
234.9082
284.5965
308.3923
232.9517
277.741
301.6907
305.166
338.7339
291.3485
337.5868
291.6168
348.7028
352.6659
284.8974
347.3034
351.2573
353.7904
423.2212
388.6986
473.7207
447.906
391.7409
244.5406
309.7989
291.3134
270.2473
291.4347
359.628
321.9488
251.4913
300.0815
284.4676
299.4407
388.8492
384.5354
402.631
384.1718
392.706
343.6339
366.2072
388.6505
351.9
430.0673
304.7912
267.4765
395.1841
459.7464
362.5659
311.5521
314.0941
417.0355
330.6733
315.3076
285.7452
342.0365
388.1807
315.925
225.3051
257.7487
301.7429
339.6078
348.3486
332.9259
332.8112
361.6264
319.1016
335.9568
365.697
385.5375
391.3597
505.5905
476.0024
413.0827
351.601
393.8419
398.7578
321.7487
340.9576
353.0441
342.3354
319.971
207.6716
240.5065
337.2089
391.2027
319.57
290.5234
353.5869
326.462
235.109
292.2238
407.9788
414.6996
349.3016
442.4712
392.7188
338.7785
289.8709
279.7192
312.1504
413.3038
320.2457
260.435
307.8202
294.7998
401.881
467.8711
468.652
423.3013
319.3673
306.8464
307.7392
387.1232
412.3059
386.7934
329.4423
342.7502
310.0252
341.8539
450.9568
520.2148
466.6238
383.1903
426.991
347.7523
313.5017
298.9781
289.1413
378.4026
352.3634
303.0261
277.4364
385.7122
357.836
417.415
470.8636
468.5376
419.9193
305.6213
294.4379
236.3019
236.2761
260.8736
218.4538
230.1354
250.4442
221.8937
260.6961
292.9284
281.995
335.8864
325.7165
282.2932
203.9103
193.5513
279.7414
330.7613
363.1143
318.4742
489.8619
447.4885
429.8598
356.4156
357.3535
330.2203
327.935
359.1392
339.1465
308.3962
293.1454
282.156
314.5821
296.1228
274.1897
234.5009
292.9783
326.9128
339.1243
367.7862
424.2633
416.86
436.7627
362.8079
350.5577
391.1735
351.7566
438.9119
287.7506
324.7343
347.784
329.1623
363.4774
404.2447
397.4021
231.0823
215.1032
212.9221
325.5491
273.8653
348.714
370.7334
281.5902
262.7657
214.5864
258.6047
279.1688
269.52
289.87
194.9493
303.492
391.9273
369.9934
322.3324
400.2019
414.6188
375.94
331.7746
344.3366
313.1033
288.279
369.6492
348.2649
324.2575
402.1541
398.9865
342.931
355.5906
268.0296
354.4792
410.5005
430.8908
328.6739
336.7499
316.3791
341.2047
363.3403
300.3629
266.7414
241.7668
235.9265
215.0072
275.0547
238.9503
256.3789
279.8656
257.7174
324.7573
342.038
233.619
289.6662
330.368
278.5624
266.2093
259.6846
290.9291
271.5713
342.5307
287.0632
279.0725
289.5867
237.9204
210.0318
190.3177
214.8803
235.5939
275.7473
311.611
332.16
340.6576
317.9143
460.7873
310.9828
321.0881
289.6328
322.4198
331.2749
371.857
403.7889
445.9093
456.9924
357.7999
440.4189
448.7142
386.8193
309.1428
228.0156
235.6401
272.1859
203.5503
280.6793
329.8161
358.0145
327.2115
299.5454
285.3831
337.8559
322.0937
244.921
282.5033
309.0799
324.2622
257.2383
209.1413
267.2396
247.9811
224.1693
201.2706
243.5842
182.6672
212.9387
193.7849
255.9779
244.808
212.0704
220.8487
288.2245
262.6868
224.7764
291.2259
208.5145
198.8723
280.9072
202.1877
214.5572
279.555
267.8718
289.1717
302.137
331.6147
262.4804
215.2102
194.1067
232.0609
249.9532
331.2114
447.1128
284.4426
266.5799
314.5982
282.4693
360.7525
387.4316
300.4738
305.9957
290.8927
316.9144
329.9112
332.9323
353.4763
368.707
323.7601
267.4183
302.6971
265.3237
258.9323
156.251
221.8165
236.7061
257.3251
282.8662
288.9143
251.9647
214.1554
222.1373
232.0557
269.7232
249.346
222.0567
208.9624
189.337
324.8734
261.4064
268.734
263.5651
294.0545
267.99
207.6836
284.4905
278.4511
316.7032
414.1602
408.0709
327.6716
380.0846
251.5693
282.6593
237.6407
214.3068
216.0163
244.4659
215.7142
187.8364
222.4072
269.3454
384.509
351.7958
374.3236
352.2096
393.6029
323.8374
332.3462
276.1411
275.4259
261.6935
282.5785
343.2169
361.1576
372.304
231.6731
291.6354
299.9263
279.9187
393.1107
321.059
347.5961
289.1469
247.704
362.2396
353.0101
267.0405
300.8226
304.2298
348.1272
348.4594
350.3675
413.7365
369.2255
369.4055
331.9262
314.9982
372.4814
385.0922
462.1908
420.6712
372.4348
283.7215
237.8651
238.9054
273.6849
308.4566
294.9158
338.5126
400.3486
333.3977
326.0071
306.0655
342.3858
375.1266
329.1065
372.6806
243.7123
302.0343
304.7522
324.4686
288.2038
261.0683
300.7005
299.1274
353.5038
362.6547
342.2012
288.1956
348.6252
266.0468
259.3111
249.7588
285.9991
394.6729
233.9809
286.2882
224.8252
223.5422
255.2023
411.0827
336.6811
229.0205
223.4373
148.9057
153.9951
199.4886
194.0409
251.248
284.0253
346.4764
218.051
240.2932
233.2693
318.6415
356.3032
275.0959
282.2646
243.6487
348.1065
245.8808
233.9834
277.0467
303.5765
303.8458
326.8187
255.5015
256.3272
215.6796
287.1325
348.1994
436.1305
467.9896
339.0491
344.3263
398.2575
405.4536
428.8481
321.7474
454.6074
303.737
356.065
328.6987
288.2598
258.3441
233.642
252.8728
206.3908
229.0384
260.8987
231.0568
201.5888
237.4632
293.44
320.1084
304.7713
325.1648
299.122
304.7151
380.8219
436.7128
302.9337
352.3577
331.9492
237.8833
253.1785
294.5488
297.206
254.7743
190.8864
189.5114
345.088
364.1054
371.1401
317.8094
337.114
243.1067
337.5048
279.8805
259.5241
224.8774
306.3211
210.2696
202.4796
227.5391
201.5294
186.6521
229.8453
204.7755
233.1274
277.0095
270.2241
254.5233
339.4517
365.1248
330.7663
267.5998
286.79
314.8205
257.9315
375.7036
371.7041
438.2794
329.5604
429.8493
412.4744
315.4287
288.0909
345.9981
238.6016
244.0179
190.8074
154.6254
178.3482
167.35
194.7805
199.9617
227.0218
211.4838
226.3175
295.9504
243.0225
340.6031
277.2999
209.4525
212.2078
204.7547
291.2561
240.458
219.5047
292.3479
195.6474
129.2029
244.4798
233.8095
235.2379
214.0821
259.7973
247.3026
285.3669
291.9589
364.0826
346.5577
350.1403
247.599
229.3603
177.7959
194.7039
239.2799
263.4822
216.4357
256.6757
299.2371
349.162
323.6726
284.795
300.1995
290.1791
268.1026
262.3077
322.1561
450.7464
475.3273
394.986
285.7714
330.0645
330.5532
308.6643
318.4586
369.8392
467.35
453.313
433.7353
454.4727
270.6325
408.4109
476.2817
363.682
392.3137
397.4757
352.0442
301.2169
344.2568
323.1776
382.1565
352.0201
391.829
348.8658
258.3577
199.869
228.4038
157.9597
158.6142
204.0881
252.834
316.8945
244.9646
277.3441
245.5739
271.5512
263.8607
308.3024
365.6165
364.2066
391.7156
343.5733
327.8402
354.9442
316.3786
360.8947
397.536
481.9365
409.2336
483.4488
336.9467
334.8828
363.8786
401.6009
381.9408
404.5934
387.4765
538.0795
419.6935
357.6685
256.2601
281.8625
319.6195
325.1323
409.5592
382.8797
406.465
392.3121
440.9399
304.9359
358.4425
255.121
230.4429
385.8814
313.3794
409.7073
377.6985
341.386
278.4878
299.4861
364.4553
329.085
381.222
335.6244
504.2573
321.3922
361.7264
432.3905
261.8244
306.7751
332.4928
313.2692
298.8342
307.3099
255.3506
403.0354
436.0895
343.0773
332.0577
305.2202
269.6343
246.5782
213.5414
198.8071
225.5835
283.3874
290.6956
342.7613
263.178
212.5028
215.3307
241.4742
213.6505
234.3841
319.3771
233.6689
225.0826
210.581
220.3769
147.9863
266.3633
379.2744
343.0358
306.1973
278.4112
301.6516
350.1679
280.0668
317.973
321.2011
263.9706
261.4237
249.7989
231.1672
326.7207
317.0644
325.3136
291.0856
255.0576
285.8784
324.4058
262.5754
344.0874
327.3637
496.831
382.3418
283.6254
325.8195
319.9437
356.7639
362.2411
355.2955
350.0193
309.8931
321.0102
251.251
358.496
331.5791
400.9414
424.2612
395.2583
364.7217
261.3673
242.9154
204.0737
233.0225
210.8906
294.3447
365.6514
303.5952
266.738
287.728
383.6835
331.1594
302.4723
325.2877
308.0753
375.1029
312.7612
252.8591
307.9565
404.7461
278.6372
380.5992
284.5081
351.4307
307.928
274.235
229.17
237.9535
216.2693
266.6263
269.2021
302.8664
311.716
312.6279
406.6028
388.0597
347.1684
483.6558
358.9605
370.4867
296.787
328.7946
448.5228
390.7674
371.5492
297.6739
269.34
293.8125
267.4965
258.9823
197.0489
198.9908
243.2883
305.3257
235.1936
248.9137
310.4104
402.3525
368.2684
286.0024
207.6038
252.6413
277.8885
345.3046
261.2984
266.7712
308.1015
328.4016
280.2215
266.5718
334.4476
424.446
450.7122
380.1855
331.1928
261.1898
320.5503
211.8503
300.0439
250.2924
237.1515
181.6674
273.3657
333.5284
262.9263
285.8055
246.6335
300.8762
293.7174
307.7292
305.4742
375.2397
389.3975
425.7657
462.6254
391.3188
360.3792
314.4899
282.7954
263.9327
288.954
276.5648
327.1281
307.9111
316.2679
282.105
277.9652
254.4107
327.2946
353.5942
303.5236
299.3179
315.3854
246.4426
217.5415
320.7072
371.3413
320.1775
257.6434
269.1054
348.8896
249.6839
293.685
226.1514
267.4141
230.147
352.7685
379.8456
298.9595
367.2544
353.0228
337.8471
368.5167
395.3259
322.2369
259.3855
291.8953
297.1941
334.506
313.6934
288.1533
266.8081
347.6287
280.9537
270.6596
345.6562
369.4873
350.5685
263.1714
366.6764
