13.1103
12.3992
11.92628
12.38813
12.43903
13.07919
13.17832
15.8114
17.31001
16.73813
14.23511
13.93025
12.5721
11.54811
13.13735
14.40086
11.20894
10.61358
10.60862
11.2399
13.60577
13.31852
13.88207
15.12453
13.67825
13.83823
13.57828
12.16687
10.28339
11.43049
11.13929
10.42606
10.09794
8.77019
7.858157
7.852367
7.788771
7.693819
8.346931
8.167183
10.19961
10.27842
12.37568
12.08009
14.57393
13.77675
13.24714
12.60695
10.69973
13.31242
14.12624
12.16759
12.53505
10.02414
8.941202
8.975508
10.15908
9.14589
8.439906
6.125783
6.679763
7.687514
7.611709
7.04247
6.165549
5.440215
5.919716
6.20961
6.499347
5.472126
7.225674
8.000421
6.15851
6.043397
5.598621
6.239322
5.678367
4.943319
4.975235
4.624146
4.728403
4.481396
4.988699
4.663859
5.478421
5.411448
5.828413
5.039403
5.245961
5.294683
5.764558
5.364245
6.62825
7.483534
7.260436
9.114039
8.705974
9.836972
11.02254
9.05253
11.83418
12.16158
10.15362
10.50538
9.889853
9.108242
9.028227
7.425975
7.982752
7.034649
5.485608
4.946539
4.299431
4.289058
3.93403
4.458043
4.32118
4.84112
4.755514
5.126739
5.74905
5.033263
4.667415
4.375386
4.666123
4.861742
5.185058
4.768691
4.788405
5.683551
5.776891
6.03154
6.068292
5.709495
6.013949
7.225385
7.443525
8.513501
8.234606
7.587643
8.123651
6.830262
7.019237
5.924349
5.79456
5.135129
5.99604
5.825854
4.973348
5.088144
5.440206
5.979262
5.114687
4.998449
4.052359
3.668385
3.841551
3.824232
3.667593
3.746007
4.153553
4.301652
4.774651
4.761992
4.999393
5.142996
5.662044
6.032325
5.984943
5.7024
5.924579
5.472037
4.968587
5.541064
5.904147
5.122775
5.931114
5.144194
4.404342
4.49653
5.098198
5.320596
5.01456
6.331238
7.000339
6.661648
8.3134
8.850214
9.628464
9.832472
8.675702
8.924985
9.633766
10.55055
10.37769
9.85684
8.757282
8.575203
8.423642
7.208241
6.782792
6.736605
6.476971
6.448701
7.899906
7.836348
7.493064
6.017882
7.67022
6.708709
5.756143
5.19766
5.811691
5.611893
4.917943
6.174898
7.210062
8.025088
7.27626
7.585715
7.261164
7.521317
7.477399
8.529416
10.16158
8.664861
7.905135
7.582572
7.461443
7.29361
8.503923
7.964664
9.694064
11.6289
11.41143
10.05663
9.494755
9.08975
7.965477
7.991631
7.605543
8.335907
9.324988
10.40063
11.41091
10.60513
8.641402
10.86964
11.17667
9.629508
7.224114
6.868369
7.341842
6.329429
5.402553
6.493093
7.035595
6.677128
6.253748
6.317561
6.385199
5.173985
5.318223
6.248631
6.832743
5.762498
5.687027
5.82146
5.120438
5.120664
5.819679
5.58515
5.480238
5.290926
6.141672
5.475504
5.945097
5.129216
4.999598
4.791022
3.942496
3.605023
3.541368
3.974262
3.980071
4.239973
4.612951
5.543969
6.398459
5.867568
6.121002
6.848523
6.411313
6.962565
7.558031
8.016272
7.760621
7.527616
7.263297
7.665951
9.674717
10.0712
9.909623
10.75746
9.685608
9.099103
9.045375
7.785093
7.785697
8.482196
8.204414
9.217313
9.018538
6.677394
7.422055
7.407741
6.82929
8.321077
8.402993
7.923899
8.728125
7.837041
7.784742
6.823254
7.089292
8.758911
7.993362
6.238761
6.761848
8.030129
8.41464
7.168956
7.254945
9.835396
9.587503
11.79262
10.66506
8.396672
8.617033
8.811774
9.825025
8.408632
9.149537
10.69586
8.534076
9.212524
9.267856
7.602726
8.806497
9.063817
9.058997
10.57566
11.5095
11.88397
12.11423
15.63385
16.49347
15.01263
13.56122
14.96011
13.53789
12.32841
13.55624
13.90994
13.65435
10.10572
10.23239
10.24877
8.976905
9.241795
7.814308
6.733559
8.559612
8.430266
7.416098
9.096561
9.956236
9.961868
8.145135
8.448129
9.835066
8.70135
7.953102
7.942861
8.435983
9.812441
9.345063
8.069187
8.15782
7.451052
9.226759
10.21468
9.556562
11.99478
10.23041
9.168809
7.3142
7.093768
7.02585
7.471218
6.5162
5.346632
5.438888
4.946108
5.662741
6.8549
7.251432
6.883007
7.972889
8.241675
8.734277
8.413517
8.667453
8.176762
7.445741
8.651402
9.571709
8.450375
7.800933
6.979763
7.403709
6.930262
6.438789
6.40545
6.474246
7.590944
7.452495
6.707937
5.087922
5.462437
6.999413
6.611506
6.251264
7.549845
8.89742
8.564083
9.43767
10.7246
10.93987
12.82843
11.72153
11.37442
9.987336
8.673449
9.049367
9.703654
9.032895
8.220101
7.676378
7.627828
8.437847
7.947058
8.242288
7.753566
8.933624
8.067331
10.17085
12.49791
12.22346
10.34621
11.79861
10.65301
10.78884
10.55099
11.70384
13.58583
12.80835
11.71667
10.35216
8.972027
9.658899
9.332522
7.75219
7.899787
9.018753
10.28687
13.41334
15.38837
13.52744
14.2873
15.04536
11.79791
13.46219
14.57266
12.53533
9.950549
12.66319
14.15654
13.44296
13.10772
13.9553
14.15171
14.35638
13.24513
12.28925
12.27557
11.84696
10.25721
10.465
10.71236
10.12182
10.16933
10.6256
8.838879
9.901357
12.87893
10.55585
11.64566
9.71291
9.567707
9.734731
8.888741
10.40342
10.56354
9.251388
10.09915
10.68747
11.25951
11.56577
13.65439
13.83927
14.37651
14.14118
12.56145
12.03143
11.41995
10.75555
11.11177
10.4758
10.63285
10.53048
11.61899
11.68963
12.77021
11.67214
12.51713
11.22372
9.195323
8.469964
8.173408
6.387015
6.678531
6.290576
6.454103
5.373501
5.674652
6.177225
7.165023
6.751789
6.488585
6.391001
6.050312
6.137096
5.474737
5.726218
4.731476
4.669567
4.40776
4.620868
4.453113
5.033299
4.5759
4.184903
4.648886
4.192681
4.829681
5.237846
4.799151
5.362237
5.619764
6.5834
7.184249
6.415234
5.977191
5.697843
6.103516
7.23234
5.918552
6.395617
5.929546
5.91266
6.907057
7.292717
7.454003
8.70283
8.252832
7.79205
9.255477
8.822178
10.70018
9.442926
8.542189
7.717674
8.98886
9.031988
7.054355
7.563611
9.204234
8.771452
8.473912
9.531603
10.322
11.03956
11.08975
12.03366
13.12366
13.00529
12.21005
11.77174
10.77551
14.34295
13.0597
11.9075
10.37153
9.768926
11.56455
10.55521
9.975979
10.32399
9.977171
11.52419
10.86573
11.87821
11.61658
10.57489
10.1615
9.199473
9.952513
12.50652
12.20729
10.7037
10.71253
10.45638
10.58589
11.24737
10.70196
11.92098
10.76314
9.635148
11.13418
10.12709
11.40132
12.32864
12.6707
10.67434
11.46996
15.84753
14.22622
14.14979
18.33612
18.13446
18.15831
15.0099
17.9602
15.21445
14.94406
19.63122
16.64296
14.12154
12.52341
11.5821
12.23705
12.18897
10.79364
10.40197
9.223876
7.86586
9.021064
8.536795
7.957388
7.097737
5.432242
5.047883
4.686215
5.194254
5.249621
6.470202
6.225965
6.867769
7.190564
6.515646
6.090422
6.283583
8.481091
8.841448
8.836879
8.408503
11.05808
10.34329
12.15504
13.78417
14.22121
13.99783
16.56928
17.76078
16.99451
15.80325
14.66992
15.07573
14.79771
13.32973
10.54875
9.620392
11.22636
11.22527
11.27158
11.59592
11.97376
11.87752
14.01654
12.59157
12.13206
14.15382
14.11033
15.18019
14.40801
14.05332
14.2639
15.19094
15.61954
12.89691
12.01828
11.34135
10.29581
11.10691
10.67764
9.085985
7.830228
8.34017
6.748104
8.342126
8.361853
7.896789
7.241953
7.217586
5.788294
5.805225
5.241836
6.379093
8.109202
8.929691
8.746168
9.107563
8.63525
9.310487
7.888362
7.342682
6.919136
8.357487
8.609306
8.250835
7.712357
8.158392
7.601553
6.545695
6.501596
6.530641
7.269078
6.615203
6.389611
6.67341
6.675875
6.481123
6.998573
5.979747
6.615944
6.23901
5.419998
7.342625
7.554561
9.331276
9.232168
7.444848
6.765461
6.686702
6.980901
8.277956
10.09171
9.852427
11.12378
11.45142
11.33417
12.93248
14.19614
11.23283
11.53298
10.93512
9.95135
9.298043
8.920044
10.27926
9.277354
8.84683
7.965098
6.979826
6.803575
7.808604
8.253591
6.442131
6.772142
7.706528
8.072464
7.094175
6.745666
8.115922
8.45712
11.30317
9.884793
9.013465
8.915635
8.249166
8.398869
8.003707
9.948133
8.034979
8.343685
7.677546
6.99113
6.969822
6.469582
5.704503
5.788168
6.219877
6.499187
7.016373
7.226055
7.994599
7.098331
8.837343
8.470325
9.548035
8.980952
10.12838
12.2798
12.26838
13.01852
11.89246
13.06079
12.79339
13.16168
10.22258
8.355676
7.751173
10.33878
10.57865
9.113079
7.659192
6.30126
7.191988
8.687936
8.226765
7.98697
8.522442
7.480807
9.160822
9.661475
12.34989
11.23951
9.458199
9.986744
9.595631
10.2771
9.152737
8.739337
10.32032
11.07826
11.0053
11.41388
13.87921
16.23833
16.03791
18.47268
18.28508
15.49677
14.29358
15.22596
17.30819
15.32588
14.05914
15.09636
14.08259
15.86286
15.18243
12.90876
11.12188
10.28132
10.78464
13.52964
14.27242
16.1757
15.44216
14.93584
14.39926
12.80245
11.85189
11.64226
11.02122
10.11326
8.870578
9.459087
9.195055
7.86261
6.879502
7.11388
5.656996
5.458824
6.639699
6.323151
6.682076
6.830787
7.298593
6.411151
6.861707
9.157677
8.489099
8.918081
8.048646
6.055898
5.131326
5.811124
7.003263
7.358883
8.39317
9.209527
9.718918
9.203949
9.923456
9.253407
8.590601
9.071224
8.855635
8.354232
8.374456
9.223794
8.460436
8.515198
8.41594
7.655284
7.056962
7.912893
9.200579
9.264133
8.109025
8.547427
8.410347
8.43788
6.749382
6.640245
6.098923
5.899082
6.746814
6.377078
6.428502
7.032729
8.319535
8.022863
8.260387
7.840174
7.737684
7.361478
7.191872
9.155721
8.147451
7.550295
6.839617
6.583963
5.808886
5.744409
5.996937
6.273852
5.491598
5.92148
4.573878
4.941572
4.468949
5.489674
5.412999
5.883911
5.486727
4.784899
5.415431
5.542522
5.121
5.361302
6.12685
7.217858
7.580289
7.414629
8.152078
7.066696
7.368751
7.283105
8.515286
7.69644
7.34852
7.174797
5.048017
4.581675
5.058467
6.298264
5.838876
5.489102
5.602392
5.571532
4.787146
4.704538
5.369578
6.123045
6.291265
6.67701
6.282895
7.736168
7.79013
7.804397
8.975778
9.063379
9.563205
10.06763
10.69603
11.06563
10.47659
9.934447
11.10001
10.98704
11.08616
10.24365
8.945312
6.919528
7.8926
7.919329
8.107274
10.01738
9.362108
10.16183
8.559949
8.093481
7.301921
8.531551
9.017744
9.368917
11.03116
11.07438
11.14196
11.60736
9.967322
11.13892
10.47528
8.446639
9.197754
8.281068
7.440042
6.550723
6.671268
7.268289
7.959722
7.604357
8.346228
8.117509
6.680526
8.542711
7.660558
8.410987
8.141728
8.194448
8.361094
7.911752
6.455193
5.805173
5.968476
5.600569
6.070726
6.818046
7.383486
7.280809
7.008129
7.814324
7.209526
7.088784
6.943102
6.857879
7.37227
6.987635
9.650681
9.373464
8.698311
10.17437
11.94803
13.36105
12.30912
14.4904
14.52899
13.52838
13.7679
10.41634
10.82388
11.65321
14.20525
11.9168
10.85516
10.63915
9.658321
9.43733
10.33038
11.20247
10.98025
10.06839
9.133194
7.852565
8.519636
7.786831
6.149577
5.768549
4.680912
4.131459
4.366036
4.309796
4.205643
4.060344
4.122764
4.630488
5.676355
5.458215
5.844127
5.886545
5.713444
8.156125
8.070577
7.492945
8.45391
8.063048
6.011401
6.381436
6.719234
7.719975
8.026308
7.361938
7.674111
9.165397
9.436075
7.754026
6.886676
7.705469
7.142705
7.074198
7.044849
6.879268
7.107258
7.141191
7.562216
6.52361
7.960542
8.36239
6.923144
5.598258
6.109583
5.394907
6.047679
6.457382
6.404747
7.437626
7.252206
6.749239
5.917116
5.686768
5.528187
4.914656
4.435927
4.426752
5.09525
5.505597
5.51421
5.124718
4.933885
5.680058
4.874109
4.463516
4.264829
5.021231
5.082799
4.510876
5.701259
6.186902
6.347275
5.582265
5.65171
5.390794
4.707688
5.094812
4.652309
5.395842
6.015624
6.544009
6.794524
6.969665
8.015789
8.035757
7.960162
8.380589
8.83792
9.103991
8.355881
7.752456
7.073161
6.274509
6.356536
7.966735
7.182904
7.128129
6.969563
6.806948
7.620737
8.259409
8.618232
7.724634
8.001287
7.632883
7.661175
7.707935
8.22467
7.639667
6.888097
7.153228
6.557392
6.364738
6.391009
6.078196
6.368326
5.446664
6.102641
6.798492
6.480124
7.24328
8.43304
8.399301
9.329187
7.412226
6.709027
6.920916
7.524495
6.488401
5.803887
5.97776
5.419447
6.091168
6.467458
5.140109
6.243208
5.672803
5.263036
6.232073
6.79035
6.744959
6.303486
4.923111
5.119965
4.908036
4.732908
4.59898
5.263942
4.921907
4.649897
5.959076
7.477694
7.518345
7.564641
7.430097
8.312473
9.823885
8.898112
9.593669
9.443606
9.427731
9.646889
8.176397
7.471123
8.431154
10.22261
10.00657
8.558405
8.373283
7.251672
7.436508
7.027253
6.392351
5.616332
5.041827
5.285533
6.152854
6.171257
5.459818
5.132315
5.186024
5.628739
5.50556
4.804063
4.23609
5.102436
5.541928
5.727304
7.098325
5.871954
7.24047
7.204628
7.133743
7.36257
6.875748
6.860261
7.061307
7.754521
9.119049
9.314488
10.86139
9.198634
9.598721
8.487146
8.134478
8.015371
7.364686
7.812745
7.46198
7.377651
6.94899
7.52241
9.441867
9.793869
9.203012
8.789988
9.177623
10.53194
10.00514
11.7836
14.9074
14.58798
18.05737
15.76633
14.56271
15.3119
13.6857
14.86683
14.39892
16.26201
15.42677
15.01148
13.431
12.21052
9.060619
9.895359
11.56638
10.61797
13.44121
13.86099
13.56217
15.90992
15.02928
11.66727
11.31159
10.21421
11.32542
11.76446
11.59186
11.04237
9.834458
8.911074
8.961608
9.092704
9.797786
9.644177
9.659049
11.927
11.81859
13.33536
10.25097
10.19688
8.794282
11.84656
11.6894
13.10067
15.08073
15.07658
13.27927
9.918607
8.318134
7.210445
6.317802
6.00093
5.551525
6.408642
7.21942
6.466819
7.692486
5.490572
4.514856
4.944393
4.692489
4.769243
5.516526
5.387925
6.265947
5.700278
7.899355
7.92492
9.238824
7.644197
6.473949
7.470115
8.352663
9.162367
10.25961
9.648476
11.1086
10.47238
13.00089
13.26099
10.5616
8.886642
9.02303
9.088886
8.902177
9.252075
11.00759
9.749067
8.970204
8.212557
9.470761
10.00644
10.59818
9.475558
11.324
9.913107
8.803353
8.591006
7.894089
7.393324
7.531068
9.279708
8.641596
7.990849
8.810535
9.419451
8.153466
8.132312
9.021368
9.41311
9.628777
11.29948
10.62122
12.42517
11.17364
9.265218
10.66122
10.28343
11.2648
12.83225
10.52652
8.765789
7.992439
7.353773
8.132695
8.218538
8.423171
9.105641
9.932298
9.848912
9.692125
8.974634
8.312445
7.421012
7.449609
7.691648
6.83115
7.926887
8.353304
7.622166
7.798686
8.092427
9.41463
7.549571
9.846907
10.01853
10.04289
9.100396
8.83744
9.599272
8.886418
8.249735
8.731366
7.939439
7.212482
6.432273
6.622777
7.282782
6.580638
7.460808
6.016424
5.37782
5.554169
5.42734
6.354154
7.063579
6.83024
6.784393
7.905229
7.51053
10.10872
11.17988
12.60349
12.61945
13.80644
14.4221
14.47147
14.3422
11.2704
9.675467
8.490521
9.384824
9.452359
9.706249
12.21169
9.244802
6.88866
6.354536
7.103461
8.153159
9.555761
11.73479
13.05368
10.05541
11.31054
12.64744
13.72845
14.59685
11.64052
11.22712
11.52271
10.95628
8.995735
9.270892
8.793276
7.591366
8.460201
7.155732
6.839991
5.869692
5.335793
5.065671
5.465481
5.192584
4.642695
5.636826
6.159968
5.953199
7.011339
8.040123
7.075391
8.399539
10.82928
11.45461
11.4179
13.22902
10.67276
12.12738
11.14432
11.00052
10.20483
9.795484
10.51325
10.20509
10.34717
9.514157
12.45614
13.21878
13.62838
11.31406
11.11089
9.305679
9.157616
9.994621
10.78744
11.09752
9.870274
10.02024
8.901419
9.833231
10.80576
11.39997
9.35926
8.780709
9.446819
9.391103
9.442688
8.985586
9.772527
9.062556
7.14755
6.975766
8.061813
7.271591
5.397958
5.698769
6.457989
6.438096
6.440916
7.121874
6.976106
6.50928
7.313396
6.761296
6.456318
6.121212
5.957
6.525561
6.460471
7.281853
8.640217
9.225477
9.88534
9.386586
8.032374
8.098085
7.591788
6.935541
6.376433
6.098691
6.400777
6.258589
6.218522
6.265996
5.505245
5.129171
6.206504
6.644867
6.723535
5.050031
4.928616
5.251085
5.353052
4.698038
4.55961
5.037411
5.431906
5.984881
5.023522
4.518179
5.020183
4.270725
4.135357
5.09311
5.130807
5.780542
5.06408
6.460568
6.042362
5.917667
5.97969
7.101183
7.535862
7.230736
7.939879
8.138629
7.785538
8.934216
10.38644
9.910267
11.58681
12.11406
11.25791
