40.39924
43.33971
42.21444
41.43075
46.44472
41.48017
41.62664
43.32479
40.72708
41.53882
37.82856
38.1373
38.58497
41.56242
44.83297
43.53857
39.4489
40.48324
39.95865
42.6494
42.54138
47.03121
44.89867
39.00561
39.25069
42.18291
41.72324
43.40262
46.78026
43.76486
49.37299
43.23662
42.79322
45.14377
43.18877
45.0157
41.20219
42.50415
43.093
42.8229
38.67267
44.80502
43.86304
47.04505
44.622
44.80728
42.43042
44.88067
42.85238
43.75911
43.70551
41.79426
41.45861
47.78236
42.61719
40.32555
40.5652
42.76612
43.91814
40.07425
40.57656
41.46142
49.66798
41.68964
39.31231
42.32658
41.73546
46.18346
45.47766
41.10081
46.46513
41.50895
40.99856
40.92079
41.72984
42.25425
40.48321
49.3738
40.29448
42.4702
37.24934
46.29955
41.52257
43.33736
37.86538
47.24043
42.20759
39.05834
37.85082
49.03435
41.5477
39.09668
43.40122
38.68839
42.96785
43.3075
43.59486
43.72113
40.86594
42.20388
39.04767
39.00261
44.65536
40.49661
42.18963
40.70169
46.99016
50.52874
36.85397
42.58382
45.11853
47.64889
38.07505
40.29426
40.59254
37.60184
39.05805
43.81872
42.24272
41.16461
40.15033
38.95286
40.76755
38.18575
41.59583
43.50384
38.59743
46.50729
41.62834
41.33321
41.12079
43.44958
53.676
47.13418
42.91735
39.08116
39.26124
39.95006
38.44918
44.85217
42.29513
47.5655
45.16033
40.56431
43.0701
37.54503
43.71964
42.57946
39.54679
42.49273
42.33584
43.34063
41.93799
39.33451
41.91059
40.87033
41.25016
41.47489
46.90896
39.77649
36.04741
36.82774
42.39162
38.17517
40.1073
38.09692
38.97104
46.63181
47.32788
41.51357
38.21241
42.66744
41.89291
39.3772
36.4039
39.54798
48.69845
46.59847
50.58845
43.69621
43.61493
41.71339
43.05786
44.52461
43.93185
44.27418
45.76938
45.19159
46.02283
42.87901
44.17093
43.73464
44.19748
49.82712
46.336
47.09695
43.17517
44.89805
41.24169
44.64408
35.63128
42.34446
43.55029
43.4275
40.20723
43.16057
42.59099
44.60042
41.26122
45.67897
44.0432
41.90168
47.61194
40.70227
44.59551
41.25944
39.24106
40.43395
38.76036
41.95299
39.5589
37.55334
44.50112
39.67441
43.68436
42.32132
43.72668
38.58856
38.6773
44.32223
38.40316
41.3218
38.69079
46.45322
43.08806
43.6619
37.75974
35.29778
38.7846
40.34728
44.36242
43.91993
38.78271
46.50598
47.84297
39.30257
43.5182
42.39313
42.44869
43.04894
45.61505
46.91094
39.54301
45.9513
45.70825
42.17284
43.55852
39.12063
38.67076
42.81263
41.62169
42.97867
42.87037
50.64141
39.36296
46.63376
40.15231
43.7855
41.66238
42.43767
42.98749
43.90947
45.33552
40.02422
39.48011
39.91943
41.52199
43.36822
40.78601
42.99335
38.90116
42.94993
38.59827
44.61383
43.14761
42.55636
41.53066
42.2105
44.7275
40.63732
44.7156
45.67363
42.30018
47.48171
42.39838
43.90992
40.95197
41.4711
48.61342
43.64233
48.65302
43.95225
44.73342
36.6492
43.6666
38.99406
42.53535
44.98323
44.90748
41.69063
47.71388
42.1528
41.95578
45.31641
37.46733
41.26905
42.15477
41.9184
47.56872
39.46414
39.90179
41.54123
46.00167
45.03126
39.53409
38.12668
46.18407
43.82468
40.73919
43.07611
51.11764
42.09214
44.37298
43.58384
43.16247
43.06244
41.66488
40.75154
45.11526
46.08421
41.32461
39.50703
41.89725
39.46768
41.55858
48.1921
41.74638
46.23102
42.05771
42.63438
44.79401
47.75601
38.37127
41.99299
40.11222
38.90374
41.25554
42.3974
42.68013
49.05551
43.88285
40.11316
41.20171
39.86863
43.63944
49.99527
40.82597
40.42551
40.48157
44.71169
36.2019
44.27805
49.03118
44.65495
42.0533
46.15387
43.31867
42.69639
45.97742
44.32484
41.65269
42.35354
45.64279
45.22573
43.9894
39.869
48.75933
44.83158
51.23426
41.14995
40.69854
41.60656
43.30704
42.18297
46.34857
38.10374
40.67465
43.7162
39.70098
40.75121
41.53648
46.06407
38.66625
40.07394
45.11459
42.41622
47.713
38.59713
43.1233
42.09605
43.7515
44.42467
42.15763
38.64171
40.07665
40.33072
41.92375
37.78667
35.74728
37.69932
41.8041
43.19273
41.96502
41.15762
50.32975
41.26223
46.23337
41.59273
36.72356
39.21422
41.06838
37.53268
38.19825
43.80776
40.91006
41.77627
45.16172
38.76594
47.54265
47.41371
46.98405
41.89024
44.36004
42.1892
40.95471
42.97985
48.86329
44.15886
39.68143
43.26129
42.88188
39.69153
46.99184
48.20037
47.53793
38.41859
40.04247
43.6246
40.51033
43.945
41.14876
37.03901
39.23684
38.33818
39.62231
43.3153
40.31841
41.47908
48.35476
35.80498
39.93251
41.77761
44.95512
45.44776
43.01587
41.51528
41.6841
40.7247
40.04936
37.64153
40.52676
44.54717
40.48489
47.09818
43.17678
45.7267
39.26359
39.95808
45.24317
41.13823
40.13984
44.59842
38.33125
39.62198
42.48033
40.57673
40.50572
36.61749
35.92466
42.29209
