53.52847
59.61915
95.43688
92.39459
110.6591
129.529
113.2764
129.1665
137.1234
134.0536
118.8122
124.9624
123.6813
165.1436
127.9369
162.7731
137.3996
166.2202
158.7974
150.7455
113.5644
158.2776
117.1841
145.0707
171.4231
170.6039
154.6654
164.2504
184.8153
132.4413
160.497
124.0182
141.0044
119.4712
158.6083
151.9864
164.7548
83.8796
99.34834
116.3939
154.4728
161.8087
131.4697
163.9668
130.2915
164.3217
141.6419
87.23488
95.51812
81.47248
116.4733
118.9468
112.543
90.35672
104.058
120.0774
154.8646
110.7853
141.8964
149.8933
150.0474
149.4539
118.7133
140.3535
98.77665
106.8167
136.1808
130.0533
179.4232
208.0289
150.4304
143.336
118.3959
123.5353
92.25202
95.85058
101.8601
127.8736
125.4074
106.1779
148.1238
206.0097
146.2407
125.4262
106.6546
135.8703
144.7842
136.3926
135.7351
177.5046
167.3582
148.4732
141.9297
85.1899
77.24074
103.2065
119.3933
117.7833
144.5716
120.2588
107.756
106.5002
120.9516
160.4625
150.6028
115.1777
135.847
158.4203
153.315
131.1574
161.168
128.8002
103.6603
118.4495
116.9731
108.0383
73.68529
77.73342
99.79753
146.1614
147.5163
111.7915
109.0954
95.05834
83.32968
99.60087
124.478
89.58643
126.0515
105.3874
76.57775
90.55378
89.26509
108.2188
111.4275
149.4363
130.3191
125.5853
139.1583
208.7534
175.6091
181.002
188.6944
168.2034
199.9518
162.9615
121.9739
114.6525
144.6415
107.5952
109.9228
89.97114
109.1171
137.5945
115.2082
99.34884
95.05557
109.5926
98.82117
138.7627
117.1789
127.6921
114.7446
118.6966
107.6919
100.4223
112.4962
112.0626
97.00561
97.24672
128.2713
153.6845
160.5716
146.1076
158.5945
135.1583
156.8066
165.9623
175.1565
157.5275
123.6143
123.0605
105.2258
128.6717
134.4973
155.7716
148.7443
166.705
107.4062
147.504
114.577
122.3743
119.9307
134.5348
90.19011
135.8418
112.8197
104.6745
162.2102
128.7613
117.4292
157.2262
123.9733
109.8222
68.23226
80.11383
120.3376
131.5925
118.5051
202.5527
151.9901
118.9199
133.4613
175.1767
143.325
131.8988
130.8106
123.6764
108.7599
121.5762
111.5584
123.957
105.0273
122.1388
138.6087
154.9695
91.73054
115.6546
93.96839
116.3721
135.5469
126.9607
157.9747
194.1359
122.5757
141.1879
126.9702
125.849
104.1473
137.5592
150.944
126.3614
148.4276
112.3781
142.3665
155.3085
132.9759
121.4879
102.7237
93.90525
111.1733
124.7799
113.9189
120.3082
123.117
163.7154
155.1252
166.7006
155.4083
150.9593
129.6121
149.6198
114.8012
108.0789
121.3996
106.7528
154.1364
152.3796
108.1657
92.96307
114.4446
149.1783
173.5791
143.7549
171.6809
140.6445
140.045
113.7338
88.64391
102.631
146.5738
76.08786
63.24595
60.89174
88.95664
101.2726
161.2793
142.6965
144.656
112.5368
97.97857
134.2664
179.8324
159.5601
136.6808
121.3823
103.9224
147.3996
137.0792
153.514
170.2285
144.5774
104.3898
120.756
126.5361
141.8533
111.2445
110.4534
114.9083
130.8933
138.1388
140.497
119.6199
115.3096
85.83536
93.35573
88.05903
127.5529
123.5893
108.0888
117.131
114.3536
118.1873
112.0133
110.88
113.0495
130.7074
141.9033
193.6934
186.8997
192.2556
218.5526
159.8206
148.1283
134.5479
124.6356
135.3042
135.6332
155.549
146.5626
135.9041
129.8954
142.9532
151.9153
140.9669
106.7389
98.77828
103.7799
96.50165
120.99
136.0127
160.9036
143.4406
153.2441
123.441
111.8545
91.20862
93.73424
115.044
119.243
117.9676
89.94634
82.63458
91.88017
79.06603
56.46413
67.4025
75.98929
69.45833
120.0386
161.7259
135.0836
139.0854
128.8809
121.4449
153.5849
132.4864
119.6619
121.7926
129.0208
114.0228
113.0991
127.3027
163.1303
134.3638
139.0019
163.9206
113.2917
135.9364
152.9175
168.0645
165.6665
116.7916
115.8373
121.3294
134.3265
152.3608
141.6943
119.9989
147.6216
139.0796
107.3438
107.7199
111.2864
108.6238
105.0814
124.706
93.84129
133.1747
119.7229
111.4478
101.3836
103.5282
98.66005
117.0516
119.4072
172.2462
165.6888
141.0582
115.5123
139.4582
142.0917
191.7075
156.5296
126.051
156.7012
105.6176
103.6718
114.3042
116.5713
144.6534
151.6489
137.1182
150.4935
127.8954
129.4587
108.6239
116.3029
114.2032
146.1951
127.8975
146.4772
119.7988
103.8607
119.043
118.406
138.1412
132.3852
125.7723
141.7327
121.0851
116.0235
99.52309
90.85866
113.2074
124.8502
123.3624
141.1039
101.8911
87.98071
98.15252
106.7212
112.4287
112.4989
90.55873
113.2936
136.9209
145.3841
204.2665
161.9473
177.8691
196.6335
150.3139
150.8275
114.1719
125.9919
146.6598
120.9428
78.43421
70.94538
98.26635
160.0025
142.1886
135.3269
120.14
115.1552
118.7084
153.7276
117.4584
89.84577
68.94042
73.65581
77.69898
76.24029
64.35844
85.0767
113.0354
131.8183
123.8731
130.9247
117.7584
136.5711
133.6504
167.9769
137.6436
92.47915
86.30457
109.5546
107.3872
90.30404
93.02241
99.43806
87.46888
152.9783
142.4913
184.8527
188.1545
144.0025
200.6797
155.5945
121.7666
117.7281
122.5162
110.1902
117.2059
133.9601
156.3833
99.76527
103.009
101.3161
125.8675
135.8171
113.0586
86.40263
114.8437
117.2519
132.4644
107.9942
125.2508
83.1201
113.9367
97.86139
83.54273
113.3745
144.2132
150.833
114.3822
123.4694
118.5619
126.9968
166.8396
95.18051
117.9777
120.5694
107.6281
112.0872
138.6498
141.1889
150.1332
119.4066
146.0702
121.1034
103.5642
115.2791
109.4924
120.0617
88.4561
113.1029
128.9198
112.5852
108.7178
104.727
158.8457
158.5683
118.7561
112.5008
128.1133
118.4347
151.4066
184.7946
197.0514
154.1225
124.0247
130.0274
160.1245
130.2708
139.0574
115.8912
125.9806
137.1133
127.2182
135.8626
136.4344
135.3843
143.8975
156.4389
106.6291
120.8877
116.9216
111.4905
123.9765
111.0357
155.2847
129.9079
133.7995
122.1845
96.76529
95.73259
109.4793
97.30593
108.7513
129.1652
173.4673
155.9965
182.1399
144.7902
185.8957
250.5312
138.8022
118.221
85.46365
98.09582
97.73151
122.8421
106.9048
90.66945
98.91364
108.4865
100.1661
122.613
127.773
146.5973
111.1044
90.79235
123.9522
131.9643
123.4965
103.694
122.8092
162.3904
111.0872
109.0914
94.38391
100.4063
92.85872
114.8253
138.862
153.3377
118.1243
92.48058
93.73101
101.6611
98.82175
144.5289
146.3562
130.6723
159.2343
125.8751
149.5436
160.8408
121.4879
129.3878
115.7305
130.9724
138.3419
142.4098
160.5785
147.7077
162.0973
166.1894
163.3512
163.7982
121.4856
171.5661
194.0696
155.8388
260.9333
183.0043
177.6602
139.7788
148.3227
149.8608
174.2761
133.0727
133.9538
121.6239
136.7032
128.7092
122.0726
111.663
106.0524
93.03464
126.9604
105.4711
98.86222
135.6488
136.8734
147.0318
143.7409
165.5819
121.3964
134.3012
150.1424
131.8539
130.3859
128.0379
118.8919
111.3734
98.46063
113.4663
125.183
111.0078
120.334
150.3731
119.6975
81.52028
78.39959
107.7849
109.0678
91.64479
132.1045
122.9622
147.3837
161.9691
155.34
121.9078
152.1492
142.088
98.9834
119.5957
145.8355
156.0996
125.5153
117.9924
137.2651
110.8663
130.0821
135.3288
141.502
130.4901
108.4683
127.5879
131.9836
108.5464
103.2756
90.33062
124.797
129.9006
127.2893
139.2508
142.593
158.9227
148.659
160.6453
171.3467
224.1611
180.5552
141.0476
157.9134
117.212
115.9556
99.92393
100.5842
78.55434
83.17366
106.8716
141.8365
138.614
200.2917
240.7523
175.1114
204.1626
134.9247
130.0658
139.7005
112.5756
147.0315
120.5745
106.5444
100.8155
88.19586
89.44335
113.1677
141.6059
123.2367
127.9171
87.41901
111.8273
137.0839
97.26298
105.6957
75.18028
77.99917
83.98899
95.01746
101.3445
87.04599
99.61176
88.18934
117.2021
100.6399
101.5515
118.7429
113.6076
124.4993
159.8631
192.5214
147.0758
113.7279
102.272
97.38397
117.3199
106.6398
92.34526
93.49066
123.7655
144.2184
126.7721
136.4554
164.4426
135.7402
115.2452
169.1945
105.556
107.6463
149.3189
149.7027
128.1907
125.2836
71.9734
69.48474
94.49882
105.9831
108.1686
136.8524
117.8489
112.3565
104.8375
139.9125
111.909
82.50916
70.05559
59.73145
71.93424
96.91564
89.31546
101.5409
97.94115
65.64099
67.57315
77.67489
68.28033
78.72818
87.28061
89.71437
89.8524
117.7704
98.951
125.8302
143.2877
133.7264
121.3351
105.7727
88.3382
84.17298
95.35445
122.0207
145.2965
143.9425
123.3914
128.5677
130.8502
125.4427
146.6242
147.4604
143.5745
144.3647
160.7709
124.7669
132.6582
137.6717
145.395
128.4303
128.0929
92.14028
90.67761
121.8258
111.3651
154.831
161.4357
160.4036
125.0191
144.5266
138.0515
124.6146
135.4419
113.4735
121.0019
165.1586
180.5524
159.8938
153.3174
183.9969
160.9048
141.0137
126.2721
100.8601
91.83384
125.802
130.2041
161.5818
115.4649
112.5882
93.98541
117.3358
154.6645
128.946
176.5605
131.9937
139.5926
94.42317
92.20941
106.7125
109.9369
147.1069
179.4065
174.512
170.8552
171.8286
196.9597
169.859
231.9575
218.8326
174.933
196.4094
138.1988
171.0087
145.3385
119.1091
124.3779
131.5742
162.7508
140.0677
132.8678
156.1238
168.4738
136.6226
131.4179
141.0404
139.8811
111.224
117.7161
131.0282
108.8626
133.9326
141.1536
130.7693
187.9172
148.1704
168.5671
165.3224
163.5854
127.8599
158.8303
150.7424
148.2916
152.6631
171.6316
159.1716
128.9848
172.6787
174.7923
130.6009
110.9208
117.7035
156.7163
123.1082
137.787
138.4344
172.5037
136.6231
160.4498
135.6481
100.2659
144.8483
154.9455
139.9258
155.8088
145.6742
153.8874
146.061
135.4613
142.5416
100.0031
111.1521
130.626
142.8216
98.38803
111.7784
140.7378
