30.75503
26.94776
27.99252
27.32696
26.08648
25.25495
24.35629
23.61377
21.90431
21.77542
21.53526
19.72831
18.96528
19.31223
18.9161
18.87551
18.20274
17.24651
17.90493
17.28072
16.89496
17.41515
16.91835
17.34363
17.33171
16.79951
15.64414
16.78591
16.40108
16.61223
16.87891
17.10639
16.60589
16.43394
16.71241
16.17577
16.1988
15.73858
14.85691
15.43321
15.78463
14.49317
15.05402
15.71177
15.45467
16.16728
16.24559
15.78342
16.23401
16.57339
16.00755
15.89326
16.26009
15.91943
16.1963
17.56935
19.46977
19.17574
18.04728
17.39731
18.44038
18.84636
18.94189
18.66242
18.16915
19.13084
18.83026
18.08
18.75292
18.90704
18.14576
17.61895
17.65553
17.5225
18.18958
17.84269
17.03661
17.19132
16.25476
16.27176
16.00838
16.49962
16.1099
16.40918
16.25101
15.36193
15.12496
15.7642
15.70581
16.28271
15.86466
15.02374
15.06898
14.46823
15.38638
14.6079
14.5039
14.45605
14.19265
14.2993
13.7271
13.59166
13.63785
13.5776
14.03409
14.07179
14.00347
13.62729
13.41159
13.00633
12.99899
13.03587
13.65018
13.72319
13.7558
13.30318
13.65586
13.06624
13.8873
13.42181
13.01296
13.00578
12.23697
12.22856
12.4067
12.52032
12.60936
11.53737
11.5205
12.02445
11.71032
11.52622
11.5576
12.09121
12.81474
12.68497
12.35454
12.54399
12.61597
11.855
12.17062
12.43609
13.25054
13.59993
13.17228
12.97164
13.60109
13.30177
13.14588
12.84432
12.62763
11.90723
12.49513
12.5385
12.9617
12.9509
12.54547
11.67659
12.01919
12.10951
10.82656
10.75739
10.97789
10.67278
10.86224
10.98677
10.94553
11.04901
10.80862
11.65956
10.93049
10.74266
10.64562
10.41011
9.867038
9.893383
9.973123
10.27082
10.09602
10.03829
9.861424
9.669911
9.871197
10.26987
10.59818
9.865158
9.864835
9.889953
10.25148
10.52843
10.77617
10.80882
10.03022
10.08489
10.35486
10.35459
9.726456
9.609222
9.690824
9.800718
9.986303
10.09876
9.389305
9.612709
9.436358
8.915354
8.94149
8.664714
8.330445
8.609485
9.219938
8.82711
9.07654
9.288211
9.01643
8.841247
7.950862
7.834112
7.890658
7.127079
7.832201
8.131925
7.977331
7.827702
8.200465
8.065598
8.149642
8.273089
8.422959
7.971277
7.834662
7.748237
8.141801
7.984863
8.196959
7.917175
7.255462
7.344284
6.916941
6.859086
6.999107
7.147022
7.55142
7.884454
7.810875
7.576504
7.759042
7.770484
7.581053
7.289254
7.021713
7.13296
7.075528
7.022154
7.397287
7.460209
7.62842
7.379207
7.015598
6.891077
6.914962
7.397295
6.934745
7.111827
7.306215
7.986919
7.854843
7.651325
7.916711
7.941838
7.966522
8.803314
8.693284
8.634545
8.099246
8.006542
7.834981
7.776427
7.842897
7.833902
7.811418
7.854872
7.610246
7.625005
7.808861
7.789648
8.182891
8.796353
8.640242
8.855518
9.222752
9.318538
9.496904
10.25561
11.01057
11.28622
11.38536
11.59516
11.85255
11.28625
11.23774
11.8294
11.2794
11.46968
11.72624
11.52809
12.02307
12.21905
11.49704
11.56106
11.98068
11.81625
11.50705
11.44741
10.84475
11.07623
11.39295
11.44627
11.67801
11.93248
12.19552
12.15256
12.92273
12.8908
13.64025
13.58615
12.82462
12.58602
11.96549
11.63634
11.59657
11.47578
10.91465
10.45898
10.43547
10.28292
10.84567
11.0652
10.97567
11.8578
10.84865
11.48749
11.4645
10.71993
10.97384
10.93208
10.56568
10.57063
10.91065
11.23221
11.11624
10.88165
10.28767
9.920709
9.676406
9.518775
9.605135
9.659352
9.935505
10.25087
10.55009
10.6212
10.4751
10.68036
11.60158
11.20607
11.54109
11.34698
11.49698
11.90387
13.0191
12.19549
12.08186
12.01493
12.12992
12.29718
12.44401
12.65003
12.95826
12.42365
12.59429
12.75497
13.18802
13.2705
13.21367
13.73732
13.84742
13.92126
13.73177
13.37646
14.1513
13.8084
13.95678
13.97505
13.88266
14.45202
14.20601
14.11923
14.0602
14.38691
13.94246
14.04225
13.36238
13.68511
13.35993
13.47922
13.1538
13.20525
12.93417
13.39529
12.46252
12.79405
13.35497
13.88418
14.19554
13.59074
13.9562
14.94313
13.7888
14.3165
14.44437
14.20992
14.16019
13.7286
13.896
13.67551
13.38677
13.86724
13.686
12.71655
13.06169
13.57969
13.40656
14.25118
13.69988
13.81577
13.66393
13.35469
13.58846
13.10063
13.18069
12.96893
13.14943
12.6472
11.93124
12.61563
12.05168
12.17166
11.85779
11.71504
12.27997
12.70089
12.74152
13.44639
13.54408
13.3495
12.97962
13.17975
12.41288
12.40319
13.44407
13.86027
13.6339
13.63457
13.50132
13.1716
13.97273
13.54933
13.32984
13.55061
13.7713
13.47917
13.22547
13.12537
13.00988
12.82513
12.86174
12.10413
12.60436
12.11763
11.84469
11.77816
12.00361
12.25178
12.16627
12.04292
12.03673
12.99925
13.15731
13.06022
12.82374
12.40543
12.65348
12.69411
12.6871
12.46637
11.97811
12.79095
12.30881
12.25035
12.07773
12.11675
12.31901
12.92704
12.52251
12.53339
13.05929
13.01664
12.90847
13.50702
13.77442
13.72454
13.16417
13.3182
12.97188
12.5335
12.14111
11.23359
10.5462
10.65648
10.68181
10.76406
11.21738
11.22342
11.33359
11.4178
11.46399
11.67911
11.84241
12.60977
12.61461
12.68319
12.26581
11.91963
11.70794
11.95653
11.90869
11.67532
12.03753
11.75493
11.71354
12.47285
12.96593
13.67578
13.8176
14.09797
15.00503
13.99639
13.62058
14.6588
14.94259
15.42543
16.45202
15.85768
16.29083
15.90858
15.66927
15.71363
15.83072
16.35327
15.86809
17.24276
16.2537
16.92376
16.38226
16.67782
16.51125
16.8449
16.07301
15.41441
15.11117
14.76431
14.96255
16.14452
15.633
16.54921
16.70757
16.38802
16.60782
17.0845
15.91232
16.36113
15.95267
15.89655
15.46943
15.62072
16.09222
16.57428
16.25673
16.63076
16.46014
17.18287
17.47591
17.65737
17.37097
17.73493
18.0895
17.32828
17.48407
18.43518
18.83541
20.42984
20.15445
20.57588
21.06681
20.61798
21.38468
20.67141
19.77873
20.60777
19.89344
20.57335
21.33519
21.45578
20.79696
22.13958
21.42431
21.34975
21.51064
21.9601
23.18994
23.06687
23.27506
21.58452
21.4733
20.48001
20.8597
21.6127
22.23242
22.26734
22.59713
22.4327
22.78113
23.31833
24.39179
23.97503
25.42405
27.01146
26.8127
25.46721
24.89617
25.84153
27.34871
25.78178
25.09576
25.17851
25.14101
24.33859
25.00491
24.93545
23.69859
22.4208
22.60906
22.32903
22.88964
23.21467
21.87222
24.05444
23.9309
24.88514
23.50481
21.66504
20.38765
20.71172
22.07196
21.81689
22.28015
22.9965
22.70942
22.87531
22.39861
22.00225
22.88896
22.72109
23.24968
23.81426
23.53145
22.81465
22.77439
22.33084
22.11192
22.22393
21.57756
21.58125
22.56623
21.95323
21.85464
22.21855
21.50161
22.74616
22.06458
21.44639
20.97099
21.01095
21.1416
20.13433
20.93346
21.80912
21.7831
22.01114
22.30828
22.75577
22.35037
23.47246
23.59385
21.94942
21.35873
21.38935
21.22214
20.76249
20.9135
21.58939
20.92064
20.47388
21.61752
21.80966
23.39118
23.38131
21.80011
21.55188
20.92808
20.92913
21.54478
20.65379
19.86459
19.88894
20.9466
20.2557
20.00783
21.71164
20.82175
21.28128
22.24198
23.45445
23.56933
23.484
21.77491
20.00428
20.27489
19.66299
19.50471
18.6205
18.8568
18.45226
18.34131
17.97097
17.76788
17.25643
18.15922
17.26994
16.40084
16.39038
16.86647
16.86446
17.8332
18.64447
18.03992
18.80773
18.9518
17.76265
17.13166
16.54847
15.5607
15.32163
14.84095
14.06343
13.75914
13.45187
13.61231
14.46663
14.01652
13.49573
14.08235
14.43048
14.78087
13.66637
13.24937
13.61532
14.26577
15.19016
15.67865
15.75086
15.80215
16.06169
16.37547
16.21899
16.15877
15.78901
15.83705
15.24874
16.20289
15.70163
14.86991
15.20032
15.26725
15.08932
14.75764
15.10731
15.94189
15.006
15.43362
14.903
15.03585
14.08147
13.44705
13.75624
13.29121
13.9315
14.38204
14.10058
14.19098
14.96816
15.1648
15.5654
15.80489
15.61874
15.26419
15.31666
15.29531
15.43617
15.41195
15.6361
15.05044
15.30626
15.30445
15.60768
14.48727
14.1702
14.04691
14.47155
14.48056
14.34679
14.88489
14.67365
14.42599
14.11914
13.73706
12.90649
12.7255
12.8034
12.19921
12.24642
11.62366
11.67582
11.99548
12.00671
12.69084
12.8332
12.90625
13.41856
13.73826
13.51236
13.65123
13.76375
13.67378
13.41087
13.32554
14.51278
14.44111
14.95535
15.24394
15.59687
15.45661
17.02849
16.40802
16.35765
16.46448
16.66073
17.31104
17.06686
17.19463
16.54951
16.73637
16.85526
16.48382
16.15991
16.97135
16.22193
16.02825
15.23154
13.90686
13.93802
14.19201
13.55083
12.92775
13.15099
13.41023
13.59901
13.10037
13.45366
14.21064
14.19028
13.97992
13.92676
13.48975
12.56475
13.02537
12.16898
12.70067
12.65656
12.75839
12.8359
12.45299
12.49204
12.91613
13.61299
13.48071
13.80177
14.18638
14.25951
14.59143
14.65106
15.43271
14.805
13.87794
13.23145
14.23512
15.19186
15.87766
14.56831
15.46936
15.86443
15.96841
16.23709
16.48903
15.6528
15.4781
15.32604
14.08205
13.19308
13.27823
13.33397
13.53287
13.68206
13.28926
12.93774
12.78128
12.98737
13.11523
12.81346
12.27685
11.9087
11.66213
11.60604
11.03034
10.70169
10.91642
11.07094
10.36461
11.10633
11.17252
10.57848
10.53538
10.21565
10.89344
9.980568
10.05306
9.675448
9.731872
9.709619
9.826136
9.861956
9.293018
9.445494
9.058405
8.562795
8.384444
8.786443
8.677421
8.361927
8.460789
8.124082
7.826633
7.949064
7.88775
8.272602
8.432952
8.372797
8.317218
8.43131
8.069687
8.416492
8.52709
8.568611
8.595544
8.506042
8.192201
8.537325
8.506465
8.54952
8.849634
8.808739
9.089693
9.348363
9.062755
9.33703
8.912086
8.540043
8.801859
8.585215
8.533573
8.916486
9.14552
9.177447
9.734649
9.552848
9.057595
8.889577
9.284054
8.563882
8.645051
9.113206
9.076051
9.184268
9.456539
9.192471
8.703013
9.012546
9.522083
9.087802
9.151413
9.040765
8.728227
8.781447
9.048062
8.940821
8.712895
8.489402
8.324977
8.917996
9.303911
9.263442
8.912774
8.820556
9.076652
9.539727
9.70409
10.38975
10.61038
10.38874
10.23701
9.520527
10.1001
9.799719
9.98187
10.45945
11.11634
11.19433
11.51901
10.96493
10.66098
10.49758
10.8528
11.07934
11.05005
11.00067
11.73509
11.51438
11.66418
11.49432
11.85751
10.82397
10.89325
10.85121
10.52885
10.69838
10.37779
10.73854
11.00208
11.45208
11.38955
11.05259
11.20076
11.49591
10.96356
11.75073
11.51396
10.95415
10.40801
9.995372
9.743195
9.980621
10.44006
10.56662
10.35015
10.47761
10.19893
10.18061
10.33445
10.17838
10.80143
11.00868
11.35028
12.06577
12.23966
11.65165
11.6462
11.68032
12.04035
12.02061
12.20313
12.15548
11.83566
12.00454
11.58382
11.23249
11.55439
11.96554
12.16023
11.38855
11.57016
12.00551
12.27589
11.58806
11.89464
11.85629
11.37872
11.60196
11.75436
11.17784
11.16799
10.72662
9.954052
9.917306
9.538521
9.178748
9.089792
9.190579
9.409166
9.089653
9.938435
9.748901
9.802686
9.877596
9.635799
9.493615
10.3883
10.94333
11.03944
11.17037
10.89329
10.2665
10.45439
10.73735
10.90982
10.71592
10.07437
9.877343
9.746658
9.476813
9.772005
9.37915
9.060804
9.514132
9.338479
8.960664
9.270513
9.49602
9.049191
8.711063
8.875621
8.643813
8.461794
8.994072
9.154588
8.934585
8.84382
8.641279
8.971238
8.783587
9.082
8.842027
8.750633
9.056302
8.547702
8.03559
7.878183
8.349848
8.634274
8.126807
7.98263
7.748327
7.509197
7.453851
7.4406
7.457916
8.048214
8.181702
7.914682
8.443388
8.898204
8.209715
8.201506
8.199023
8.190006
8.503907
8.236237
8.136568
7.968226
7.914007
7.734761
7.862083
8.375878
8.270053
8.342614
8.406641
8.412205
8.020685
7.802191
7.744024
7.760271
7.821359
7.624266
7.620775
7.292138
7.098578
7.049285
6.943353
6.768247
6.800632
7.043237
6.971886
6.822708
6.617369
6.578277
6.509756
6.432974
6.612717
6.827673
6.48964
6.546616
6.461901
6.38087
6.324622
6.487635
6.311374
6.866097
6.932469
7.142134
7.332361
7.21806
7.336717
7.356253
6.972003
7.594605
7.84751
7.954632
7.494524
7.612624
7.827912
7.28139
6.876224
7.110079
7.090374
6.999293
7.377773
7.065559
6.951226
7.596289
8.049413
7.973629
7.664768
7.693896
7.9053
7.6373
7.812842
7.767215
7.804304
7.658896
7.470729
7.379149
6.788957
6.861007
6.811989
6.333912
6.864703
6.634778
7.076312
7.420298
7.598836
7.800708
7.885864
7.999424
8.057764
7.548791
7.614378
7.633142
7.14694
7.072829
6.99751
6.963488
6.721124
6.722333
6.842167
6.812997
7.128258
7.138206
7.206591
7.379114
7.185415
7.20795
6.992831
6.844469
6.667158
6.92059
7.128659
6.924371
6.720859
6.520434
6.383678
6.209194
5.912828
5.946183
6.021384
5.958193
5.938639
5.157024
5.42594
5.657714
5.913171
5.995481
5.774895
5.389721
5.361894
5.309624
5.466068
5.184044
4.963488
4.845262
4.919305
4.973724
4.889275
4.636054
4.899871
5.164131
5.304669
5.33028
5.276815
4.907257
4.991787
5.23379
5.156021
5.34166
5.252549
5.208121
5.167823
5.217855
4.871867
5.029307
4.86002
5.049333
5.067491
5.099146
5.008474
4.987953
4.73306
4.842142
4.892031
4.564306
4.240727
4.225552
4.368081
4.371969
4.611853
4.69697
4.723147
4.954568
4.712704
4.78467
4.606219
4.639372
4.546381
4.611798
4.399587
4.375993
4.704398
4.828446
4.904676
4.954598
5.223909
5.274164
5.347527
5.638395
5.620583
5.555737
5.559179
5.630531
5.837562
5.399375
5.490207
5.479008
5.662033
5.368821
5.178005
5.363739
5.54978
5.809831
5.866191
6.119491
6.199252
6.114452
5.868651
5.391271
5.455774
5.176746
5.264523
4.921763
4.672783
4.987007
5.236214
5.159498
5.103587
4.972923
5.009777
4.95553
4.97192
5.497257
5.908058
5.894623
6.022428
6.043154
6.098736
6.197535
6.392581
6.494365
6.737616
6.696893
6.519545
6.65802
6.929044
6.684523
6.447094
6.313417
6.532332
6.616238
6.535889
6.628788
7.008794
6.813754
6.856032
7.045321
6.77367
6.862754
6.982907
7.091359
6.922147
6.681864
6.498446
6.481908
6.431267
6.520189
6.807684
6.543388
6.149069
5.835067
6.204221
6.30624
6.306795
6.334872
6.635513
6.726955
6.626709
6.867793
7.048699
7.00546
7.215379
7.154685
7.33377
7.681059
7.97987
8.003448
8.725169
8.908672
8.158213
8.565938
8.242554
8.770014
9.058568
9.172116
9.042232
9.130047
9.44135
9.121673
9.235738
8.715301
9.103337
9.35182
9.208573
9.433826
9.527027
9.687803
9.634944
9.177537
9.235146
8.546521
8.483449
8.734383
8.573243
8.699549
8.344444
7.937809
7.967891
7.821392
8.094504
8.798315
9.014838
9.005547
8.796035
8.771019
8.982739
8.551576
8.614079
8.435799
8.707605
8.638599
8.349205
8.608566
8.442554
8.863588
9.023744
9.27776
9.235648
9.399285
9.675824
10.11022
10.21955
10.20675
10.56898
10.79675
10.09358
9.902831
9.945401
10.77049
10.28857
10.41128
10.29517
10.40285
10.49029
10.17818
11.02096
10.91273
10.72332
10.86038
11.21565
10.92148
11.60878
11.75404
11.88958
11.46235
11.43498
11.29407
11.26112
10.77514
10.63033
10.36599
10.26662
9.895818
9.57731
9.245111
8.715178
8.279654
8.32866
8.820475
8.762264
8.292259
8.140267
8.074778
8.176057
8.477007
8.527956
8.990102
9.338901
9.784097
9.831828
9.942007
9.963248
9.973868
9.4574
9.861081
9.243742
8.659495
8.69916
8.538515
8.216778
8.005921
7.935715
7.974332
7.166659
7.447736
7.769887
7.561065
7.511636
7.714456
7.7628
7.815644
8.290185
8.178274
8.807361
9.07018
8.822309
8.591938
9.099761
9.390014
8.722311
8.670661
8.142808
8.167867
7.975687
8.195495
7.825743
8.350834
8.41794
8.362001
8.86022
8.690313
8.847262
8.836606
8.557403
8.516468
8.605711
8.578686
8.748179
8.272966
7.921534
7.755619
7.586803
7.003723
7.173166
6.707364
6.896695
7.094677
7.604266
7.334292
7.115973
6.735209
6.848349
6.78471
6.840545
7.085817
6.687304
6.876158
6.6814
6.689917
6.704827
6.232993
6.241467
6.203382
6.193484
5.978472
6.031918
5.755053
5.837143
5.65205
5.791998
5.721873
5.985821
5.96677
6.666185
6.837645
7.080279
6.997598
7.058389
6.914861
7.237038
7.363232
7.257944
