3.803275
2.956253
2.567626
2.746294
2.303411
2.253852
2.382113
2.460142
2.695941
2.400297
2.365209
2.426927
2.673798
3.210714
3.024437
2.802346
2.332256
2.263802
1.872344
1.734746
1.703579
1.78427
1.54859
1.566919
1.512298
1.380328
1.365122
1.511389
1.489105
1.520294
1.769765
1.708348
1.957512
2.065738
1.819845
1.93451
2.083534
2.590203
2.384416
2.087419
2.236003
2.058358
2.129502
1.670803
1.901818
2.12462
2.133406
2.059594
2.406814
2.6305
2.70902
2.328979
2.251988
2.318336
2.43647
2.561967
2.615236
2.708703
2.782015
2.874991
2.974052
3.663706
3.343694
3.510802
3.232058
3.519171
3.58102
3.352401
3.717202
3.99384
3.839884
3.447829
3.798166
3.522031
3.556555
3.298873
3.492969
3.633941
3.686858
3.563006
3.654544
3.268375
3.407122
3.418628
3.607615
3.618699
3.504196
3.380366
3.191018
3.188754
3.373074
3.480823
3.279643
3.615132
3.152193
3.457828
3.432382
3.547104
3.457774
3.615749
3.965872
3.665315
3.582519
3.429616
3.55773
3.526853
3.473027
3.241791
3.503467
3.580891
3.624911
3.362926
3.479378
3.522557
3.235178
3.257773
3.71109
3.035331
3.700153
3.787592
3.662631
3.55699
3.06984
3.149987
3.316406
2.991912
3.011057
3.173659
3.363262
3.242129
3.279514
3.76654
4.037467
4.25083
3.82203
3.312913
3.519359
3.110742
3.343221
3.561937
3.691154
3.835661
3.799946
3.635783
3.381773
3.352505
3.363086
3.429051
2.844334
2.697425
2.525958
2.320243
2.860501
2.832506
3.001767
3.185892
3.290342
3.39113
3.747745
4.112197
4.393134
4.079091
3.805297
3.781679
4.561762
4.657539
4.226214
4.19201
4.419584
4.460299
4.641666
4.956209
5.567941
4.772815
4.267879
4.45945
4.284541
3.746167
3.923589
3.655467
3.897003
3.941673
3.999906
4.054173
3.602278
3.509513
3.962204
3.654939
3.870152
4.027213
3.975015
4.064161
4.496869
4.199793
3.395467
3.568792
3.642157
3.700379
3.376415
3.330557
3.032453
2.96134
3.290173
3.112528
2.98462
3.175941
3.080913
2.942074
2.722016
2.910906
2.67037
2.883375
3.075028
3.144615
3.394285
2.953888
2.785723
2.902668
3.128121
3.221336
3.302278
3.44261
3.179125
2.761555
2.633107
2.704088
2.502944
2.378116
2.39563
2.421811
2.50376
2.497681
2.340618
2.097139
2.291692
2.569141
2.772736
2.755941
2.783148
2.475081
2.785294
2.494242
2.374252
2.159652
2.003025
2.00397
2.331295
2.231945
1.930761
1.89929
2.058755
2.044347
2.028345
2.146625
2.263614
2.355026
2.682551
2.565734
2.553926
3.034163
3.415589
3.358771
3.273888
3.289013
3.089222
3.137579
2.843197
3.270543
3.300026
3.291395
3.020591
3.229788
3.181387
3.475601
2.899803
2.831459
3.090687
3.073613
2.772318
2.731006
2.499452
2.673259
2.713987
2.686382
2.526724
2.949748
3.080092
3.323431
3.06616
3.340393
3.623566
3.466262
3.37809
3.42109
3.61812
4.00141
3.618247
3.482575
3.127321
3.230682
3.3353
3.455057
2.834755
2.944037
3.026443
3.011276
3.215336
3.607234
3.711278
4.205488
4.304241
4.49083
4.523141
4.349467
4.261953
3.923186
4.579293
4.270399
4.467237
4.068346
4.06569
4.723434
4.059838
4.027073
4.34433
4.650721
4.278927
5.091245
4.312097
5.077442
5.017111
4.747866
4.837101
4.570764
4.472307
4.094224
4.436926
4.166049
4.377527
4.155397
4.131032
3.527916
3.662474
3.878733
3.347712
3.485755
3.970717
4.244386
3.738019
3.792039
3.677243
3.440229
3.665186
3.861464
3.676556
3.707976
3.566978
3.688933
3.836874
3.498394
3.540362
3.801751
4.320771
4.199186
4.436721
4.730218
4.756895
4.599517
4.577755
4.617497
5.248136
5.164914
4.967816
4.85564
4.967986
4.472084
4.307022
3.741969
3.183368
3.532317
3.408981
3.084521
2.748418
3.175981
3.119894
2.85874
3.116911
2.969419
3.03031
2.889173
2.588897
2.654834
2.62038
2.977892
2.661314
2.87801
2.830493
2.564975
3.065821
3.349384
3.226867
3.141333
3.194287
2.950854
3.216016
3.233932
3.175019
3.429386
3.629755
3.117668
2.88742
3.142122
3.551991
3.648623
4.230555
4.217706
4.272464
4.445401
4.456476
4.066541
4.009939
3.883693
4.027095
3.858256
3.662085
4.177424
3.742594
3.803087
4.191274
4.202806
4.158413
3.708428
3.898222
3.330292
3.381661
3.462215
3.433589
3.399923
3.568037
3.547198
3.228107
3.286126
3.313
3.036839
3.593066
3.205056
3.009686
2.915764
3.049203
2.993456
2.747334
2.820681
2.882316
3.011358
2.842533
3.131143
3.2474
3.260437
3.196797
3.179459
3.163783
3.298044
3.313405
3.39196
3.268486
3.004895
3.238353
2.934565
3.047307
2.875079
3.2263
3.478638
3.828402
3.490223
3.535531
3.653843
3.719879
3.560113
3.352418
3.240087
3.017669
2.89224
3.17793
2.914934
3.851183
3.567905
3.811955
3.551139
3.261942
3.035199
3.481613
3.349114
3.826799
4.137301
4.193767
3.948246
3.494631
3.490898
3.457203
3.343431
3.341861
3.591299
4.161064
4.385061
4.068333
4.261883
4.515065
5.274765
5.869762
6.030852
5.857717
5.556716
5.986293
6.150198
5.897308
5.561257
5.696337
5.594776
5.711036
5.200163
5.378718
5.623961
5.879544
5.149684
4.66158
4.70147
4.493938
4.338672
4.245897
4.349651
4.454772
4.394641
4.905401
4.692695
4.552022
4.537563
4.350749
4.649975
4.680184
4.123933
4.022724
4.494803
4.244799
4.74058
4.763172
4.622608
4.659469
4.64753
4.589913
4.056705
4.01207
3.988666
3.676379
3.358462
3.440119
3.773898
3.987428
4.45754
4.011339
4.302802
4.439615
4.594272
3.954985
3.925146
4.293675
4.160277
4.032923
3.899055
3.916149
3.368935
3.053545
3.325798
3.11952
3.159111
3.234621
3.137055
3.260599
3.066525
2.863478
3.090716
3.343111
3.276311
3.342049
3.304223
3.272458
3.262354
2.882798
2.930148
3.092004
2.735208
3.120181
3.420509
3.301351
3.458094
3.665734
3.958803
3.358874
3.272829
3.118275
3.331596
3.680352
3.953171
3.512237
3.572035
3.678984
3.517186
3.250792
3.071115
2.613742
2.761334
3.063943
2.957899
3.242827
3.394146
3.985353
3.566471
3.744148
4.059348
3.990708
4.135935
3.762801
3.74414
3.601843
3.871518
4.088463
3.693271
3.413313
3.573773
3.533264
3.291547
3.263742
3.458514
3.521482
3.78677
3.518506
3.308886
3.627258
3.641921
3.80936
4.297967
4.572769
4.441669
4.17627
4.151457
4.217535
4.812004
4.58121
4.673851
4.53631
4.508498
4.278067
4.535229
5.342039
5.597734
5.047653
5.095798
5.796131
5.799601
5.744199
5.776733
5.950153
5.489767
5.581451
5.977234
5.999177
4.840736
4.994496
4.657883
4.450927
4.668298
4.768201
3.895979
4.061384
4.52058
4.683766
4.367679
3.580598
3.62784
3.417129
3.218716
2.991364
2.982052
3.235373
3.021523
3.390855
3.897161
3.871052
3.692809
3.392496
3.370575
3.417705
3.91508
4.227072
4.4419
4.261887
4.500152
4.523236
4.135166
3.920099
3.947593
4.229399
4.086885
4.024979
3.630476
3.506163
4.073861
3.798882
4.266395
4.234833
4.672978
4.426431
4.353429
4.307163
4.434084
4.525346
4.474868
3.817661
4.23074
3.98977
3.917481
4.719695
4.93183
5.181279
5.407319
5.186181
5.413033
5.498467
6.006277
6.969834
6.622169
6.126654
6.436008
5.826573
5.302824
5.273022
5.191928
4.735769
4.62583
4.406719
4.735674
4.459144
4.262077
4.065288
4.42978
5.579741
5.509304
5.217938
4.805164
5.116602
5.782532
6.157692
5.667647
5.46106
5.823851
5.609381
5.403685
4.871607
4.732516
4.680657
4.384911
4.183745
3.766911
3.526403
3.318571
3.668926
4.15528
3.97769
4.087829
3.369887
3.717877
3.752054
3.751199
4.14401
3.903377
3.947241
4.650905
4.523526
4.68954
4.476868
5.167551
4.657201
4.584034
5.377041
4.928022
4.472755
4.752309
4.798227
4.613685
4.601953
4.739842
4.51869
4.408279
4.243332
4.169304
4.668848
5.119753
4.66662
4.58741
4.523214
3.510509
3.791912
3.341557
3.61624
3.547417
3.491082
3.539041
4.251991
4.467905
4.192363
3.790753
3.515115
3.162348
3.474295
3.23486
3.467379
3.528071
3.805854
3.988319
4.303375
4.455011
4.181769
3.937923
3.434731
3.441026
3.717944
3.723738
3.369977
3.07202
2.878463
3.374801
3.175359
3.323457
3.402287
3.175101
3.360632
3.389722
3.640019
3.681664
4.045085
4.640126
4.822148
5.250648
4.222532
4.912825
4.642258
4.133067
4.237526
4.595533
4.454446
4.156675
4.91487
4.905408
5.050548
4.929681
4.574628
4.030478
3.430301
3.248567
3.425603
3.118681
2.963127
3.077346
3.0777
2.57738
2.58887
2.474981
2.089347
2.031831
2.503655
2.46838
2.726158
3.47492
3.69666
3.275949
3.300943
3.392459
3.393138
2.969006
3.028878
3.051368
2.952833
2.895956
3.019136
3.174397
3.078078
3.400919
3.316017
3.202086
3.79873
3.716354
4.368672
4.342992
3.686439
4.318614
4.738551
4.331714
3.947064
3.648679
3.433585
3.20017
3.317606
3.434668
4.117821
4.614883
4.950745
5.202576
5.188242
5.168059
5.477417
5.27371
4.40756
4.841334
4.899751
4.91199
5.269026
5.683373
5.72865
6.500509
6.713664
6.77621
6.742959
6.606102
6.482457
7.594526
8.038455
7.329139
6.747397
6.868472
6.74958
6.23748
6.207126
6.571753
6.152045
6.215959
6.540313
7.131444
6.646437
7.244841
7.033644
6.700898
6.451544
7.780244
8.257486
8.222078
7.11871
7.206424
7.146863
7.167392
5.755922
5.21758
5.412152
5.913481
6.126129
5.754263
5.971237
5.720645
5.879564
6.224877
6.567163
5.730547
4.974777
5.321661
5.725694
5.454378
5.916866
6.352403
6.245029
6.273936
5.601064
4.646855
5.104125
5.544256
5.181715
5.326215
4.880451
5.208074
4.876724
4.366315
4.063029
4.136639
4.189748
4.726875
5.009549
5.116524
4.677987
4.809693
4.883226
5.184746
4.510577
5.167688
4.635641
4.64488
4.928863
4.102061
4.041654
4.302946
5.013374
4.356133
4.247329
4.413921
4.342223
4.625581
3.9309
4.215623
4.089901
3.601479
3.887155
3.207421
3.369196
3.52787
3.259472
3.30075
3.836353
4.48299
4.118131
4.095292
4.329601
3.935939
3.740049
3.259943
3.435487
3.209693
3.535418
3.873963
3.606586
3.368014
3.419735
4.158467
4.209486
4.455273
4.428317
4.224795
4.21575
4.166086
3.874307
3.668913
3.967057
3.763106
4.252119
3.962693
4.091506
4.211927
4.17356
3.839522
4.119525
3.963119
4.178188
3.728125
3.81654
3.873872
3.854997
4.346973
4.427549
5.17727
4.675163
4.91508
5.319559
5.032236
5.033603
4.972997
5.119233
5.721909
5.753715
5.20481
4.729832
4.438381
4.529817
4.257269
3.997203
4.185725
4.305088
4.764468
4.708553
4.911763
4.831101
4.652278
3.86512
4.240365
3.598636
3.650055
3.76755
3.751834
3.568459
3.691167
3.640853
3.637456
4.164584
3.562934
3.481206
3.689032
3.83086
3.557693
3.533453
3.240659
3.546865
3.785342
3.867272
3.66667
3.463726
3.329053
3.266404
3.227318
3.475371
3.520773
3.306648
3.106278
3.261714
3.133722
2.827944
2.780507
2.951152
3.230385
3.301823
3.522069
3.122275
3.11065
3.039851
2.658183
2.737555
2.578386
2.516753
2.399932
2.316537
2.062824
2.104047
2.073058
1.952129
2.004178
2.15955
2.222009
2.14178
2.106579
2.01589
2.346127
2.201491
2.315999
2.433645
2.580345
2.731667
2.978994
2.591932
2.399356
2.308513
2.423459
2.292275
2.422975
2.432791
2.687312
2.551431
2.675039
2.697438
2.557299
2.730851
2.91769
2.592661
2.47902
2.626365
2.341888
2.426099
2.613406
2.345999
2.3988
2.487722
2.430389
2.430395
2.543736
2.976566
2.784538
2.797933
2.632315
2.685536
2.466817
2.431977
2.467589
2.289232
2.249519
2.221173
2.241973
2.404063
2.344422
2.649396
2.572341
2.337436
2.505417
2.398251
2.435785
2.283593
2.042842
2.007546
2.188995
2.307231
2.197747
2.099734
2.191978
2.316451
2.557264
2.408761
2.31392
2.40473
2.245278
2.200737
2.124278
2.002899
2.172963
2.204848
2.380695
2.222826
2.321315
2.221846
2.29761
2.314516
2.167439
2.056939
2.053913
1.866898
1.91518
1.955251
1.889544
1.779867
1.685084
1.764109
1.835248
1.911851
1.781813
1.949805
1.795286
1.882216
1.787553
1.682298
1.622362
1.664929
1.629957
1.729913
1.735576
1.866665
1.864837
1.643764
1.788079
1.803782
1.882196
1.586201
1.582177
1.62135
1.628878
1.953062
1.856406
1.83512
2.136963
2.530141
2.047699
2.280679
2.297048
2.169953
2.083134
2.156186
2.394894
2.079321
2.212098
2.464089
2.816049
2.751043
3.424482
3.220199
2.964327
2.94103
3.095806
2.766819
2.734679
2.480505
2.553827
2.370453
2.816778
2.607684
3.247159
3.129945
3.112624
3.311588
3.763461
3.219455
3.332984
3.419172
3.199224
3.410407
3.740524
4.475199
3.621666
3.631577
3.1552
2.844768
3.281736
2.888207
2.833408
2.818108
2.544894
2.549245
2.729609
2.534391
2.685276
2.415216
2.522685
2.895708
2.793225
2.769235
2.689218
2.98272
2.816275
2.463274
2.443341
2.424521
2.716341
2.480075
2.787385
2.823461
2.630222
2.773423
2.946138
2.698806
2.733449
2.607075
2.382755
2.346943
2.231786
2.479552
2.422226
2.439291
2.372222
2.250962
2.259316
2.351906
2.397614
2.517211
2.40068
2.231159
2.195891
2.174437
2.163195
2.471862
2.522619
2.438188
2.552787
2.504532
2.619702
2.738365
2.869394
2.636761
2.587908
2.400629
2.463661
2.385748
2.166966
2.053723
2.228693
2.144715
2.161893
2.258087
2.475324
2.452616
2.423693
2.7318
2.655625
2.74232
2.56333
3.105377
2.848633
3.275395
3.695814
4.404318
4.430799
4.061409
4.209451
4.234001
4.409813
3.59092
3.49047
3.391208
3.559449
3.504383
3.577381
4.020688
3.965328
3.739828
3.731994
3.912485
4.249184
4.1091
4.052163
3.580786
2.924122
3.265298
3.402835
3.294909
3.178138
2.790232
2.989443
2.840966
2.802952
2.436849
2.813484
2.49678
2.515472
2.819638
2.934379
2.967737
2.986648
2.964881
3.209244
3.490458
3.288905
3.853919
3.63854
2.983971
2.771017
3.07049
3.064467
2.724909
2.903065
2.92817
2.929614
2.802113
2.525352
2.037959
1.901888
2.017429
2.210387
2.196251
2.379564
2.006615
2.230127
2.423205
2.501285
2.766589
2.624398
2.451758
2.409354
2.570677
2.570624
2.516392
2.68524
3.133382
3.276264
3.424623
3.206644
2.845451
3.025202
2.953942
3.20418
2.985807
3.197512
2.574199
3.040734
2.852663
2.547727
2.564154
2.231273
2.399019
2.658016
2.602984
2.344406
2.251068
2.178052
2.030296
1.909568
2.001499
2.153539
2.48331
2.495026
2.490006
2.411783
2.586083
2.448619
2.705063
2.72422
2.341633
2.413756
2.214027
1.644148
1.469402
1.700366
1.796904
1.94336
2.034964
2.135891
2.028891
1.994435
2.124541
2.209502
2.644312
2.75524
2.874322
2.966765
2.773943
2.721784
2.503029
2.800113
3.178763
3.158185
3.140364
3.431095
3.323241
3.451112
3.380932
3.453154
3.692411
4.30908
4.372702
4.262677
4.557926
3.91128
4.878628
4.850348
3.968369
3.873115
4.472005
4.132667
4.18983
4.518533
4.003173
4.109919
3.862658
3.795162
3.595647
3.583125
3.013778
2.995618
3.561007
4.037809
3.90566
3.63962
3.391215
3.484341
3.802033
3.646836
4.160742
4.160115
4.437677
4.25768
4.303377
4.609973
4.127689
4.123181
4.189998
4.422032
4.325529
3.697804
3.814975
3.870331
3.333391
3.060021
2.81919
2.773735
2.67614
2.642476
2.889066
3.222698
3.118275
3.002703
3.0344
3.238621
3.52358
3.710661
3.889753
3.914256
4.044923
3.854226
3.881301
3.712113
3.416365
3.695425
4.133095
4.252413
4.655076
4.515894
3.991216
4.84619
4.287486
4.406547
4.205059
4.468022
4.465269
4.419828
4.940212
4.976858
5.696692
4.507701
4.15247
3.663503
3.401482
3.447251
3.466054
3.859827
3.947536
4.096598
4.586319
4.463152
4.039309
4.273391
4.739982
5.301577
5.40048
5.169988
5.154796
5.111759
4.450069
4.342574
3.685407
3.258286
3.158733
3.945929
4.063039
3.821788
3.68825
4.004429
4.269314
4.432426
4.128799
4.236322
4.494094
4.131751
3.584809
3.799354
3.919659
4.191784
4.180069
4.542857
4.618695
4.632496
4.520466
4.342016
4.591565
4.426845
4.475229
3.954232
4.52354
4.299248
4.663893
4.157692
4.298463
4.742988
4.524195
4.565525
4.558535
4.575807
4.241856
4.878754
4.102519
4.625188
4.591412
4.174808
3.703038
3.854365
4.60667
4.366343
4.007546
3.503882
3.688179
3.721428
3.359204
3.375256
3.325818
3.351411
3.174057
3.516929
3.738033
3.403058
3.462847
3.730189
