6660.779
6369.34
6536.54
6510.235
6642.326
6736.039
7418.514
7114.263
6882.215
6629.909
6920.215
6374.86
6427.363
5923.973
6543.351
6345.08
6646.499
7023.264
6787.547
6484.999
6076.259
7096.443
6072.556
6421.955
6463.082
6927.18
7672.284
7032.765
7436.234
7536.751
6823.912
6871.093
7058.714
7152.65
7344.795
6181.724
7015.475
6090.126
6335.189
7047.708
6271.37
6619.596
6965.574
6741.538
5832.888
7557.717
7110.605
7575.63
6909.615
6585.508
7107.523
6396.595
7814.374
6629.579
7059.165
7132.736
5930.294
6807.654
6165.297
6701.942
6278.815
6622.038
6012.405
6716.774
7271.525
7159.417
7063.724
5969.985
5549.843
7596.24
6815.466
6307.855
6889.743
6915.792
6084.691
6557.257
6264.804
6679.77
5833.719
6437.282
6152.382
6731.413
6476.564
6133.939
6869.048
6331.826
6428.6
6390.614
5927.566
7554.57
6007.898
7276.662
6538.557
6768.555
5729.184
6400.572
6412.667
6657.612
6845.751
5411.69
6059.256
6318.926
6437.638
7142.213
6579.658
6768.815
7365.97
6867.285
7244.027
6697.899
7390.916
6398.79
6711.18
6986.749
5858.36
6119.796
6160.274
6609.484
7467.173
7354.438
6120.176
6351.775
5637.462
6516.817
6642.552
6108.253
7604.904
6477.665
6472.469
6695.529
5843.412
5834.012
6216.171
6109.809
5559.445
6702.723
6570.39
6885.075
6476.754
6876.928
6191.999
6573.358
6602.87
6958.974
5819.88
6639.026
7112.022
6536.271
6538.334
7847.725
6793.904
6405.788
6579.155
7277.468
6660.829
6064.975
6594.239
6009.121
6096.572
6032.761
6815.567
6318.386
6872.882
6094.523
5852.254
6501.225
6917.597
6228.409
6446.301
6431.39
6092.38
6197.448
6999.469
6477.599
6024.465
7116.866
5543.689
6605.333
6907.408
6142.717
6499.356
6700.457
5980.086
6241
5983.875
6435.697
6389.593
6080.839
6852.33
7379.742
6097.654
5686.452
5519.615
7121.413
6275.032
6469.917
7597.569
6394.013
6962.5
6445.929
7516.051
6946.296
6422.916
6473.997
6329.503
6928.97
7088.446
6875.635
6793.126
6000.489
6510.723
6696.069
6805.587
6538.099
7568.637
7083.759
8164.627
6482.116
7689.211
6627.495
6597.132
6400.089
6389.348
6298.263
6357.72
6908.124
7126.123
7193.466
7413.466
7087.344
7375.419
6701.265
7203.341
5873.707
7101.132
6073.151
6486.894
6392.975
6334.737
6732.187
6857.99
6862.277
6440.155
6677.12
6441.259
6886.551
7596.392
5917.256
6370.871
7248.707
6027.536
6811.769
6787.441
7263.687
7016.79
6570.136
7715.831
6786.519
5984.016
7358.279
5610.623
7362.097
6618.961
6543.328
8199.675
5866.758
5866.705
6465.764
6586.026
6213.425
6003.62
7491.461
6556.757
6426.237
7273.977
6449.792
6550.758
5843.877
6906.242
6881.017
7161.061
5846.941
7432.152
7386.612
7036.973
6182.313
7376.669
7032.001
6303.455
6932.486
6661.891
6897.539
6933.849
6663.557
6567.534
6670.071
6718.435
6671.682
7122.653
6700.235
5905.302
7183.176
6913.667
6705.174
7187.244
6701.118
6623.98
6208.418
6438.338
6384.151
6060.909
6742.752
5879.499
6217.975
6219.245
6946.436
5880.07
6843.012
6054.261
5917.906
6233.286
6553.696
6487.053
6302.765
5850.644
6136.65
5839.828
6620.519
5792.202
5772.203
5664.546
6189.884
6295.32
6358.691
6427.511
6351.56
6521.141
6297.594
6205.915
5733.614
6225.297
6808.405
6529.719
7186.108
6660.14
6590.248
6072.387
6612.032
6178.279
6759.361
7727.462
6176.308
7890.453
6170.5
7630.432
5997.577
6567.588
6938.694
6496.036
6657.505
6157.729
6428.486
6187.614
6558.81
6659.927
6037.057
6080.411
5590.208
6435.017
5849.766
5749.739
6157.444
6824.046
7106.248
5698.21
6498.897
6222.841
6898.995
6278.804
6869.976
5354.16
6254.452
6945.753
6320.986
6354.361
6581.688
6254.303
6555.341
6700.189
6282.531
5879.612
7477.292
6731.012
6680.715
7178.995
6617.833
6970.609
6754.008
6311.55
5964.093
6574.957
6725.258
6230.707
6389.234
6439.962
6080.143
6935.14
6777.937
6448.973
6362.929
6550.182
6973.714
6350.579
6821.01
6703.859
6949.597
7267.452
5775.492
5723.341
6374.176
6561.964
7238.06
6438.757
6385.085
6101.12
7375.698
6384.905
6905.277
5667.592
6405.929
6077.331
6992.454
6946.291
6411.998
6570.579
6446.837
6620.048
5847.579
6267.736
5954.261
5889.52
6812.263
6609.06
7530.191
6034.83
6381.982
6496.298
6750.158
6918.263
7001.316
6615.197
6748.471
7409.283
6541.795
6416.626
6561.619
5999.537
6142.869
6100.243
6027.723
6524.69
6301.638
6428.179
6431.386
6729.463
5960.782
6730.541
6245.06
5505.156
6644.71
7330.845
6224.587
5918.786
7045.754
6982.892
6302.371
6262.327
6478.63
6812.759
6440.104
6750.426
6838.491
6018.789
6099.199
7001.433
6021.843
6600.066
6868.899
7049.405
6651.014
6427.339
7283.646
6704.646
6579.286
6750.705
6577.743
6799.979
7223.935
7014.853
6802.085
6646.115
7394.867
5988.988
6628.855
5729.238
6232.391
6482.394
5776.987
6295.045
6366.793
6406.623
5904.208
5482.811
5852.203
6494.791
5777.62
6339.49
6616.189
7392.247
6249.186
5848.405
6037.946
6100.858
6039.519
6274.403
6200.492
6199.794
7074.024
7050.485
6737.195
6058.004
6570.103
6386.795
6499.152
6202.515
6037.9
6898.583
6795.461
6744.808
5923.114
6704.779
6592.001
6942.997
6350.488
5859.343
6480.476
6914.565
6574.841
6057.912
6748.935
6291.083
6109.883
6208.677
6502.901
6059.679
6423.539
6073.89
6165.617
6614.938
6477.384
5883.255
4955.701
6151.239
6640.16
7959.79
6150.889
5982.729
6200.022
6454.558
6183.001
6712.703
7392.58
6420.043
6504.661
6847.627
6324.999
7173.709
6457.544
6500.448
6928.659
6326.407
6403.685
6261.191
6138.999
7027.493
6598.763
6806.201
6470.295
5784.191
6259.129
6107.334
6115.366
5620.691
6340.544
5725.962
6750.796
6174.021
7235.002
6203.895
5884.219
6821.19
6333.657
6187.562
6207.497
6308.206
6836.512
6954.878
6544.907
7405.1
6794.365
6431.553
6387.474
7002.887
6457.515
5996.011
7355.991
6223.554
5238.476
6529.3
6135.588
6551.905
6642.991
6857.293
5662.217
7577.283
6670.183
6462.445
5647.285
5501.309
6287.808
6923.417
7399.165
5985.254
7565.336
6694.085
6544.786
6931.652
6224.235
6435.764
5556.998
6715.75
6060.889
6564.947
6167.804
5799.741
6562.073
7134.623
5775.691
6301.691
6371.576
7101.147
5976.119
6144.588
5742.054
6294.705
6812.921
6267.527
5727.152
5524.502
6456.185
6525.758
6591.509
5570.746
6632.115
7636.98
7094.403
5925.698
6145.826
5431.682
7236.783
5831.774
5951.547
6576.999
5843.429
6041.378
6426.35
6967.966
6213.29
5969.002
6022.858
6916.378
5907.212
6029.95
7141.691
7086.691
6972.169
6826.042
6328.333
6434.45
6492.264
6489.922
7149.79
7019.752
5897.914
7385.006
6540.457
5398.619
6379.111
6239.084
6141.489
6171.203
6529.542
6081.605
5777.901
5715.063
6274.434
6769.443
6413.772
5927.735
6302.967
6373.896
6077.136
6505.191
6116.437
6547.918
6772.671
6794.067
6129.786
6172.477
6468.903
6952.098
6397.487
6546.033
5730.322
5973.713
5913.894
7249.787
5989.955
6200.686
6683.772
6315.376
6506.077
5904.927
5898.959
7689.259
6308.431
5367.327
5478.5
6158.57
6701.35
6704.733
6956.9
7788.847
6868.218
6398.648
6842.428
6518.475
6224.802
6311.611
7033.518
6437.748
5668.704
6324.557
5753.587
6780.45
6016.584
6010.449
6349.202
5919.471
6601.995
6993.845
6613.618
6917.232
6286.43
5993.316
6429.532
6002.595
7032.665
6220.437
6161.458
6422.808
5623.933
6127.232
5968.26
6606.87
6396.131
6391.587
6195.48
6247.727
6437.414
6347.336
6403.693
6730.017
5979.576
6489.635
5848.82
6448.421
6340.489
7449.482
7253.865
6567.756
6175.269
6474.134
6192.168
5923.388
6095.708
5760.758
6677.871
6453.956
6739.284
6630.467
6987.704
7351.547
6809.82
6651.08
6374.445
6189.514
6634.312
6403.884
6109.116
6786.713
6067.944
6479.17
7029.979
6817.586
6595.746
6921.877
5924.828
6912.227
6603.635
6531.153
6312.553
7431.566
6804.741
5485.807
7443.279
7147.968
6932.903
6855.546
6909.647
6493.403
6546.204
6986.075
7351.433
6981.775
6349.376
5486.613
6412.033
6323.712
6508.154
6611.325
6573.932
6239.713
6783.294
6328.562
6518.311
6833.005
5733.688
5935.013
6900.949
6032.539
7499.46
6497.109
6011.719
7254.616
6776.709
6830.508
7342.603
6837.373
6926.286
7048.141
6301.631
6766.725
6326.034
6985.521
6677.732
7423.517
7056.222
6605.118
6213.851
6435.512
6625.303
6208.898
6609.742
7310.833
6133.238
7096.646
6358.878
6194.514
6525.145
6524.484
6961.772
7249.742
6706.99
6206.587
6833.854
6753.339
7050.991
6270.515
6720.052
7712.886
6426.936
5656.835
6497.463
6560.051
6557.785
6810.074
6651.724
6795.748
6820.19
6281.566
7056.367
6558.622
5767.12
7704.46
6486.144
6447.058
5621.852
6845.76
6235.769
6440.375
6612.623
7212.319
6411.073
5720.232
6203.263
6532.294
6648.676
6524.475
6258.107
5442.694
5699.364
5990.613
5703.625
6627.694
6109.651
6868.248
5523.427
6368.836
6542.145
5915.868
5746.868
6274.322
6213.117
5761.503
6174.674
5868.718
6508.049
5677.612
5796.02
5914.833
5665.405
5758.011
6258.086
6077.924
5436.221
6530.245
5613.641
5552.218
6525.463
6214.011
5889.076
5641.051
6937.104
5897.123
5811.659
7187.641
6127.593
5950.447
6430.16
7168.736
7331.43
5616.796
6431.547
7489.132
7459.899
6069.072
5401.021
6295.092
7936.775
6239.339
6288.044
6661.716
6275.704
6505.239
6279.363
5885.64
6383.693
6709.544
7111.244
6967.61
5788.616
6402.195
5581.679
6615.935
6631.624
7572.432
6297.485
6170.346
6308.44
6774.418
6123.388
6298.713
6616.221
5746.388
5913.054
6675.116
6423.774
6731.303
6032.732
5362.837
5252.028
6957.097
6975.931
5954.051
6668.177
6178.419
6758.005
7097.574
6969.081
6805.358
6537.474
5991.832
7034.599
6650.027
6345.426
6423.958
6081.838
6550.1
6395.067
6410.866
6511.656
6460.109
6296.764
6403.862
6838.638
6855.06
6584.515
5971.768
5963.243
6197.993
6940.193
6141.634
6945.247
6211.703
7304.627
6507.829
6160.074
6181.449
6740.531
6388.838
6148.013
6421.742
7187.81
6676.119
5690.598
7564.827
6665.933
7303.265
6308.028
7160.767
6238.574
6028.744
7047.495
6415.407
6717.95
5970.852
5651.073
5817.246
6548.004
6500.519
6724.93
7357.635
6058.329
6718.415
6046.378
6031.982
6009.584
5998.753
5874.238
7016.613
5407.58
6439.235
6938.544
7276.925
6261.283
6179.223
7120.783
6605.016
6182.619
6866.206
6286.935
6555.607
7259.726
6347.819
6441.453
6243.072
6809.592
5822.071
6660.226
6704.378
6737.428
6730.351
5968.439
6375.282
6913.881
6895.558
6847.952
6327.372
6778.547
6598.82
6720.454
7225.343
6972.101
6341.788
6387.897
7260.277
7521.699
6799.779
6183.505
5912.781
5666.621
6624.667
6013.217
6532.303
6652.557
7078.659
6239.309
5817.395
6536.293
6301.295
6028.017
6107.488
6737.965
6995.561
6018.33
7093.441
7776.564
6963.132
6934.333
6162.324
6790.956
7216.914
7695.11
6885.404
6338.66
6810.368
6572.277
6758.598
7187.639
6376.653
6835.716
7767.84
6803.884
6399.823
6747.676
7795.749
6417.53
6865.807
7672.291
7295.14
7167.812
7213.383
6329.519
6996.766
6657.88
7090.935
7726.329
6155.715
6990.126
6122.869
6838.29
7146.919
7038.706
6174.685
7081.309
6474.602
6865.779
6019.549
7178.375
6415.585
7129.249
6489.657
7090.046
7496.948
7127.917
6617.611
7394.974
6113.932
6448.202
7317.188
6858.864
6667.205
6862.502
6685.133
6445.958
7132.327
6701.915
7388.646
6119.009
6654.303
5967.402
7327.238
6519.939
7324.71
7350.053
6205.847
6658.037
6070.132
6636.377
7709.609
7149.129
6622.669
6570.49
7406.644
6798.698
7936.061
6874.737
6667.075
7194.567
6826.619
6366.908
6908.745
6814.895
6322.047
6923.182
7742.831
6256.334
7268.67
6498.892
6736.354
6825.563
7300.597
7124.486
6048.061
7163.974
7309.361
6747.343
6337.569
8092.059
7214.991
6958.246
7220.493
7417.806
6672.453
7159.193
8918.87
6684.647
6823.043
7540.054
6604.962
6954.036
6547.351
6640.481
7072.196
7566.85
6519.071
6686.27
6720.377
6537.89
7391.526
6098.378
6612.076
7235.573
6156.262
6386.973
7568.696
7819.609
7355.207
7025.64
6948.568
6279.006
5832.281
5615.311
6468.299
5836.332
6375.003
6704.027
7370.884
6862.935
6431.325
6636.929
7370.608
6889.199
6687.202
6249.65
6615.276
6489.78
6742.925
6806.926
6378.048
7055.596
6296.784
6939.761
6784.414
5970.575
6887.52
6717.77
7617.284
6766.932
7126.351
5692.591
6858.964
7237.802
6874.165
7108.762
6268.295
6090.409
6002.899
7312.477
6530.29
5908.651
6859.03
6860.45
6634.818
6890.882
5738.88
6593.902
6700.257
6711.3
6468.626
6259.935
7324.976
6295.707
6992.601
6150.708
6645.479
6456.944
6425.167
6674.923
7105.041
6285.906
6093.802
6529.191
6629.99
7478.016
6746.493
6388.627
6186.502
5968.127
5931.729
6863.315
7281.177
6813.561
6617.379
6520.942
6487.19
6222.295
6527.635
5797.631
6710.929
7545.296
6890.708
6565.63
6394.386
5925.62
6280.691
6809.59
7564.244
7806.027
7177.009
7027.57
6555.764
6224.344
6505.192
7012.253
7584.79
7139.665
6671.417
6303.629
5886.135
6635.07
6095.562
6338.965
6110.638
6808.194
6156.798
6160.771
6681.068
6369.772
6614.225
6961.518
6129.3
5543.489
6439.821
6617.012
6533.109
6607.73
6870.8
6385.88
6357.762
5811.808
7085.336
5991.677
6675.205
6870.709
7326.46
5759.306
6741.38
6580.996
6441.61
6595.747
6627.827
6612.366
6646.215
7854.347
6690.483
6325.477
7062.723
7223.64
6465.064
5853.934
6701.346
7321.97
6650.329
6607.297
6869.392
6648.2
6346.691
6977.542
6426.533
7213.69
6841.678
6511.891
6779.967
7225.615
6655.42
6223.21
7186.58
6726.741
6370.551
6628.8
6814.472
7437.777
6692.551
8112.615
6605.905
6559.578
6667.147
6173.492
6429.051
6626.789
7028.776
6381.019
7300.515
6608.252
6274.92
7008.347
6310.149
6911.032
6724.727
6333.618
5326.333
6377.797
6710.529
7115.403
7079.229
6813.605
6917.843
6846.523
7445.494
7172.598
6667.322
7136.966
6553.752
7313.933
6640.179
6694.599
6956.374
7760.793
7719.643
6518.528
6714.918
6099.603
6313.727
6887.974
6222.89
6965.979
6533.419
6358.545
6558.058
8132.323
7596.855
6154.828
7428.135
5933.262
6705.892
5887.926
6786.729
7240.725
7427.505
6643.199
5832.903
6842.916
7141.211
6340.975
6056.224
6070.791
6712.026
6068.245
6616.081
6888.068
6397.6
6480.521
6630.693
6402.821
7014.93
6056.933
6095.833
6586.52
5632.347
6462.251
7237.589
6230.126
6045.767
6179.422
5986.365
6847.878
5930.393
5884.422
6502.725
6086.155
6036.087
6076.429
7309.411
6465.963
6401.079
6107.305
6235.477
5976.828
6028.81
6994.258
5561.056
6537.489
6620.632
7394.88
7066.271
6347.548
7072.55
5937.965
6411.532
5877.196
6801.503
6592.43
6515.761
5930.269
5640.641
7591.986
6078.306
5487.038
6766.612
5725.521
5771.114
6448.437
7092.922
6115.529
6700.237
6949.768
6077.721
6333.135
5999.533
7605.4
7155.646
6925.02
6459.063
6339.732
6276.151
5979.142
6664.548
5957.37
7282.238
6409.761
6619.758
6638.142
6405.178
6594.582
6899.566
6637.509
6572.939
5508.74
5545.528
6672.871
6277.222
6629.126
5845.891
6770.14
6322.727
5884.48
6573.683
6314.438
6881.151
6034.659
5869.981
6102.41
6885.72
6117.42
5818.457
6018.174
6938.535
6307.63
7194.092
7622.073
6616.251
5974.431
6089.358
6086.955
6771.719
6700.223
6365.163
5783.879
6698.664
6174.362
5871.777
6043.083
7103.816
7126.844
7095.297
5781.451
6508.302
7121.659
6100.609
6665.658
6909.996
6303.629
5798.692
6648.081
6532.776
6989.881
6625.9
6205.189
6713.204
7151.226
6001.297
6448.24
6366.353
5862.918
6274.781
6214.778
6749.464
6319.916
5337.451
6328.856
6013.49
6058.663
5632.169
6662.157
6448.516
5805.274
6195.202
6999.25
5715.687
5977.083
6621.773
6393.805
5620.053
7603.49
6541.106
6576.805
6122.206
5957.125
5851.033
6544.764
6390.606
6839.001
6855.507
6672.183
6195.73
6517.229
6923.898
6388.674
6450.073
6750.13
5885.935
6368.105
6848.39
5856.494
