0.495072
0.46865
0.4722044
0.4439708
0.4218041
0.4131049
0.4224848
0.4163405
0.4033534
0.399386
0.3875773
0.3531073
0.3505941
0.3391204
0.3501159
0.3631776
0.3666855
0.3709921
0.3711629
0.3646444
0.3777987
0.3689269
0.364489
0.3663277
0.3464785
0.3458435
0.3257224
0.322858
0.2992317
0.2982851
0.2912055
0.2842557
0.2814043
0.2765411
0.2659494
0.280699
0.2707491
0.2654401
0.2585094
0.2606622
0.2546531
0.2632635
0.2568945
0.2505809
0.2440933
0.2440767
0.2388817
0.2361102
0.2423845
0.2381876
0.2440019
0.2496257
0.2508531
0.2415295
0.242563
0.2436139
0.2351669
0.2307289
0.2157396
0.2162331
0.2076695
0.2105504
0.214994
0.205852
0.2043745
0.1968063
0.1917415
0.198277
0.1966131
0.2005331
0.2203107
0.2207672
0.227564
0.2215523
0.2151828
0.2206531
0.2239161
0.2235653
0.2234104
0.2311524
0.2347779
0.2236495
0.2246103
0.2240873
0.2154536
0.2095291
0.2034195
0.1954084
0.2039181
0.1989871
0.1931365
0.1815927
0.1992085
0.2099035
0.1997501
0.201041
0.1944841
0.1989584
0.2000405
0.2127902
0.230185
0.2258932
0.227928
0.2210238
0.2218071
0.2198753
0.2245524
0.2137469
0.209225
0.1969856
0.18916
0.1988755
0.1839711
0.1753708
0.1854204
0.1931466
0.1921247
0.1860295
0.1862053
0.1895198
0.1780291
0.1798282
0.1791823
0.1630062
0.1671552
0.1597396
0.1671619
0.1740009
0.1753163
0.1699668
0.179622
0.1918948
0.1995797
0.2113473
0.2098428
0.2101438
0.2091777
0.2170359
0.222172
0.2287706
0.2321719
0.2158181
0.2210991
0.2204099
0.2160344
0.2217143
0.2292266
0.2301591
0.2313325
0.2497469
0.2549379
0.2458815
0.2373364
0.2454496
0.2504934
0.2609789
0.2531389
0.2466763
0.244449
0.2468827
0.2493681
0.2477258
0.2492953
0.2546528
0.2650267
0.2485684
0.2457182
0.2340026
0.2255533
0.2271844
0.231686
0.2358894
0.2276455
0.2240334
0.221145
0.2236189
0.2393562
0.2459312
0.2387195
0.2396927
0.2173319
0.2321313
0.2432876
0.2434256
0.2431827
0.2186107
0.2294111
0.2325314
0.2331166
0.2288139
0.2185578
0.2112129
0.2029982
0.2056741
0.1966843
0.2038672
0.2000665
0.2028085
0.2041365
0.2092989
0.2196067
0.2306838
0.2208821
0.2214549
0.2241136
0.2246087
0.2359546
0.2372185
0.229716
0.2128865
0.2134312
0.2120683
0.2065583
0.2070369
0.1992701
0.1947888
0.1932169
0.1927358
0.1938225
0.1954836
0.2016012
0.2043534
0.1935603
0.2006269
0.1976078
0.2005404
0.193337
0.1964913
0.1946166
0.2018351
0.1938544
0.1891457
0.1999989
0.2018808
0.211068
0.2017041
0.1942335
0.1878656
0.1863025
0.1818624
0.1870748
0.1795952
0.1816437
0.18247
0.1901295
0.1788746
0.1860489
0.1803658
0.1836464
0.1902271
0.1979842
0.1976878
0.1962257
0.1971278
0.186899
0.188263
0.172631
0.1837133
0.1872162
0.1830369
0.1836974
0.1726796
0.1755536
0.1725987
0.172596
0.1681001
0.1790046
0.1954695
0.1893276
0.1858975
0.1894946
0.1825458
0.1946479
0.1894427
0.1909752
0.1887714
0.1974601
0.1866955
0.1915882
0.190021
0.1929546
0.2086986
0.2112532
0.2141518
0.2356652
0.2359424
0.2422354
0.2370406
0.2283349
0.2172825
0.2082845
0.2103005
0.2050362
0.2121543
0.2148194
0.2171437
0.2316134
0.2284398
0.2346514
0.2313892
0.2357713
0.2400288
0.2375258
0.2313702
0.238308
0.2250227
0.2315078
0.2391658
0.2273233
0.2203402
0.2146975
0.2192436
0.2173304
0.2174306
0.2182448
0.2101716
0.2197871
0.2066469
0.2002355
0.2090599
0.1997599
0.1944597
0.1899875
0.1967248
0.1955269
0.1958203
0.2015859
0.1878784
0.1852741
0.1830728
0.1894902
0.2105368
0.2159961
0.2063439
0.2132286
0.2160538
0.2135839
0.2055914
0.2141401
0.2001882
0.2025255
0.2156738
0.2113659
0.2106711
0.2201629
0.2128003
0.2162028
0.2226796
0.2236725
0.2249144
0.2259043
0.2283008
0.2181621
0.2131769
0.2190892
0.20874
0.2142371
0.2226019
0.2267655
0.218491
0.2153777
0.2081247
0.1926729
0.2093408
0.2054011
0.1911524
0.2054229
0.1971199
0.1967316
0.200173
0.2100496
0.1989145
0.2035856
0.2035319
0.2051467
0.1994163
0.2021261
0.2024533
0.2056883
0.2138491
0.2144615
0.2192764
0.2224018
0.2196936
0.2105174
0.2130557
0.2036189
0.1977892
0.1886169
0.184218
0.1855664
0.1771437
0.1799209
0.1774995
0.1887162
0.1808559
0.1880471
0.19299
0.188062
0.1850498
0.1715504
0.169997
0.1624533
0.1684121
0.1669349
0.1643222
0.1741165
0.1738335
0.1783908
0.1761809
0.1678891
0.1579385
0.1475336
0.1447562
0.141809
0.1508596
0.1480499
0.1500772
0.1435913
0.1403413
0.1350618
0.1338054
0.1305786
0.1286397
0.128438
0.128646
0.1234351
0.1270363
0.1282433
0.1357684
0.1287607
0.119204
0.1173519
0.1254637
0.1339331
0.1317259
0.1238138
0.1232141
0.129474
0.132145
0.1258589
0.1268125
0.1304851
0.1340117
0.1415547
0.1426706
0.1453535
0.148218
0.1561365
0.1645588
0.1578522
0.1675801
0.1724008
0.1786677
0.1839374
0.1710259
0.1743043
0.1686538
0.1639443
0.1648402
0.1680105
0.1607521
0.1655833
0.1668463
0.1633628
0.1585754
0.1537691
0.1490617
0.1560349
0.15647
0.1478957
0.1505492
0.1619125
0.1578747
0.1583051
0.1551018
0.1588945
0.1587149
0.165067
0.1684341
0.1655874
0.1613804
0.1670913
0.1857977
0.180521
0.1784119
0.1726036
0.1796631
0.1728916
0.1767578
0.1780859
0.1871635
0.1904772
0.2116953
0.2202457
0.2243006
0.2329065
0.2407215
0.233804
0.2372217
0.2238129
0.2161844
0.2078467
0.2066952
0.2232752
0.2172532
0.2225366
0.2101924
0.2199389
0.2252528
0.214322
0.2128514
0.2092431
0.2022036
0.2053298
0.1987727
0.2051155
0.1948323
0.2033521
0.2049873
0.2035494
0.2053347
0.2103759
0.2111972
0.199014
0.2058424
0.2065895
0.2024709
0.1948022
0.1995383
0.190301
0.1824317
0.1933241
0.2032764
0.2145595
0.2253177
0.2151657
0.2225306
0.2245356
0.2231561
0.2133077
0.2136672
0.2053501
0.2049997
0.1931733
0.2017627
0.1999764
0.1995511
0.1994323
0.2075741
0.2109218
0.2039175
0.2120245
0.1957198
0.1925429
0.1941516
0.1920531
0.1966863
0.2069664
0.2060093
0.2262619
0.2331687
0.2309046
0.2230628
0.2342377
0.2327702
0.2244577
0.2438442
0.2295219
0.2224837
0.2188738
0.2153743
0.2157273
0.2023727
0.2102623
0.2120864
0.1981798
0.1981224
0.2000262
0.2069505
0.1917036
0.1801731
0.1799401
0.1819377
0.193405
0.1803919
0.1822407
0.1740891
0.1726441
0.1743918
0.1626622
0.1641949
0.1656796
0.1706309
0.1601513
0.166911
0.1610508
0.1584341
0.1525169
0.1422655
0.1374349
0.1397004
0.1331137
0.1249163
0.1225084
0.1177228
0.1202145
0.1231488
0.1267918
0.1325388
0.1311844
0.1282018
0.1375823
0.1370763
0.1441326
0.142299
0.1520134
0.1502423
0.1536075
0.1587188
0.1626702
0.1585222
0.1619995
0.1625572
0.1714067
0.1787632
0.1901427
0.1767943
0.1755479
0.1703158
0.1649067
0.1576285
0.1661378
0.1529006
0.1581148
0.1552511
0.1607764
0.157765
0.1601421
0.170064
0.1650525
0.1613258
0.1612438
0.1557706
0.168973
0.186713
0.1815457
0.1795358
0.1930141
0.1931901
0.1934125
0.2006397
0.2043717
0.1925781
0.2055993
0.1941772
0.2092925
0.2186958
0.2096541
0.2102214
0.2147791
0.2167537
0.2241658
0.2251259
0.2228187
0.2211736
0.2291861
0.2368905
0.2387439
0.2214543
0.2217721
0.2307785
0.2251801
0.2310279
0.2367983
0.23323
0.2188524
0.2121313
0.1964099
0.1989606
0.2041907
0.2058743
0.2043943
0.200708
0.2011834
0.2081481
0.1921227
0.1952851
0.1848073
0.1860294
0.1921873
0.1897486
0.2072563
0.2094875
0.2023993
0.1983806
0.1953566
0.2003686
0.1930492
0.1900513
0.2011348
0.2050975
0.2121558
0.2091904
0.2154539
0.2141451
0.2224017
0.2250984
0.2206382
0.2189127
0.2137141
0.2100014
0.2135524
0.2184613
0.2099097
0.2121635
0.2191601
0.2121616
0.2225519
0.2082026
0.2110696
0.2031827
0.1913647
0.1899342
0.1866306
0.1790469
0.1820439
0.1875276
0.1867378
0.1941356
0.1973981
0.2063568
0.2049539
0.2075107
0.2027621
0.1891489
0.1911675
0.1929457
0.1983392
0.2001073
0.1965144
0.197683
0.1945325
0.1952744
0.189315
0.1853112
0.1855889
0.1838558
0.1891247
0.1942315
0.1980883
0.2008125
0.1952502
0.2077086
0.2100242
0.2142845
0.2076547
0.2176927
0.2196335
0.2321463
0.2205151
0.2145611
0.2131172
0.199645
0.2116581
0.2209354
0.2111461
0.2219669
0.2196281
0.2073537
0.2064828
0.2173689
0.22043
0.2226228
0.2263195
0.2432351
0.2452395
0.2325884
0.2237558
0.2350416
0.2386969
0.2395145
0.2275308
0.2257442
0.2207624
0.2235497
0.2162508
0.2144208
0.2174459
0.228028
0.2223509
0.2255764
0.2217585
0.2053153
0.2133864
0.2200844
0.2221776
0.2130822
0.2232563
0.2252231
0.2190301
0.2260275
0.2377989
0.2251348
0.2257893
0.2189269
0.2167552
0.2250126
0.2320294
0.2397361
0.2447524
0.2362394
0.2494067
0.2430787
0.2437841
0.2400712
0.2431004
0.253259
0.2542133
0.2601089
0.2673818
0.2657901
0.2713453
0.2730202
0.2861377
0.2862521
0.2934372
0.2917486
0.2965547
0.2792481
0.2865578
0.3014977
0.2853723
0.2837813
0.2813764
0.2750922
0.2747409
0.278884
0.272858
0.2834146
0.2618323
0.2680025
0.2621311
0.2648942
0.265619
0.2597646
0.2566514
0.2851863
0.2848109
0.2692652
0.2603113
0.2606483
0.2770505
0.2680532
0.268259
0.2571265
0.2594645
0.259158
0.2642172
0.2649874
0.2731426
0.2826136
0.285293
0.2860819
0.2845874
0.2878599
0.2823967
0.3011071
0.3045731
0.2970176
0.3027942
0.2838189
0.2875134
0.2834405
0.2818506
0.2787188
0.2658432
0.2583783
0.2568233
0.2521485
0.2617462
0.2647469
0.2836373
0.2814804
0.278349
0.2736773
0.2688756
0.2664525
0.2695914
0.2733156
0.2767247
0.2771968
0.2678018
0.2780597
0.2874521
0.3054853
0.3030545
0.3006001
0.2873494
0.2869397
0.2925101
0.303731
0.2998467
0.2963171
0.2913175
0.2921069
0.2928558
0.2924733
0.2759307
0.2780647
0.2813301
0.278338
0.2657293
0.2635749
0.2660238
0.2709301
0.2687699
0.2747978
0.2736271
0.2828148
0.2894599
0.2950461
0.2983715
0.2855741
0.293449
0.2925102
0.2762621
0.2725726
0.2740721
0.2550273
0.2572506
0.2614975
0.2769328
0.2814621
0.2947031
0.2905888
0.281062
0.2737908
0.278563
0.2860037
0.297686
0.3023662
0.3004076
0.3217476
0.3212146
0.3079856
0.2947004
0.2973752
0.2958013
0.2894713
0.2995088
0.3003958
0.2931864
0.2934977
0.2889614
0.3031382
0.2951982
0.3094522
0.3277472
0.3183644
0.3131032
0.3089496
0.3120628
0.30613
0.3104719
0.3252257
0.299285
0.292337
0.3087743
0.3089051
0.2962239
0.3006281
0.2947311
0.2899983
0.282914
0.2866234
0.2906398
0.2810264
0.2822253
0.276622
0.2795098
0.2684335
0.2762812
0.2733748
0.282769
0.2778013
0.2615241
0.2584162
0.2429222
0.2516757
0.2488126
0.2471403
0.2479763
0.2454091
0.2498386
0.23527
0.2248216
0.2369353
0.2298035
0.2379364
0.2433987
0.2319537
0.2239696
0.2159058
0.2231772
0.2184051
0.2111201
0.2022502
0.2078036
0.2207663
0.2291874
0.2315775
0.2326751
0.2350494
0.2232498
0.2440894
0.2315194
0.2410033
0.2416335
0.2615856
0.2511451
0.2512568
0.2512867
0.251158
0.2398469
0.2322197
0.2471686
0.2290453
0.2270684
0.2312186
0.2123579
0.2092772
0.2243665
0.21249
0.2089142
0.1992301
0.1965752
0.1969293
0.1938788
0.2039504
0.2030573
0.2085936
0.2072603
0.2210623
0.2342533
0.2406657
0.2482092
0.2446847
0.2521732
0.2483332
0.2490521
0.2455351
0.2500471
0.2406377
0.2406424
0.2357611
0.2343388
0.2455017
0.2454145
0.2407842
0.2338287
0.2417649
0.2542438
0.2423035
0.2394055
0.251619
0.2480017
0.2493541
0.2565279
0.2490339
0.2587251
0.2598662
0.2760456
0.264808
0.257093
0.2602592
0.2500223
0.2510611
0.2436736
0.2553561
0.2492091
0.2491343
0.241185
0.2599975
0.2588835
0.2586598
0.2514316
0.2527696
0.231869
0.2319519
0.2264667
0.2282063
0.2333211
0.2435554
0.2327105
0.223616
0.2214008
0.2107839
0.2224358
0.2173176
0.2093677
0.2081615
0.1976137
0.2043575
0.2238438
0.2077829
0.1946176
0.211684
0.2056225
0.2124454
0.2120673
0.2114664
0.2111255
0.2080923
0.2050999
0.2095259
0.2273832
0.2305518
0.2298933
0.2233361
0.242479
0.251607
0.2578908
0.256806
0.2497827
0.2479548
0.2410318
0.2409053
0.2318413
0.225262
0.2129736
0.203144
0.2035301
0.2043132
0.2133152
0.215965
0.2060581
0.2087353
0.2036737
0.2052515
0.1899758
0.1977969
0.1888603
0.1891671
0.1921253
0.1875663
0.1867666
0.1938754
0.1993952
0.1959154
0.1860845
0.1849035
0.1752136
0.1829464
0.1741146
0.171539
0.1664491
0.1721128
0.180655
0.1817146
0.1753723
0.1846411
0.1884608
0.1843013
0.1754243
0.1841733
0.1725327
0.1806751
0.1792261
0.1791154
0.1898277
0.1966349
0.1938349
0.1931557
0.2027915
0.2016373
0.1969816
0.1955746
0.1914849
0.190961
0.1887505
0.185538
0.1814164
0.1873841
0.1798464
0.1855723
0.1912499
0.1946633
0.1917133
0.2016457
0.2047376
0.2033484
0.1955384
0.2049436
0.201734
0.2021642
0.2010852
0.1987067
0.2081592
0.2111811
0.1917924
0.1917854
0.2015648
0.1959847
0.2022466
0.2056944
0.2121602
0.2071388
0.2006678
0.195151
0.1821445
0.1847227
0.1806189
0.1924296
0.199826
0.2139415
0.2193191
0.2151154
0.2171003
0.216402
0.2155927
0.2139892
0.2129712
0.2200013
0.2118639
0.2022326
0.2045545
0.1980968
0.1984789
0.1983659
0.1996081
0.204829
0.2132828
0.2118569
0.206744
0.2068532
0.1993902
0.2062712
0.1958703
0.212573
0.2229592
0.2234225
0.2368092
0.2217851
0.2217269
0.2046512
0.2013198
0.1965079
0.1896802
0.1937428
0.1896826
0.1896587
0.1902853
0.2114811
0.2001818
0.2020573
0.2019079
0.2121345
0.1925953
0.1896214
0.1893632
0.1905919
0.1862724
0.1824022
0.1656856
0.1738432
0.1559146
0.1558251
0.1562104
0.1693521
0.1683968
0.173633
0.1698569
0.1647012
0.1666815
0.1684661
0.1563331
0.1613295
0.1657975
0.1745349
0.1726821
0.1750502
0.172606
0.1735693
0.17756
0.1770644
0.1813011
0.1772916
0.1737632
0.1697955
0.174466
0.1733249
0.1649769
0.1611908
0.1619174
0.1696468
0.1780795
0.1864742
0.1895713
0.1932286
0.1963623
0.2051975
0.1954351
0.196372
0.1912721
0.1866614
0.1775208
0.1922194
0.1976693
0.2105379
0.1993248
0.1985558
0.1899569
0.2046029
0.1978676
0.2091733
0.2128674
0.239402
0.2370163
0.2503252
0.2563353
0.2590135
0.2587037
0.268085
0.2562789
0.2602557
0.2721582
0.2693527
0.2648354
0.2539284
0.2607401
0.2543022
0.2452922
0.2275576
0.2230587
0.2276551
0.2246475
0.2245463
0.2175851
0.214018
0.2209496
0.2139435
0.2214276
0.2165255
0.2139353
0.2058018
0.2160882
0.2011977
0.2022752
0.1940627
0.1879503
0.1822908
0.1820157
0.1874767
0.1977262
0.1870601
0.1941455
0.1916305
0.1914152
0.191674
0.1967521
0.1871496
0.1870441
0.1941558
0.1997415
0.2018671
0.2002008
0.2017711
0.2067804
0.2041749
0.1968026
0.2106299
0.2145339
0.2155699
0.2008318
0.2101964
0.2220651
0.2202642
0.219001
0.2076664
0.195101
0.1961439
0.1944332
0.1995154
0.1905176
0.1951613
0.2092954
0.1970553
0.2036304
0.203591
0.2052787
0.2041419
0.1992497
0.2067982
0.2042706
0.2027746
0.1938752
0.1808885
0.1787873
0.1825694
0.1855836
0.1767988
0.177325
0.1771792
0.1838717
0.1862295
0.1912426
0.1930388
0.1827778
0.1848664
0.2004613
0.2130358
0.2036556
0.2117228
0.1984643
0.1925065
0.1941012
0.1865566
0.1898074
0.1860892
0.1786542
0.1878587
0.1845489
0.1799138
0.180466
0.1767915
0.1798692
0.1865096
0.1931979
0.1810104
0.1761122
0.1761526
0.1824891
0.1869983
0.1884037
0.2013113
0.20181
0.1957013
0.1964544
0.1934792
0.1913815
0.2044176
0.1994167
0.2005218
0.2064344
0.194088
0.1888863
0.1813291
0.1853009
0.1904949
0.192942
0.1949947
0.2009942
0.2014101
0.2048725
0.2092114
0.2114577
0.2206182
0.2107131
0.2002681
0.2068446
0.1994785
0.198037
0.2098002
0.2072463
0.2085362
0.2183229
0.2183007
0.2354853
0.2345632
0.2323225
0.2337989
0.2132372
0.2136181
0.2089518
0.21043
0.2165708
0.2127081
0.2181256
0.2149969
0.2190301
0.2065793
0.2094632
0.2139772
0.2097351
0.2083737
0.2014473
0.2015457
0.2048892
0.2044462
0.2027404
0.2122381
0.2108293
0.2039579
0.2058714
0.2065368
0.2016042
0.2043366
0.2029742
0.2069317
0.2093548
0.205713
0.1980733
0.2144095
0.2170067
0.2196853
0.2193757
0.2197176
0.2128048
0.2226398
0.2207378
0.2069817
0.1998053
0.1964135
0.1951574
0.1986362
0.1995971
0.2016295
0.1961832
0.1918929
0.1829064
0.1886309
0.1949
0.1908418
0.193684
0.1903712
0.1803591
0.1808582
0.1934153
0.1902486
0.191822
0.2021167
0.1963167
0.2072099
0.2167817
0.21574
0.2308582
0.2462077
0.2445646
0.2522463
0.2610065
0.2646174
0.2623873
0.2659226
0.251415
0.2520651
0.2506723
0.2530565
0.2592429
0.2738863
0.274538
0.2857667
0.2929245
0.2884074
0.3003258
0.2984661
0.2978486
0.2889035
0.3060041
0.3059511
0.3256143
0.3161965
0.3137666
0.3049808
0.2930949
0.2877267
0.2955813
0.3026437
0.3036403
0.3172035
0.3080901
0.3104404
0.3018868
0.3041837
0.2942453
0.2956343
0.2917573
0.3001824
0.3238274
0.3223563
0.3102559
0.3324961
0.3207423
0.3225465
0.3121615
0.3316068
0.3337122
0.3376586
0.3331592
0.3215094
0.3138918
0.3195843
0.3106255
0.3134619
0.312477
0.3205238
0.3266163
0.3205511
0.3200565
0.3397975
0.3454308
0.3485304
0.3644345
0.3548057
0.3558361
0.338857
0.3407983
0.3383487
0.3400478
0.3524977
0.3676016
0.3843451
0.3730511
0.3524266
0.3774398
0.4026468
0.4020356
0.4082358
0.4073187
0.4111026
0.4123415
0.4257386
0.4113621
0.4158324
0.39433
0.4078012
0.4092195
0.3969545
0.3898185
0.3865682
0.3995826
0.388717
0.3893627
0.3908285
0.3831864
0.3827607
0.3625188
0.3550001
0.3590398
0.3740586
0.3668152
0.3625679
0.3549495
0.3574597
0.3589326
0.3272869
0.3292864
0.3259188
0.310889
0.300077
0.2950791
0.295357
0.3228905
0.3440369
0.3332362
0.3496567
0.3473349
0.330354
0.3596176
0.3751433
0.3664332
0.3589315
0.3538706
0.3683843
0.3602143
0.3567457
