0.03522768
0.03715259
0.03672904
0.03633667
0.03865438
0.03703029
0.0360644
0.04038881
0.03749388
0.03737745
0.03583668
0.03183534
0.03172381
0.03192227
0.02845986
0.02847996
0.03092278
0.02911283
0.03104884
0.03284142
0.02955032
0.02875893
0.02713862
0.02643334
0.02678826
0.02838411
0.02762134
0.0302805
0.02942826
0.02997597
0.03304432
0.03603075
0.03560247
0.03749389
0.03709286
0.03484107
0.03188645
0.02474318
0.02809293
0.02626483
0.02921217
0.02721753
0.0258588
0.02592679
0.02659261
0.0270375
0.03344318
0.03397409
0.03173732
0.03366325
0.03528987
0.03599184
0.03825573
0.04192652
0.0433186
0.04093857
0.03872181
0.03898859
0.04327986
0.03806963
0.03536499
0.03912536
0.04064741
0.03666864
0.03878731
0.03569837
0.03974028
0.04523039
0.04848403
0.04175803
0.03797232
0.04370838
0.04482886
0.04530212
0.04926855
0.0495401
0.04755793
0.04666187
0.04345429
0.0458898
0.04070223
0.0367937
0.03754495
0.03324874
0.03354953
0.03508915
0.02695949
0.02606067
0.02237301
0.01953846
0.02030758
0.01902914
0.01954563
0.0186285
0.02014667
0.0215279
0.02243667
0.01987069
0.01964638
0.01971718
0.02219996
0.02037214
0.01968374
0.01939633
0.02085268
0.01811194
0.01900506
0.02080089
0.02195532
0.02216087
0.02128736
0.02273077
0.01982422
0.02009203
0.02079008
0.01818895
0.01577757
0.01603904
0.01811274
0.01663065
0.01368454
0.01353508
0.01412174
0.01433352
0.01380855
0.01373029
0.01226616
0.01427939
0.01702277
0.01591204
0.01498351
0.01627841
0.01620261
0.01499874
0.01648238
0.0165076
0.01707807
0.01578193
0.01896639
0.01780919
0.0186385
0.01895847
0.01987456
0.02057665
0.01928294
0.0184315
0.01853377
0.01761385
0.01728976
0.01776409
0.02056182
0.01973326
0.02127978
0.01877102
0.01713675
0.018644
0.0207328
0.01955712
0.02225389
0.02457014
0.02781487
0.02510102
0.02605088
0.02329764
0.02310665
0.02375599
0.02133393
0.02307178
0.02290695
0.02326815
0.01872472
0.01846658
0.01886369
0.01827278
0.01873846
0.01578691
0.01602303
0.01746843
0.01563082
0.01366538
0.01540321
0.01627794
0.01584774
0.01742606
0.01892126
0.01760975
0.01843024
0.0186782
0.01970164
0.01931687
0.01784571
0.01856555
0.02046478
0.02080229
0.02153644
0.02213314
0.02308371
0.02322353
0.02326094
0.01919443
0.01973167
0.02056203
0.01966756
0.01914632
0.01950292
0.01895255
0.0196064
0.02050646
0.02491103
0.02597313
0.02413238
0.02510768
0.02349739
0.02502016
0.02546513
0.02213216
0.02328704
0.02390188
0.02481927
0.02470806
0.02681248
0.02592631
0.02496786
0.02767845
0.02525885
0.02615701
0.02290176
0.0231159
0.02289595
0.02283394
0.02474497
0.02323779
0.02027865
0.02070247
0.02242355
0.02442059
0.02652865
0.0285116
0.02792214
0.02514865
0.02468683
0.02304708
0.02599263
0.02674492
0.02749353
0.02661415
0.02645433
0.02578382
0.0298636
0.02770275
0.02715405
0.03009407
0.02956766
0.03402153
0.03564033
0.02932102
0.02749672
0.02485843
0.02469632
0.02764323
0.02808796
0.02517826
0.02303416
0.02348817
0.02257564
0.02654751
0.02725664
0.02858843
0.03537279
0.03543554
0.02866588
0.03058674
0.03212566
0.03313705
0.03532332
0.03069854
0.03070326
0.03050304
0.02935934
0.03067015
0.03090102
0.03241877
0.03410063
0.03304533
0.02920206
0.03370306
0.03586918
0.03509008
0.03347609
0.03271665
0.03028759
0.0282971
0.03063836
0.02858831
0.0274984
0.0288874
0.02724854
0.02860607
0.02848274
0.02877647
0.03036655
0.0401581
0.04254606
0.04139948
0.03943323
0.03822237
0.0364922
0.02995107
0.03364124
0.03393809
0.03218224
0.03204601
0.03075956
0.02905574
0.02773234
0.02993715
0.02907353
0.02811904
0.03068612
0.03242831
0.02887881
0.03198349
0.02969728
0.02895135
0.02731191
0.02954829
0.03053835
0.02810317
0.02799107
0.02688441
0.02977983
0.0284343
0.02684893
0.02824024
0.02554895
0.02967312
0.0280514
0.03148553
0.02664262
0.02840775
0.02848895
0.02866223
0.02924101
0.02745064
0.0283551
0.03042684
0.02900258
0.02812264
0.02986432
0.03179818
0.03108528
0.0301783
0.02985348
0.03060008
0.02997847
0.02741574
0.0271213
0.02872502
0.02752217
0.03014376
0.02926559
0.02900384
0.02586623
0.02425907
0.0259103
0.02756112
0.02707066
0.03112486
0.031404
0.03396111
0.03270347
0.03531109
0.03580009
0.04065999
0.03771068
0.03671849
0.03404755
0.03313596
0.03338788
0.03265834
0.02970413
0.03097313
0.02948255
0.02825598
0.02696952
0.02811695
0.02686719
0.02797748
0.02462523
0.02420711
0.02388045
0.02660315
0.02586157
0.0266801
0.02409079
0.02752889
0.02766732
0.03423206
0.03252514
0.03391201
0.03355097
0.02938913
0.02878373
0.02823287
0.02970376
0.02911636
0.02690448
0.02632345
0.02881234
0.03074755
0.03044384
0.03068137
0.02700165
0.02694184
0.0246265
0.0265556
0.02947409
0.03198114
0.03367318
0.0344647
0.0343938
0.03457593
0.03951512
0.03488478
0.03760804
0.03774914
0.03650796
0.0306419
0.03522288
0.03394137
0.0352486
0.02601035
0.02759491
0.02572701
0.02975005
0.03023915
0.03173758
0.03077583
0.0300347
0.03912674
0.03707747
0.03644497
0.03476725
0.03374864
0.03262097
0.02519657
0.02363764
0.02760801
0.02626761
0.02379652
0.02295363
0.02402357
0.0229405
0.0252594
0.02514952
0.026518
0.02789453
0.03391528
0.03537717
0.03762802
0.03886549
0.04237721
0.04807266
0.05157299
0.0519235
0.05241844
0.05391273
0.04463097
0.04317708
0.04679925
0.04297717
0.04997723
0.05023023
0.04953891
0.04669549
0.04414952
0.04259036
0.04435544
0.04535104
0.04565828
0.03896609
0.03793276
0.03923444
0.03832759
0.04284556
0.04606843
0.04445968
0.0423797
0.04139464
0.04449543
0.04335511
0.04220437
0.03892649
0.03880204
0.0407156
0.04195522
0.03496532
0.03857151
0.04843069
0.04814863
0.05325225
0.05414569
0.05473362
0.05751597
0.04980808
0.0505943
0.04760423
0.05162092
0.04602249
0.04920462
0.05069179
0.04649442
0.05099378
0.05219774
0.05651732
0.05490426
0.05613718
0.05291171
0.05362329
0.05810828
0.04746302
0.0467073
0.0474301
0.05028498
0.05175161
0.05917413
0.06122532
0.05643924
0.06160527
0.06385683
0.07892798
0.07281344
0.0748113
0.07393826
0.07745179
0.07908991
0.07784004
0.08795777
0.07890111
0.07798314
0.07941365
0.07867208
0.06951251
0.07419135
0.0678075
0.06953751
0.0777195
0.08008332
0.08264347
0.07790813
0.07548108
0.07164489
0.07197364
0.07330563
0.06662795
0.07064145
0.06669164
0.06418065
0.06739656
0.06252872
0.06718272
0.06104092
0.06102289
0.05451697
0.05319198
0.05383352
0.05243638
0.04754167
0.04227478
0.04598736
0.04800672
0.04442962
0.05354525
0.04667772
0.04731234
0.05036
0.04638157
0.04912057
0.05080862
0.03946288
0.0399048
0.03560227
0.03471075
0.03675257
0.0385918
0.03256875
0.03425336
0.03213389
0.03189525
0.03004304
0.03446175
0.03310042
0.03372868
0.03093185
0.03386382
0.0344863
0.03200569
0.03692952
0.03796109
0.04087052
0.04303239
0.04439967
0.04784532
0.05536313
0.05596804
0.05589273
0.05345857
0.05235996
0.05579637
0.060442
0.06161739
0.05909704
0.05844534
0.0551807
0.05141111
0.04497772
0.0427081
0.05215127
0.04917694
0.04927111
0.04896906
0.05449096
0.04771731
0.04824965
0.05320711
0.0543762
0.06066995
0.05703991
0.05304581
0.0546418
0.05730303
0.05163497
0.05037053
0.05734383
0.06105446
0.05264642
0.05307956
0.05143148
0.04716387
0.04624915
0.04672072
0.04560614
0.04555785
0.04167985
0.03982558
0.03791405
0.04264722
0.0551516
0.0539204
0.04850045
0.04788793
0.0485736
0.04420989
0.04661511
0.054441
0.05835112
0.06013888
0.05697086
0.06006388
0.05863359
0.05433491
0.0565647
0.04837551
0.05193084
0.05272865
0.05337193
0.05249169
0.05455094
0.04569622
0.05199356
0.05228148
0.04970943
0.05233834
0.05288654
0.05420779
0.05398115
0.05224674
0.0554241
0.05759945
0.05743225
0.06366715
0.06589244
0.06127648
0.06545504
0.06686683
0.06002846
0.06020843
0.06271555
0.07332272
0.07156072
0.07034701
0.06536153
0.07397958
0.07482923
0.07192223
0.07302004
0.0649985
0.0550193
0.05831607
0.05510199
0.05329196
0.04589845
0.04699672
0.043311
0.04196049
0.04182868
0.04702554
0.04324827
0.04044677
0.04574554
0.04303433
0.04141617
0.04107358
0.04097309
0.04533254
0.04821479
0.04985902
0.05584416
0.05314862
0.05331328
0.04920242
0.05620401
0.06324199
0.06647719
0.06761669
0.07399123
0.06586406
0.06500126
0.06259623
0.06209117
0.06225909
0.06070434
0.05558552
0.05598097
0.05395772
0.04625857
0.0507177
0.05327136
0.05203077
0.05580257
0.05178071
0.04974601
0.05503452
0.05952012
0.05586809
0.05143366
0.05785973
0.05866258
0.05245323
0.05980782
0.05911974
0.05918329
0.05952198
0.05950056
0.05906274
0.06090113
0.0690434
0.06790602
0.06479106
0.06410131
0.06100181
0.06776052
0.06842854
0.0671327
0.06672902
0.07310616
0.06888388
0.07508757
0.06882349
0.05778034
0.06254543
0.06425916
0.06901019
0.06524355
0.06514297
0.06100883
0.05794799
0.05527687
0.05690467
0.06255671
0.06034288
0.05644322
0.04493295
0.04389152
0.04527957
0.05525133
0.05419374
0.0475434
0.04292442
0.04339074
0.04165468
0.04120149
0.039604
0.04357143
0.04559347
0.0452789
0.04396787
0.04273463
0.03936559
0.04717224
0.0511443
0.04821201
0.04775457
0.05430876
0.0554643
0.05558446
0.05972452
0.05116652
0.0492797
0.05222709
0.05028719
0.04631613
0.04757599
0.04433536
0.04375587
0.04238055
0.04621018
0.04883094
0.04413016
0.04397048
0.04264223
0.04499582
0.0428464
0.03805428
0.04013255
0.04487357
0.04623733
0.04686837
0.04730963
0.04323973
0.04009037
0.04308087
0.04567627
0.0410564
0.04333549
0.04218595
0.04053924
0.04580217
0.04775454
0.04534251
0.04060336
0.04325187
0.03950489
0.04025949
0.04020339
0.03985322
0.03845001
0.03603521
0.03446922
0.03188093
0.03206151
0.03141246
0.02924994
0.03033841
0.03084614
0.02984638
0.02855762
0.02824732
0.02935778
0.03490289
0.03833985
0.04246614
0.04339289
0.04706683
0.04324782
0.04589895
0.04052426
0.04313246
0.0388487
0.03672071
0.03853221
0.03740065
0.03438446
0.0296767
0.03089671
0.03095742
0.03335406
0.03484485
0.03595228
0.03684704
0.03848297
0.03857746
0.03303881
0.03555603
0.03883096
0.04314595
0.04586892
0.04877413
0.05019243
0.05355347
0.05606058
0.06580458
0.06596486
0.06386355
0.06402724
0.05643721
0.05013831
0.05509127
0.05395406
0.05665555
0.05778236
0.05639527
0.0536313
0.05153415
0.04752205
0.05035926
0.05054536
0.05055576
0.05381697
0.05527874
0.05445688
0.05187247
0.04999564
0.05486411
0.06451248
0.06701671
0.06031237
0.05639096
0.06340293
0.06625781
0.06036189
0.06379298
0.06305804
0.06756802
0.07266613
0.07161212
0.08145761
0.0872064
0.07604709
0.07854308
0.07838764
0.07769697
0.07141707
0.07854735
0.07545035
0.07114548
0.06838462
0.05985824
0.05310052
0.0507279
0.05811579
0.06030255
0.06165527
0.06270865
0.05944574
0.05954595
0.05871634
0.05798367
0.05697741
0.04865331
0.05577686
0.04943437
0.05400226
0.05318871
0.05353315
0.05256449
0.04853673
0.04472681
0.04554526
0.04405881
0.04075162
0.03437326
0.03778234
0.03805935
0.03201863
0.03132807
0.02971331
0.03194826
0.03445497
0.03828245
0.04164884
0.03919454
0.03773848
0.03654191
0.03787535
0.03842699
0.04335127
0.04942018
0.04772188
0.04784155
0.04965208
0.05444834
0.05677825
0.05047026
0.04396882
0.04654338
0.04935067
0.05832253
0.05642282
0.05879883
0.06382355
0.05866175
0.06542043
0.06362292
0.06308212
0.06210887
0.06376963
0.05612409
0.05899129
0.05938683
0.05286954
0.04729811
0.04570682
0.05283187
0.05304944
0.05196565
0.04437318
0.04939177
0.05187029
0.05108659
0.04624721
0.04855495
0.04684511
0.0474505
0.04180067
0.04101684
0.03809373
0.0355207
0.03450413
0.03777965
0.03983126
0.03894778
0.04164593
0.03736442
0.04220937
0.03791008
0.03813683
0.03768392
0.03495069
0.03509358
0.03478469
0.03244758
0.03660837
0.03932972
0.04451969
0.04925487
0.0422625
0.04124567
0.04549865
0.04711101
0.04736764
0.05011862
0.04586179
0.04411938
0.04009799
0.03473093
0.03131107
0.03108698
0.03295426
0.03138003
0.03435057
0.03248138
0.03220825
0.03306839
0.03045041
0.03091811
0.03765925
0.03607484
0.03189679
0.02832357
0.03102993
0.03193482
0.02955617
0.02719977
0.02582608
0.02692483
0.02402704
0.02662025
0.02742368
0.03152077
0.03515771
0.03854033
0.0369328
0.0338591
0.03532087
0.03833754
0.04014507
0.04095276
0.03725171
0.03523247
0.03503835
0.03482447
0.03641541
0.03739931
0.03080045
0.02751202
0.02739068
0.0277219
0.02643835
0.02387035
0.02493237
0.02525732
0.02445696
0.02278972
0.02405042
0.02210281
0.02373484
0.02092208
0.020672
0.02292951
0.02312572
0.02274451
0.0230932
0.02290666
0.02683646
0.02637172
0.02534388
0.02439647
0.02343814
0.0228243
0.02224952
0.02287967
0.02495741
0.02736217
0.02880053
0.02804304
0.03093512
0.02958351
0.03034533
0.03265645
0.03636496
0.03468314
0.03811869
0.04032143
0.03742562
0.03728448
0.03845374
0.03777919
0.03154032
0.03242445
0.03169685
0.03296351
0.03498437
0.03208394
0.03552556
0.03329236
0.03571534
0.03627013
0.03188614
0.03223802
0.03290768
0.03466999
0.03543256
0.03617974
0.03855219
0.04120394
0.04470669
0.0438883
0.03898603
0.04170744
0.03858021
0.03533519
0.03141316
0.03520484
0.03708945
0.03169952
0.03384292
0.03623881
0.03809647
0.03507486
0.03918565
0.03918107
0.04214677
0.04065282
0.0521389
0.04498519
0.042448
0.04155102
0.03793105
0.04132967
0.0438604
0.04402385
0.04550558
0.04636199
0.04895925
0.05209255
0.04895027
0.04760633
0.0422706
0.04446079
0.04150118
0.03764451
0.03528833
0.03165786
0.03105343
0.03661118
0.0373302
0.0351161
0.03526811
0.03132077
0.03868211
0.03270325
0.03088125
0.02964089
0.03034439
0.0319733
0.03340883
0.03277099
0.03226251
0.03067053
0.03518895
0.03052199
0.03124123
0.03056751
0.03413481
0.03399633
0.03201639
0.03549551
0.03277304
0.03608415
0.032338
0.03183564
0.03107389
0.03111625
0.0318373
0.03223406
0.03069723
0.03074357
0.03052179
0.03336199
0.02964177
0.03096236
0.02938076
0.02770324
0.02464312
0.02362818
0.02503446
0.02252731
0.01994751
0.01683071
0.01768288
0.0172457
0.01840426
0.02392901
0.02364225
0.0253584
0.02588859
0.02834385
0.02882662
0.02682875
0.0328798
0.03101675
0.03314913
0.03193033
0.02960153
0.03058107
0.03033862
0.02804303
0.03198636
0.03706651
0.03933318
0.03610457
0.03783235
0.03876476
0.03858867
0.03584784
0.04037801
0.04253985
0.04006754
0.03599357
0.03655404
0.03608584
0.03744412
0.03497275
0.03472847
0.03244545
0.03350888
0.03527333
0.03434906
0.03157678
0.02919881
0.03036282
0.02706558
0.02889202
0.0341583
0.03653882
0.03487014
0.03170025
0.02597873
0.02473686
0.02617114
0.02569936
0.02598941
0.02423493
0.02509614
0.02525446
0.02467897
0.02905418
0.03395758
0.03593643
0.03733727
0.03739764
0.03719627
0.03648793
0.03960114
0.03958982
0.04021243
0.04066611
0.03881231
0.03620777
0.03563432
0.03705425
0.03524553
0.03517614
0.03611679
0.03690737
0.03795344
0.04271534
0.03981539
0.04151002
0.04405258
0.04432928
0.04770843
0.0460852
0.0468222
0.05308696
0.05188214
0.05367032
0.05243938
0.04987785
0.04966384
0.05403611
0.04956959
0.04336045
0.04177371
0.04118671
0.03948406
0.04224393
0.04301056
0.04234324
0.04498295
0.04964623
0.04884507
0.04894799
0.04505697
0.04190049
0.04367074
0.04550402
0.04579046
0.04922493
0.04774506
0.04927163
0.0411181
0.04179101
0.04841085
0.04410242
0.04455305
0.0473666
0.04745252
0.04369116
0.03953596
0.042018
0.0418263
0.04216824
0.04244068
0.04059049
0.04695387
0.04591522
0.04371293
0.03989623
0.03961418
0.03542433
0.03735841
0.0390327
0.03849306
0.03468915
0.03525753
0.03527877
0.03579009
0.03547902
0.03700182
0.03971123
0.03538629
0.03619324
0.03864784
0.04133979
0.0411937
0.03688393
0.04129157
0.04551441
0.04518689
0.04594912
0.04126333
0.03935847
0.04169881
0.0418346
0.03916767
0.03562815
0.03483685
0.03285203
0.03244113
0.03040451
0.03111452
0.03168655
0.0326572
0.03188558
0.03275391
0.03257217
0.03098758
0.02664446
0.02224182
0.02217608
0.02142656
0.02085144
0.02573946
0.02782179
0.02659021
0.02762414
0.03536767
0.04249986
0.04074354
0.03877615
0.03529889
0.03179586
0.02992793
0.02883274
0.02873104
0.02789157
0.02809571
0.02658542
0.02651223
0.02837292
0.02637
0.02656583
0.02926237
0.02690972
0.02508144
0.02547538
0.02679683
0.02919755
0.0290508
0.0287118
0.02646196
0.02271519
0.02493009
0.02677076
0.02313485
0.02435154
0.02307486
0.02297125
0.02162511
0.0235454
0.02330187
0.02398581
0.02669055
0.02722454
0.02790583
0.03064331
0.03279291
0.03165391
0.03032897
0.03015171
0.03021239
0.03430712
0.03567599
0.03584849
0.03576907
0.03625889
0.03072734
0.02950167
0.03106719
0.02833546
0.02801577
0.03057134
0.03179068
0.03374369
0.03412432
0.03151191
0.02889737
0.02850914
0.0260277
0.02523872
0.02249532
0.02672285
0.0311041
0.03124434
0.03341422
0.03456323
0.03025356
0.03106528
0.03117305
0.02999419
0.02844992
0.02759399
0.02931554
0.02855467
0.02680807
0.02652076
0.02684344
0.02877956
0.03060465
0.0357815
0.03658376
0.03781238
0.03384232
0.03867096
0.03716344
0.03610379
0.0321119
0.03043942
0.02886907
0.03130859
0.02723093
0.02968375
0.02994447
0.02723522
0.02604622
0.02762473
0.02850704
0.02626402
0.03103055
0.03494474
0.03330322
0.02998467
0.02824722
0.02679149
0.02455198
0.02365443
0.02341118
0.02466112
0.02728417
0.02704626
0.02649554
0.02847188
0.02844771
0.02952031
0.03316242
0.03477154
0.03073256
0.03055797
0.03705986
0.03407724
0.03125938
0.03196524
0.03111671
0.0337605
0.0309526
0.03056197
0.02659123
0.02383352
0.02492618
0.02390733
0.02599309
0.02943335
0.03122515
0.0307574
0.02705334
0.0303877
0.03189606
0.03601164
0.03166545
0.03482898
0.03463832
0.03391168
0.03478118
0.0370918
0.03895619
0.03664342
0.03538226
0.0401521
0.04104129
0.04552448
0.04804103
0.04558079
0.04516254
0.04557726
0.04541442
0.04519527
0.04431505
0.04855937
0.04960562
0.05291875
0.05510133
0.06060276
0.06125211
0.05364501
0.05384816
0.06516893
0.05943503
0.06361781
0.05945711
0.05839121
0.06347607
0.05031041
0.05855085
0.05966521
0.05773101
0.05440738
0.05811933
0.05354493
0.05086067
0.05621779
0.06138121
0.05697063
0.05281045
0.05292645
0.06283375
0.06953588
0.07988923
0.07430122
0.09064445
0.0968922
0.09118313
0.09167301
0.09070421
0.08374653
0.07371722
0.06936073
0.07038563
0.06297842
0.05614262
0.06537448
0.06142878
0.06386276
0.06819923
0.06536058
0.06317874
0.05898331
0.05971186
0.05774082
0.05286121
0.04997515
0.0585981
0.05537939
0.05049579
0.04828949
0.05528617
0.05132152
0.04534144
0.04060927
0.04129757
0.0432713
0.04255233
0.04392432
0.04600628
0.04494519
0.03890123
0.03999996
0.03628004
0.03114119
0.03004889
0.02605076
0.02553347
0.02427246
0.02601864
0.02425831
0.02365389
0.02096981
0.02511007
0.02497981
0.02444788
0.02233812
0.02358277
0.02241689
0.02278626
0.02180348
0.0236606
0.02427093
0.02314807
0.02297791
0.02265717
0.02038525
0.02184743
0.02255217
0.02339094
0.02072927
