37.41159
37.42
38.12556
33.45062
39.65118
30.73929
34.29524
35.60494
33.4827
35.53186
38.35366
38.57263
42.53071
35.05999
38.91675
40.26437
43.46591
50.60456
51.66001
37.62733
36.45489
31.21684
26.44019
28.38885
28.29933
25.31035
27.7771
23.94473
19.12751
20.78253
21.60455
19.06492
25.24035
22.43428
25.1046
22.81274
25.11824
29.19587
34.63427
34.44648
32.77776
31.61322
34.03354
30.18807
29.33791
28.35424
28.16983
28.76882
35.56016
35.73881
44.93081
44.15478
50.77816
49.6736
64.81549
59.21204
55.02304
49.73726
55.47076
49.65966
47.16159
46.68144
44.9873
26.22578
26.57354
26.57919
25.1796
25.43432
24.18893
22.99824
21.31973
21.66734
20.5736
21.03187
21.03657
30.26958
28.94141
27.50122
21.84804
24.21143
25.6204
24.96049
25.5031
27.67772
34.86084
32.10686
28.63786
23.39699
24.17669
17.66051
18.59841
17.28017
17.52613
21.08381
17.4627
16.21129
16.21369
19.19108
18.17942
20.72123
21.34289
22.91496
23.54194
22.66576
23.59454
34.74189
32.46294
36.73065
44.54457
49.96508
44.04584
46.59393
47.90883
44.6925
45.46269
42.56687
37.61714
33.87803
31.03065
35.44336
35.60823
40.1148
40.84686
47.49208
38.80366
44.15742
49.96307
42.92069
40.85468
41.64148
46.92095
44.66071
37.79095
34.75918
38.48031
36.63259
39.73473
49.70334
46.17244
48.21517
52.81331
59.64867
57.16454
61.63251
52.817
54.65908
46.2615
56.78453
49.72702
61.3811
63.45991
48.6132
43.16677
40.39745
50.77489
54.69084
44.34462
46.69541
35.30668
36.92043
35.94547
34.93503
33.7985
33.30941
41.55951
40.00682
39.50042
41.63503
41.90054
47.83417
65.21548
57.82451
50.80799
51.67629
40.5091
41.79599
50.94154
54.84287
64.63463
51.17616
55.90092
62.18555
60.73131
60.66072
67.37083
59.658
50.26093
43.00622
50.86075
40.59312
31.20461
27.10385
26.25175
26.97085
30.03177
31.81533
30.77695
28.89804
37.18928
30.52157
29.66166
33.35644
44.00375
36.59445
42.07068
53.05767
53.42758
41.05046
43.32196
45.28399
42.21187
39.96215
33.01473
22.64374
26.5434
27.55606
24.52599
20.08017
20.00221
21.2128
20.11901
23.66632
24.32642
23.53622
22.24252
31.04575
26.4444
25.21324
30.36668
38.25342
39.19677
41.31889
39.59803
49.83323
59.82286
54.25934
56.63217
54.51546
45.58608
45.67716
52.06908
40.9486
49.06447
52.70465
59.22439
58.75904
57.30909
60.10767
48.65466
54.34853
52.91262
44.70441
47.22651
44.75496
41.73754
38.67773
38.6548
46.51705
50.52581
51.67954
44.5735
33.0875
34.83636
28.36366
32.11057
27.25005
28.22869
26.08864
28.28386
25.33125
29.8999
35.47369
35.14347
34.23188
33.87403
30.90065
34.50744
30.55295
32.04925
35.0579
34.44652
41.13238
34.89577
34.07542
38.9852
31.11372
30.57345
30.187
31.73188
35.69069
44.94301
46.40936
41.00804
54.88804
54.34257
50.57952
41.59053
43.99806
40.33194
35.44923
37.864
42.09931
43.17161
37.03256
34.02513
32.98298
37.6097
39.86507
41.95912
45.17255
39.11548
36.45838
32.39085
34.78258
33.42281
31.83913
31.45797
26.73624
29.28084
27.23449
28.77813
33.8814
40.59408
46.429
39.30366
44.95366
41.34176
43.99637
58.1816
52.25927
47.30857
39.96106
39.11536
38.26092
41.7185
35.56975
40.98966
46.01968
47.58693
36.92158
37.71236
34.66823
32.9712
31.02386
24.93993
23.75078
19.60794
21.51344
26.01726
26.03837
34.33476
35.90668
40.00609
43.8424
35.86601
35.5886
39.40739
37.65664
40.76594
42.3328
47.92913
45.25453
43.94467
50.67336
43.08964
44.90426
43.50887
52.77088
60.29896
57.62586
48.56903
52.44629
43.70612
49.72132
47.30087
41.07554
45.53947
46.6408
37.88001
32.11568
34.97915
32.00363
34.02539
35.3033
36.65136
38.5503
46.0891
46.02943
41.21339
43.09515
47.48112
40.88273
36.29685
38.93144
37.91409
37.497
37.91294
30.15622
30.57352
24.52593
24.96586
27.69712
28.26157
32.08907
29.44998
30.69225
49.10165
53.71917
69.15985
46.24873
42.70009
42.39468
52.91571
50.03376
41.0902
39.63236
49.38229
53.2753
44.08684
47.99321
47.36119
46.00265
45.35331
65.48525
65.21302
59.78229
58.35408
54.10825
53.94236
54.60767
52.78657
61.41474
57.59201
53.42804
65.93864
47.08532
30.19492
28.23719
35.40433
31.82097
33.43964
38.49453
43.12299
33.93767
32.53935
30.22006
36.74068
35.2229
31.55769
27.1586
26.47099
27.15549
22.34185
22.86671
24.26893
22.82977
21.49959
19.79704
15.25993
17.79031
14.39505
14.92998
14.83271
16.34911
18.61346
17.61045
21.04251
19.748
15.63646
15.72805
17.58782
19.07651
19.34627
17.17471
17.05925
16.30502
14.61047
14.38676
16.69529
18.12139
20.67641
27.52374
30.44385
28.2215
25.64626
28.26663
26.90213
33.55751
32.59627
33.5439
30.16686
31.29709
28.07642
26.44246
36.90635
36.10689
30.46758
28.00144
21.21844
20.19678
22.02635
24.60314
25.20157
29.44439
31.19935
33.66198
44.57614
38.16295
38.01182
38.69112
35.77744
41.4922
44.92539
41.12951
39.43849
40.33438
37.05042
37.2355
33.68346
29.93192
37.16433
30.98623
24.78721
23.03873
23.02533
17.94762
16.16232
16.76729
17.31536
17.47507
18.35788
19.17157
18.7415
17.32551
20.34258
21.00641
23.45119
21.87193
22.7397
21.37369
19.32187
20.67823
24.39587
24.79695
27.57335
26.75251
31.43291
23.67689
21.85835
19.38314
19.20586
19.97832
19.28443
21.52033
27.1372
27.95326
25.24288
29.06688
31.69669
29.87698
33.63604
35.72756
34.67622
39.0655
27.18687
31.90619
33.2592
33.1964
31.83826
25.74844
18.13231
21.21037
25.36323
30.66914
28.86652
35.5367
25.5304
26.96502
27.80241
24.31665
31.39074
33.51487
34.48151
33.66228
24.22363
20.4851
19.25814
23.67528
19.11621
18.46409
19.75825
22.27716
22.28345
20.31911
29.20505
30.02533
33.17034
31.36927
37.62352
60.92685
60.9072
52.73898
44.47509
38.96022
38.15248
46.67583
49.66372
34.41273
33.3339
42.03475
40.5453
40.67351
43.8016
40.67082
31.12611
36.67752
48.53437
49.42059
36.66875
41.75349
46.4097
43.22241
39.92816
36.83323
37.01776
38.48123
40.27637
37.2423
38.43616
40.47966
40.13753
54.28343
49.58496
68.70792
53.86459
54.27617
52.84291
58.05651
51.64841
59.59881
66.94541
42.75578
41.40147
36.47168
34.53356
32.80313
28.49127
33.03175
34.25608
32.97067
29.0107
27.21232
24.99782
28.68319
37.34871
34.63471
29.22334
36.05707
33.49591
39.93747
34.00271
34.50377
32.08271
27.73519
30.17023
24.4966
30.88308
34.23016
35.28043
53.26221
44.29362
42.54253
40.21217
38.67162
40.41632
55.48255
62.19802
75.38757
63.42937
54.8411
59.98227
67.10163
66.82514
56.12408
53.50425
57.1634
49.66805
52.29107
54.81852
51.32669
49.35887
43.14653
41.29236
40.71301
47.56143
47.05208
53.16708
39.36494
43.74045
36.28487
46.83884
42.67526
42.42843
41.78873
47.16254
47.59499
53.41201
35.2899
37.66494
40.6351
36.12978
29.78946
31.19072
34.82904
33.10959
28.41337
27.95835
29.64735
27.50526
24.72508
26.00252
19.85613
20.27203
20.21998
23.25829
25.44593
25.74211
30.95698
36.83625
39.70729
44.0911
33.05434
39.58217
58.85198
61.66755
49.67336
47.28147
45.26277
47.1538
54.55655
47.14581
51.66868
48.79888
47.79325
35.82726
34.85855
38.81604
42.70456
40.43138
55.27027
63.00286
64.40225
65.36404
55.0447
58.36257
46.33211
47.22352
42.44948
41.96739
48.77065
50.81451
51.80266
50.69059
42.40026
46.03913
41.11559
38.49796
30.46377
30.49594
34.62939
34.99178
27.99919
20.93329
22.07373
20.38802
22.43908
24.57553
26.4932
22.59378
20.46527
21.19329
22.71557
22.99104
20.57468
22.05901
22.82877
25.06922
25.24706
27.83979
36.08424
49.22846
43.14046
45.14616
45.77211
49.11795
46.8074
46.88564
40.70778
43.75239
47.94088
40.15967
39.4045
39.38276
41.59743
36.21458
32.34643
29.55143
29.36081
27.24917
32.38099
30.49904
31.44034
25.72098
24.17274
30.4971
30.594
33.52988
34.9271
32.28052
38.90206
48.47848
57.17437
62.71868
74.74198
107.5221
108.7535
71.41852
73.59342
75.39111
66.7394
61.70864
37.98864
36.63195
25.38175
26.86335
30.35752
27.96074
36.08457
32.66901
32.85863
34.30622
34.8168
38.91901
37.10055
34.30445
33.61133
33.21715
36.63006
36.68469
37.32085
46.46594
56.61901
43.68479
46.79796
50.63934
41.12222
30.47592
34.89387
26.68639
22.15442
22.96483
22.23076
22.3795
20.10651
21.62584
24.74334
22.71408
24.43527
23.00086
21.66014
23.51425
26.60428
27.7059
26.24615
24.15888
23.47509
25.29033
27.07753
32.82904
31.70549
27.0216
33.20017
35.90519
29.0626
23.20937
24.24006
28.36077
30.38926
30.47936
31.13247
31.95177
28.61757
26.66444
28.68459
22.52077
19.26851
23.83397
21.80452
20.05446
20.10094
17.05426
23.18172
32.76689
32.05963
34.35119
33.02253
40.70289
44.80181
56.29214
47.61723
53.0865
51.41329
55.45846
49.89658
45.16341
39.2879
35.16994
49.96266
48.65466
39.35202
35.36334
23.92995
29.44971
36.29877
28.32318
35.46106
34.97539
35.52521
35.39244
33.59845
32.57926
35.80566
33.36691
32.60293
30.02571
27.90558
21.53884
24.69335
28.15023
25.24996
27.32069
27.76942
27.71069
25.02917
21.70583
22.55108
27.59357
24.81937
23.99367
34.64704
30.84805
33.63791
32.84054
27.28909
28.75532
22.74651
27.40602
24.87996
29.54728
26.17896
27.61826
22.32401
21.54603
22.8714
24.92541
31.00696
39.84009
30.84919
26.546
29.53752
26.42673
24.52206
22.06097
26.13109
33.98499
37.89721
33.9097
29.92204
29.63757
33.61927
30.15628
33.96093
29.62349
32.03384
32.17742
32.29227
34.50936
29.65033
34.6545
30.87752
32.2443
39.82666
39.66139
41.98522
41.26458
43.92482
40.52913
38.34059
41.72257
38.25078
32.36127
33.14771
33.70759
34.05326
32.27603
32.26848
34.67305
31.71935
35.14696
41.44534
44.01994
54.91938
49.88979
52.00855
51.05041
51.24147
48.84147
54.26018
64.66856
67.14018
74.69237
52.49734
46.23146
38.53306
35.27609
33.64168
42.66939
34.16982
32.0287
33.66486
29.47683
31.22723
29.10855
25.67339
31.25453
32.53486
27.17166
22.18322
18.52406
14.7921
14.30088
14.5756
16.27262
17.44771
20.22216
19.2253
17.38138
17.61087
17.45781
16.71129
13.64415
13.39979
13.67101
17.06839
18.64134
20.3153
28.6587
23.343
23.15568
23.31706
25.49369
30.02795
31.06334
32.03072
35.2956
43.52041
46.66194
44.2797
37.66637
39.82116
38.99811
40.34079
41.58522
41.12283
38.61603
28.70238
27.37085
31.87499
31.48951
31.24356
32.85501
28.4408
24.79976
21.77739
22.11723
23.1997
23.32056
25.31732
24.77278
20.53654
20.67795
23.49394
25.23597
25.39296
26.9158
28.81157
32.43331
32.7518
22.83552
28.4448
31.98186
39.33369
38.83786
40.19282
34.87323
35.41126
41.59135
42.22323
37.73514
33.41323
30.34041
40.9626
40.87392
43.9888
38.33879
31.33748
34.91485
35.0295
43.11539
49.9008
44.07367
41.53242
53.09472
64.92131
50.44252
52.1873
62.63637
56.249
54.89425
59.28771
45.06856
44.34383
41.79128
45.57976
33.21939
28.39907
36.27967
39.61846
35.38126
39.53944
46.7689
40.9198
38.13651
40.55111
48.36909
37.24244
37.66838
41.06923
41.68993
46.16964
52.62145
46.35536
43.30805
44.49891
54.79914
53.656
45.58439
47.79025
53.62205
52.32081
61.03764
54.12344
52.35085
45.57532
31.88679
33.1783
39.71232
45.89643
39.41512
34.02716
31.69026
36.94708
40.79475
35.82971
35.58088
37.63399
36.01315
34.27431
41.88468
50.60831
51.55261
53.30999
53.46162
53.70207
47.21314
37.68551
40.01879
32.78299
38.98355
39.63021
39.72614
47.73923
46.53796
32.89367
35.39127
33.85573
29.80417
30.82268
26.75559
38.50365
37.79555
36.14265
28.50088
28.73117
22.09209
19.37903
24.45786
28.69417
32.89568
41.38231
35.64157
40.79485
34.29663
37.84528
36.03933
40.1423
41.20355
37.40382
38.41825
34.84974
33.40902
34.57265
32.81213
30.22874
36.8399
34.32965
29.83762
25.56832
26.97479
29.80298
33.74567
44.36735
43.06959
38.92128
50.46562
51.03209
60.83981
74.9035
66.80772
62.99906
79.50723
87.12575
71.34219
72.36144
62.21254
60.00383
73.57438
59.99121
55.72301
42.4956
33.28825
34.93667
36.85251
34.6647
33.45011
44.75804
36.57773
33.82268
37.60767
38.0776
40.96696
36.96382
38.26001
39.87248
40.96383
35.51722
48.56499
42.30976
50.97343
39.22566
47.68932
52.46926
47.75894
49.4577
43.38882
55.10533
71.91479
59.161
68.07301
66.13754
52.2447
44.22342
44.55216
42.78144
41.33038
42.54933
44.85632
39.64491
32.32361
37.89296
30.29887
28.58945
37.07191
40.10767
44.09669
36.40547
41.22294
43.55386
57.89058
49.78165
46.20265
45.53466
46.98972
46.25943
41.21716
31.68073
32.07864
35.36879
34.81867
36.83449
40.34194
42.0297
33.94503
35.39665
31.9722
35.34978
31.95771
31.85532
32.17475
32.45839
34.04916
33.61841
29.65365
27.95229
27.9455
32.49143
27.17769
26.78508
31.97403
30.33906
39.2819
39.22366
38.72988
45.87151
49.13927
58.99281
42.55387
41.39903
39.24976
38.30003
35.50163
38.75444
43.74947
50.62452
50.4567
50.00455
43.71047
39.87203
39.87622
39.42316
40.35071
37.65219
36.38564
36.08443
34.44959
32.48855
39.28272
35.72392
33.02534
29.49482
33.52568
37.36005
36.49513
39.6467
31.82439
23.69199
25.90225
24.69989
18.56195
19.27525
17.20606
17.08636
21.5785
24.22568
34.78206
35.22105
33.04146
29.61715
25.60515
36.51533
37.63523
44.54828
43.32957
45.10677
43.7112
34.81268
46.66724
59.31208
54.43004
63.72673
58.77326
62.92338
70.29598
48.49357
46.58851
46.76835
38.73816
28.74813
27.56523
29.40729
34.11699
35.65981
29.32094
32.83412
26.66124
25.91651
24.02507
24.22429
28.32645
26.00864
27.36638
22.2341
26.24048
26.56837
28.14452
42.73709
47.05015
42.28041
40.05126
38.01796
32.48972
34.40522
44.1084
48.10287
47.46286
38.93183
29.73441
28.33868
40.44352
33.06456
34.91032
35.03546
35.94423
33.53913
36.84043
46.20524
51.74895
35.44865
37.55695
42.95915
45.56866
41.6481
46.19206
43.25036
47.48855
51.50031
47.52136
44.05383
39.33176
32.70808
25.26467
28.53941
23.67804
23.30168
24.78106
24.75794
23.02369
22.98019
21.12607
24.94146
25.49355
32.19997
34.11816
31.93487
24.71295
29.12475
30.29172
27.3174
25.82355
23.70004
26.15767
34.1286
32.05109
35.01147
42.23841
48.55873
38.57575
36.14762
28.34594
29.92422
34.84399
32.46329
37.07422
38.08935
46.43393
50.38743
52.95368
56.64392
53.51023
44.90814
44.19046
45.50446
47.2841
47.37792
50.31926
55.554
56.01116
72.0976
82.30445
79.60415
80.68936
64.72758
71.96325
56.93305
53.0844
48.32179
51.32138
52.23367
52.06933
47.96414
43.1992
39.51066
37.52298
36.41392
34.47322
34.11066
36.42775
37.36454
39.94933
48.87303
51.11392
59.29975
71.57151
67.14586
54.76442
44.6138
44.74025
42.15359
47.60857
50.54494
51.67141
46.22096
53.87328
57.45402
54.39294
42.77677
47.86438
50.10144
50.8459
55.49923
41.11585
37.1561
42.85038
36.96746
38.06218
47.92338
50.30298
43.44824
42.21566
43.47812
46.75531
43.91526
40.74044
39.4968
30.60846
35.08172
37.62242
32.40704
28.76116
21.13157
19.56518
21.57975
24.05113
23.42845
25.82235
24.52511
22.70636
21.07601
21.6674
22.5968
23.72009
21.10733
20.54401
18.61751
19.11515
17.53144
15.53751
16.80529
16.19211
15.61289
19.84837
20.99324
19.9978
23.63581
24.89835
30.61729
28.23072
26.77439
26.31487
24.83357
22.3459
24.87058
18.16705
18.74425
22.44935
27.50168
28.07367
25.72454
26.42281
22.31436
22.24015
28.79705
23.17927
25.91284
21.8341
23.45811
23.98841
22.92593
15.49302
14.70723
10.52129
17.17559
17.48246
21.71112
24.54489
26.50216
27.31198
21.56234
16.03924
18.01467
20.3099
19.42636
23.91192
26.57698
26.99829
25.83028
20.13291
21.55293
23.7963
25.05064
31.34553
42.66191
53.41271
43.59949
39.83695
37.88183
41.23286
42.66843
47.2915
47.1226
40.74648
44.61425
31.56122
33.10114
33.5639
30.9546
40.11967
40.35731
42.5546
47.54807
42.86048
51.68224
45.60061
53.48861
53.25668
44.31557
55.88478
54.95818
52.49227
45.63945
43.48165
40.93673
29.79809
30.25286
32.09524
26.5308
