probIn scale
0.01412095 10.10926
0.02126353 9.067017
0.01564931 10.00792
0.02333633 10.70776
0.01711559 11.39292
0.01672632 12.22374
0.02917123 12.25618
0.02936836 13.12185
0.02567313 13.19157
0.03578647 13.59508
0.02261942 14.39401
0.02242751 14.85799
0.02528159 14.35769
0.01866239 13.26167
0.0200557 13.10252
0.02260529 12.45008
0.02246498 12.1216
0.01669831 13.38204
0.01620921 14.2616
0.0202729 15.57117
0.02381189 15.97775
0.0276925 16.4719
0.02450591 18.31986
0.02190643 18.66766
0.02005365 17.64422
0.02329921 17.97056
0.02184295 19.76705
0.02473082 20.55705
0.01438857 20.21631
0.02003052 20.31773
0.01922349 21.37726
0.01923336 19.05676
0.0286091 19.56386
0.02984044 18.89827
0.03613101 20.04636
0.0281653 18.80619
0.02199693 19.36009
0.02617096 21.5842
0.02365406 23.27535
0.01507106 24.63216
0.01623569 26.76762
0.01729321 29.04804
0.01653443 29.71321
0.03199257 30.57483
0.0179737 32.05752
0.01290989 35.77053
0.02572585 31.00678
0.01483576 35.04499
0.01890297 37.73643
0.01368901 41.81714
0.01468048 45.63987
0.01146107 47.62136
0.01575611 41.31289
0.01200033 46.43427
0.0175253 49.84707
0.01234628 47.4671
0.014815 46.11453
0.0255503 45.01402
0.006580503 45.84418
0.006601135 42.84284
0.01292787 41.43757
0.01321075 46.76087
0.01249429 48.32724
0.01200521 51.07628
0.009088462 45.21647
0.01107309 43.66411
0.01443397 46.58569
0.01659116 48.24161
0.01497317 47.66619
0.01939874 47.25425
0.01501134 47.38073
0.008555847 49.50872
0.007692801 45.47242
0.01356463 46.82901
0.01205658 49.39431
0.01831365 48.20074
0.01171154 43.00088
0.00985243 42.72703
0.008669565 41.94043
0.01022873 44.58103
0.01004109 46.47717
0.01850823 48.70321
0.01499939 47.74402
0.0121395 48.50581
0.01374839 51.04119
0.007835373 46.73144
0.01127105 47.04447
0.01278593 46.76554
0.01722663 52.41047
0.01206424 49.66325
0.008127933 49.50951
0.01062497 48.02325
0.01670184 48.96424
0.01100982 48.29041
0.01251562 52.101
0.01586917 53.24623
0.01290711 46.13877
0.0137125 48.22758
0.005816028 47.56177
0.01388008 50.85529
0.01801053 46.09119
0.01430599 43.14145
0.007231117 44.51155
0.008801682 46.45066
0.009648722 46.32931
0.01754015 50.15645
0.01220863 53.20082
0.01044659 51.68876
0.01591551 51.39799
0.01688942 52.27811
0.006914775 44.4637
0.01006019 37.58133
0.01350382 40.22194
0.01210576 38.67376
0.009523468 41.06868
0.01384113 37.86877
0.01436932 39.53195
0.01738846 37.38528
0.01571299 36.48072
0.01453342 35.25712
0.007291849 37.91367
0.007280218 36.79667
0.01317272 39.13111
0.008588708 43.43901
0.01290005 48.83787
0.008491583 45.76438
0.01159187 42.9249
0.008014862 42.75208
0.005170012 44.5597
0.004836967 47.00286
0.01007244 51.59321
0.00559955 50.44894
0.01460415 54.97935
0.0114447 50.91899
0.00660472 51.06547
0.01226395 54.90117
0.007292448 54.85175
0.01019833 50.79934
0.006168984 53.09567
0.01019548 50.55001
0.007045954 51.48515
0.008781892 52.98978
0.01095611 53.13449
0.0102828 54.20681
0.008617352 49.74225
0.01105589 45.20575
0.01106483 47.66438
0.005932239 40.64182
0.00257442 39.72821
0.004140467 37.73199
0.01779796 37.90092
0.02079589 38.70284
0.01325569 39.27619
0.02008763 36.91117
0.029938 37.49055
0.02470013 39.08244
0.01410152 36.6688
0.01299217 35.12881
0.02239915 33.71395
0.02353903 34.43763
0.01262246 31.49231
0.0232592 29.6668
0.01795628 29.67715
0.01672228 31.17209
0.02295988 31.93223
0.01303431 32.28854
0.02350627 30.87978
0.01007842 31.28132
0.01018512 33.00125
0.01734779 35.07389
0.01373436 35.51006
0.01474352 36.67713
0.01522562 37.83902
0.009912465 38.53137
0.01813327 36.60701
0.01723942 33.58575
0.02525994 32.70916
0.02220526 30.71603
0.02844427 35.65675
0.02522078 36.00705
0.02295165 37.50794
0.022773 40.16085
0.02514712 45.70447
0.01447629 45.75329
0.01205429 45.4742
0.0130169 48.8215
0.01677253 47.70223
0.0190297 55.69792
0.02619458 59.78247
0.0123148 63.16208
0.01795931 56.62445
0.01713861 58.72793
0.01997774 59.45447
0.008774563 56.06526
0.01481962 56.89694
0.02512232 56.80621
0.02073575 57.42422
0.01691505 59.03653
0.01682205 60.50531
0.01787302 58.95702
0.01509934 62.63102
0.01218955 65.61014
0.01264617 63.95867
0.02007116 66.11069
0.01320855 65.26832
0.01238376 64.9789
0.01297767 62.06534
0.01575243 58.81243
0.01356103 63.18746
0.01013796 68.38058
0.01298012 65.8808
0.01518646 60.33853
0.01413264 60.70791
0.01563338 54.86018
0.01053851 60.28788
0.0138782 65.0738
0.01086275 59.36267
0.02036516 53.80618
0.01504284 55.4611
0.0185003 46.55765
0.01400405 43.27379
0.02098385 43.10971
0.00919979 43.22283
0.01702066 42.56467
0.009268478 42.74502
0.01069588 42.54261
0.01809078 44.5587
0.01442589 39.81073
0.02402628 36.33538
0.0187767 38.40872
0.02123166 37.27958
0.01327265 35.79562
0.01930821 35.02558
0.01496499 39.30082
0.01938786 40.16024
0.0185483 38.99896
0.01791165 42.14596
0.01616671 38.52845
0.02134024 40.65881
0.01196108 37.75254
0.007742616 39.73601
0.01521351 41.29574
0.01239897 38.50661
0.01806174 41.31627
0.0169304 43.47134
0.02053839 43.60999
0.03184556 46.52971
0.01865194 46.89068
0.03656181 49.49458
0.0214191 44.97523
0.02895191 48.86315
0.01988944 47.92162
0.03014241 49.26543
0.01937314 43.66789
0.0249173 38.82044
0.01760036 41.25657
0.0162306 43.6236
0.02260092 44.24217
0.02018389 38.51321
0.01222219 33.60492
0.01541652 32.66939
0.009726626 37.3172
0.01374317 34.12809
0.01760304 35.1526
0.01057937 32.64138
0.01151536 32.87695
0.01155487 33.06485
0.0125377 36.44004
0.01493333 36.65224
0.01729856 35.24147
0.01850153 35.70083
0.01560536 37.60932
0.0171013 37.60601
0.01760801 38.99791
0.01429987 35.94119
0.02156052 38.02568
0.02114517 40.55248
0.01880303 36.61183
0.0193252 34.18243
0.02856846 32.08666
0.02615634 33.85885
0.02125219 33.08768
0.02225232 32.44081
0.01757919 31.52477
0.02669383 32.20151
0.0197596 32.59222
0.01726729 35.11696
0.02114398 34.40552
0.01940397 29.70247
0.01506764 30.86269
0.01777718 30.11921
0.01309448 29.49819
0.01626102 30.74487
0.01239359 31.06869
0.01264421 33.12433
0.01384651 32.58138
0.01695834 31.3641
0.01441547 31.20085
0.015839 30.08862
0.01487689 31.40351
0.01989714 32.21205
0.02221517 30.38746
0.02412097 32.63793
0.02190622 31.55973
0.02121461 32.42914
0.02998964 33.29713
0.02036298 38.74403
0.01822702 38.72244
0.01803779 36.69752
0.02075024 39.52902
0.01853492 34.56266
0.01843894 33.51943
0.0207379 38.53597
0.008533818 36.82711
0.01294416 35.85507
0.01126464 38.86788
0.01639787 38.26767
0.02134139 38.691
0.005141009 37.39963
0.01156074 34.34165
0.005254021 37.395
0.01363492 40.05668
0.01597965 34.64277
0.0112493 41.41933
0.00870738 44.55114
0.0187303 44.38281
0.01414495 40.49362
0.01125608 39.71104
0.01621288 41.17108
0.01288994 41.99213
0.02209029 39.17335
0.01209736 37.63637
0.01790879 35.22429
0.01169139 39.02412
0.01326923 39.93689
0.02174533 40.54877
0.0182569 42.65751
0.007705577 43.67306
0.008347635 45.53036
0.009257353 48.2442
0.02228106 48.56798
0.01174131 47.19237
0.01853712 45.34956
0.0152202 45.88257
0.01024684 45.88996
0.01006786 44.22229
0.01793141 48.06319
0.022012 47.86702
0.01850202 47.37766
0.01533435 50.52767
0.02215381 53.40165
0.01540262 59.08774
0.01772698 60.09619
0.01026745 61.55165
0.01120074 58.85561
0.01492727 59.23108
0.009417877 59.26731
0.01584917 53.94733
0.01046331 57.96349
0.01342392 56.46478
0.014624 58.82016
0.009360712 58.74632
0.01184998 60.45191
0.01835703 58.5979
0.02225777 66.62123
0.01688933 64.09532
0.01300365 70.07441
0.01830438 73.03702
0.01263575 71.0278
0.01432746 66.41854
0.01580243 70.0932
0.03548692 63.59479
0.01309213 58.2683
0.02612846 54.19722
0.01512993 50.82224
0.0196282 47.14183
0.0158176 50.52429
0.01316299 47.98549
0.008904033 47.499
0.01828167 45.05775
0.02036145 44.25999
0.01855688 42.80061
0.01954964 42.87215
0.01931108 40.81169
0.01543689 42.05885
0.01382976 41.87325
0.01444988 42.34017
0.01274558 45.16347
0.02044709 45.3275
0.01107714 41.87112
0.01054806 46.6097
0.02298066 52.27635
0.01455921 53.48632
0.006948559 54.61084
0.01908291 57.43588
0.009124534 53.53654
0.007619478 55.97145
0.007082149 56.64561
0.01614637 57.76604
0.01358507 58.74714
0.009769496 62.65865
0.007492481 54.84841
0.01195863 52.46803
0.01427618 48.05559
0.01831522 41.23329
0.01417447 41.71874
0.008721974 42.94717
0.009571975 40.32241
0.0134577 40.06832
0.01400775 42.18134
0.006196746 40.12771
0.02817775 46.7236
0.01765632 45.89525
0.01826888 45.73277
0.01566707 42.30694
0.007075392 44.74239
0.006364328 45.95291
0.006421531 48.39286
0.008186307 52.08896
0.007541389 49.43477
0.007810371 51.23667
0.02170372 52.70832
0.01742197 49.76283
0.01902288 49.71602
0.0218763 50.53035
0.01562602 49.8574
0.01360592 47.59287
0.02007577 50.9941
0.01196547 52.183
0.01083792 54.2391
0.01103296 56.30769
0.01523186 59.22444
0.01038735 56.4734
0.01094901 50.40728
0.01636548 62.73995
0.01745499 67.57613
0.01055174 64.40404
0.01522922 64.52901
0.015224 67.44696
0.008805664 70.55065
0.008192934 74.49422
0.00834464 79.31048
0.0140029 83.32824
0.02670214 85.0393
0.01806979 84.27504
0.01235512 75.18442
0.01303964 71.16865
0.01730111 67.47515
0.01124763 71.59904
0.01431336 57.89842
0.01524831 61.34774
0.01515164 61.26412
0.01593927 63.97184
0.02812167 63.04299
0.02090726 72.34688
0.01287799 65.02593
0.01482274 65.63626
0.009544289 68.75665
0.0110306 60.97249
0.01812117 64.39181
0.01529481 69.53739
0.0171056 71.04817
0.01339347 76.7176
0.01495939 72.94288
0.01358355 66.31726
0.01008253 59.7412
0.008560939 59.36195
0.0166868 56.89245
0.01530265 59.03429
0.01818588 65.28609
0.01693774 61.69163
0.01360414 64.52521
0.01088304 57.37981
0.017605 56.8785
0.009677828 51.46719
0.01884721 46.75399
0.02103853 50.8261
0.03376108 46.48091
0.0319513 45.03065
0.02270732 43.0336
0.02648131 41.22963
0.01502072 43.10551
0.01140819 41.8949
0.01843745 36.62557
0.01450542 41.57336
0.03142606 45.85369
0.01431935 43.2991
0.01963292 37.10927
0.0207131 34.70521
0.01828731 34.86183
0.01688732 32.8038
0.007195874 34.80577
0.01355316 36.50459
0.01357864 36.23197
0.01761069 36.95494
0.009615587 37.72933
0.02135623 40.30195
0.01022809 45.15391
0.008483211 43.11817
0.009556225 43.1116
