84.04818
82.8682
82.68098
82.85517
81.77039
81.88765
82.75643
83.84948
84.44266
84.69168
87.33455
85.87885
85.17378
84.27056
83.69974
85.33342
84.44855
85.09234
86.02211
86.17868
85.87559
85.153
85.39612
87.18342
87.1021
87.08587
87.63579
88.05417
87.1103
86.86412
87.86448
86.3408
86.93646
87.59805
87.85981
87.94193
88.17987
88.53966
89.02141
89.31126
87.50816
89.42283
89.63206
91.0255
92.55577
92.36377
92.37818
92.79106
91.53045
91.06179
91.50874
92.66257
93.75
93.68467
93.49993
93.10454
92.9031
93.85296
94.77728
95.1973
94.27933
94.09182
92.84365
91.81241
91.76427
90.61562
92.05389
93.66851
92.08334
93.17191
93.67314
93.50606
94.07598
94.94072
95.99716
95.69551
95.63514
96.90478
96.74856
99.35543
98.78839
99.45909
98.43228
98.68181
98.04049
97.26393
97.26598
97.21272
97.06242
97.90372
99.19871
98.47622
99.34839
99.14776
99.61993
98.99984
97.9677
99.03351
98.47343
99.68719
99.87344
100.7114
102.5399
103.2056
101.7892
102.1584
102.5633
102.8406
102.6337
101.1981
101.4285
101.0651
99.50348
97.76482
96.81697
97.35413
96.06331
96.2122
97.41138
97.0755
98.06067
95.97281
95.61875
95.03115
94.44968
94.52732
94.05811
93.98751
92.62519
91.70507
91.00169
90.25849
89.97491
91.23403
91.77485
91.43463
88.8072
89.06618
88.14376
88.76501
88.9026
90.31364
89.86648
89.67921
89.19572
88.51339
88.13171
87.53533
86.58921
86.36714
86.23226
84.73297
82.78
83.29511
82.60481
81.86879
81.48479
81.95969
81.84759
83.09683
82.52486
81.76073
82.48709
82.42451
82.29778
80.91415
80.52497
80.9656
81.28185
80.90649
80.994
81.12857
81.65522
80.95206
81.43192
82.21243
83.15677
83.10705
81.87971
83.02125
83.46767
81.98966
82.41013
82.9935
83.04467
84.14823
84.2619
86.06272
84.89386
85.04792
85.87215
85.56545
85.37148
86.50302
85.7951
85.28384
86.2342
86.03337
86.29651
86.52336
86.33746
86.9259
84.19192
82.43811
81.66133
81.11825
80.82888
82.71104
83.14066
83.28837
82.36646
81.3693
82.48694
83.83169
83.47588
85.76782
84.19686
82.04287
82.60126
82.07157
80.86456
81.17489
80.17472
79.86819
82.14903
82.83181
81.68338
81.14413
82.01805
82.12521
84.29587
84.92626
85.3781
83.83577
85.80211
86.28721
85.68693
86.07565
84.63806
83.86638
85.58876
85.53387
86.47129
86.72184
86.73436
87.35127
88.10169
89.63577
89.85634
91.10117
91.38764
91.30551
90.33719
89.86229
88.69509
89.26526
89.42544
89.15859
89.44589
88.98037
88.55937
88.41027
87.51175
86.82466
86.62698
87.04048
84.99234
85.87744
84.87308
84.41151
84.9831
84.28338
83.94288
85.74663
85.57935
85.1395
84.59868
84.50408
85.56712
87.03253
87.10119
86.56661
86.76136
86.73117
88.26542
89.46035
87.67605
87.04687
86.8195
86.79951
87.59922
88.79634
89.00829
90.93879
89.42597
91.26061
91.28212
91.31976
89.83158
87.91537
88.97877
89.20227
88.53331
89.20768
88.39343
89.08325
90.1961
89.37382
88.36427
86.52235
86.03577
85.79767
85.51879
86.10632
85.80679
86.38631
87.64683
86.31749
86.70505
87.0678
87.46935
85.76924
84.05221
84.80055
84.21069
83.54926
83.7146
84.21995
84.26123
84.24617
83.50654
84.58814
83.90222
86.43837
85.79714
85.80576
85.2808
84.91838
85.701
85.80812
87.44555
85.79924
86.0233
86.30808
85.57366
86.34586
87.95859
86.4705
86.43141
86.79493
86.38774
86.32541
86.67504
88.04798
87.12165
87.76477
88.03026
86.73265
86.30354
85.0243
86.24542
86.40972
87.21461
86.13392
88.43702
89.7573
89.50865
89.18295
88.95285
90.30118
90.62297
90.55556
90.62025
90.3309
91.78218
93.7627
91.69462
91.83931
92.37264
91.22651
88.91166
88.32885
87.12077
87.91986
86.84254
86.45095
87.54899
87.38998
87.76096
87.82229
88.16536
88.14022
88.60622
89.27976
89.00193
89.68539
89.49478
90.17273
92.00804
92.79552
92.09341
92.56485
92.1144
93.81521
94.70567
92.39269
92.65512
93.5808
93.99619
93.82937
93.64387
93.71633
92.16365
91.66601
93.29104
92.03428
92.41602
91.54218
91.90291
90.86904
91.43463
90.14073
89.98773
89.91817
90.34884
90.93702
91.00532
90.13757
91.51102
91.14833
89.75
89.49229
89.20967
89.98893
90.65743
90.43558
90.7553
90.61812
90.53817
89.44809
90.58367
89.45433
89.18168
89.34599
88.95476
88.22275
88.66195
88.48469
87.74051
88.06257
88.36462
88.86883
87.92739
88.5899
88.38702
87.46767
86.91814
86.67946
87.56799
87.87065
88.35665
89.74559
88.87263
87.85819
86.33459
86.07224
85.33546
85.89206
86.02083
86.87274
86.80397
87.05557
86.29772
86.39699
87.49792
87.33441
87.00917
87.2574
88.44351
90.5129
91.71142
90.70428
89.44618
88.50036
89.31582
89.44666
89.56075
90.28463
91.08225
90.73771
91.1321
89.74993
88.78219
89.52478
90.30607
89.6105
88.05483
88.04087
88.483
90.17892
89.38236
90.06172
89.30989
88.9371
89.88351
89.35847
88.90483
87.33723
88.55408
88.08077
90.98879
90.75323
90.33981
91.08174
91.38441
93.41303
92.5807
92.01698
91.2894
91.95303
91.4697
91.14095
89.30516
89.58211
91.5095
91.09477
91.44171
91.05638
91.58024
92.01145
91.26565
90.02807
90.02077
90.26407
88.59178
88.96289
89.29962
90.02379
90.95221
91.24513
90.75818
92.93591
95.02349
95.95803
95.51282
96.30693
96.98863
96.38511
96.42832
97.17116
96.89124
96.74855
97.0698
98.04014
98.43315
99.25573
98.92391
99.13077
99.7354
99.4899
99.31835
100.2013
101.0305
101.8966
100.7773
99.36399
98.68159
99.5941
99.27058
99.59623
99.77314
98.93588
98.37392
98.54095
97.60665
96.75829
96.23534
95.04362
96.08836
96.40174
95.17573
93.23067
92.67589
94.46369
95.72828
95.86895
96.30222
96.23187
95.03657
96.07733
97.48174
96.70878
95.94674
96.41047
97.38081
98.27913
100.2763
99.2661
98.57656
100.3293
100.8029
101.7851
102.3579
103.1339
102.9747
103.1282
102.8186
103.3887
101.8925
101.1971
101.8595
102.9613
102.9487
102.4919
101.984
100.2761
100.2368
100.5747
99.85485
99.50093
98.80387
98.52444
98.61835
97.08684
98.14635
97.8105
97.65074
98.9175
99.64859
99.76844
100.7804
100.1391
100.3727
99.06806
99.80592
99.95503
100.4195
101.3299
101.9767
101.7675
102.5611
104.458
103.4691
103.3275
102.3925
101.8987
103.6771
104.8283
105.7853
106.3419
106.6409
106.6834
108.7632
107.2263
106.7456
106.2734
105.8286
105.1401
106.0663
106.3297
105.7234
105.6278
105.5429
105.2012
105.0426
103.1409
102.7998
103.2448
102.5834
105.5635
106.3926
107.1861
108.6293
106.0362
105.6435
104.449
104.5283
103.3522
104.7652
103.6985
103.8728
103.8372
103.1787
102.1844
102.921
103.4832
102.5564
101.0587
102.0529
100.6112
101.6421
100.901
101.2611
100.6866
100.2975
100.3834
102.1781
101.4742
103.45
103.4826
102.7302
102.6815
103.7234
103.6742
103.2897
101.9344
102.472
101.9242
102.1798
101.7865
101.4154
101.273
99.49987
99.11946
99.99035
101.0682
100.7216
100.2743
99.14664
98.38216
99.13958
99.42266
100.9098
99.73953
100.0265
100.8673
101.1492
102.4129
102.6613
105.6042
106.2028
106.7964
107.2748
106.7516
106.4035
105.5625
106.7662
106.1827
104.9934
106.2607
105.4019
106.8452
106.2561
105.7465
106.8498
106.1672
107.0717
106.2206
106.3843
105.9169
107.3456
106.3802
107.6697
107.4553
107.891
107.9025
108.9602
108.2393
108.9347
108.9862
109.5795
109.933
109.1373
110.0213
108.9132
107.5026
105.7582
105.9656
106.0976
107.6977
108.3529
108.648
109.1211
109.0944
109.2684
108.7263
108.9555
108.4519
106.605
107.1603
107.6955
105.6075
105.2424
106.3849
107.9584
106.8406
105.7287
106.6395
106.8794
106.5968
106.5634
106.4005
107.6962
107.8155
106.8246
105.8314
105.9036
104.9888
103.6084
102.6945
103.0123
102.7214
101.0401
99.09044
97.46466
97.26766
97.71006
96.6752
98.07203
97.33188
96.46022
96.3148
96.4252
95.64392
93.87369
94.77045
94.69203
96.44323
97.15339
96.66853
95.95466
95.99054
95.51741
95.67087
96.66883
97.93914
96.38286
95.96959
94.75548
93.71688
93.35308
92.87481
94.22112
95.52696
94.60235
92.85801
93.08063
92.6328
90.99485
91.44651
90.92426
91.7856
88.89121
87.4317
88.17809
89.25995
89.6126
88.67834
90.0171
90.42596
90.08687
89.98555
90.01524
88.5268
89.03458
88.7494
87.46517
86.85477
86.9269
87.07827
88.17294
86.90912
87.24241
85.90352
85.37831
85.26306
85.27463
86.38375
85.92805
85.61907
85.47028
84.44187
82.97905
82.96986
83.00581
83.06374
83.01458
80.76601
80.36561
78.48526
77.17965
77.08225
75.70566
75.63344
76.46479
75.76233
75.33823
74.83318
75.5218
75.71184
76.53862
77.00004
79.1457
77.65277
78.72466
78.50277
77.19601
78.71368
77.69028
77.68286
76.06237
75.59818
74.53356
73.93331
72.85236
72.17838
71.51969
71.11563
71.11952
70.25804
69.51132
70.23716
70.87925
70.22235
70.06253
71.0852
72.50242
73.39987
74.0316
74.15253
75.33773
75.78064
74.89315
75.37965
76.59201
77.79483
78.1332
77.62753
77.78453
79.04631
79.36804
79.11394
78.70339
78.18811
76.7096
78.63497
77.76277
79.04339
78.71816
78.89456
81.46264
82.18286
82.76282
83.79973
82.91672
81.96006
83.71447
84.14831
84.6214
85.29655
85.33214
85.68442
84.95364
84.85375
83.62667
84.23268
84.54936
86.78007
86.36269
85.79284
85.30004
86.46454
87.01595
86.73141
85.82845
86.48231
88.85036
91.07919
91.0861
93.6479
93.63304
94.60529
94.81649
94.56489
95.89909
95.54289
96.38766
94.66836
93.82728
95.33465
96.1656
97.56757
97.03312
96.81726
96.31095
95.89147
96.43934
95.92999
95.55088
95.42203
94.5152
95.1587
95.8159
97.5974
96.26687
95.51924
94.85375
94.42086
93.62213
93.26963
93.06991
94.19603
95.1208
94.60174
92.73143
92.81246
92.3328
93.29884
91.84786
92.35153
91.82976
93.025
93.08916
92.81444
93.77384
92.03667
91.7041
91.5257
91.49167
90.42933
92.17365
93.30863
94.87179
94.83641
93.61381
93.40035
94.16352
93.50624
93.75801
94.90633
95.53051
95.19823
96.21061
96.88377
95.65704
96.78325
96.92185
98.16668
98.62493
97.91253
98.86243
97.42683
96.12921
94.44781
94.74807
94.64347
94.02515
92.00717
93.22972
95.19499
96.20885
94.58818
95.61206
96.59209
95.79774
96.63727
95.684
97.3722
95.86245
94.00215
93.3793
93.21134
94.12442
92.07345
91.7012
91.30434
90.80112
89.7036
88.80519
87.93285
89.30046
88.71828
87.83257
89.08161
88.84926
90.1823
89.94743
91.0353
90.15677
88.86083
88.18894
88.27138
86.6829
85.80388
85.6947
84.23544
82.81514
82.20382
82.50603
80.5239
81.56269
80.19165
78.7491
76.83718
76.50532
75.38555
76.44461
77.13446
77.73575
76.88816
77.16382
76.50375
76.11084
76.21801
75.74888
74.82062
74.21711
74.12935
74.92151
75.80546
75.87965
76.34157
77.60437
78.41883
77.69405
79.0594
77.16034
75.04839
75.44793
74.69769
74.42823
75.05709
75.16055
75.85328
76.23377
76.3348
77.46663
75.78784
75.15011
73.25037
73.79641
74.01397
75.96412
76.1992
76.40963
75.40005
76.45532
76.11412
76.38966
76.16021
76.26346
76.00435
76.70464
76.09113
76.81376
75.81467
76.58267
77.03356
75.55613
75.63145
75.43156
73.11703
70.96027
70.72896
71.73331
71.83167
70.78163
71.70268
70.79869
70.57796
70.40443
71.19472
70.81921
69.97778
68.20396
69.62787
68.72807
69.03148
72.01915
71.42649
72.22826
72.06842
72.49191
71.80349
72.02872
71.59685
71.37051
71.5187
72.59867
73.46144
73.02479
72.55429
72.97618
73.56609
74.90978
76.35712
76.06628
75.53942
75.07643
74.24014
74.51146
75.42333
75.04002
75.44491
76.58256
76.82093
77.47032
78.11496
78.40108
78.69964
77.54691
77.35582
77.61134
76.8788
77.77751
76.30344
76.64202
78.18343
77.97517
77.89196
78.62355
77.62693
78.61764
79.858
79.53578
78.74628
79.28435
77.83708
78.54166
78.21032
79.06722
81.10859
81.58286
81.42399
81.34702
81.19626
80.95012
82.3594
81.78467
81.31578
81.68925
82.19999
81.49933
80.55404
82.41
81.29639
81.6141
82.93111
81.82527
81.99786
80.85309
81.23756
81.27629
82.13801
82.12106
82.08488
82.64454
84.41107
85.3647
86.11154
85.4869
84.76115
85.66888
86.90569
87.22886
88.59833
88.19357
88.24553
89.63621
88.88627
88.78385
88.09465
88.17702
89.23096
88.01842
88.81179
90.22593
90.11289
88.97875
89.03602
88.77444
87.46173
88.00776
88.29563
87.3532
86.97724
86.12217
87.9634
86.97583
86.50784
88.38874
88.77208
88.02809
85.21014
85.79908
86.14073
86.95067
87.18803
88.54129
88.3267
87.51169
88.66687
88.39786
88.62141
87.08354
87.29703
87.16858
86.67959
86.87121
86.19559
85.95094
85.37766
85.68084
86.19902
84.61676
83.70997
83.77083
85.28192
86.09318
86.8007
86.36175
85.27795
85.52984
86.92913
87.62911
86.17992
86.98203
85.78359
85.10497
85.13113
86.0769
85.90048
85.65145
85.86656
85.11429
85.19265
85.67426
86.36949
86.76033
86.31664
86.4596
85.63519
84.88359
86.52843
87.95783
88.38857
88.08351
89.92045
91.15454
90.63262
91.62244
91.10717
90.74733
91.04396
91.2038
90.85355
90.47121
91.1733
91.89442
90.90642
91.11609
90.96406
90.52559
91.79244
92.03123
90.86067
90.66794
91.25693
91.07918
91.46053
90.49226
90.40935
91.92676
91.28435
90.77145
90.89777
91.97766
91.1028
90.7089
89.91654
92.12807
93.70037
93.71357
93.11779
92.60772
92.20241
90.49308
90.33533
91.24482
90.36572
91.00231
90.30478
90.31329
89.72997
89.42326
89.15167
89.73947
91.38433
91.49906
91.90977
91.43859
90.87222
89.26387
89.59191
89.29225
87.82987
88.49407
88.48054
87.43285
88.22374
86.67807
86.32271
85.65359
85.21845
85.75205
84.69075
84.47428
85.26776
85.60868
84.11353
85.61776
87.48639
87.65517
87.85457
87.51853
87.74664
88.53938
90.27567
91.71438
90.66391
88.54861
88.03274
87.63305
85.97486
86.38323
87.84867
88.37564
87.49208
87.13337
87.53304
89.10481
88.8088
87.98558
86.05641
86.2692
86.68448
87.18518
86.59353
87.27151
86.72112
87.3605
90.1882
89.42628
89.67282
87.80137
87.1062
87.32324
87.02038
86.15437
86.63969
86.49444
85.6365
87.61749
86.36025
85.84168
85.3954
85.85981
84.90364
83.63362
83.40883
82.73656
82.7098
82.88813
83.97803
85.11791
86.18432
85.99367
84.90408
85.66832
86.4521
87.29426
85.78583
85.71226
84.74494
86.65927
85.53087
86.01826
86.32517
86.55649
87.05031
86.77435
88.51086
88.55569
87.53001
87.50645
87.90833
87.17011
87.25099
86.97166
88.3941
87.81105
87.45585
87.61774
87.0734
88.15478
87.12311
85.64663
85.86783
86.40499
85.09965
85.7464
86.32897
87.10321
87.96924
88.72333
89.87167
90.69303
91.84927
91.88192
92.73053
93.42942
92.94868
92.91216
94.72214
94.18924
93.32253
93.07158
93.40537
93.65245
93.41063
93.49488
93.89836
94.17205
93.99113
93.09588
92.83528
93.16568
92.31973
92.86429
93.58477
93.19333
94.2568
95.44361
94.73715
95.0955
94.44462
93.25372
94.83451
94.67324
94.7939
94.60626
93.5832
94.39341
94.14233
94.82148
94.88153
94.65691
94.94167
94.58246
93.39257
92.44912
91.01723
91.23627
90.7542
90.42365
89.66577
90.51849
89.73744
89.36483
90.42076
90.53878
92.06713
92.51466
92.28731
92.63214
91.98627
91.63196
91.8666
91.19905
90.91964
90.59171
90.5529
92.33937
92.68567
94.29157
93.61898
93.59733
94.4396
94.01727
94.50942
95.03532
93.96419
93.98781
92.61342
92.08609
93.04664
91.59514
91.55088
90.50359
91.60796
91.11486
91.46224
90.38697
89.68246
90.37154
91.58355
93.21354
93.35327
92.86787
93.51509
92.74693
92.99967
92.20866
92.07886
94.20307
93.49282
93.59767
90.76771
91.75708
91.22913
89.81568
90.33313
91.09341
90.41605
90.97339
92.06113
93.19172
91.98081
91.12582
90.29416
91.46597
89.57488
89.678
90.14598
89.54169
90.19999
91.14329
90.94445
91.78861
92.02237
92.64545
91.78771
91.63403
90.9491
89.13573
88.22603
88.21262
87.99185
88.23305
86.87208
84.82226
83.42721
82.97681
84.26712
84.12133
85.321
84.61739
83.65761
84.67018
84.46155
82.81277
83.43835
83.29404
83.7489
83.39987
83.69942
84.09763
83.57912
82.9221
83.18873
82.48344
82.38877
82.47492
82.11843
83.08007
83.63356
