32.12354
35.1224
35.48072
36.69521
37.78408
38.81103
39.33681
39.38926
39.14487
40.2036
39.46444
40.85858
41.30819
42.00376
43.5993
44.86446
47.0565
48.18986
49.5639
50.26781
50.0524
51.71526
51.09574
53.87499
54.56489
52.44277
53.46212
52.83963
54.50865
55.06375
57.75626
60.26605
59.97894
59.84325
59.73608
63.4832
64.26889
65.80039
65.97321
67.51212
67.69032
67.22718
67.1992
68.8546
71.47865
71.67424
69.81864
70.30039
68.48845
70.25928
71.27498
69.10647
71.09768
68.96411
67.22176
67.44042
69.06999
71.08103
74.90379
72.14402
72.31726
75.36728
76.32761
77.65385
80.03518
79.2829
76.43639
78.76255
78.29868
79.79318
77.44337
76.53428
75.86295
79.14173
81.87783
82.36007
85.79475
85.14081
83.71017
84.11807
84.09871
85.31673
84.62878
84.87686
88.92253
93.0001
93.05623
94.81168
94.35544
96.35143
99.30207
98.73407
96.79979
93.19857
90.10819
89.0057
93.18356
92.52841
91.13089
95.11515
96.7573
94.306
93.95796
92.50005
93.38691
95.92384
100.0098
97.44382
94.22262
90.4156
89.56746
91.41699
93.71625
95.79854
95.05229
91.01999
90.8705
90.68603
89.58931
88.33381
86.11807
82.32938
79.47625
79.35558
83.22507
86.82366
85.51041
84.18008
86.46722
87.66394
87.98207
90.18211
87.32656
88.18852
87.70117
89.99475
88.44013
88.31325
85.66924
85.84095
82.26533
79.60084
78.31532
76.2064
76.00192
74.08619
73.49564
74.51319
72.47699
72.76743
71.77797
70.4826
73.59068
76.00219
80.76064
81.5977
81.06237
80.60842
79.12581
81.9328
83.47257
79.48603
78.53174
76.87361
76.01554
76.02712
77.05169
80.27373
82.80941
81.31344
84.62327
85.32186
84.3522
86.30061
85.49975
88.93747
86.5239
89.23083
89.86268
89.21005
90.44454
88.83242
89.95109
89.70008
95.13419
92.98318
90.65903
89.73985
90.67085
85.36713
83.80723
81.93804
83.76499
84.23856
86.4856
86.17853
86.09709
88.32082
87.3832
89.34047
90.59078
93.35268
93.89564
95.87343
99.47104
98.88291
93.84199
96.82328
100.6216
99.20227
100.4881
98.05303
98.89077
98.0204
99.2464
99.26233
103.1583
104.6258
102.108
99.57344
98.94472
98.43579
98.3135
101.2991
103.7809
103.4128
100.6708
102.213
103.296
105.8396
109.49
108.931
108.1867
116.0824
117.6053
119.6642
118.7574
120.6375
118.7538
113.3064
112.9724
111.82
112.3607
107.8198
100.7259
106.6581
110.311
114.0052
110.2109
108.5756
107.5574
110.0155
106.1297
103.619
100.8999
103.7162
105.3949
102.4752
101.006
101.7792
99.50187
95.88787
90.90941
92.7615
94.96155
94.03039
91.84043
98.42049
96.07371
97.42971
96.20049
97.98072
100.5888
99.90758
102.3105
98.09207
96.38566
99.30602
98.93007
100.6341
102.6985
100.8908
100.8081
100.7745
95.28621
95.62379
97.93381
95.61526
95.04231
91.73707
92.75204
93.02214
93.98567
93.68229
94.01581
98.14493
99.94301
99.19479
102.4041
105.6915
104.5911
105.1551
102.0199
103.7079
103.1497
101.4328
99.88749
99.2079
101.5563
100.0912
99.75316
99.01934
102.3393
101.894
102.1544
101.1842
104.9275
101.1108
99.6807
100.3632
97.38442
95.83412
99.01788
100.8281
100.8437
106.6263
116.1829
112.1983
114.9771
113.1132
112.2139
112.4986
111.2646
105.6328
105.7912
101.3173
105.0908
108.6545
102.8739
102.2466
100.4679
104.0073
107.8616
110.558
109.0473
109.9926
110.5886
104.2256
104.2637
107.6874
109.3058
111.9006
112.1206
115.3584
115.6694
116.9832
118.2807
115.4457
117.6896
122.0158
121.6903
118.1728
122.066
124.3173
127.862
126.8618
126.0065
128.8439
131.7981
132.3829
133.9039
132.3951
137.4518
138.7914
142.9016
147.1313
151.556
152.7752
148.3197
144.9151
147.5753
139.6611
143.151
139.5242
141.406
144.3852
142.7573
142.9305
148.5603
145.3414
151.4605
150.8114
153.0291
155.5821
148.4879
153.2561
155.7561
162.039
163.1224
174.7501
172.4147
176.5749
172.9199
176.9015
171.4068
177.8448
170.8832
171.3469
168.0518
172.1907
166.4321
171.3975
163.5101
163.4224
164.02
165.9245
163.5251
165.0545
159.8815
157.7493
159.9236
167.9366
169.7182
166.1034
171.1256
171.9515
163.8291
159.7302
162.4129
162.3432
168.4316
165.9394
167.3911
172.2073
175.7764
168.998
169.7275
167.3175
163.8923
158.4267
159.5511
155.4613
155.9622
161.0703
155.1034
149.3151
154.9934
145.9855
154.4671
157.6181
160.6205
157.7525
152.2096
148.1727
143.0398
142.386
144.7006
144.0031
135.6177
130.4286
137.7675
141.6544
144.8948
148.9391
144.0663
142.8299
136.7107
135.9536
140.7724
140.4387
140.2366
147.7999
152.961
155.9698
147.2601
143.5378
137.8305
137.1668
137.5144
133.3946
135.3915
138.2658
138.7814
133.746
134.9006
135.6751
137.5605
143.1612
147.9593
152.4776
156.5272
155.4525
160.4854
168.8027
175.9785
175.9603
178.9116
178.9247
178.5234
178.0131
183.0741
181.3656
188.2785
187.7513
187.5061
181.7771
177.4554
184.9078
186.7948
182.5835
186.5807
179.3145
172.358
172.7788
177.6438
163.9318
167.9309
164.2324
158.4511
163.6709
154.5624
160.0913
163.859
160.2547
164.8963
166.611
167.4046
173.7833
168.7863
168.8605
171.6186
169.4442
166.3478
163.0491
159.176
160.9438
163.2628
150.0344
146.4914
144.701
148.0863
151.6825
152.6317
152.0393
153.2763
151.9257
163.9864
162.262
163.675
160.7577
151.0412
142.7582
143.8111
139.4791
141.3696
142.0099
151.882
153.9884
152.9594
149.2797
145.3839
153.8701
159.6133
159.8581
166.0687
169.4365
168.9339
169.3987
168.0407
167.6844
171.1355
164.4055
156.3856
156.7708
161.2
157.6964
162.7214
161.1983
158.9014
160.8902
157.4604
156.525
167.3655
169.5235
177.6643
173.0087
175.0537
178.0979
181.3742
188.0035
192.6119
181.2183
181.0122
186.9089
187.5942
181.9656
170.9307
168.1599
162.5641
162.4747
160.4255
154.5188
151.4365
147.7385
153.3671
150.2722
151.3337
146.9013
141.9463
141.4764
137.8276
135.0843
134.7806
131.2371
136.2365
143.3981
144.9437
140.9098
140.3256
138.2581
137.0283
135.6552
136.9236
138.5829
132.1498
134.861
140.4494
142.9902
142.5702
142.1639
140.2427
139.8753
142.9093
137.8911
136.4793
133.4865
132.6581
129.2987
129.761
130.3067
123.8996
122.9372
124.9013
128.3861
126.1983
124.8322
118.0017
119.5674
125.4358
127.3426
128.5943
129.828
127.7673
131.303
127.4001
124.8525
126.1834
128.4316
130.6641
128.2219
130.5241
132.1812
139.0497
135.8559
134.9267
133.0212
129.1831
133.2852
136.2711
138.1999
136.8227
135.9529
138.8208
143.4088
142.507
140.8264
141.1864
148.1497
150.1001
149.8404
153.3503
156.1753
153.8154
159.9321
157.7859
157.4715
160.0153
157.2919
162.7451
161.5475
168.5296
168.5986
174.155
169.8892
161.4699
149.3098
156.2616
154.3698
156.7409
161.321
154.1789
158.5534
168.4776
169.6704
161.9912
164.5111
160.1447
163.5697
163.2375
157.9862
162.3785
158.565
161.113
158.1546
158.1767
154.4375
160.3126
158.6202
153.2479
160.4564
158.4918
164.4043
164.8397
166.1228
170.1803
166.263
171.9958
171.7403
177.3162
180.1184
188.4839
186.5766
191.7464
200.5038
196.1351
184.6436
189.593
200.7828
200.7414
196.1484
187.6925
184.2032
178.1623
176.0895
178.9901
178.9361
185.8885
177.8567
169.8285
173.8417
170.5582
170.8612
166.9949
174.457
168.997
172.4537
175.7634
172.8414
169.3725
171.0676
173.4198
168.2963
167.4837
166.4712
161.0801
155.9369
161.419
161.0679
165.4037
166.1943
162.7537
164.0611
164.7402
170.2393
178.509
178.6196
177.5625
180.5515
183.6549
179.3185
183.889
181.9694
185.2891
178.147
181.0252
187.4416
187.2405
186.668
191.2262
183.2957
186.7469
183.6194
184.5644
187.2067
185.8977
186.3666
191.1879
192.5508
195.783
196.9936
187.0997
188.323
193.5219
186.2945
200.1312
205.5236
208.2087
213.0776
219.2295
219.9336
216.3911
210.6416
210.2685
207.9037
211.7376
212.2393
209.2332
204.8491
206.4688
213.251
221.0359
219.8017
221.0925
218.5099
216.8477
212.7751
216.3785
209.6246
208.0892
210.8664
205.8079
200.7754
195.9518
198.6002
198.7398
196.6523
199.3313
185.5236
190.7843
184.8395
185.2505
180.7821
180.4019
178.3215
186.4136
182.583
191.2332
185.9781
187.769
185.8748
186.1262
182.115
181.6339
174.2322
168.6525
164.9949
165.6773
167.9397
171.7357
165.6076
160.7579
159.8248
156.2525
159.2783
154.4366
157.3637
158.5563
154.0713
146.3831
141.2036
139.4033
141.5677
146.112
146.1697
148.6208
146.3567
144.8204
139.1441
140.4567
142.3185
139.0904
147.8137
152.8733
158.427
160.6446
157.4886
164.0019
163.8355
176.3981
186.2895
183.2168
191.9399
191.5775
197.8147
197.5158
199.6548
208.0252
211.7839
215.4528
209.6698
213.6275
215.657
223.1108
224.9659
229.6848
227.2094
234.2085
238.0808
239.1611
232.6276
230.4445
227.4062
236.6851
239.0483
232.8688
241.4788
240.5788
239.1338
236.1301
239.0313
227.1492
220.6477
219.2509
225.8121
222.8389
216.1421
217.8965
211.8231
208.0427
202.4255
201.8959
200.6933
203.9754
209.2251
205.9313
205.733
206.9935
214.4075
203.8336
208.0659
204.533
195.3715
195.0949
187.124
191.0967
186.2789
179.458
180.6201
187.404
188.192
184.268
191.0534
191.7296
195.5232
202.0408
192.0497
190.8604
194.0433
187.9961
195.6939
195.9452
209.2989
201.1256
199.7119
198.1128
195.6966
196.5054
204.3815
199.1007
206.1347
205.5809
202.1827
195.1101
194.1014
194.7329
196.5206
199.7194
197.9747
190.7167
194.5469
202.1712
208.3775
202.2038
205.0131
194.8542
200.3894
203.0746
209.5415
208.4568
207.7321
204.5033
208.0398
201.1732
210.413
201.0525
193.0856
193.9559
184.8091
180.0657
173.0311
172.4121
178.7535
174.2001
167.0643
172.6954
179.5972
185.8245
186.8669
184.5857
183.3961
186.0431
178.3588
177.3501
174.6837
178.9616
183.5374
175.0036
172.6157
166.9793
161.5836
161.4514
162.0993
160.6265
162.6455
164.3235
165.5351
161.9604
162.5595
166.1023
167.741
169.9871
168.2275
175.1401
179.0429
179.5235
179.5438
185.3599
173.831
163.479
164.6649
167.5166
168.8712
169.4285
181.0639
173.6997
169.9805
169.8955
174.2167
173.0345
176.2943
179.1593
174.2434
176.475
174.9516
181.0476
179.22
171.9041
177.9587
182.6884
182.8246
185.898
185.6305
181.8898
176.9936
180.2949
187.7842
190.3348
193.1842
185.0999
191.8002
194.1482
188.4803
186.162
188.7973
184.6306
194.81
191.2474
187.6955
196.2401
196.6439
205.1075
198.11
204.6195
197.8568
198.8723
196.485
186.2262
194.7916
204.0198
201.8157
209.4484
211.5933
218.2623
224.3301
221.5735
219.4397
215.478
209.4947
209.1476
210.798
222.9813
232.951
224.4999
211.9768
201.2712
193.4744
193.5975
192.2433
194.5249
194.3859
194.4617
194.3254
195.3025
193.9213
195.3154
198.4066
203.3773
209.8943
210.0583
214.555
215.167
215.005
217.0615
216.1616
212.8435
211.2252
212.8314
222.8215
218.317
225.5437
220.3463
222.6695
228.7175
226.8361
226.3667
225.1388
225.4025
232.6298
234.6957
237.406
232.4682
234.9338
229.2245
236.8695
228.6199
222.815
228.7667
228.2731
232.6011
224.5235
222.5152
218.0423
221.9532
222.9212
230.6247
237.2605
234.4332
233.4865
227.819
230.6022
234.7373
244.7195
244.1951
245.1573
237.7205
234.5862
237.6855
239.0353
240.8815
232.9899
233.334
235.3838
234.6972
229.0509
225.5654
233.363
228.6391
233.8332
234.7758
227.4779
220.648
218.306
225.1181
221.4194
216.1022
213.4953
219.6226
232.1355
224.6504
223.7576
205.7885
205.5222
210.2771
213.5905
222.1307
222.3925
225.9694
236.2541
237.8894
241.0064
235.9012
230.3024
241.6424
247.9913
249.2163
250.6641
250.4286
253.129
256.825
252.9548
245.7242
258.4418
257.5966
261.541
243.0783
245.6608
247.2483
245.1766
247.185
244.7259
237.6395
242.2659
245.2995
246.6833
251.05
251.3161
247.0592
242.4321
234.1736
232.8572
235.842
226.7543
229.1107
231.0534
229.8579
234.2907
245.9881
241.4482
243.9019
248.3034
243.0205
239.1612
228.6688
229.5009
233.593
229.9326
232.7741
239.8087
232.1063
234.1218
231.0323
230.5132
251.6949
251.4928
263.1315
257.0351
252.2693
253.889
258.3692
243.3904
241.2898
232.3713
226.4715
224.0893
225.8301
225.7418
229.0381
219.6878
226.9215
227.399
220.3344
213.3848
215.1572
208.8421
214.2799
210.1496
203.4926
196.0555
198.8268
192.4719
196.3959
206.8759
205.5596
200.9661
200.1214
199.088
197.356
197.692
203.1585
209.6712
212.767
214.7317
206.5717
207.2153
204.798
201.2715
203.9387
201.5032
207.1652
209.5615
204.9093
206.8067
215.1855
215.5647
217.8619
225.1527
230.4495
235.0561
233.5376
243.6428
243.7151
245.0287
234.0946
239.517
224.9266
232.1344
221.6768
224.7495
222.2052
216.324
217.2463
210.8598
213.9614
216.6304
212.7093
216.4869
222.1261
228.7062
230.8862
237.7206
235.5955
228.5889
229.811
234.2254
229.8287
230.5085
232.6786
225.3302
230.7477
222.6173
223.7394
230.1834
223.4178
223.5007
220.8824
217.786
219.7473
220.1248
223.069
225.3375
232.8078
235.266
241.7816
262.102
265.682
261.8202
260.2813
268.5213
274.9655
275.7358
282.9597
284.5158
280.4341
278.2178
268.4083
268.5492
270.0229
284.868
273.2583
270.3027
271.0575
279.4179
281.6429
284.0212
287.7151
291.9132
280.5891
277.8697
287.2432
290.9387
287.393
271.4736
293.8104
285.7672
287.4693
296.2006
302.0706
293.6374
306.1348
314.4815
309.3297
300.9876
297.754
291.6116
292.0159
286.7847
288.4082
294.2064
294.2618
299.4966
300.1202
305.8195
308.5681
323.3023
332.229
323.4662
317.7641
312.1501
324.91
319.4236
319.523
319.4181
313.6782
293.0082
295.267
298.7639
298.7609
301.4626
300.8171
304.2111
286.0326
278.7136
274.1748
275.3802
270.8488
273.0364
278.6186
270.601
276.6131
269.2148
266.9213
268.9254
260.7413
252.538
252.4984
255.3113
249.9676
242.0119
241.3338
240.13
249.1525
241.1675
232.4775
231.7804
228.6973
229.301
233.9346
234.0302
230.8073
228.6996
222.3931
217.8043
213.7647
221.4014
209.6251
209.2751
210.0412
212.6521
207.2253
198.8661
191.8873
189.9408
191.5797
193.8882
183.9692
178.8551
176.9629
172.3391
177.3814
175.0896
170.9772
171.6163
166.2964
160.0836
163.2477
161.4939
166.3262
158.4679
150.0449
148.6721
152.94
155.6315
148.6028
144.7394
141.5146
140.5921
139.1848
139.3754
135.7769
134.5691
134.9003
129.5751
136.8118
132.7769
133.7094
133.7164
131.0538
132.002
130.9131
135.1113
131.725
130.0765
126.9013
121.9487
124.9596
122.2014
120.043
114.7422
113.9995
105.656
108.818
112.0128
113.2231
112.4435
110
114.141
119.1745
115.104
114.3824
117.8593
117.3783
118.5709
119.441
128.701
128.2179
127.5131
121.7118
120.57
122.1853
121.158
117.68
113.9028
116.9554
115.6668
115.7888
113.3682
105.225
103.8023
101.888
104.0111
102.3978
100.9103
101.9014
95.70223
100.837
101.5285
96.71282
100.9542
101.5653
100.6935
102.021
100.8206
96.85493
95.03158
94.48228
92.62076
94.89998
95.78573
100.453
96.5759
101.2775
105.427
104.0628
100.0373
99.67717
99.85003
98.86933
102.7543
101.3435
99.30059
99.9661
96.1964
90.16213
92.74281
91.90181
92.23475
94.77935
93.70052
93.87373
88.97719
90.04939
91.26902
93.15188
92.65491
93.15486
94.00478
93.80101
95.20959
92.67992
87.75716
86.56239
86.99216
87.59563
88.89218
88.68436
88.94523
85.3009
86.71799
88.741
88.01365
86.50068
88.99317
86.26008
86.33136
87.44399
88.15791
87.08072
87.91044
88.85083
95.52863
92.52443
89.88688
88.75301
91.61959
90.99325
94.12197
94.40678
97.48849
96.10904
100.4061
99.14793
95.67224
92.37413
91.76281
95.88204
95.03404
94.65505
97.44816
96.79458
97.08563
96.99622
97.32343
100.908
101.8204
102.0485
103.5577
107.8839
107.8308
111.6749
114.9372
113.8861
110.809
112.1777
110.7529
110.4759
109.8173
107.9571
104.0846
105.4548
101.6056
108.9336
106.1932
107.9964
112.3918
108.3594
102.4569
105.8762
108.2548
105.4984
104.1822
100.6299
102.0985
99.12198
99.97355
103.6705
102.3664
