7.177892
7.254278
6.938737
4.085141
4.739407
5.412378
6.540657
10.1959
6.480544
6.879064
8.85343
9.171377
11.39215
8.122852
8.902835
8.86608
7.482243
10.18984
9.449754
7.688076
8.130579
6.982622
7.635586
7.355238
7.057326
7.336471
7.410595
5.144566
5.673651
6.990405
7.342977
5.882025
6.345091
7.072577
7.18791
7.811616
8.879408
6.918793
7.699999
9.757632
8.018299
8.56948
9.215042
10.27645
7.794254
5.829828
4.346106
5.537586
4.537937
5.069355
6.585288
10.06534
9.953745
10.58397
12.24937
10.54818
9.362801
5.867003
6.566993
6.27455
7.012345
6.716731
4.763122
4.334398
5.643612
4.363177
5.057167
6.291648
6.132828
4.863053
4.750843
4.301698
4.744305
4.465121
4.477179
4.222187
5.347774
4.737812
5.098362
4.6529
4.857381
4.617764
5.704113
5.209792
5.113878
5.598885
6.030612
7.170049
9.052941
6.558949
5.893366
8.58914
10.91832
11.23222
13.70144
11.41282
10.62827
9.475744
9.864607
8.562268
9.693689
7.41799
5.453067
6.410521
5.356059
5.434768
7.799123
9.183768
6.269678
6.869255
9.555512
9.508326
7.73139
8.353316
8.727435
9.285201
7.951927
9.318765
9.262968
9.507855
8.418876
10.26072
9.577357
8.466064
8.887573
14.15547
10.22879
10.7237
9.549219
8.799201
8.451677
9.698118
10.08508
10.5149
6.483763
9.666332
8.656914
8.899293
4.626731
5.157843
6.253142
7.309207
6.419552
5.829655
8.394129
7.223757
5.792712
5.119791
4.920163
7.095828
8.685405
9.273568
11.00636
9.604964
8.073805
7.585525
6.934929
8.241889
7.947158
6.359457
7.617275
7.101294
8.939163
6.763327
6.540171
5.052315
4.575415
5.036816
5.823231
4.445377
4.779916
4.610958
4.166854
4.898898
3.81173
5.443689
6.696241
7.154957
9.333692
9.965562
6.615077
9.538508
9.834373
8.214253
6.963392
9.776389
11.51093
8.961116
11.70362
9.959171
7.036691
6.501164
11.04488
9.395393
8.110709
8.045575
9.821267
8.823444
8.320548
6.17494
6.567139
6.507902
5.819795
6.45571
6.257742
5.719999
7.129917
5.495097
5.193166
6.095056
4.422488
5.826244
4.552742
5.167739
6.022812
5.204925
4.179083
5.687588
5.179251
7.05819
6.838107
7.365506
5.721039
8.029324
7.328432
6.777369
6.734026
7.284905
7.889286
5.74855
4.917985
6.317608
7.480242
6.842982
7.094122
5.979859
7.841777
8.82479
9.050507
12.34213
10.57204
11.15801
10.23484
8.235181
8.71905
8.985896
9.698061
11.31338
8.660179
8.04991
7.070527
5.58081
5.166237
5.58004
6.850269
7.292578
7.113256
8.356412
7.653355
6.131056
5.93289
5.037874
5.640516
5.017229
4.212994
5.286893
7.739104
6.837675
5.90707
6.258824
6.339822
7.386083
6.882707
8.026984
9.989295
8.798105
10.65931
12.16934
10.61616
12.94184
12.26827
10.2586
9.030029
12.40646
11.35025
14.77554
12.2023
8.803157
9.578012
10.24011
9.468159
9.404858
4.931891
4.832697
4.270683
5.735344
4.930252
4.583142
4.85557
6.263801
5.753466
6.817876
7.40551
7.672795
7.402818
8.374365
8.536852
11.38013
11.44305
8.588067
9.161283
9.497925
7.248007
4.922174
5.527288
5.298869
6.228715
5.091858
5.980327
5.333808
4.310896
4.682408
6.649748
6.517005
7.559716
6.56756
6.580672
8.183996
6.734925
6.184151
6.668465
9.361332
6.87084
7.308583
6.32206
6.47536
6.595181
7.529394
7.148557
7.043935
6.385637
5.948641
7.116097
6.770321
6.722447
7.334183
6.305403
6.015396
5.184315
5.906409
5.052364
5.391658
6.227418
7.239886
8.328314
8.662066
8.538161
10.2177
8.92884
6.202173
7.890947
8.863425
7.403497
7.912013
7.293434
8.050891
7.782622
7.350049
7.187037
7.824334
7.376602
5.629959
4.914411
5.710844
8.420105
6.071942
5.570097
8.194802
6.435893
6.947974
5.936797
7.363427
7.368072
6.918701
7.434715
6.007056
7.524366
6.762884
5.580768
5.949771
4.98858
5.464098
4.259394
5.136618
8.405772
7.21753
6.794454
5.842046
7.930848
8.209162
5.634674
6.090416
6.786243
8.450503
9.095396
6.260388
5.231117
4.626912
4.91142
4.761336
3.329737
2.854058
4.191138
5.58766
6.727621
10.55416
13.55562
10.10507
13.91011
8.246173
8.007361
6.742568
8.059313
8.318403
6.651385
5.963558
6.133715
5.634922
7.1416
7.06701
8.923237
8.101106
7.636446
6.98679
7.459364
5.944298
6.312743
6.012753
4.407879
4.597498
4.099599
3.739571
3.829297
4.80708
5.172061
5.427188
5.419227
6.479694
6.410618
4.760508
5.719545
4.914696
4.825437
4.070789
4.423923
5.250794
5.124889
4.246161
3.797523
3.445569
3.254701
4.208337
4.70025
4.411414
4.629821
7.187965
8.16001
6.784389
7.368147
5.671317
6.745075
6.636938
6.098992
6.532918
7.729829
5.841849
5.690347
4.364529
4.261589
5.470799
5.345217
4.495498
4.13906
5.656349
4.944979
5.54712
4.818176
5.895112
6.537166
7.933933
8.261055
9.681466
10.84621
8.575193
8.010877
9.733696
8.8623
7.884255
8.149285
6.823885
6.279284
8.60847
6.994786
6.076036
4.89474
5.015708
5.327647
6.712836
6.15902
6.497197
8.110795
7.803016
7.420412
10.02025
6.305146
7.714131
8.429039
7.400938
7.618275
7.488063
8.457143
7.0126
5.759172
5.587637
4.979807
5.555382
3.906621
3.619994
3.294004
4.323447
7.042732
9.295643
11.34322
8.846477
13.99915
10.61916
12.8312
15.8553
14.92949
11.39252
9.838347
8.801874
7.435102
8.496608
8.508606
6.455454
8.25538
8.357527
8.79909
8.153367
8.337999
5.627652
6.662365
6.475721
6.65294
5.279795
5.849919
6.046395
9.918836
11.24751
10.07717
6.811012
5.686231
5.44001
5.978768
6.31607
6.835127
5.796684
6.235246
6.684018
5.293415
5.629467
6.727007
7.438517
5.298223
6.148782
5.967229
6.068055
7.149245
11.89512
11.15091
13.73372
11.35062
11.55341
8.323503
9.748676
9.80122
11.13269
8.12337
8.633722
10.04316
15.57636
13.54936
10.9169
10.98337
11.39693
7.486816
6.344786
5.203389
5.052976
6.779879
6.288639
5.304169
5.134047
5.80315
5.494074
5.366327
5.87876
5.234823
7.375572
5.912159
6.535965
5.358643
4.656946
5.877818
6.452617
6.464276
7.537808
8.198503
7.468805
7.611289
7.995672
6.879784
10.15964
11.47697
8.29514
6.726748
6.037207
4.74632
5.091223
4.996325
4.421413
5.966484
5.630266
5.242963
5.297831
6.091489
5.497941
4.909948
5.358249
7.060916
7.462908
6.312468
9.922725
13.28566
11.91379
12.63422
8.047724
9.59434
12.34256
13.90592
12.62095
13.62292
11.50827
10.26331
7.912015
6.625982
6.842524
6.070447
7.115777
7.749832
6.608224
7.552897
5.284345
5.055269
6.15665
7.818706
8.427386
8.450405
7.134771
7.275617
8.941212
6.168437
4.793713
6.115532
6.12525
6.726308
7.179488
8.377167
7.317155
10.22083
10.00364
9.919082
9.975579
9.733019
11.29425
9.160056
9.518884
6.328103
5.321664
6.154671
6.092568
6.206646
7.027373
5.742909
4.891279
6.045546
6.08795
8.661378
6.793728
5.815299
6.424842
4.846783
4.378973
5.23918
4.317853
4.472067
4.289504
6.561565
6.674088
5.864743
4.11411
4.906615
4.81782
6.89593
6.59181
5.315431
6.472946
6.937426
9.551292
9.140237
9.579178
9.397251
9.271767
8.260331
6.771163
6.398643
5.426067
4.899109
6.165183
7.710899
4.906524
6.110199
7.558091
9.623563
11.79583
10.83728
10.83594
13.8955
9.360352
8.966737
10.18405
10.1524
8.530758
6.869599
9.364235
7.593205
5.690018
6.319017
6.543085
6.797611
6.586272
7.486044
11.35147
9.250285
8.867201
7.451247
5.388807
4.458978
3.72127
3.617492
3.739791
2.937098
3.681311
5.255564
8.587843
8.009306
10.16871
9.862609
8.570359
6.1455
4.571156
4.869151
4.877551
5.47736
5.910819
5.74936
5.691362
6.649024
7.530657
6.602514
6.684467
6.734676
7.037197
7.048078
8.347329
9.869833
7.35261
7.871163
8.157587
7.483449
10.54436
10.45401
5.931319
7.260286
9.525997
8.683412
7.83653
8.97353
9.443314
10.30428
10.01035
10.35305
8.836699
7.845449
9.49848
9.6295
9.802191
9.206251
8.547322
9.774372
7.595459
5.868346
7.93997
9.587217
15.12831
13.35055
16.00932
11.99214
13.31735
12.61415
11.11017
10.43281
8.421773
7.006422
8.837454
9.442011
6.3525
7.516694
6.364801
5.750832
6.932719
12.00599
9.367259
8.163218
9.057491
9.895987
7.089205
10.74079
10.12315
8.412536
6.625247
5.168957
4.42134
4.464419
5.721825
5.992662
5.381929
10.43324
12.43774
12.75832
12.38084
6.726796
4.500383
4.795937
7.85919
6.285808
8.997724
8.082807
7.477282
10.40427
12.33598
11.5153
11.1922
13.57021
10.9127
12.23467
12.24677
14.09027
18.45681
23.72625
16.01302
15.02741
10.67456
13.1529
12.30593
10.87731
11.81515
10.56364
8.688587
6.558619
7.769482
6.355242
5.725572
9.402882
12.15505
8.492011
7.147661
7.468665
7.461694
6.223029
6.239661
6.660977
6.413145
4.742122
4.307345
5.136092
7.567516
7.238525
6.714669
7.5068
3.863287
4.743873
6.478039
7.362111
7.556149
6.29553
7.598465
8.668745
8.985185
7.41116
8.292094
5.93007
6.032634
5.281994
7.727299
7.915102
6.969755
7.688944
6.139215
7.362087
7.283616
5.593506
8.824631
7.464162
9.482205
7.730897
6.886885
7.75544
8.458552
9.203599
8.893533
7.866987
9.469644
8.801287
9.919045
9.344589
8.280682
7.158095
5.324946
4.690192
4.538202
4.835227
4.596044
4.525672
4.818681
6.418396
5.222283
4.848634
5.454801
4.348333
4.162932
6.048078
6.842435
6.676173
7.313378
6.084717
8.188176
10.24515
9.462465
9.977028
10.4336
10.44314
9.931372
5.087779
3.574384
3.54332
3.215683
3.316275
4.909283
4.34216
5.621629
6.630457
7.314357
7.49338
11.16016
9.496226
11.1248
13.1905
11.58717
7.839027
8.323062
6.120779
8.113714
8.428644
8.160458
6.973579
8.564284
7.063668
7.330311
7.622611
7.251967
6.511582
8.329152
6.572476
5.751279
4.753804
6.101866
7.790902
6.810542
