0.008015671
0.007518394
0.007481568
0.007803036
0.007240045
0.006781956
0.006233257
0.006582164
0.00603054
0.006627504
0.00650918
0.006138553
0.00660776
0.006674587
0.006272662
0.006607643
0.006733071
0.00641595
0.007344954
0.007288389
0.006898039
0.007120062
0.006482083
0.006681443
0.00618558
0.006141137
0.005319722
0.004620683
0.004887554
0.005183979
0.005887087
0.00582729
0.005302447
0.005315219
0.004896296
0.005112746
0.004928731
0.005158766
0.00498177
0.005220631
0.004848264
0.005262036
0.005485179
0.005478367
0.005555195
0.005431895
0.005626884
0.006048887
0.005988377
0.005504516
0.005146728
0.005897097
0.005097973
0.005486266
0.00595857
0.005263168
0.006536114
0.007079417
0.005656333
0.005629206
0.006263395
0.006300334
0.00571712
0.005116932
0.00511039
0.004376881
0.004997164
0.004971478
0.005089129
0.005167142
0.005818
0.005767993
0.00582137
0.007007742
0.007326556
0.007069467
0.008014743
0.007067355
0.007121614
0.007477941
0.00711486
0.006356237
0.007495225
0.006984635
0.00765636
0.006828774
0.007847031
0.00885303
0.008553044
0.009282719
0.008434658
0.00833268
0.009047267
0.009321877
0.01047071
0.0109703
0.01022379
0.01038465
0.0098065
0.009782875
0.00943831
0.01004908
0.00896738
0.008279142
0.007926301
0.006621919
0.00621032
0.006069999
0.005198325
0.005399863
0.004972754
0.005722831
0.005791604
0.005689802
0.00532136
0.00575536
0.005268176
0.005206501
0.004865123
0.004586388
0.004870799
0.004588576
0.00497152
0.005681446
0.004958337
0.005411127
0.005251701
0.005927665
0.006880617
0.005830291
0.006065285
0.006020503
0.006589309
0.007663341
0.007683989
0.008289553
0.008729449
0.007211076
0.007909932
0.007755639
0.007051348
0.006614711
0.007268874
0.008014169
0.00783735
0.007968497
0.007846515
0.007052766
0.007151282
0.007529548
0.007587372
0.008302028
0.008044134
0.008839949
0.009060764
0.01019396
0.01023135
0.00906363
0.008998759
0.009613228
0.008736678
0.009181976
0.008767821
0.008490284
0.008752314
0.007928734
0.007843979
0.007728455
0.007389212
0.007744514
0.007970397
0.008017161
0.008297133
0.008222066
0.007790373
0.007820533
0.008153725
0.007105204
0.006968605
0.007194602
0.008278475
0.009198975
0.009207343
0.009194604
0.007920637
0.00699901
0.008828403
0.009479889
0.01016752
0.01052667
0.01044048
0.01031914
0.008792782
0.008981057
0.008985348
0.009674547
0.009110959
0.008821756
0.007794581
0.007231382
0.00702851
0.006281168
0.006202048
0.005781673
0.006410618
0.00698154
0.006527295
0.006064686
0.006568551
0.007111687
0.007687977
0.007349412
0.007803707
0.006505392
0.006130155
0.006393122
0.00615832
0.006198179
0.005679885
0.00565245
0.006464242
0.006805867
0.006720846
0.006382211
0.006766384
0.006409347
0.006912593
0.007150129
0.00719182
0.006341856
0.006068463
0.006515181
0.00686139
0.006323889
0.005967382
0.006454889
0.006538218
0.006531862
0.006447949
0.006808843
0.006937556
0.008038408
0.00767196
0.007946332
0.008039015
0.007215716
0.006759962
0.007202299
0.007056211
0.007394102
0.008100894
0.007751892
0.007498038
0.007000341
0.006455403
0.006335135
0.005698564
0.005481376
0.005523507
0.005309329
0.004892249
0.004990738
0.005243684
0.00505586
0.005169629
0.005035538
0.0051384
0.004930375
0.004264671
0.004498123
0.004376448
0.004875096
0.005225978
0.005058699
0.004732826
0.004178398
0.004440487
0.004069224
0.003962671
0.004185278
0.004219624
0.004001305
0.004423812
0.004406462
0.004470489
0.005054198
0.005458699
0.005185765
0.005772565
0.005448379
0.005555181
0.005902438
0.006544287
0.006684334
0.006956559
0.007272976
0.007545617
0.008330262
0.009555
0.008953509
0.008322091
0.008958506
0.008435769
0.007787341
0.008285729
0.008067984
0.007923827
0.007694553
0.007522235
0.007866029
0.007127634
0.007423471
0.007419201
0.006489258
0.00635944
0.007587814
0.008132819
0.00871818
0.01005567
0.01153224
0.0115878
0.01170968
0.01076136
0.01066874
0.01220114
0.01280173
0.01179195
0.01188852
0.01318024
0.01242005
0.0130184
0.01187162
0.010943
0.01053783
0.01058211
0.01184666
0.01205889
0.0139018
0.01297434
0.01306604
0.01344607
0.01363315
0.01269769
0.01064539
0.01120427
0.01060607
0.01003026
0.01123027
0.0100644
0.009952208
0.01026706
0.009457987
0.009828362
0.009613918
0.009966685
0.0104635
0.0105688
0.01065681
0.01046698
0.01157726
0.009024788
0.009191086
0.009569762
0.00994896
0.01072305
0.009618492
0.009420555
0.009896539
0.01101111
0.01040881
0.009024576
0.008552155
0.007734631
0.006425856
0.006259594
0.006422941
0.006515573
0.005918234
0.00621024
0.00590559
0.006689645
0.007122533
0.006664542
0.006458173
0.00636939
0.005998599
0.00575802
0.005653195
0.005897903
0.00570838
0.005572816
0.004807935
0.005683392
0.005536037
0.006095357
0.006668333
0.007159622
0.006433446
0.006240974
0.006369422
0.006716563
0.006759001
0.006498489
0.006907517
0.006111379
0.005016139
0.005783823
0.005858495
0.006347555
0.007023345
0.006606963
0.007466937
0.00824142
0.007986785
0.007522015
0.007074649
0.007340328
0.007298536
0.007182067
0.006358271
0.006868665
0.00586377
0.006201911
0.00614851
0.00661158
0.006995484
0.007768268
0.006706516
0.006396649
0.006146174
0.006438013
0.007876582
0.008323916
0.008276584
0.008631914
0.007004528
0.007345202
0.006721398
0.006590962
0.007211413
0.007829986
0.007822014
0.008428948
0.007362356
0.007560303
0.006649106
0.006658946
0.006395809
0.006656294
0.006422836
0.006326861
0.005734283
0.006359429
0.005971519
0.005700828
0.005466672
0.006092933
0.005955048
0.005649207
0.005453102
0.005125032
0.005518953
0.005552974
0.006212895
0.005472444
0.005466082
0.005881905
0.006223514
0.005551327
0.005968576
0.005687561
0.005154778
0.004662591
0.00449769
0.004217657
0.003971883
0.003838121
0.003320064
0.003787872
0.003691325
0.003885149
0.004349254
0.004298145
0.004141149
0.004424648
0.004122136
0.004171062
0.003839176
0.004043125
0.004481856
0.003838146
0.003613847
0.00448413
0.004509904
0.00480388
0.004642534
0.004766046
0.00433494
0.004291041
0.004528386
0.004543274
0.003906424
0.003584733
0.003684055
0.003428811
0.003437266
0.003578017
0.004266161
0.004245424
0.004878564
0.004477147
0.004658246
0.004611168
0.004944089
0.00486714
0.004249885
0.004373653
0.004407032
0.005060689
0.00524509
0.005202601
0.005101139
0.005622554
0.006046028
0.006202256
0.005855153
0.00544018
0.005272148
0.00537694
0.005564642
0.005844107
0.006124973
0.005502557
0.006299424
0.00625342
0.006522598
0.006888816
0.006079236
0.006467393
0.005990114
0.005075521
0.005794685
0.006655146
0.00803293
0.008326518
0.006775221
0.007402599
0.007542374
0.007791185
0.00774826
0.008944236
0.008833756
0.008366542
0.009444485
0.007872674
0.008467687
0.009104596
0.008847507
0.008105266
0.007683261
0.00803816
0.008235701
0.009062301
0.007870072
0.007071091
0.006977957
0.006787233
0.006993884
0.006265401
0.006033316
0.006599403
0.007200959
0.007598577
0.006810391
0.006170078
0.007172102
0.007885515
0.007850636
0.00802962
0.007460415
0.007298274
0.007079054
0.006705773
0.006016437
0.005908644
0.005445116
0.006163368
0.006828215
0.006158317
0.006008273
0.006348979
0.005382984
0.005581709
0.005517271
0.005651091
0.006299492
0.006516278
0.006487502
0.005531065
0.006776857
0.006631291
0.006894496
0.00605308
0.007045143
0.007896875
0.007492213
0.007039843
0.007095051
0.006722555
0.007234557
0.007387352
0.006775738
0.007060074
0.008092694
0.007328657
0.007193284
0.00619524
0.00663559
0.006439555
0.006115497
0.006574766
0.005567725
0.005976177
0.00569243
0.006150941
0.005868323
0.005916407
0.00613587
0.005159055
0.005369425
0.005792164
0.005967306
0.005789879
0.005527991
0.005840343
0.005480421
0.005043927
0.005635802
0.005889916
0.005369923
0.005286524
0.005489249
0.006132684
0.005727187
0.006024239
0.00623814
0.005626102
0.005930286
0.006350238
0.005876659
0.005887939
0.005819815
0.005833406
0.005423275
0.005205662
0.004919667
0.005166838
0.004608149
0.004369937
0.005108395
0.005080259
0.004834951
0.005249698
0.005775886
0.005623762
0.006498295
0.006388511
0.006113045
0.005878965
0.006058623
0.005427616
0.005626284
0.006069724
0.006331981
0.006344978
0.006571182
0.006292784
0.006404004
0.006342771
0.005834184
0.005699521
0.006187908
0.006080268
0.006015874
0.006482804
0.00712428
0.007717601
0.00639089
0.006395339
0.007196181
0.0060721
0.006192571
0.005492771
0.005698192
0.005974982
0.005763442
0.006088922
0.006752137
0.007669049
0.007417398
0.008639521
0.009072446
0.009157895
0.008824785
0.0093978
0.008994894
0.008489951
0.008986992
0.008985251
0.009824348
0.009837661
0.009244699
0.008485464
0.007839776
0.008507379
0.008767803
0.0100034
0.009977088
0.009839432
0.009184639
0.009275875
0.008655423
0.008180621
0.007094112
0.007009387
0.006672475
0.007142489
0.007674964
0.007616819
0.006982223
0.007910156
0.008393949
0.007267088
0.00665075
0.006893358
0.006728645
0.008280373
0.008976009
0.008508992
0.009077664
0.009404819
0.008723259
0.008927524
0.01030112
0.01084214
0.01071296
0.01018505
0.01021534
0.01044183
0.01091199
0.01005432
0.0095993
0.01117338
0.0113024
0.01120861
0.01123084
0.01048407
0.009539756
0.009065401
0.009450348
0.009757857
0.01101696
0.009712855
0.008463729
0.009346893
0.008216211
0.006690454
0.006411528
0.006304014
0.006330692
0.005390753
0.00653041
0.006828685
0.006166217
0.006314078
0.006291582
0.007328454
0.00784214
0.008878632
0.007712873
0.008137828
0.007764942
0.007393867
0.007516463
0.007616174
0.008038316
0.007991869
0.009109848
0.008657393
0.008965122
0.008111703
0.008538924
0.008694703
0.009120339
0.009077836
0.009206246
0.009877085
0.009590674
0.01082188
0.01070543
0.009835747
0.008691498
0.009323832
0.009361061
0.008866834
0.008154927
0.00868398
0.008092688
0.007275877
0.006984689
0.007919702
0.007739303
0.008558518
0.007829207
0.007821794
0.007760034
0.007212601
0.00713887
0.007196992
0.007563521
0.006234399
0.00624029
0.006957508
0.005842368
0.005405477
0.005487962
0.005722712
0.005506157
0.00617323
0.005978963
0.005908912
0.005356415
0.005173497
0.005305399
0.00516234
0.005053773
0.006453773
0.006244434
0.005597992
0.00515293
0.005224289
0.005077672
0.005712406
0.005653093
0.006261785
0.006489898
0.006730842
0.006436002
0.00736844
0.006461001
0.006077165
0.006653493
0.006619213
0.006039522
0.006170654
0.006066724
0.006239503
0.006221605
0.005907814
0.005397514
0.005394379
0.005182501
0.004768983
0.004981923
0.004798844
0.004975697
0.004876605
0.004736229
0.00527492
0.005182765
0.005641414
0.005481544
0.005263983
0.005303726
0.005422086
0.005180852
0.00482964
0.004960055
0.004807523
0.005115149
0.004861037
0.005601181
0.005218376
0.005791526
0.006208398
0.006291302
0.006682188
0.007143563
0.007053609
0.007168402
0.008284141
0.008480391
0.00814501
0.008236249
0.008253352
0.008012093
0.008177801
0.007861665
0.007859143
0.007300495
0.007015941
0.007102119
0.007378411
0.006912281
0.007215273
0.006976258
0.006750185
0.007039316
0.00625107
0.006502277
0.005897706
0.005678066
0.005662304
0.005169132
0.00519992
0.005174864
0.00534111
0.004830618
0.004912001
0.005301495
0.005883889
0.005560211
0.005556243
0.005635608
0.005875645
0.005467133
0.004632518
0.004917597
0.004965329
0.005731432
0.005334778
0.005755824
0.00543902
0.006239394
0.005792063
0.005948252
0.006095938
0.005973046
0.006730019
0.007220959
0.007493242
0.008081952
0.007585079
0.009321456
0.01117631
0.01073745
0.01039386
0.01063027
0.01251165
0.01063332
0.009020931
0.009683392
0.008418014
0.008100719
0.007851449
0.008692317
0.008579817
0.008042479
0.008442195
0.007657625
0.007592449
0.007591042
0.006899123
0.007825211
0.008604552
0.007868948
0.008004424
0.008268906
0.007255844
0.006242876
0.005625282
0.006287799
0.006542664
0.006851906
0.007651567
0.007498642
0.006823626
0.008337362
0.00716987
0.006737565
0.00553714
0.00625099
0.005059818
0.005080986
0.005357736
0.005822897
0.006202529
0.005729579
0.006215977
0.006300649
0.006377813
0.006137803
0.006024473
0.006902786
0.007313928
0.006154489
0.006742868
0.005993903
0.005578875
0.005181332
0.006309417
0.006041372
0.006778246
0.007424657
0.006528252
0.006375932
0.005990761
0.005607447
0.005502037
0.005722935
0.005925683
0.006326122
0.006468106
0.006509419
0.007259675
0.00673922
0.007287048
0.006385122
0.006631562
0.007084791
0.007121817
0.007540005
0.00698077
0.00701906
0.006588754
0.006655531
0.006923295
0.007049547
0.007594122
0.007328783
0.007077023
0.007078842
0.006492178
0.006878987
0.00817879
0.008373157
0.007725186
0.007750993
0.007533744
0.007054508
0.006914559
0.006799589
0.00611872
0.00679459
0.006923166
0.007110775
0.007630273
0.007534679
0.007866699
0.006975236
0.00680675
0.006476622
0.006718546
0.00687463
0.007854155
0.007725471
0.009168629
0.008936462
0.00998878
0.01020311
0.009874583
0.008973352
0.008763043
0.007699663
0.008708364
0.008055968
0.008699972
0.008261598
0.009738276
0.008683538
0.008438622
0.009749256
0.010409
0.01022325
0.009632302
0.01072951
0.01128688
0.01106713
0.01040837
0.01108422
0.01015247
0.01032897
0.009853735
0.00915495
0.008310408
0.008661548
0.008330642
0.008062642
0.008237843
0.008605522
0.008637298
0.008376098
0.008049547
0.008936538
0.008646512
0.008742214
0.008240816
0.008440215
0.007902316
0.00873367
0.008667988
0.008097696
0.00829415
0.007832671
0.007858902
0.008898312
0.009421179
0.00992095
0.009288253
0.009811184
0.009394084
0.008854359
0.008662926
0.009150516
0.008099009
0.008062476
0.008340117
0.008261567
0.007954989
0.008506371
0.009109269
0.009731185
0.009546878
0.009658121
0.009749861
0.00945765
0.007754282
0.008124466
0.007847194
0.008143506
0.006976558
0.007449459
0.007243341
0.006623728
0.00666483
0.007410176
0.006849024
0.006870257
0.006416935
0.007577375
0.00717091
0.007012954
0.006709128
0.006805601
0.007246518
0.007558665
0.006509315
0.007139516
0.006650901
0.006297018
0.006091883
0.00580762
0.006166755
0.006360003
0.006787674
0.006726301
0.00729263
0.007549225
0.007353363
0.0073379
0.00737035
0.008020278
0.00701334
0.007653413
0.007578384
0.008721634
0.008415116
0.008484596
0.008180128
0.008240203
0.009335297
0.00913999
0.008281339
0.007132576
0.007210175
0.006983587
0.007449211
0.008478782
0.008489198
0.009144938
0.009003405
0.008468326
0.008633351
0.008608025
0.009074276
0.008493387
0.008708943
0.007526283
0.007574425
0.007728257
0.008397798
0.009000366
0.009093326
0.008771237
0.008970299
0.009154133
0.008988975
0.006937271
0.005964166
0.005945829
0.005462439
0.006101238
0.006073544
0.006032928
0.006322279
0.007109931
0.008045282
0.007980961
0.006685579
0.006344373
0.007105326
0.006228196
0.006564136
0.005858886
0.005817573
0.00554876
0.006470977
0.007356658
0.007935582
0.00877851
0.008717655
0.007937417
0.007962584
0.007524637
0.008233754
0.006801343
0.006296242
0.005279676
0.005343046
0.005360635
0.005594113
0.005355186
0.005003641
0.005747177
0.005536385
0.005211716
0.005211622
0.004929567
0.004964804
0.004339816
0.004543227
0.00388877
0.003599908
0.003413512
0.003110917
0.003514794
0.003871329
0.003769318
0.004229328
0.004315625
0.004192637
0.004244417
0.004279549
0.004604709
0.004922474
0.004663508
0.004537813
0.005282868
0.00524869
0.00507441
0.004595684
0.004646033
0.005281885
0.00567134
0.005691653
0.005773403
0.005207685
0.00466189
0.005129822
0.0055077
0.005574687
0.005840858
0.005102503
0.004463686
0.004706027
0.004852799
0.004525117
0.003909397
0.003980691
0.00385431
0.003847468
0.003368437
0.00328538
0.003176098
0.002888607
0.002877723
0.002836322
0.002997919
0.003019963
0.003044926
0.003581011
0.003251826
0.003841973
0.003906936
0.00374095
0.004217843
0.003641829
0.004094578
0.00440287
0.004003368
0.004167332
0.003981226
0.004013091
0.004504375
0.004638812
0.004967265
0.004361785
0.004493694
0.004508626
0.004981586
0.005256915
0.005342698
0.005278847
0.005856939
0.006512764
0.006976209
0.006645902
0.006407967
0.005662679
0.006300297
0.006483569
0.006186443
0.0065926
0.006268301
0.00617704
0.006643091
0.005940418
0.005825409
0.005660197
0.00517084
0.005753643
0.005621023
0.00524648
0.005593761
0.004679815
0.004643586
0.004446552
0.005127543
0.004606108
0.004602935
0.005158897
0.005019771
0.00483906
0.00400857
0.00381427
0.004175522
0.003855214
0.003292772
0.003112137
0.003134366
0.003371599
0.003415819
0.003568358
0.003493487
0.003277973
0.003518842
0.003369898
0.003523528
0.003458592
0.003399546
0.003295978
0.003074553
0.003064085
0.002696853
0.003390432
0.003796268
0.003267773
0.003309144
0.003060461
0.002941107
0.00296899
0.00334516
0.003213399
0.003538967
0.003706155
0.004056201
0.004338956
0.004264236
0.004491178
0.003972129
0.004989036
0.004298892
0.004810479
0.004816648
0.004579254
0.004828902
0.004887388
0.004104068
0.004548745
0.00536506
0.005706699
0.005710985
0.006671562
0.006329214
0.00567743
0.005295457
0.006195921
0.006207335
0.005727617
0.006065551
0.005834849
0.00590869
0.006409758
0.006711906
0.005221895
0.005020059
0.005266522
0.004991318
0.004938085
0.004996973
0.004758438
0.004525487
0.00470086
0.004301647
0.005001004
0.005625927
0.005424955
0.005166215
0.004965926
0.004721521
0.005230525
0.004897392
0.005124174
0.004506721
0.004411107
0.004220936
0.004924116
0.005357975
0.005370427
0.005073254
0.005254873
0.006251448
0.00643579
0.007661974
0.00729792
0.007948512
0.007759915
0.007549552
0.007212975
0.007485598
0.006674472
0.006790481
0.006286824
0.006760338
0.006079732
0.006597853
0.006358866
0.006411314
0.006425051
0.00626248
0.005569819
0.005942828
0.005308869
0.005673272
0.006114837
0.006573634
0.006149914
0.005987328
0.006356934
0.006319559
0.006180294
0.005346737
0.00495436
0.005029262
0.005460647
0.005704567
0.005037912
0.00542899
0.004995286
0.00459212
0.005248077
0.005535231
0.004966201
0.00484696
0.005219179
0.005502925
0.004991205
0.004919958
0.005520373
0.00561644
0.006433606
0.005691751
0.005470182
0.005459239
0.004761751
0.00487715
0.005789851
0.0058453
0.005411189
0.005643453
0.005635604
0.006400794
0.007147471
0.00781373
0.008592467
0.00863321
0.009092809
0.007856513
0.007367965
0.007612061
0.007689881
0.006109035
0.006203492
0.007920433
0.007498068
0.008027766
0.00767666
0.0091449
0.009042193
0.00735676
0.007718742
0.007631467
0.007894373
0.007649392
0.009417759
0.009657703
0.009024475
0.008557253
0.009029293
0.009232952
0.009974452
0.007844374
0.008057318
0.008279844
0.008358143
0.008582901
0.009084741
0.00777529
0.007375159
0.006680742
0.006518149
0.007706447
0.00641286
0.006363115
0.006775405
0.006883018
0.007726285
0.007848688
0.007548129
0.007184507
0.007093568
0.007348621
0.006934251
0.008021611
0.008037063
0.007787835
0.007693874
0.007673138
0.008383811
0.00795875
0.00809598
0.007103766
0.006986676
0.006467566
0.006737901
0.006749698
0.006150572
0.006792532
0.0071959
0.006340004
0.005668318
0.005822846
0.005137835
0.004826992
0.004975857
0.00578638
0.005488182
0.005309944
0.005399414
0.006079523
0.006384885
0.005972134
0.005820186
0.006482751
0.006294399
0.006044467
0.006917643
0.007065346
0.005983463
0.006856861
0.006349918
0.006533837
0.006191054
0.006563957
0.006089799
0.006173999
0.006344097
0.008542152
0.007785499
0.007108865
0.006975849
0.006823134
0.00738203
0.007109402
0.007179539
0.00736807
0.007229335
0.006809168
0.007333436
0.008258055
0.00787957
0.008057911
0.007723275
0.007669516
0.007278384
0.007291385
0.006804497
0.006599106
0.006711924
0.006966276
0.007523765
0.00788501
0.007470954
0.007097386
0.007631323
0.007176529
0.006942796
0.007668193
0.007538391
0.00714223
0.008759643
0.008340235
0.008594577
0.009229127
0.008056402
0.008420326
0.008795598
0.01068497
0.01013983
0.01146923
0.01114297
0.01138925
0.01157306
0.0117879
0.01092737
0.0116971
0.01213612
0.01278047
0.01270751
0.01173789
0.0114664
0.01148033
0.01203572
0.01121441
0.0111099
0.009568973
0.008789827
0.007881808
0.008614798
0.008354065
0.00779116
0.007095611
0.00822291
0.007138558
0.006911712
0.0067352
0.006809325
0.006961144
0.006872952
0.006507369
0.007565901
0.008340597
0.00840761
0.008439341
0.008843947
0.008734482
