30.8727
30.77584
31.38597
31.64343
31.34715
31.40336
31.28792
30.81448
30.6384
30.58329
31.17812
31.31005
30.66367
30.78997
30.83322
30.61492
30.39367
31.24633
31.3534
31.38617
31.30099
31.13242
31.38902
31.36935
31.97797
30.99719
30.78725
30.54509
30.71222
30.55809
31.49121
31.45832
31.57834
32.2596
31.29219
30.4176
29.46868
30.08109
29.85313
30.21377
31.08666
31.57862
31.91284
32.21008
31.77998
31.39038
32.17404
32.94294
33.40502
32.31964
32.04328
32.8895
32.61334
33.0419
33.19659
34.59076
34.70515
34.73604
33.51349
34.06966
33.19389
33.82342
33.69043
31.88221
32.28694
32.34469
31.40098
32.14009
31.32911
31.35678
31.53585
31.6286
30.95918
30.37102
30.34252
30.11805
30.22533
31.03396
31.43174
31.28981
31.43242
31.57568
31.53251
32.10071
32.03215
32.44968
32.37875
32.55524
32.97337
32.96569
32.73316
32.5332
33.32882
32.92227
33.32798
32.63799
32.35341
32.09522
31.28832
30.81019
30.84863
31.7045
31.22954
30.52671
30.1869
30.81094
30.50572
29.60858
29.34597
29.64
29.63492
29.71838
29.0063
28.50361
29.29819
30.39854
30.62025
30.46643
29.98394
30.2758
29.79344
31.38002
30.9263
31.35693
31.94391
31.73917
31.94692
32.447
32.62749
32.9794
33.56001
34.71487
35.35268
35.55576
34.81006
35.24545
36.48667
36.5581
35.71806
35.84607
36.2337
37.28448
36.93723
36.30342
37.60406
38.01258
36.78742
36.47554
36.66758
36.65739
36.14359
36.15681
35.70018
35.56624
34.53894
34.5713
34.81442
34.69404
34.51308
35.98792
36.11082
35.94276
34.54336
34.19957
34.76364
34.09282
34.0679
34.78163
34.35353
35.08604
35.53074
35.76705
36.28265
36.07544
36.63511
37.29175
38.03808
38.53899
38.57193
38.17537
37.561
37.61637
36.76675
35.65387
35.45251
35.81369
33.88747
34.05299
33.87778
34.59722
35.10796
34.18798
34.52103
34.29575
33.58313
32.99386
32.73322
32.94711
32.19399
32.90681
32.4557
32.20674
32.88553
33.20215
32.96492
32.11855
31.29466
30.03405
29.58754
29.88861
30.31547
30.83627
30.78954
30.44929
31.12691
32.848
32.38146
31.90305
32.46246
33.92851
33.55266
33.20054
33.03231
32.82094
33.279
33.89236
33.28938
32.6837
33.65152
34.64945
34.35857
34.06244
34.71154
34.7416
35.04087
34.54979
34.50576
33.94385
34.5431
35.0781
34.58119
34.03214
34.08777
34.67481
34.43644
34.61319
34.8594
35.47546
34.96098
35.03428
35.1587
35.78504
35.8868
36.07943
36.70955
37.23491
36.8423
35.72353
36.00747
35.69494
36.10438
35.7712
35.60488
36.29995
36.34829
36.25803
35.39926
34.53747
34.49684
33.41723
31.6476
30.38002
29.52563
29.77144
31.33939
32.0443
31.6385
32.26588
31.11482
30.55693
29.86971
29.80547
30.11973
29.8709
28.89374
28.13531
28.21322
28.0732
27.49967
27.22454
27.07766
27.06732
26.97173
27.65086
28.47824
28.74099
28.79391
28.17257
28.87572
30.25432
30.44945
30.41716
29.77951
29.18914
29.15539
29.76065
28.69399
29.06914
29.06465
29.29834
29.24432
29.43079
28.65662
27.78854
28.11851
27.81126
28.01003
27.59221
27.93111
27.86719
27.93393
26.75141
26.80427
26.81131
27.06693
27.52923
27.69015
27.67349
27.32149
27.24828
27.20923
27.18184
27.09737
27.56357
28.27657
28.55756
27.81202
28.36539
28.56473
27.90772
27.45764
28.6974
29.67982
29.26049
29.99839
29.25063
28.04708
28.39194
27.43916
26.95283
27.01155
26.69454
26.70564
26.80663
26.68806
26.94068
26.61417
28.07235
27.70442
28.66875
28.61445
28.22096
28.56719
29.47366
29.71122
29.36682
29.40375
29.38599
29.70022
29.47135
29.82952
29.87407
31.27563
31.4111
30.69345
30.04171
31.58002
31.51496
31.52537
30.82264
30.82131
30.75566
31.2418
30.8638
30.60533
30.24173
30.00018
29.80232
29.46054
30.6014
30.63814
30.275
30.28237
30.17672
29.9319
29.64077
29.51067
29.39989
30.1209
29.97016
29.60582
28.9016
28.10037
28.18153
28.74694
28.31183
28.23118
28.8721
28.83599
29.56814
30.15487
30.32715
31.06993
31.10007
31.65055
32.48987
31.93353
33.1072
33.12225
33.14398
32.65384
32.84265
33.8702
34.34519
33.64405
33.7915
33.24057
33.4364
32.96337
33.12773
33.24968
32.53063
31.66045
30.91548
31.1276
29.87438
29.66247
30.47394
30.39548
30.64432
31.20943
30.21218
29.3174
29.04427
28.4015
28.71661
28.70298
27.38181
27.70034
28.81138
28.73133
28.2831
28.90213
28.7875
28.97847
27.93635
29.19137
28.81823
29.18856
29.03521
28.2959
28.72363
29.65495
29.0773
29.25324
29.60117
29.48046
29.27443
30.33284
31.0136
30.62136
30.71101
30.73463
31.1933
31.30025
31.0301
31.80252
32.10561
31.94696
32.098
31.58896
31.12324
32.68477
31.9153
31.65757
31.76502
31.60482
31.70423
31.20095
30.82699
30.27251
30.31197
29.42597
29.55067
29.13493
28.73472
28.00185
27.64661
27.06767
27.2142
27.64503
28.42738
28.76265
28.32401
28.84924
28.1353
27.8335
27.82181
28.31742
28.40153
28.54694
29.64971
31.23058
31.11898
31.95945
32.933
32.61922
32.57907
31.59163
31.48614
32.36961
31.5569
32.02158
32.28245
32.87898
33.44862
32.7257
32.95585
33.25272
33.01121
33.38685
33.14885
33.2805
33.20902
32.62867
32.16978
31.72771
32.83618
32.64321
33.76355
32.95801
32.68562
32.01398
32.45299
31.99828
31.91266
32.66599
32.44716
32.56915
32.56466
32.44884
32.89854
32.305
31.84451
31.43705
31.44988
30.87886
29.7086
30.0779
29.87587
29.42612
29.41269
29.71918
29.3038
28.79023
28.84939
29.19518
29.6282
29.53213
28.84354
28.52575
28.05272
28.33954
28.83757
28.41518
28.75118
28.66854
27.16696
26.5415
27.12846
27.52222
28.17669
28.5351
28.27841
28.22982
28.58515
29.1681
29.78612
30.02169
29.50529
29.57553
29.02371
28.91015
30.00675
30.35743
31.12431
30.35164
30.55476
30.22293
30.29405
30.32757
30.3172
31.11087
31.36743
31.17867
30.44188
31.05247
30.8529
30.78192
31.56304
32.33888
32.66809
33.22023
33.5537
33.40859
32.59978
31.40094
31.90582
32.06369
32.08111
32.00269
31.9509
32.35928
31.97704
31.05043
29.83026
30.12837
29.15772
28.98527
28.56313
28.48055
27.84097
27.87509
27.97741
27.45812
27.01156
28.18997
27.47919
27.93085
28.51553
28.1698
28.56265
28.27792
27.97099
27.07308
27.33816
27.5286
28.84884
28.94436
28.40957
28.80476
28.73967
28.08372
27.15971
27.24572
27.67904
28.6851
27.82095
27.89411
27.90757
28.48904
29.03127
29.87066
29.62038
28.81043
29.54461
30.86183
31.56889
31.7592
32.37843
31.16058
30.05957
29.96425
29.78314
30.42446
31.13569
31.65171
31.57897
32.18572
31.31354
31.80972
31.49999
31.86953
31.51312
31.11791
30.63167
30.32714
29.84668
28.41722
28.40418
27.95409
28.2763
29.67632
28.99616
29.87057
29.9182
29.56286
30.88532
30.85812
29.65302
29.82029
29.80285
30.32273
31.7507
31.77758
31.03685
31.65857
31.86968
31.33074
32.18879
31.79203
31.2968
30.88136
31.41924
31.75038
31.73156
32.20703
32.05751
32.01428
31.75513
30.36902
30.67264
30.35785
30.41764
31.33982
30.9698
30.27319
31.38233
30.95382
30.75154
31.18178
32.58972
32.84961
32.98567
33.05638
33.02569
33.18634
33.95009
34.13645
33.20886
32.68139
32.44631
32.13419
32.53183
31.98306
31.03503
30.739
29.90924
29.98839
30.05763
30.48838
29.86248
30.25661
30.46824
29.5322
29.71143
29.26821
29.40941
29.55477
30.66285
30.74138
30.54352
29.59265
29.46122
29.34878
28.58033
28.56232
27.64199
28.0348
28.26536
28.08467
29.20621
28.90831
28.90642
29.12149
29.88204
29.50081
29.53536
28.97357
29.02359
29.47065
29.03296
29.03851
29.04327
29.16851
30.20934
29.90834
30.2249
29.37491
29.51128
30.78738
31.11817
31.37126
32.30413
32.74277
32.69745
33.03837
32.89867
33.22077
33.96673
34.15085
34.06703
33.46627
33.80265
32.97727
33.14217
32.27741
32.81153
32.95997
31.41416
31.2805
31.90738
31.48121
31.65622
32.82693
32.63058
32.3693
31.43041
30.61843
30.62823
30.96691
30.45761
30.27395
29.85485
30.99452
30.8847
31.52932
32.05936
33.21564
32.88144
33.62615
33.95169
34.1069
32.80039
32.93771
32.83963
32.29368
31.81363
32.38295
32.53694
31.83406
31.49388
31.0454
30.67422
30.93324
31.55518
31.63371
31.46827
32.45275
31.90727
31.11325
30.45928
31.41782
33.12422
33.1632
33.29418
33.51379
33.78415
32.30958
33.21803
32.87651
32.32246
32.5418
32.58873
31.99119
32.26579
32.38838
32.35815
32.61724
32.08494
31.8945
32.02203
31.19535
30.00987
30.13551
29.88126
29.5295
28.48206
28.59594
29.1584
27.6851
27.01278
26.62543
26.95622
27.57881
27.31806
27.4196
28.51999
27.73829
27.58135
27.83084
28.72599
28.02533
28.89142
29.08914
28.77436
28.39866
27.60355
27.682
28.12735
28.8174
28.59562
27.80646
27.43247
28.44386
29.38663
29.97099
30.96342
30.9444
31.20023
32.07471
32.25328
32.1876
31.84286
31.76351
31.25341
31.34093
31.29397
31.17034
30.73854
31.59852
31.6328
32.2462
33.43134
33.55394
32.7491
33.26382
32.39487
33.4089
34.68534
34.32541
33.34045
33.11688
32.41818
31.66617
32.3662
32.92981
32.63575
31.89396
32.79664
32.42667
32.00913
31.58982
31.33346
30.69759
30.86063
30.86384
30.67422
29.78702
29.50181
29.51269
29.77272
29.92966
30.39512
29.32388
28.30078
27.53617
27.17665
27.87026
28.09143
28.89055
29.60866
29.8807
30.22454
30.41718
29.93864
29.96614
30.73168
31.09021
30.5694
30.44992
29.9394
30.61654
31.44198
31.59136
30.40217
30.39389
30.30074
31.02864
30.30794
30.17833
29.9737
30.08246
30.75653
31.80461
30.45725
30.37249
31.29268
30.95342
31.99002
31.60998
30.80389
30.47121
30.55863
31.3559
30.99736
30.67874
31.26949
30.79829
30.75605
30.26572
29.9978
29.38966
29.69652
29.83309
30.02489
30.84448
30.75157
30.82591
30.55774
30.32418
30.52177
30.02942
29.7282
29.53512
30.01432
29.08752
29.30264
30.19645
31.30229
31.13151
31.53278
30.61991
30.23034
30.18183
30.58888
30.02922
29.55892
29.02234
29.95042
31.02911
30.36668
30.87952
31.29493
30.89572
30.52954
30.06422
29.7263
29.42674
28.86564
29.51589
29.63507
29.41534
28.65158
28.40583
28.62566
27.8062
27.87444
27.78184
27.51291
27.5629
28.15386
27.68776
27.50475
28.58495
27.84411
28.74452
28.47752
28.45604
28.20309
28.42581
28.32616
28.19078
27.61251
28.06384
29.33121
29.69288
29.23845
29.06137
29.85932
30.56839
31.36203
31.78518
31.23671
32.20563
32.35904
31.87728
32.29108
32.10794
32.40077
32.73386
32.95057
31.92917
31.28701
31.52631
30.83449
30.10607
30.94995
30.26156
30.67127
30.29443
31.07701
30.99949
30.57939
29.8692
30.36147
29.8174
30.42049
30.2834
30.13697
29.90593
29.91512
29.28679
28.51049
28.34191
28.82684
28.46703
28.95135
29.24397
29.15882
29.91765
28.84338
28.00055
28.36426
28.74841
29.24763
30.41197
31.7404
32.26417
32.87144
32.25816
31.37378
31.64524
31.13521
30.55288
30.29585
30.03163
30.12524
29.5537
30.43041
30.76656
31.15605
31.14862
30.84633
31.53005
31.98107
30.5514
30.26307
30.54242
30.96191
31.15203
31.59354
32.61365
32.2866
32.64834
31.82148
32.72631
32.03854
31.85424
31.3719
31.69445
31.19217
31.13458
30.88193
30.51754
30.07722
29.83614
29.43263
30.46709
30.22396
30.95518
31.00529
31.36064
31.15058
31.78753
32.23041
33.1471
33.66592
32.98323
32.50181
31.89368
31.17084
31.789
30.48631
29.33042
28.80396
29.58875
29.03929
28.36775
29.21407
29.51889
29.96928
30.29823
30.0749
30.79621
31.00619
31.14973
30.11423
30.12971
29.61522
30.05069
29.32038
29.125
29.91091
31.36783
30.50765
30.87993
32.21594
32.61608
31.41487
30.97322
31.63871
31.33909
30.53332
31.02252
31.2214
31.0181
29.84739
29.73348
29.59113
30.24571
30.42291
30.58117
29.93844
29.66306
30.66075
30.08879
29.71991
29.4679
29.98325
30.22879
31.69199
32.13116
32.02955
31.84131
31.54885
32.17288
32.11888
32.65441
32.56121
32.21151
32.65491
32.28159
32.85173
33.15978
33.61421
33.1567
32.85025
32.46106
32.84869
33.20707
33.95421
32.3843
32.12663
31.79879
31.40447
31.50045
31.40307
31.54395
31.33181
31.1587
31.21438
30.90311
32.21762
31.48496
30.83431
31.50926
31.31857
31.01901
31.1371
31.21742
30.75437
30.66738
31.14876
30.6875
30.5711
31.72214
31.84806
31.86817
32.20345
32.10407
30.93042
30.79793
29.03992
28.98613
28.82436
29.21625
29.30821
29.01147
28.59558
29.02683
28.35632
28.59331
29.08007
29.31844
29.70857
30.39768
31.19249
31.57646
30.16678
29.87266
29.72368
29.05363
29.16369
28.03795
27.89932
27.45855
27.22569
26.83726
25.74244
25.25123
24.40784
25.64954
26.08795
26.64296
26.82956
26.99654
27.18077
27.40527
27.75672
28.82781
28.98984
29.72209
29.83521
30.12549
28.46775
28.57673
29.32324
29.01991
30.82577
31.17706
32.21332
31.81247
30.7484
30.29667
30.01669
30.98546
30.85366
31.4347
31.05331
30.44787
30.50235
29.51958
29.44666
29.00798
29.56452
28.91186
29.26177
28.92686
29.05471
29.96044
29.87358
29.21279
29.17545
29.45894
29.91751
30.17469
31.234
32.13934
31.38029
31.69211
32.21352
32.60308
32.12239
31.68554
31.04183
31.38713
31.1269
30.43131
31.23102
31.05518
31.45234
31.98852
31.56092
31.69173
32.16607
32.37175
32.82985
32.99707
32.22761
30.68485
29.87909
30.32554
30.76573
30.86588
30.78128
29.95016
29.80995
30.2673
30.35923
30.41853
30.09869
30.03091
29.6761
29.41875
29.9037
30.90714
30.87923
30.76732
31.94634
30.96161
30.80014
31.05307
30.86592
30.37915
30.92524
31.38825
32.57977
30.87249
29.78982
29.86125
29.66684
30.12821
29.84731
29.90096
29.89392
30.18188
30.53887
31.29523
31.45251
31.54413
32.40514
31.70889
31.88695
31.47097
31.22599
30.73209
29.41698
28.80565
28.89236
30.13798
30.3454
31.25818
32.25884
32.19438
32.23639
31.87568
32.81001
33.46693
32.40713
32.44233
32.89081
33.17082
32.79883
32.52761
31.9731
30.64491
30.75669
30.03612
30.99347
30.21854
30.71426
30.69042
30.33305
29.92155
29.37584
28.43976
28.37664
28.45294
28.26637
27.96727
28.52703
28.30963
28.48166
28.56006
29.38075
30.06148
30.74426
29.67251
29.18967
30.17382
30.1954
29.6557
30.55043
30.30936
30.85457
31.26711
30.1145
28.81413
29.46211
29.79461
29.34309
29.56788
29.38721
28.6355
28.67411
28.85716
28.44286
27.84704
27.44196
27.85042
27.97612
26.70172
26.9189
26.63528
27.00553
27.21528
27.44044
27.00765
27.42276
27.02505
27.65683
27.65488
28.03555
28.5564
28.69505
28.61166
29.09012
29.43283
29.02244
29.8967
28.79152
28.30054
27.55558
26.91368
27.21035
26.38771
26.39547
26.88078
28.32682
28.57693
28.63586
28.0549
28.29477
28.80935
27.77757
27.65358
27.75705
28.15557
28.53569
28.47667
28.58071
28.28657
28.60559
29.28244
30.08814
30.02976
29.18654
29.23641
29.24068
28.86823
29.33017
29.15574
30.49698
30.02908
30.15807
29.6467
29.5503
29.63531
29.20243
29.11094
29.13799
29.65415
29.40952
28.67827
28.36636
27.44909
27.78791
28.71721
28.01999
28.19233
28.23013
28.31965
27.95797
27.81655
27.77322
27.97506
28.82981
29.10812
29.29741
29.42941
28.7602
28.2339
28.38641
28.05552
27.35091
26.98545
26.33843
26.311
26.55985
25.35871
25.19788
25.20726
24.98676
25.8426
25.9949
26.23547
26.08878
26.17709
26.08602
25.27594
26.36474
26.05667
26.29247
26.80528
27.64257
27.45757
27.92846
27.93594
27.86502
28.12943
29.41771
29.75566
30.20997
30.49607
30.00221
30.89113
30.80962
30.46528
30.3812
30.09046
30.98026
30.44174
30.81238
30.28954
29.66575
29.56486
28.59775
28.98858
29.33217
29.30477
29.83865
29.01723
29.25711
29.79632
30.58328
29.98692
29.92196
29.17036
28.86215
29.51814
28.70823
29.26262
29.19889
30.09685
31.38501
31.18057
30.9182
29.88374
29.9037
29.15661
29.11928
29.60055
29.08388
29.23997
28.45137
29.16053
29.00656
28.92536
29.45684
28.95655
28.24211
26.74756
26.63313
26.17578
26.4487
26.58311
25.80681
25.10125
26.12988
25.97298
27.01208
27.52206
27.77564
27.5312
28.37077
27.95528
28.08363
27.79451
27.82811
27.0842
27.06671
27.24202
27.17565
26.44415
26.87573
