272.8893
331.9659
306.877
280.6421
297.576
273.1781
262.4474
288.2441
260.5804
308.1206
347.2822
315.3003
308.4428
268.1495
289.7445
326.1116
315.7988
307.0093
301.1706
284.8937
270.1954
295.7383
307.2794
322.6646
323.5014
292.1469
284.9575
338.3625
348.3936
317.5899
308.3988
318.7553
341.8973
268.3875
278.7815
275.81
294.4885
252.0244
289.835
287.3851
300.199
302.3586
273.0678
304.5423
310.689
315.2986
283.0142
289.2399
267.1893
296.9399
299.2538
318.85
284.4816
294.9388
272.9616
309.912
290.1517
291.3046
305.3736
291.7196
369.6939
299.2647
293.0559
301.6923
262.9965
318.0157
306.5959
327.3879
287.1545
323.6932
297.5531
286.0744
324.7378
270.8503
337.7685
299.9463
284.4877
313.2013
302.2114
262.6618
283.8482
285.5828
294.92
269.0819
323.7721
283.6756
315.7008
303.9044
352.8956
291.6962
312.032
328.092
334.2944
283.7803
321.4855
314.116
303.1945
302.524
294.6301
298.05
326.3205
292.2785
311.1697
308.9799
305.6687
332.1704
256.4825
280.9096
309.9624
287.3887
322.9353
307.3293
303.3196
280.3952
272.6394
244.0477
273.3946
291.1788
297.3976
270.7109
311.1795
329.8441
272.9223
287.4964
267.3412
301.61
289.8062
266.2616
274.6718
313.8409
272.0746
290.9331
282.5446
312.7264
282.3267
294.0033
253.3422
276.4953
338.8928
315.1024
331.4317
315.2478
333.8199
307.3114
335.5557
330.2778
336.2392
350.3349
325.5719
318.3198
310.7799
320.8665
286.9133
303.9842
291.4954
297.328
305.3206
325.3713
243.4584
257.2418
288.6415
294.8056
300.7973
278.5159
307.5311
297.108
292.198
292.8056
290.0568
285.7116
264.9736
312.1996
274.643
330.4015
322.27
303.741
259.5961
300.8206
299.1046
335.083
334.5174
261.8382
295.2163
297.7113
304.8584
302.105
307.0665
313.3428
253.9728
279.4125
308.1656
258.8359
265.2319
256.2164
319.9879
284.734
327.9993
331.6116
305.2511
299.0596
303.3067
291.4362
323.8154
306.556
292.1424
302.2601
276.1614
282.3928
276.6729
298.322
324.5443
324.3318
299.629
300.5409
297.0006
304.6008
323.0998
234.952
274.5491
286.9956
274.2293
278.5273
276.9729
320.6559
316.3777
287.1754
297.0369
284.204
286.5335
343.0724
313.4645
273.292
303.76
274.1983
314.736
305.0486
294.409
266.3758
325.2581
306.3968
306.3339
288.8185
311.6752
321.1047
269.2382
295.7199
294.3427
293.2443
332.4319
332.4588
278.2788
306.6272
348.2189
291.0798
292.7213
282.2701
277.8794
297.2326
317.9324
333.6836
331.5939
339.5861
298.7979
308.6382
319.7439
309.5263
301.9874
327.2687
319.2905
304.1752
309.1694
305.6869
329.3491
331.5598
264.0494
295.5468
311.9133
320.8608
270.7793
333.6647
281.147
294.2308
319.6966
295.9185
302.3468
350.7231
331.0581
358.2037
277.7555
311.1689
325.3329
272.9858
304.9092
331.4829
276.8479
294.5559
306.3793
305.3687
328.1509
299.5693
323.9593
320.4178
359.0958
313.6696
323.5959
303.4502
305.3135
273.9789
279.6347
324.6792
335.4322
330.2635
321.9566
331.0472
322.2427
289.2752
317.8259
273.9794
323.6979
286.4636
330.3502
297.4743
289.0586
337.9539
319.782
288.8778
352.8875
347.362
292.1773
288.9182
322.1475
322.6396
307.4183
297.3557
300.7731
303.3268
277.7627
322.1724
278.5911
293.9006
293.9688
280.3727
315.9762
309.9355
296.1125
292.5606
288.6263
288.2751
301.8549
279.2533
301.6679
289.7283
289.436
313.7419
319.4162
334.2007
291.9248
318.1504
339.1277
272.8694
305.9581
329.4017
307.0619
349.5354
337.9602
298.8343
288.9199
329.5928
309.2345
282.9189
292.3338
271.2716
274.4434
326.6551
290.8211
303.9213
300.5389
302.2992
298.4115
301.0626
331.4188
364.258
309.5143
311.685
333.0444
267.7346
292.2551
290.0035
312.4387
306.8663
273.9563
290.695
298.687
307.7924
293.2024
278.2885
288.9406
296.1222
266.3283
277.2709
314.7365
324.0863
316.0287
332.6477
281.8806
322.1355
281.4789
277.0726
304.5788
306.9417
314.8714
295.9318
296.1527
322.1101
307.4889
329.072
304.0888
292.5714
306.4976
282.821
340.5851
348.0311
327.3629
309.9019
353.4035
322.219
334.9272
283.776
319.3054
319.9764
324.3325
275.7951
303.9766
333.1013
319.1978
293.6193
284.6876
320.8991
319.2904
292.1196
245.3601
325.056
283.9036
303.7552
282.4652
312.7714
308.3793
303.4673
304.0928
307.0132
316.0172
279.9598
268.2302
336.6241
324.1623
329.0369
309.0054
309.9643
304.5557
293.6236
298.0688
324.1979
320.8731
307.4799
326.6654
329.6264
308.9258
296.0539
326.5501
305.0044
296.6355
314.9754
325.944
339.753
344.4207
302.4025
315.892
321.7373
325.0877
313.1541
315.2741
265.1029
321.3648
317.8476
301.504
340.2156
293.4194
313.0163
337.293
268.0583
317.745
320.2161
266.6847
324.8773
293.1224
312.2056
321.752
295.8392
348.0065
314.2842
293.9601
332.928
326.2774
310.6867
305.0812
340.5814
299.3719
294.239
316.1459
327.193
321.3746
342.9482
295.4393
298.6282
286.2259
298.3561
316.4601
294.2
323.184
317.2525
335.4191
296.9359
275.3854
305.0052
298.1069
313.6117
319.6103
304.9022
309.2305
270.9745
274.3269
311.991
287.5785
287.6771
301.9448
313.118
292.2597
292.499
299.6285
271.1974
283.1886
298.8003
329.1425
292.1867
298.119
318.1194
311.9399
292.6957
330.701
313.8182
303.6042
329.6002
316.7474
316.0499
335.554
307.8631
349.7863
297.5541
331.7371
277.0974
310.6254
347.8208
300.676
319.9211
313.5391
303.5002
341.7986
313.7976
338.9607
328.0527
318.1588
324.6587
350.2546
266.0112
309.4253
315.5448
310.4796
301.6372
304.9126
323.6177
340.3063
306.4531
340.9488
319.7191
298.1207
285.334
323.8291
302.4782
272.129
328.4145
320.8806
298.5102
261.3091
287.7601
297.5878
299.0425
292.665
310.5897
317.9281
343.9854
309.2355
298.3705
275.7744
300.667
358.9973
313.5396
345.8914
296.8589
293.5772
314.7418
311.2525
309.7307
309.8203
382.3482
295.354
308.197
302.2607
287.1981
295.7868
289.9832
278.534
286.8222
323.3254
284.524
271.1852
296.0089
372.1179
352.1054
320.3396
311.234
310.6905
325.6773
265.4368
301.8507
322.0047
302.3464
354.6103
353.8905
294.2288
287.6964
355.2379
308.6755
303.3062
287.6105
320.7319
329.2676
287.1307
303.0829
276.5768
295.7287
354.775
308.1107
291.0358
281.3285
321.1218
293.0254
298.3885
315.4083
301.2542
305.0172
291.5544
322.1877
300.3517
271.5922
317.2804
320.2473
323.2757
264.0518
367.1888
264.956
277.6525
267.4859
299.5735
332.7529
292.9704
300.2505
316.0508
277.341
314.7908
304.1785
299.4835
263.4266
285.7121
310.5406
289.7151
344.5517
299.1484
294.2371
325.5325
312.3905
316.8015
312.6361
296.2424
304.6172
314.4157
295.818
288.3116
298.8703
295.772
312.9561
297.3399
306.0466
288.6571
303.1562
356.2844
298.0633
303.7474
285.7794
303.1879
326.3517
287.3078
326.866
275.4052
298.6269
295.493
311.8657
346.4063
314.2728
327.3101
343.3659
304.8597
324.7665
318.7628
324.6863
308.1892
276.3792
332.6335
321.1032
290.8159
293.4202
321.8882
289.5395
303.3397
319.6689
292.2272
298.8219
331.8054
289.5563
293.7076
313.4223
294.1391
273.2747
284.1831
279.9978
293.6109
297.2789
344.9053
306.8478
346.1948
299.9345
288.1515
308.7193
361.9251
332.2636
318.9169
310.5427
291.5288
327.4193
302.5955
337.5462
293.2679
342.5619
276.0322
313.2071
351.804
286.3659
291.9866
296.2561
330.476
320.0776
345.7402
291.0489
289.5977
288.696
287.6267
325.5026
324.6124
298.2708
298.2701
348.8395
273.3877
295.4175
342.1875
318.5631
325.0634
292.5618
306.8629
286.5711
310.0196
376.3393
304.4696
308.097
335.6294
372.6739
291.9323
299.9565
318.6339
295.4996
312.9755
365.7599
295.9079
313.6032
338.4854
309.8289
304.0352
247.5074
338.8415
326.8933
291.6214
291.6655
330.1539
315.7164
339.2979
299.1558
311.0819
313.1585
352.9063
335.5977
322.3673
300.2299
323.1677
352.5685
304.3939
330.5284
313.7613
317.3943
330.8114
354.6515
305.3242
364.4987
290.9217
343.1737
309.1464
305.7852
283.9852
333.4717
278.7048
268.5552
303.4177
302.3738
345.1103
289.9207
304.5507
352.9209
361.6493
310.0454
315.6715
334.0312
344.8223
303.1848
246.4629
304.6262
329.9408
324.8042
286.6626
319.942
316.3879
301.8954
338.1112
298.3327
342.1407
293.0408
318.376
324.3069
321.4069
338.2842
299.4534
309.3559
324.4407
317.5082
362.5479
329.9638
272.5135
290.4437
301.2942
294.8912
336.2252
339.9311
324.5086
372.6011
361.3572
293.3498
370.1579
312.3456
306.3061
329.2522
364.76
325.3289
282.7392
337.5177
355.685
318.8603
320.8471
306.1811
316.2418
303.9801
306.0804
299.0534
259.2464
306.6196
310.6371
330.8893
316.0484
316.4002
316.9417
318.2422
324.6751
336.5563
321.7234
315.8672
334.1828
309.22
294.8956
298.0222
303.1375
356.8027
339.8136
269.3714
333.1159
268.8178
278.9006
300.0206
290.4283
322.0531
318.8874
327.3953
352.1842
281.9605
300.2307
325.1613
303.0107
309.311
288.8001
334.6695
324.9228
335.9512
306.1747
330.0622
314.9676
322.1749
327.9341
309.0901
357.8697
316.8124
298.3052
324.5423
330.9416
268.3272
315.8462
362.9511
291.3074
372.7244
300.4594
310.791
316.2559
257.7886
327.3099
266.493
310.6968
314.4261
335.9636
282.0693
325.5281
282.1255
364.3035
316.1908
304.2168
289.3117
321.4587
295.1555
333.7493
313.6389
277.112
304.9199
268.1931
344.4764
293.1529
306.6698
305.2689
316.0205
326.567
302.2222
320.6204
336.8421
287.4061
317.7831
296.8702
345.6484
285.3699
300.6314
306.7975
317.5687
318.0374
311.152
322.3283
299.3103
301.1705
324.0089
320.7798
324.6264
327.0258
320.9207
296.8715
310.6308
341.4184
350.0053
346.7922
317.0067
341.6201
273.2875
274.1258
309.4861
310.354
322.8792
281.7613
310.1922
355.163
322.3622
319.6439
332.8181
347.2046
303.7529
296.1971
310.7889
301.6818
344.6307
334.2778
362.8664
321.6067
301.6886
274.0965
276.3243
289.5572
306.5744
292.623
314.2961
304.44
319.6106
294.2664
340.0113
307.8167
309.2088
286.1227
297.0073
290.9422
308.5821
315.7691
309.0824
313.339
330.2621
311.2448
347.1808
280.1901
307.684
275.5971
324.6444
298.4262
262.2418
313.4902
329.4891
342.2578
299.402
316.1908
323.0083
375.5696
310.0098
333.6998
278.5078
323.4702
339.954
301.3624
285.6579
300.8822
315.3505
340.4189
327.0263
325.0327
340.9575
322.7851
303.9817
296.1229
334.3815
337.4993
315.5589
304.7943
284.3821
301.006
299.5158
334.6941
316.5729
347.6322
340.4457
312.0656
359.3526
327.2382
287.0665
304.3442
350.6337
350.8998
335.4837
294.0906
302.6514
360.1212
327.7777
290.8284
354.7079
307.7383
299.6784
302.4637
292.2096
346.2901
294.8972
289.5463
294.6286
340.3363
275.8413
282.2051
328.4619
274.8911
287.3245
316.6001
281.9942
300.2537
305.1482
338.3709
309.2145
312.119
311.9624
344.4846
301.6861
288.9947
307.0731
333.0941
309.8348
358.0003
334.1359
293.5438
284.3489
308.1607
342.4905
284.7815
312.5999
333.2772
283.2555
294.142
350.3007
299.8086
334.0304
300.06
303.6353
305.9354
331.2008
322.2174
257.2552
341.6101
343.6614
324.627
266.3456
289.6716
303.7781
302.4235
299.247
301.6482
336.8759
300.4555
300.5704
328.3722
312.5963
307.8428
308.1056
294.3426
281.87
307.1182
321.6448
284.7454
319.5349
291.2339
303.7519
301.9163
327.1244
309.4518
316.8528
312.9399
335.3155
331.98
322.3636
315.3648
352.1852
302.6157
285.1629
294.2004
301.805
331.1291
305.3931
311.2929
308.1772
320.5498
302.3581
317.8614
306.8449
321.0595
303.028
352.546
287.5843
287.0503
302.5435
288.3512
304.9041
323.544
262.1518
282.1941
311.2112
349.6487
282.6615
262.6331
282.1038
282.8552
322.3697
334.0937
319.1321
287.579
321.586
275.7039
330.881
282.6963
295.4606
343.7342
331.8981
314.8931
282.9754
319.1431
348.2907
313.3842
334.781
325.4008
309.1498
261.9107
330.483
310.1764
321.7624
289.6105
339.6611
368.226
271.8777
321.4753
278.727
288.0598
313.2703
282.1235
368.7019
311.8162
304.0203
329.7526
313.0972
292.2026
308.2792
307.9525
296.3781
351.019
280.7152
303.3607
275.1341
320.481
303.7621
322.9412
312.3685
274.3909
324.0372
318.3482
282.1384
303.6941
331.4035
304.1768
305.1924
313.0224
252.8397
282.5199
291.6271
294.63
320.8415
347.3465
287.3245
338.2468
338.7316
327.3487
309.4701
325.7418
305.1217
337.378
298.2551
317.4733
294.4371
276.7797
291.5535
310.609
344.307
354.0521
313.2962
309.7937
309.3236
273.5475
307.7056
300.4949
316.3757
304.452
290.0425
310.8443
332.3875
296.0616
259.9365
297.7106
321.3995
337.5668
294.2683
323.0644
332.1475
334.1342
350.1432
321.2388
326.1122
299.0908
278.109
341.984
306.8583
346.3198
291.289
321.0256
295.9275
291.6646
279.8864
290.2108
297.4555
294.7323
315.5642
296.5402
305.6605
323.0018
321.5461
308.9747
297.3515
323.8256
325.1858
317.1746
290.6644
262.1816
270.4099
304.0724
307.8792
289.5272
325.0016
325.2906
300.7292
297.5662
316.3025
302.5437
297.4541
291.3979
334.6909
334.3853
305.3894
294.9693
301.9625
293.4659
286.7823
345.8251
369.3538
335.7984
356.2745
341.2466
308.1817
345.0381
316.6012
301.5968
291.8587
289.6428
343.5416
339.6947
311.5673
313.3972
325.7294
282.8741
309.92
310.5065
350.0945
299.9818
319.8621
284.2447
319.0539
310.3966
327.8822
337.48
321.3103
382.9574
342.4738
300.5526
340.8734
317.2542
296.0484
297.9005
316.5647
284.1368
306.7211
306.775
289.0224
317.7574
320.418
324.778
303.3244
303.4482
305.7452
315.5618
298.7089
281.7387
327.6224
348.2227
304.35
331.9186
329.4238
273.2709
309.9549
278.9393
325.4173
357.8463
323.228
294.9155
293.7456
338.8782
306.6194
294.0716
328.5091
308.2466
310.7668
318.8113
282.0631
349.0013
351.267
313.4607
342.754
267.9063
278.1786
305.567
297.7379
306.2807
341.9172
320.8798
351.7589
305.4039
279.2508
302.3054
321.7143
339.1558
373.0651
315.2889
304.6535
366.3302
342.1409
325.7972
312.8051
283.4187
296.0908
317.5722
293.6852
288.6511
310.8402
320.073
269.5169
301.9604
319.3922
331.4764
330.0145
331.6027
303.1472
309.9309
312.7672
336.3575
304.7578
285.0907
289.0622
311.6668
353.0005
327.1947
331.3905
294.974
311.3782
304.0464
299.6931
268.1585
325.0319
330.2503
355.4496
312.5716
309.1426
334.3628
273.6358
304.5353
338.6991
317.8758
286.7078
311.4201
328.3518
311.4925
317.7882
318.9586
328.0351
278.5719
312.6715
302.1513
323.9829
310.3248
286.6494
313.2589
294.5265
321.5934
275.8641
281.8855
280.6384
278.782
303.8393
319.7395
303.9194
351.6296
360.4858
319.5094
271.5071
302.5206
314.0886
326.6005
358.9208
301.6053
315.0099
306.3024
266.7642
355.6517
319.1977
351.344
291.1941
291.8882
294.4166
275.5449
312.322
301.5448
309.761
312.0848
330.0091
286.1324
317.7187
330.5741
316.946
327.2221
282.5478
293.4508
323.2061
330.3585
331.479
303.0578
300.4081
347.9012
313.4619
304.7456
320.0576
330.6113
337.6579
333.6846
326.1671
291.7504
298.806
331.8128
289.3761
309.1099
301.5937
321.1109
294.7713
338.5018
300.5408
306.5693
283.213
320.8997
350.5104
289.8909
317.5469
305.9937
316.1476
287.955
299.7137
308.2385
308.8935
306.8579
276.8918
304.8234
309.6735
318.6405
330.4804
279.9823
321.3714
321.0885
305.4142
262.1916
307.385
280.2374
314.1861
315.3194
314.8725
303.991
340.718
374.3334
299.5254
311.9936
293.0962
312.2654
303.3933
322.5989
303.5902
281.8986
330.9751
290.5942
328.1428
315.0607
311.857
347.1302
313.8527
295.7702
314.4082
314.0394
290.1622
279.4496
300.8739
309.6335
301.4671
325.1235
302.658
292.5487
296.2279
298.6843
331.3557
317.8153
317.7882
304.4086
355.3897
319.4929
301.245
300.9242
298.6293
286.0957
298.1688
305.9538
321.2805
296.5058
315.3239
292.3944
296.2099
305.8511
337.9192
309.6472
306.4916
282.6192
323.8346
331.168
333.9112
284.8291
312.8031
297.3799
320.8336
291.7395
323.0859
308.9739
280.55
