33.97304
39.21316
40.23652
41.05167
43.90725
44.23291
44.21873
45.21984
44.84993
46.55352
46.47932
48.89596
48.79257
53.0553
54.15205
54.94772
54.85876
58.53246
60.93773
58.62025
61.55718
64.5852
63.28798
63.10193
61.76134
61.22405
63.19423
62.35923
62.01718
61.27263
62.35458
59.75186
58.28152
60.54751
60.72146
59.88299
62.08725
60.354
60.43743
60.30763
59.64535
60.23074
63.54718
63.30489
62.89201
65.65677
65.32763
65.47652
63.95274
68.78338
72.85891
71.07742
72.68094
73.74551
71.50102
69.36754
73.19869
74.58813
76.28162
74.52175
75.12545
75.48998
77.34904
74.8552
74.64497
74.84639
74.78027
75.73552
76.62328
78.89545
77.74793
77.01525
76.61852
75.99307
78.05361
79.04127
76.03283
78.349
76.81415
77.89502
79.26129
82.14376
80.2857
80.38704
83.03712
84.45351
83.79742
85.0793
83.39109
82.01149
85.94436
83.70013
84.14399
89.42582
91.33691
89.64155
87.96769
88.51652
88.87293
91.21997
89.5071
91.13945
94.02367
95.658
96.18495
101.5564
98.84494
97.51778
96.80975
90.35781
91.59668
90.3246
90.87216
93.48907
92.37632
91.70626
93.97954
92.23696
95.62174
96.1929
95.37921
94.72441
89.88317
93.91107
93.04355
95.34503
92.94116
92.1646
93.49244
90.86993
92.40008
94.29784
95.79573
94.76251
98.36246
100.0908
99.53124
104.5048
100.7932
96.46106
94.74157
93.07439
93.40639
93.1548
95.65514
100.594
97.3834
96.07006
99.16563
101.7402
101.9898
101.5656
96.25202
94.26834
93.55749
96.97801
98.35431
96.66156
102.6104
105.3855
103.8808
103.5675
107.2797
106.5288
106.5503
107.236
103.9521
102.4153
98.53797
98.96672
101.7702
101.9277
106.9808
106.4057
108.5994
107.9637
106.7193
102.2992
103.3641
105.8436
104.5
102.1373
105.5598
98.81718
103.117
104.8925
102.5225
99.86875
104.3635
105.6141
106.2
111.0442
105.6578
107.6496
109.2459
107.4075
112.9838
116.7278
120.7888
125.4553
128.0094
123.185
124.9569
123.7117
128.2498
136.1444
133.4861
129.9697
128.6528
124.2256
126.634
123.7098
123.3932
121.4984
124.1899
124.8463
128.8124
125.6716
126.8797
129.0302
127.5269
124.7805
128.3576
130.7055
130.3337
129.4046
126.8165
124.4964
123.0311
117.8946
122.728
121.9823
121.412
118.7502
115.1598
111.9017
109.4299
111.7702
107.6913
112.004
114.1048
117.1354
119.8431
117.3348
116.5479
117.5963
113.7432
106.7977
107.3873
107.7872
108.4588
109.4443
110.8576
110.8223
116.2
115.7192
112.5205
118.3324
120.3294
119.401
118.6418
115.9581
122.6202
127.5253
123.3469
124.065
129.5959
128.8651
125.0048
123.1947
120.2171
120.8211
119.9706
116.9332
117.7348
116.9309
120.7588
124.6305
130.1821
130.4944
125.0969
123.3592
122.7993
117.5868
119.5617
120.6395
120.8111
123.5921
119.8631
117.3778
114.0488
114.363
112.956
117.8905
112.0952
109.579
111.2595
110.4501
116.2058
109.9324
105.5714
106.8103
107.6023
104.9051
103.6327
101.994
102.4757
102.4301
107.2771
109.8235
111.401
110.2259
104.6769
101.4982
100.9419
100.7344
106.351
108.0784
113.223
114.8668
116.6754
120.1341
118.3232
119.8106
112.8045
108.2247
104.1716
108.0804
107.2229
109.9169
113.009
114.8521
117.7792
117.2792
114.7394
116.7915
120.6726
123.3849
122.1098
123.2588
124.5234
114.7275
114.2825
113.8482
113.6551
118.7346
113.8613
114.7389
119.3764
118.4534
118.416
117.9569
113.8219
106.6291
110.4531
107.8999
109.8223
103.2167
104.7581
102.8884
102.6752
105.924
105.1972
103.925
104.892
102.6223
102.2626
102.5102
101.8457
92.42544
95.24318
91.92244
95.18677
92.70743
91.92411
92.09238
93.42118
96.19796
95.84298
94.64474
99.6926
102.3359
102.8647
104.466
105.2647
101.1295
102.5373
101.0153
98.8804
101.8144
97.52907
99.55701
97.73905
97.72937
96.5115
93.59119
96.03338
98.11882
97.90056
103.0791
104.8651
109.1898
108.7592
110.7474
108.9131
112.3931
108.8621
109.4058
106.9663
106.9006
99.60631
102.753
102.2013
99.70161
99.56551
94.64225
93.62265
93.27423
90.97688
89.77581
89.09224
89.59656
90.87622
91.28448
94.24871
95.3274
96.86251
96.27491
94.0524
91.84327
95.14868
97.48645
90.44479
90.62162
93.63895
98.00299
96.79176
94.72967
97.70388
100.0212
100.2337
98.52022
96.83041
100.22
102.8898
101.8721
99.45477
101.2346
101.1021
107.111
108.3408
116.7879
112.9067
110.693
105.9207
106.3047
108.1739
111.6682
102.5722
107.1783
110.011
113.8285
115.0198
116.287
116.5217
112.7243
107.7891
110.1393
117.1132
119.212
118.1104
118.8556
122.1083
118.2635
117.4983
119.5601
119.5947
120.5526
120.8084
115.4032
115.8972
118.0241
115.7926
116.5753
113.8772
115.8774
122.2254
121.6864
117.6343
118.6685
121.3409
116.914
116.2333
119.6836
117.0458
117.2812
123.3465
121.1707
126.9748
126.0556
125.8406
130.7099
130.3819
139.4176
137.6128
138.2593
135.108
133.3779
132.518
131.7865
130.8388
133.5237
133.1797
132.6027
125.6251
126.1699
122.561
119.014
128.52
122.5497
121.7102
124.2664
126.7693
126.5958
124.0475
122.5287
123.6767
114.0199
111.865
112.1521
116.6367
111.9057
110.9524
112.8866
112.6492
111.51
114.1892
114.9126
120.3786
119.7258
113.0654
115.6089
111.3182
115.4004
114.7385
121.408
121.6258
120.976
125.5795
124.2096
130.3973
126.3353
125.4026
128.9618
129.9058
127.4006
133.5715
129.2897
131.679
129.9924
127.5724
125.6311
125.5909
130.865
136.6108
147.0815
146.0432
144.2189
143.5065
140.5809
131.9217
132.9414
130.8059
133.367
133.3991
133.7566
131.5467
130.3338
128.8764
135.7109
135.985
137.6478
135.1081
137.1828
136.8753
139.42
146.728
145.596
142.5372
140.9017
138.1742
146.3228
148.2295
150.6364
155.3482
152.4708
156.4454
150.834
158.5875
160.7115
166.6252
166.9626
170.9788
171.1987
178.8511
178.314
185.9239
179.5648
171.6457
172.4873
178.0467
183.701
179.6459
186.719
174.9007
176.4697
177.9431
171.4063
168.8808
168.3313
165.7001
162.032
165.4234
161.7332
161.9394
170.817
167.0824
169.6839
157.3682
155.8176
163.1309
158.2365
159.3606
162.2491
167.816
164.152
163.7056
160.3208
156.8195
160.6322
163.0967
165.9204
159.5989
162.1069
160.2797
159.0019
156.2775
158.178
155.6943
159.1238
157.2349
159.9994
161.8239
163.0602
163.672
165.1113
167.5278
170.2113
173.29
175.8151
175.2495
171.0141
169.5919
173.8985
169.9211
164.5054
170.9951
165.4619
164.4107
162.8095
164.3931
163.9861
171.755
167.4545
169.546
157.3633
156.3667
156.5008
158.1945
154.0856
154.9646
154.316
155.3273
151.1467
155.4932
161.7736
163.6166
164.0315
159.8195
166.7082
164.9939
163.3344
167.6543
169.4755
166.3803
179.553
183.3141
184.0923
185.7386
185.1373
177.656
179.2969
175.1177
177.3283
182.1964
177.5253
179.7141
177.6743
173.17
174.4834
173.8015
169.4776
177.3211
185.7573
188.644
188.921
192.5265
196.2051
201.9748
212.575
218.5776
212.7523
210.196
223.1643
224.1265
225.6896
220.6364
230.4617
231.5545
223.2362
215.7024
211.9074
206.4021
205.2404
207.8082
201.3674
201.3151
189.8634
195.2698
199.4358
198.5071
205.339
210.1262
204.0649
202.5314
199.7788
196.6966
195.3034
185.8926
180.6283
181.673
184.6917
182.5566
187.0233
185.1204
184.936
178.2285
170.5574
172.5307
175.9578
181.1004
180.8486
184.0329
184.2801
182.1316
177.1199
173.8296
176.9584
186.5413
197.506
193.0505
180.7428
184.3647
181.4162
188.8574
194.8505
191.1223
185.6028
182.6917
179.1806
183.2626
187.5594
188.6961
194.8382
193.879
198.4822
197.8687
206.6339
208.5036
207.7466
209.5618
197.2673
209.5214
217.9658
214.9343
203.8003
212.9586
221.3281
213.5197
219.5555
220.0701
217.7715
223.3372
224.0107
229.6102
226.1323
228.7444
220.9894
224.9856
224.8928
228.7316
240.0076
240.8419
239.5094
241.8227
243.9847
243.1364
245.8672
248.9874
241.6929
242.5759
239.3087
247.1408
247.6778
241.9069
250.1752
250.2215
258.853
245.6291
253.3651
250.3244
245.6439
241.8055
251.5526
247.8419
250.9285
248.6521
239.1737
244.5129
254.8416
247.9391
243.6097
255.818
261.5803
252.8306
253.4346
253.1224
238.4668
238.2562
249.2334
251.8562
240.7066
226.9773
222.4053
212.0253
222.6106
207.9972
203.8876
192.6413
192.2559
192.6421
188.6815
189.9494
191.4938
190.1489
188.1068
190.1487
183.0111
187.555
178.4922
180.9106
185.9898
192.527
198.8126
196.6298
191.5315
187.2663
187.7135
190.3075
185.2197
193.9827
188.4702
184.4067
179.4739
179.7199
183.4012
182.2528
188.5269
196.6854
200.3671
207.1777
207.5097
209.1428
205.2463
206.3683
200.562
187.0128
188.6416
193.5131
194.3713
184.3654
184.5234
196.461
192.5529
198.6209
196.7629
201.1847
195.3124
190.2114
191.2304
191.9485
194.9991
189.0743
186.5502
185.0651
195.9688
192.1721
201.0232
200.3944
194.7284
187.5028
185.5869
188.2559
177.674
178.1338
183.7977
182.0359
177.7404
177.8414
172.7858
174.2465
175.1767
179.5103
179.9532
184.9188
190.7148
190.2985
192.8446
200.2403
201.7512
201.1727
196.3543
199.5701
192.0226
197.4904
201.433
200.1895
201.4648
202.9462
209.117
215.7936
216.7612
217.5811
217.4312
213.5476
209.3079
209.1566
214.7143
213.021
214.9436
215.8095
225.5912
218.7178
222.6212
214.5641
223.8914
224.0803
214.2313
213.973
219.8925
213.695
218.1509
221.5252
231.8342
234.5206
227.7226
240.4509
231.7083
232.6876
240.2828
241.1918
235.0327
228.2463
234.7572
232.6622
232.2486
246.9083
252.3467
256.1638
250.1159
246.5977
238.2108
232.8732
231.8696
226.4637
215.4654
220.5173
218.7336
219.4455
218.9097
224.154
223.2052
222.7858
218.1595
217.9361
210.2223
204.835
201.9168
201.8912
207.2186
191.7901
187.5713
193.7876
194.2558
196.7258
201.3707
203.5823
199.2614
199.4
199.6758
206.3264
209.2355
210.3003
211.3156
207.8089
212.3167
209.6618
209.4394
208.3605
203.1894
204.8756
208.807
205.8199
207.7336
217.3909
220.1859
226.9935
229.9286
235.8934
219.3269
219.8204
216.1757
212.1864
213.8533
211.7277
209.7087
209.2639
204.2406
209.0905
213.8543
209.9028
215.1465
211.8269
209.0963
198.7024
189.2911
193.1126
187.3564
181.0246
180.1721
175.5651
175.5284
176.9951
172.423
178.723
179.4921
185.6951
188.7791
185.4638
182.0863
182.5984
182.9664
187.3569
184.5107
181.9916
178.8568
186.6689
189.297
179.3929
178.2122
176.2195
176.7568
179.6335
182.5248
190.405
182.8876
186.1513
176.1689
167.6272
165.7337
172.8025
173.4635
179.7605
175.3125
174.4367
175.7936
175.0419
167.6035
168.5435
170.5614
170.0183
170.9851
167.8486
162.841
161.0539
165.046
162.73
159.6089
160.4116
168.2315
162.6752
163.3401
158.3862
164.8594
165.5058
171.0413
170.1868
168.4962
176.9888
176.6283
170.4167
174.5444
179.0375
175.7895
164.8281
164.451
156.4089
162.3097
164.1669
164.5163
167.3906
174.9716
179.9175
180.5811
181.4273
178.8731
179.3802
181.0199
178.1991
181.6712
177.4887
178.3415
179.9695
178.2394
181.6124
179.3885
180.8537
174.5252
163.1302
173.0593
176.359
180.7252
186.0643
194.7479
188.6898
186.9036
191.5069
183.3217
188.9727
202.0121
201.7089
205.5173
207.285
200.5587
199.4601
196.8692
193.7384
190.0605
199.1529
205.963
204.3098
211.4853
221.4487
213.6652
222.9901
228.3585
236.214
236.1552
228.9971
229.4073
231.3005
232.9573
239.2662
240.2468
234.9783
238.7669
243.0002
245.0615
245.9727
235.2783
234.7126
237.6407
222.3964
227.1736
227.5072
234.8779
224.8714
230.6499
225.2235
220.9952
214.8037
208.2734
208.6791
209.9587
216.9475
220.8232
224.1161
227.5175
215.8702
215.5116
219.8376
229.8837
231.4261
240.7754
246.2524
246.2923
254.9195
257.4544
249.4422
256.6613
240.0249
242.6001
249.6996
245.2181
243.3093
240.4881
236.3331
230.272
223.6168
224.8867
220.6599
225.4864
223.1835
220.0995
232.2921
241.0871
235.0934
234.9075
233.047
231.3185
238.9782
234.4676
224.9473
221.7598
222.141
225.3624
223.8053
232.8291
238.7483
240.6126
236.1544
232.49
238.7796
230.6031
244.2986
235.7276
237.8107
234.7745
239.5656
248.3526
252.1305
254.7992
251.0917
251.5371
259.4062
256.373
259.2065
252.4415
264.9802
252.1697
250.0703
250.0046
253.1006
251.3758
262.9138
266.9221
258.0076
253.0781
254.0238
251.0827
253.7733
241.1583
241.5137
240.1922
231.9662
232.1023
223.7194
220.8215
216.4743
211.6651
208.2872
205.7974
204.5969
204.5826
194.3335
194.5353
193.8039
188.1479
184.0165
185.3511
184.7483
182.9156
172.71
178.5615
179.6608
177.9602
174.2665
170.9776
171.7022
169.6252
169.9954
176.7147
174.7522
180.3728
182.5109
174.808
170.1741
179.9928
182.2817
180.8112
183.1692
185.8892
191.4713
193.1932
196.3723
192.668
195.3396
194.3765
203.6923
208.9012
209.1416
210.4137
208.8074
208.9695
203.4003
198.673
197.6025
200.1281
202.0615
212.1643
218.7079
212.6888
213.3027
210.8262
215.1949
210.6811
213.8814
221.9668
226.4468
225.6573
213.6882
222.4566
223.9211
226.2469
229.5559
225.2678
219.5364
213.2341
213.0465
214.4714
222.4561
223.4749
216.5896
208.4324
211.1797
212.0941
212.2376
222.8952
225.6324
228.348
219.6284
226.6795
231.2029
230.8724
222.0377
207.3373
203.5585
202.0596
201.9539
200.6065
202.1491
210.5567
206.3996
202.0499
200.4913
202.2179
200.9437
204.4016
213.5026
220.6569
214.1044
223.8599
223.236
221.7481
213.5983
220.9839
214.4835
217.8456
223.2486
211.7157
218.4247
214.7803
222.5587
215.6629
209.4494
202.1008
197.3009
199.3694
189.4765
191.8214
191.2342
187.6381
184.3553
190.3716
188.1644
185.327
190.2144
187.755
186.2972
181.5343
179.2009
185.8886
193.3525
193.937
199.6446
208.3189
205.6778
205.8187
207.2205
203.3206
208.3931
201.1586
188.2137
196.1373
196.835
191.7773
206.697
214.6564
210.8827
213.7125
216.2022
208.1557
203.7449
200.8222
200.1225
201.1916
201.5994
205.0203
206.2859
215.9581
213.0554
209.2302
212.7617
217.3234
217.2477
216.3509
213.3354
220.3747
221.8424
213.8916
216.4469
222.4858
222.3768
210.8226
217.4818
214.7614
215.9528
209.8375
213.1984
213.0882
217.1868
221.187
219.2028
210.045
214.5684
221.1371
215.8454
213.2314
206.0693
210.5107
216.2967
226.9691
219.2644
217.0441
218.2498
219.7873
227.2265
231.1133
231.8935
233.7764
224.7977
229.467
222.874
225.6304
232.7363
230.4978
235.9715
236.9868
243.9867
249.5864
251.2171
251.8332
247.5782
249.3381
257.7082
262.7827
261.4711
248.4855
254.2427
250.423
242.0928
248.9036
241.2632
243.9698
247.3348
244.968
248.3836
245.6966
254.9126
252.4995
256.0531
256.0024
251.6713
258.4011
253.5315
242.9752
241.4868
248.228
246.7633
249.7508
250.0516
240.4413
233.2311
244.09
240.3367
239.7097
240.677
242.2223
242.8044
239.8767
241.4092
240.7353
238.5416
241.1011
244.1581
243.9812
244.0783
247.079
259.0625
245.0801
241.4388
230.2046
225.1437
219.1763
223.7889
229.9267
228.5583
223.5576
222.6139
225.4356
234.5242
239.3375
236.6499
251.4761
243.7324
227.1856
226.4585
231.699
232.4542
243.3527
241.6754
234.3666
236.0107
230.2385
223.4527
228.9079
221.3578
219.9271
216.6419
208.4101
213.0097
212.4035
207.5719
220.4978
215.1165
205.5621
207.7082
209.4464
203.5726
210.7099
208.5571
205.2006
199.6428
196.057
193.0674
186.6588
186.8313
189.12
183.7538
194.5103
190.3842
193.2213
193.4297
199.1991
193.5466
184.8021
183.5943
180.568
184.0519
185.4377
180.2112
181.9038
177.2753
174.332
169.6169
165.4846
167.2843
168.2876
167.3001
167.5283
169.9584
172.3836
175.1926
175.134
170.3835
172.3896
172.2192
177.5307
176.534
178.0891
173.19
177.3406
178.8075
172.7937
175.2071
173.4334
166.6708
165.3194
163.0221
167.6805
170.5965
162.4949
166.0021
164.8408
165.589
166.4092
168.8802
177.38
183.247
188.1716
187.4606
197.999
195.9778
208.4023
204.1962
205.3943
202.7437
197.5031
201.0969
205.2677
198.6084
197.211
204.6883
211.3635
214.8074
203.2315
