0.2257931
0.2167574
0.1993187
0.1826839
0.200149
0.208772
0.2084822
0.2088546
0.2025616
0.1972131
0.2027083
0.2027914
0.2012643
0.1875962
0.1842753
0.169065
0.1665146
0.15269
0.1562802
0.1487316
0.1341465
0.1370592
0.134886
0.1309986
0.1334502
0.1303229
0.1275932
0.1187457
0.1138045
0.1165566
0.1130392
0.1127062
0.107817
0.1049073
0.1006658
0.1007869
0.09843988
0.1043724
0.1039086
0.1096904
0.1057483
0.0991922
0.1006805
0.1017509
0.09480097
0.0980738
0.09545855
0.09674283
0.08962889
0.08984191
0.08833466
0.08111655
0.08150675
0.08022032
0.08158984
0.08307601
0.08329614
0.07885238
0.08068501
0.07879631
0.07400665
0.07656701
0.07843998
0.07350251
0.07319249
0.07411031
0.07255065
0.07163482
0.07040031
0.06843661
0.06923261
0.0681112
0.074831
0.07635773
0.0761426
0.07901177
0.08000131
0.07890321
0.08251278
0.08055378
0.07681797
0.07974286
0.07759763
0.07772535
0.07531196
0.07630295
0.07772958
0.07661484
0.08001445
0.07766111
0.07875104
0.07774333
0.07909546
0.08168747
0.08389372
0.0829337
0.08084616
0.08357296
0.08213823
0.08381958
0.0822517
0.08252788
0.08551559
0.08204685
0.08307115
0.08000695
0.08164979
0.08029447
0.07612235
0.07477378
0.07583081
0.07724083
0.07525825
0.07436277
0.07584662
0.0777333
0.07995103
0.0776212
0.07802901
0.07764176
0.07307088
0.07538443
0.0757272
0.07383469
0.07717162
0.07626739
0.07457393
0.07520349
0.0741673
0.07468123
0.07696982
0.07840798
0.08097229
0.07971959
0.08085581
0.08221504
0.07785429
0.08522238
0.0856193
0.07976879
0.0740493
0.0718577
0.0737942
0.07340601
0.07040966
0.06994223
0.06839252
0.06388446
0.06258541
0.06348628
0.06327608
0.06086374
0.06067843
0.05883282
0.05627672
0.05556893
0.05641421
0.05970404
0.05838797
0.06160054
0.0597675
0.06331632
0.06176678
0.06373414
0.06541413
0.06576931
0.06722197
0.0630133
0.06562594
0.06261015
0.06067159
0.06292802
0.0619941
0.0612475
0.06088785
0.06205787
0.05917754
0.06003076
0.05505321
0.05540307
0.05533147
0.05858496
0.05726005
0.05865066
0.05915944
0.06197056
0.06310257
0.06433615
0.06045373
0.06086621
0.06047513
0.05642345
0.05694068
0.05694185
0.05749056
0.05519383
0.05704141
0.05588793
0.0562204
0.05304381
0.05533902
0.05936339
0.06424382
0.06501716
0.06329591
0.06440051
0.06500279
0.05933598
0.06060244
0.05676241
0.0595936
0.05737328
0.05553054
0.05516476
0.05228882
0.0530009
0.05606814
0.05342022
0.05505984
0.05425723
0.05231193
0.05036311
0.05005193
0.04836101
0.04551106
0.04573029
0.04439288
0.04618332
0.050605
0.04727047
0.04641603
0.04700237
0.0465281
0.04633578
0.04814121
0.04801454
0.05074732
0.04946814
0.04989617
0.05074197
0.05107415
0.05279058
0.05385501
0.05243983
0.05197458
0.05020655
0.05017865
0.04951163
0.04994683
0.05243792
0.05447315
0.05370859
0.05762291
0.05761248
0.05467206
0.0535346
0.05107566
0.05407097
0.05384936
0.05249904
0.05111952
0.04779809
0.04957975
0.04951194
0.04962851
0.04704322
0.04320535
0.04510955
0.04436347
0.04476806
0.04700434
0.04761818
0.04477979
0.04742298
0.04509123
0.04816753
0.04942298
0.05032679
0.05499054
0.05621361
0.05434322
0.04892601
0.04833399
0.04882704
0.04954406
0.04893918
0.04929232
0.04947762
0.05396351
0.05340536
0.05132699
0.05044941
0.05123838
0.05140567
0.0537599
0.05136888
0.05196319
0.05056254
0.0474189
0.0463426
0.04824519
0.0495412
0.04864315
0.04893534
0.04941799
0.05002191
0.05170204
0.05356214
0.05345631
0.05638298
0.05638127
0.05922722
0.05812362
0.05847127
0.06044253
0.05424183
0.05377432
0.05226038
0.05452951
0.05658768
0.05300281
0.0547437
0.05732294
0.05709812
0.05539582
0.05377796
0.05264821
0.05340188
0.05314814
0.05421223
0.05840494
0.05751441
0.05488345
0.05568049
0.0540864
0.0542667
0.05221584
0.05317755
0.05213976
0.05440249
0.05372068
0.05623848
0.0565385
0.05636426
0.05910777
0.05604938
0.05675429
0.05907466
0.06031096
0.06097212
0.05935082
0.05692819
0.05655866
0.0572813
0.05572441
0.05612229
0.05739771
0.05646852
0.05373162
0.05404113
0.05333699
0.05616684
0.05371407
0.05536433
0.05191159
0.05084457
0.05061679
0.05314425
0.0518134
0.05119218
0.05257119
0.0519659
0.04996147
0.05181344
0.05177815
0.05386709
0.05212224
0.05273329
0.05057374
0.04953945
0.0496534
0.04907049
0.04851172
0.04927333
0.04929157
0.04531768
0.04702086
0.04707764
0.04917027
0.05003398
0.04670091
0.04475715
0.04306474
0.04387214
0.04466776
0.04225521
0.04314412
0.04527725
0.04571684
0.0438562
0.04152136
0.04137412
0.04118507
0.04188929
0.04556164
0.04721194
0.04362646
0.04415488
0.0446895
0.04450724
0.04293384
0.04033334
0.03943219
0.03774196
0.03750093
0.03819934
0.03960159
0.04158211
0.03946358
0.03777982
0.03844599
0.03632687
0.03594622
0.03608988
0.03730134
0.0372682
0.03650315
0.03363828
0.03526389
0.03730779
0.03780473
0.03817525
0.03816191
0.03701078
0.03847671
0.03993941
0.04044222
0.04194706
0.04334812
0.04441509
0.04480065
0.04259018
0.04282168
0.04369895
0.04386246
0.04292322
0.04161836
0.04455869
0.04047195
0.03787891
0.03787597
0.03623982
0.0368916
0.0366547
0.0356035
0.03622004
0.037736
0.03972638
0.03741646
0.03808421
0.03881238
0.03677255
0.03764219
0.03623635
0.03966643
0.04108636
0.03952053
0.03767219
0.03731294
0.03504167
0.03715622
0.03790477
0.0360841
0.03629351
0.03496929
0.03400045
0.03567547
0.03459947
0.0342257
0.03367242
0.03317628
0.03311733
0.03686999
0.03732871
0.0351222
0.0348595
0.0366399
0.03610225
0.0366008
0.03682494
0.0371026
0.03482658
0.03431749
0.03454545
0.03361283
0.03479431
0.03377756
0.03407294
0.03406481
0.03387884
0.03488749
0.03693122
0.03715359
0.03919509
0.03772985
0.03801299
0.03911321
0.03854086
0.04025083
0.03957663
0.03954923
0.03756004
0.03831054
0.03769807
0.03842321
0.03872696
0.03767447
0.03859802
0.0382562
0.03848215
0.04264961
0.04481071
0.04451411
0.0477539
0.04865909
0.04800229
0.04856144
0.05114752
0.05336638
0.04815048
0.05132243
0.05124336
0.05483843
0.05498508
0.05469811
0.05691587
0.05887677
0.05667689
0.05575721
0.05734295
0.05696794
0.05919007
0.058011
0.06047926
0.06348525
0.06251357
0.06390948
0.06118313
0.0620358
0.06048182
0.05681803
0.05719239
0.05498779
0.05459453
0.05411466
0.05465829
0.0528531
0.05109429
0.05045805
0.04813318
0.05038631
0.04756226
0.04495163
0.04716997
0.04557806
0.04574796
0.04552938
0.04726649
0.04879627
0.04761034
0.04822808
0.04755794
0.04584864
0.04812662
0.04937444
0.04921958
0.04854203
0.0509703
0.04911641
0.04978586
0.05125573
0.04553976
0.04591319
0.04410003
0.04294863
0.04235001
0.04229551
0.0431923
0.04432594
0.04147652
0.04164698
0.04315906
0.04252741
0.04319067
0.04421524
0.04794945
0.04791671
0.04831298
0.05091249
0.05074884
0.04971125
0.04918645
0.04911154
0.04946927
0.04785522
0.05059994
0.04788924
0.04505981
0.04551881
0.04696252
0.04290989
0.04162131
0.04144165
0.04167437
0.03798967
0.03925255
0.04015107
0.04434681
0.04098479
0.04024516
0.03886715
0.04015133
0.04099361
0.04272109
0.04202594
0.04271478
0.04264521
0.04230972
0.04244204
0.04308099
0.04256412
0.04015238
0.04144536
0.04149195
0.04141224
0.04117038
0.03904075
0.03765115
0.03839017
0.03931786
0.04077926
0.0404626
0.03938675
0.03940146
0.04166348
0.041641
0.03937765
0.03972186
0.03877936
0.03879217
0.03735575
0.03421253
0.03505965
0.03623205
0.03705641
0.03796707
0.03779229
0.03731267
0.03679352
0.03863069
0.03650685
0.03642569
0.03541391
0.03387931
0.03313432
0.03269736
0.03129318
0.02891508
0.03046966
0.02935361
0.02751756
0.02797729
0.02909985
0.02939128
0.03038791
0.02958664
0.03047886
0.02755648
0.02622874
0.02641951
0.02765675
0.02916523
0.02837837
0.02785698
0.02804378
0.02733587
0.02873156
0.02799152
0.02875971
0.02695923
0.02778311
0.02776261
0.02900139
0.03015801
0.03019306
0.02909484
0.02932197
0.03009207
0.03222041
0.03285283
0.0330887
0.03330362
0.03306031
0.03390045
0.03418682
0.03430954
0.033702
0.03224604
0.03249058
0.03162215
0.03067538
0.0314581
0.03086278
0.0295607
0.02975744
0.02884438
0.02907078
0.03050597
0.02992241
0.0311402
0.0303919
0.0312483
0.0315209
0.03050264
0.0307669
0.03039514
0.02990529
0.03161024
0.03158132
0.03380957
0.03273167
0.03248347
0.03332998
0.03316347
0.03403697
0.03357626
0.03549535
0.03745207
0.03912554
0.03767198
0.03983857
0.03926882
0.04210582
0.04428301
0.04404242
0.04538571
0.0427417
0.04222501
0.04357706
0.04181515
0.04135133
0.04160841
0.04129333
0.03855302
0.03876846
0.03675429
0.03646961
0.03717657
0.03841012
0.03686039
0.03468542
0.03590133
0.0351226
0.03414081
0.03337379
0.03363325
0.03250478
0.03256656
0.03286829
0.03337664
0.03365341
0.03485733
0.03389771
0.0327746
0.03419775
0.03625992
0.03673621
0.03750012
0.03677006
0.03760882
0.038066
0.03624517
0.03543304
0.0354891
0.03486198
0.03539332
0.03553818
0.03475147
0.03486187
0.03516178
0.03513188
0.03435699
0.03566085
0.03748653
0.03669663
0.03753777
0.03826959
0.03901742
0.03908726
0.03925051
0.03787541
0.03820956
0.03738138
0.03393421
0.03357453
0.034684
0.03398946
0.03358808
0.03587689
0.03343108
0.0348071
0.03353638
0.03498373
0.0343493
0.03118296
0.03221936
0.03246825
0.03188797
0.03033778
0.03148016
0.03140274
0.0317788
0.02998795
0.03039015
0.03224932
0.03205352
0.03198337
0.03180558
0.0317489
0.03135258
0.03303994
0.03312432
0.0334841
0.03240452
0.03553316
0.03535296
0.03473568
0.03521122
0.03611866
0.03761823
0.03765674
0.03782859
0.03736437
0.03917822
0.03664903
0.03815265
0.03667363
0.03675707
0.03559255
0.03424183
0.03386406
0.03505403
0.03482114
0.03633404
0.03519094
0.03306024
0.03163856
0.03129077
0.02867717
0.028587
0.02788022
0.02756133
0.02627753
0.02788924
0.02773487
0.02659335
0.02786084
0.02767206
0.02674367
0.02615801
0.027584
0.02693285
0.02717653
0.02674405
0.02654018
0.02809466
0.02865898
0.02668575
0.02580531
0.02704077
0.02754429
0.02844704
0.02904874
0.02873343
0.02803228
0.02679116
0.02708654
0.02606277
0.02678652
0.02768751
0.02810662
0.02741476
0.02571817
0.0252906
0.02592615
0.0262329
0.02720372
0.0268387
0.02558018
0.02501919
0.02580128
0.02488374
0.02435025
0.02297023
0.02314219
0.02275294
0.02276393
0.02455023
0.02415712
0.02383683
0.02365379
0.0243868
0.02302908
0.02420758
0.02555199
0.02552456
0.02613058
0.02497223
0.02564484
0.02575472
0.02534063
0.02535736
0.02661029
0.02644114
0.02607516
0.02543625
0.02431149
0.0244163
0.02392933
0.02262637
0.02195401
0.02359539
0.02253359
0.02430517
0.02514975
0.02605121
0.02730106
0.02841724
0.02813288
0.02843506
0.02880206
0.03003226
0.0301419
0.03059222
0.03074471
0.03016151
0.02992689
0.03052554
0.02808404
0.02587623
0.02712832
0.02986907
0.02959943
0.0301149
0.02999511
0.03199071
0.03005237
0.03064675
0.03059705
0.03075694
0.03155607
0.03200925
0.03177454
0.0330701
0.03252832
0.03300651
0.03353817
0.03392023
0.03473765
0.03529411
0.03408302
0.03311543
0.03384342
0.03422842
0.03491134
0.03592599
0.03517504
0.03311275
0.03491413
0.03580496
0.03507854
0.03404013
0.03514431
0.03335857
0.03363102
0.03142118
0.03086185
0.03271564
0.03289798
0.03113647
0.0297918
0.02959487
0.03001608
0.02954025
0.03032391
0.031222
0.03087371
0.03165723
0.03026204
0.02945201
0.0302695
0.02948015
0.03049583
0.02940813
0.03028877
0.03294478
0.03401432
0.03536522
0.03451608
0.03477026
0.03543326
0.0353457
0.03534862
0.03646301
0.0388288
0.03737415
0.03736693
0.03610589
0.03498105
0.03595247
0.03752081
0.03775163
0.03872944
0.04082448
0.04043495
0.03849768
0.03737437
0.03682692
0.03899672
0.03702567
0.03732455
0.03611829
0.0355358
0.03605817
0.03412994
0.03296463
0.03400494
0.03402636
0.0323278
0.03191187
0.03208619
0.03193103
0.03137429
0.03156142
0.0325301
0.03343815
0.03366139
0.03520636
0.03642346
0.03556874
0.03748082
0.03865764
0.04009381
0.04075299
0.0385192
0.03938531
0.03893832
0.03844873
0.04013213
0.04050001
0.0389241
0.04086316
0.04191645
0.04389865
0.04626898
0.04545361
0.0462226
0.04353071
0.0419231
0.03927929
0.0387935
0.04124617
0.04375443
0.04037595
0.04145789
0.04029809
0.04199309
0.04111398
0.03801251
0.03796324
0.0389181
0.03588046
0.03406866
0.03636763
0.03653298
0.03558918
0.036454
0.03557506
0.03503315
0.03551529
0.03516375
0.03667796
0.03699554
0.03625024
0.03434762
0.03337885
0.03314549
0.03131259
0.03312234
0.03208347
0.03172584
0.03115027
0.0321873
0.03198182
0.031314
0.03300259
0.03233842
0.03186771
0.03145633
0.0313397
0.02948434
0.0301014
0.03005995
0.02882458
0.02871026
0.02892313
0.02978229
0.02887349
0.0285341
0.02789247
0.02796335
0.02651961
0.02674595
0.02723695
0.02595724
0.02523301
0.02784739
0.02717781
0.02764493
0.02877436
0.02907946
0.02974085
0.02738505
0.02735875
0.02549411
0.02626091
0.02641788
0.02683971
0.02694631
0.02918746
0.02981758
0.02903406
0.02838715
0.02814547
0.02780093
0.02659037
0.02669021
0.026959
0.02571187
0.02597508
0.02655661
0.02632361
0.02626614
0.02523993
0.02538899
0.02439264
0.0246874
0.02451387
0.02295829
0.02225577
0.02340217
0.02214553
0.02286235
0.0231044
0.02403646
0.02315616
0.02260743
0.02296487
0.02220048
0.02373177
0.02382443
0.02425872
0.02280214
0.0223759
0.02184428
0.02142544
0.02104256
0.02120267
0.02173161
0.0207545
0.01995541
0.02008062
0.01982759
0.01979125
0.01975789
0.02088002
0.02078672
0.02098891
0.02200437
0.02272555
0.02337777
0.02339671
0.02376752
0.02250461
0.02252128
0.02284929
0.02309998
0.02217762
0.02209721
0.02294397
0.02331211
0.02289771
0.02277058
0.02190259
0.0218668
0.02031271
0.02149691
0.02124669
0.02115891
0.02118836
0.02015969
0.02134444
0.02123609
0.01987162
0.01975813
0.01931404
0.01943186
0.01825016
0.01894178
0.01933679
0.0187686
0.01956529
0.01897263
0.01740456
0.01778307
0.01658066
0.01587241
0.01705592
0.01846856
0.01851712
0.01861809
0.01846312
0.0181661
0.01777692
0.0188468
0.01861859
0.01924314
0.01948914
0.02038205
0.02136023
0.02202752
0.0229224
0.0218014
0.02079753
0.01968487
0.02101228
0.02096944
0.02010497
0.01984463
0.02045612
0.01910674
0.01897773
0.01884631
0.0185717
0.01846805
0.01726218
0.01687754
0.01722619
0.01671736
0.01693238
0.01738499
0.01696296
0.01659157
0.01578642
0.0160153
0.01680041
0.01712873
0.01656874
0.01666314
0.01551004
0.01522559
0.01509299
0.01530545
0.01529255
0.01594569
0.01669516
0.01755925
0.01823213
0.01871148
0.01787522
0.01741062
0.01628957
0.01685101
0.01690269
0.01617351
0.01694229
0.01744392
0.01730467
0.01804216
0.01881759
0.0190641
0.01880078
0.01946808
0.01949957
0.01992348
0.01908784
0.0191772
0.01822621
0.01748541
0.0167401
0.01655427
0.01683302
0.01714352
0.01634618
0.01628241
0.01634487
0.01595732
0.01635668
0.01718523
0.01792891
0.01784432
0.01715386
0.01626934
0.01652599
0.01673134
0.01667211
0.01774762
0.01751326
0.01710035
0.01754353
0.01751049
0.01782731
0.01754963
0.01773412
0.01859979
0.01992477
0.02007731
0.01888771
0.01883251
0.01927243
0.0193435
0.02001145
0.01994964
0.01997608
0.01999859
0.01992733
0.02000373
0.0201555
0.01854057
0.01827087
0.0177637
0.01812941
0.01772972
0.01905216
0.01915726
0.01797927
0.01733634
0.01742619
0.01767286
0.01779179
0.01723992
0.01753486
0.01829783
0.01875064
0.01955369
0.01949926
0.02119208
0.02015173
0.02092329
0.02126694
0.02014956
0.02081708
0.02152851
0.01977025
0.01983889
0.01984718
0.01934198
0.01892208
0.01878717
0.01835234
0.01919797
0.01784567
0.01845727
0.01847646
0.01986753
0.02007612
0.02013608
0.02027716
0.02135753
0.0222849
0.02081081
0.02109991
0.0194696
0.01841093
0.01830863
0.01797112
0.01791973
0.01914522
0.01832536
0.02006637
0.0198716
0.01937627
0.01862493
0.01936295
0.01957759
0.02024899
0.02051659
0.02009984
0.01952748
0.01882667
0.01846239
0.017974
0.01750167
0.01780564
0.01699884
0.01764312
0.01795325
0.01869922
0.01955297
0.01953041
0.0187729
0.01852696
0.01740795
0.01790858
0.01869858
0.01930959
0.01902496
0.01866117
0.01961756
0.01962581
0.02000873
0.02066321
0.02076841
0.02245312
0.02222385
0.0216029
0.02201949
0.02137409
0.02174816
0.02357301
0.02301325
0.02218876
0.0223476
0.02165186
0.02111203
0.02085014
0.02115904
0.02005991
0.01847411
0.01867603
0.01875363
0.01932485
0.01827802
0.01869886
0.01849287
0.01812287
0.01726923
0.01717294
0.01690596
0.01757387
0.01720029
0.01792316
0.01773756
0.01766044
0.01770095
0.01658926
0.01637641
0.01637053
0.01626504
0.01563223
0.01567626
0.01572792
0.01578811
0.01583689
0.01587813
0.01529245
0.01474653
0.01407826
0.01418183
0.01283446
0.01341618
0.01389585
0.01384094
0.01351146
0.01344989
0.01393026
0.01318678
0.01272627
0.01213919
0.01276038
0.01235672
0.01175691
0.01156485
0.01144899
0.01215338
0.01184638
0.01169839
0.01119982
0.01058822
0.01044299
0.01081804
0.01106944
0.01063484
0.01100627
0.01101274
0.01035135
0.01025543
0.01086143
0.01126827
0.01103396
0.01112557
0.0109409
0.01041898
0.01080088
0.01091489
0.0111505
0.01127024
0.01076489
0.01123061
0.01104716
0.01019881
0.01009008
0.01014089
0.01041548
0.01101242
0.01090535
0.01061556
0.01116962
0.01118531
0.01112225
0.01046454
0.010313
0.01017753
0.01004878
0.009975512
0.009863137
0.009444808
0.009071155
0.009460053
0.008995649
0.008777482
0.008998624
0.009093946
0.009071126
0.008774911
0.008916153
0.008741327
0.008942269
0.00901632
0.009185784
0.009006395
0.009511632
0.009270591
0.009115049
0.008988922
0.008893783
0.008730922
0.009069699
0.008832555
0.008479796
0.008676027
0.008837723
0.00863835
0.008905951
0.008258496
0.008140412
0.007940046
0.00765894
0.007675961
0.007672575
0.007635077
0.007855039
0.007896855
0.007682107
0.007508482
0.007365191
0.007180393
0.007362844
0.007835467
0.007782598
0.007913996
0.007910736
0.007477423
0.007689814
0.007421127
0.00748172
0.008062303
0.008522186
0.008536407
0.00816393
0.00759281
0.007425976
0.007904707
0.00775825
0.007423242
0.007096261
0.007411349
0.007189362
0.007173232
0.007283773
0.007844025
0.007414923
0.007719726
0.007718122
0.007577433
0.007792981
0.007878732
0.008168306
0.007934174
0.007774739
0.007742896
0.008448369
0.008177537
0.008458368
0.008159166
0.008257955
0.008286338
0.008731767
0.008855352
0.00859836
0.00819359
0.008195062
0.008289528
0.008356632
0.008372091
0.008130342
0.008315958
0.008333831
0.009151097
0.009471285
0.009650054
0.009466518
0.00945093
0.009824387
0.008826768
0.008230698
0.008209255
0.008694322
0.009234809
0.009365243
0.009827265
0.009880889
0.009953079
0.01017973
0.01065377
0.01042009
0.01039133
0.01056765
0.01132567
0.01142038
0.01170343
0.01251145
0.01330308
0.01312686
0.0136904
0.01414057
0.01514441
0.01579622
0.01642663
0.01577534
0.01663297
0.01572681
0.0160696
0.01675502
0.01583028
0.01616144
0.01580968
0.01514117
0.01517192
0.01461083
0.01395144
0.01399438
0.01386053
0.01455525
0.01449289
0.01442769
