21.98987
20.8283
25.65575
24.41983
22.85803
22.08134
20.67161
20.04921
19.86002
23.67425
20.20051
18.98011
17.60237
17.30386
13.89534
14.90956
14.67134
12.55665
14.1079
12.43856
12.19866
12.78112
13.37293
14.14933
14.49557
14.68349
14.3722
14.16794
13.12472
15.26367
16.82318
15.39725
16.80359
15.3598
18.30388
17.7702
19.81593
19.96714
23.81909
20.84507
18.64151
20.91303
19.13467
18.10265
17.68303
17.03649
13.31466
13.09235
13.4502
12.65685
9.731945
7.660647
7.82993
8.205063
8.531212
10.18294
9.403189
9.767888
10.18526
9.73526
9.425063
10.56163
10.1921
11.75952
10.63841
10.6855
10.61785
10.65643
11.20295
10.06424
13.05236
10.05968
11.7146
13.38431
12.93518
11.98768
15.32648
15.70701
13.41025
10.78915
10.56614
10.95241
10.47124
9.486616
10.77703
12.4515
15.97681
16.2729
15.98995
14.04352
12.98699
14.41881
13.69401
14.93747
17.14059
15.26406
16.77608
16.46231
15.69166
17.31662
15.31817
17.70872
14.03774
13.12286
13.54708
14.92316
14.59431
15.05463
16.0807
15.31728
13.7692
16.89405
13.59869
14.6576
14.02779
13.00701
11.22303
9.714121
10.89462
10.02461
8.912741
8.801624
8.635527
8.284477
8.061355
8.195709
7.634581
9.122641
9.979128
8.372737
9.974767
10.67583
11.62311
11.83045
9.436677
8.367316
8.175854
7.902369
8.20791
8.768389
9.248326
8.334945
9.70102
8.944514
11.5684
12.9879
11.49175
10.80995
10.45655
9.962221
13.3317
16.31972
17.12414
21.81077
19.73885
18.41301
18.55199
16.9635
16.94846
17.86712
16.33886
17.75641
17.88186
17.63862
15.42594
16.33784
15.38057
14.49059
13.11228
14.46018
12.97111
9.65208
10.61127
9.562481
9.48464
10.77065
11.39573
11.57895
11.83389
11.4041
10.68622
8.487031
9.796856
9.474592
10.10442
8.893992
7.417491
6.027815
5.337916
5.31224
5.315283
5.335718
5.178319
5.557836
5.740701
5.673273
5.169302
7.011242
7.21795
7.356849
6.917264
7.193317
8.633154
8.297143
8.151136
9.592525
9.256359
9.261274
9.481357
10.0428
9.967488
9.564302
9.298491
7.736228
7.442485
7.677667
8.622372
9.539245
10.04166
10.07423
9.07732
10.01446
11.15894
12.92794
12.37942
12.71457
12.74117
10.4342
8.549814
8.307037
8.120124
10.2162
11.37159
11.25284
10.85889
11.23619
9.696035
7.10029
8.544474
9.494908
10.10777
10.36326
9.910022
12.15309
13.49774
12.89036
13.76472
13.33348
13.92571
13.34989
15.00482
15.06979
14.85888
12.58656
12.0167
11.55303
11.8829
11.65908
12.27877
10.74039
9.942227
9.216343
9.440946
10.28687
10.56692
10.91143
9.768605
11.07031
9.559154
9.666856
9.701356
9.048587
9.255956
8.560845
9.57987
9.653472
10.09166
11.84958
12.05093
13.3492
14.24182
16.86463
15.26485
14.04694
14.59047
11.64979
12.59688
10.55372
12.23786
14.07003
14.00617
15.43031
13.72278
11.26305
11.89121
10.89158
11.07791
9.991452
11.20189
9.338298
8.962259
10.0451
11.91874
12.58652
14.56619
11.89078
9.099718
8.378125
7.523922
8.368775
8.659763
9.162211
9.230962
10.17977
10.4639
10.34347
11.18243
10.57024
9.14244
8.943479
8.595642
8.077064
6.933799
7.229575
7.876317
7.914539
8.523371
7.678457
8.250007
9.591119
10.9105
14.11587
15.00059
13.86461
14.84065
16.86708
16.18575
18.03302
15.56446
16.52589
17.40143
18.64137
15.78366
14.27797
14.80506
12.89491
10.8576
13.3661
15.24717
13.00688
10.97389
13.54786
13.79768
14.41436
11.59673
11.34116
11.30857
10.92193
10.97533
10.75246
11.43134
10.63729
12.53717
12.21539
11.50722
10.75249
10.79478
11.87384
13.41168
12.44204
13.41309
15.0458
14.08334
12.79882
9.791967
9.987289
9.311244
9.631729
11.68328
10.26673
9.95077
9.460494
8.394849
8.445965
6.497351
6.953432
6.423429
5.497708
5.576396
5.379204
6.310566
7.736015
7.312309
5.512654
6.243466
6.220305
8.134423
7.707619
9.302558
9.567903
8.322153
7.491213
6.850536
7.311779
8.35279
7.679832
8.220966
8.083824
8.70789
8.10384
9.980132
10.08288
9.135605
9.018534
8.52108
8.131042
7.316696
7.525785
8.188956
8.383012
9.011186
9.043894
7.819608
7.769975
9.131086
8.826989
11.25536
10.76991
14.2891
14.10886
12.89706
9.379949
7.541135
8.199061
8.526318
8.792313
7.717505
7.466101
7.239568
6.167795
6.637158
7.860491
7.893714
6.832359
7.374966
7.156271
6.573278
5.728043
6.470334
7.439011
7.383941
7.573784
8.943325
9.602376
10.74237
13.54742
13.00297
13.33426
13.22922
13.21519
12.28912
16.3679
13.57842
12.65379
12.56376
12.25918
15.29046
16.47445
14.6445
14.72463
15.23674
17.17517
17.37431
18.27057
17.95075
17.10121
14.29521
12.42397
10.20814
12.41624
9.892442
11.00526
12.11452
11.89291
10.00956
9.468146
8.181955
8.438983
8.26883
10.02287
9.090366
7.614156
7.200015
8.009956
10.0894
10.67473
10.02841
10.67743
10.41148
10.27015
13.27043
12.61664
11.09054
8.928509
8.798939
7.683198
8.369018
9.080816
11.2523
9.601165
9.092023
6.389755
7.255166
7.115331
6.183724
5.827285
5.992941
6.980497
6.441474
6.134744
8.120635
8.856949
8.398549
7.152847
8.486763
8.579014
9.159426
8.833563
9.340716
11.39374
12.79393
12.96672
12.95961
15.01773
14.84628
15.28052
12.88987
12.67888
13.68629
12.75586
12.16596
10.45184
11.8296
12.27914
15.12352
14.05138
15.17219
15.58165
14.62645
13.60079
10.8551
11.684
13.56642
11.59739
11.13783
11.21284
8.902472
11.48027
10.96148
13.02925
14.90623
12.04096
11.67573
12.75023
12.06575
11.08972
11.85701
14.37522
14.27146
14.11977
12.94542
11.59755
10.31293
12.2882
12.48408
14.0091
12.75974
13.14996
12.57381
13.43479
12.64935
15.53574
16.92037
17.07466
18.04805
15.28898
14.72759
15.66494
13.33706
15.62764
16.13211
16.28165
16.77169
19.91316
22.79012
18.57222
18.37521
17.14666
15.37333
12.58054
11.02373
11.08158
10.325
10.45526
10.68815
12.71952
11.32336
11.12277
11.06721
10.42797
8.143068
8.894349
10.22798
9.290945
10.22794
9.977617
11.61381
10.11055
9.036988
8.547513
10.12243
9.765734
10.68706
9.9064
7.977364
8.092652
8.233374
9.591114
8.551438
8.450021
9.794321
8.669513
9.350948
9.345819
10.05298
10.75297
11.36811
9.872897
8.478806
10.3011
10.57415
8.333096
9.01574
8.290009
8.491529
10.49837
9.806466
8.644328
8.923843
10.02165
11.11026
11.69334
12.15705
14.05766
13.24982
14.00587
11.96896
11.84828
12.32068
11.67328
13.82973
12.49268
12.75301
12.35699
11.82455
14.41081
13.16102
12.63599
14.49585
12.83423
13.0865
13.14648
12.48236
11.40051
13.40512
11.85859
13.3801
15.36239
18.08756
19.19378
22.52259
22.91369
18.44158
18.34041
14.92435
18.35526
23.81157
17.62112
19.07303
15.15808
13.5944
11.57583
12.91634
13.43826
11.31185
10.46044
9.050691
11.56919
12.08528
12.35003
12.60821
14.47266
13.8039
10.46235
10.69048
8.805289
9.75736
8.256023
8.465284
10.18546
15.12761
14.08388
13.21476
15.20912
15.88864
14.19968
14.76761
13.76655
15.49556
13.60825
12.27476
11.77078
10.53186
12.4658
14.4935
13.66073
16.14002
16.05974
13.11673
13.68751
13.57808
12.74012
11.58198
11.84668
10.49989
13.39215
15.83759
16.73214
16.5656
11.38841
11.93564
15.80719
14.00242
11.05092
11.09762
11.69226
10.41962
11.96883
12.29579
12.88798
12.25785
11.99733
12.2918
11.45929
13.21535
13.25331
12.68672
11.30062
9.686013
7.902312
8.261145
9.690513
9.966836
9.287393
8.687545
7.049487
6.556044
7.922341
8.525499
7.063711
6.426632
6.880043
6.807898
6.448258
6.239473
6.814838
6.911746
7.55775
7.765899
7.762427
7.278295
6.877568
8.084597
7.846139
8.259557
6.548111
5.140291
5.026111
5.362452
4.480617
4.842837
4.619383
4.951532
4.940323
5.157497
6.419036
7.386634
8.769396
8.079949
10.20498
10.60452
11.33234
11.27023
10.81138
10.43718
9.325084
8.507922
8.467812
10.32629
11.11581
9.354826
8.226239
7.44618
7.085648
7.075515
6.572086
7.20496
7.467936
8.072076
8.399692
9.251927
10.17216
9.573149
9.068273
9.627741
11.10452
10.35228
8.721327
9.782253
8.852607
9.357915
11.09772
10.26957
9.458431
9.754287
8.160201
8.477319
7.988141
7.189115
6.579133
7.498962
7.963746
7.628581
8.017275
7.711866
8.737576
8.61655
9.567194
11.33849
12.5588
12.00968
10.73441
13.26825
13.26114
12.61716
13.49178
13.08628
18.27292
20.64359
17.34901
19.90158
20.78105
17.39905
20.0771
18.31958
16.81658
17.23642
15.32304
17.18083
16.82475
16.19264
18.08883
21.90501
18.20572
16.07078
15.12846
15.44148
15.70741
18.63315
16.55685
17.25436
18.19916
21.09418
21.2278
21.48263
22.883
19.12915
24.01558
24.24466
22.16058
22.42489
19.89636
19.4378
19.20565
20.89217
22.53041
24.18045
23.81625
21.54086
17.45931
20.99445
25.88056
21.21837
22.5958
21.76689
20.69681
18.40171
16.7199
14.85547
13.34964
13.50484
12.52338
9.371884
8.11889
7.436623
8.484076
8.084511
8.197075
7.820389
9.217357
7.991477
7.158808
8.290306
9.219726
9.546316
8.610227
6.956102
8.037612
6.999345
6.411513
7.421366
7.063361
6.916211
6.831857
7.590928
8.781531
8.517749
7.668788
9.199934
10.25296
10.60009
11.41867
12.312
12.85428
10.81354
9.694933
13.40765
12.52922
10.06845
9.587267
11.75048
14.49685
14.29663
13.92338
11.68025
11.05713
9.781835
10.83488
12.34697
13.26465
11.32473
11.4225
11.01929
13.2593
12.05127
11.87453
12.6107
13.49683
16.41107
16.1932
14.23861
14.98417
17.07862
14.59606
14.97737
17.83647
19.11027
18.02647
16.22959
16.71206
15.25096
16.18782
15.44781
17.86347
17.76397
15.86715
14.27757
13.22648
11.55529
9.825612
8.157716
8.640013
9.307289
9.211116
9.27589
8.587815
9.180278
8.87305
7.438156
7.552385
6.312459
6.75883
7.001484
8.185684
8.348261
7.464659
7.530999
7.915716
8.537295
9.17746
9.128197
8.829355
8.204842
8.727748
9.028389
7.956738
8.881367
7.571317
7.436344
9.366864
9.351965
9.23382
8.971615
9.565272
10.81786
11.52
11.37722
11.352
11.91842
11.8767
13.39595
15.10701
16.75679
19.12491
19.60591
18.63917
18.87695
14.25914
17.01753
16.72061
15.75537
15.42155
12.70675
14.08385
12.27762
11.17685
11.00993
11.2996
9.259893
9.231491
10.01035
9.595143
8.802199
8.402151
8.340994
9.538157
9.513606
10.33579
9.982108
11.08668
12.73277
12.8028
12.61858
11.00956
11.51381
13.41494
10.81625
9.812929
9.969192
11.1733
13.01571
11.00603
9.710036
10.56224
10.10349
9.86387
8.696857
9.65623
9.356956
9.735772
8.785067
8.340942
8.669955
8.886046
7.895349
9.083524
9.48472
8.216693
8.08847
8.450965
9.240617
9.01957
9.453956
9.176173
9.160591
9.58604
8.729131
10.02134
10.66356
9.971224
9.898497
11.19401
11.02026
10.26274
9.189146
8.780664
8.779357
8.489659
7.76157
8.151526
7.448779
8.355825
7.873452
6.929457
6.664698
5.667257
6.462277
5.748084
5.847481
5.229186
4.58744
4.952075
5.651085
6.259507
6.765745
8.020483
8.219787
8.241454
7.284406
7.47612
7.869642
6.91447
8.668005
7.49063
5.839731
6.534416
6.457045
6.901828
8.437719
7.904261
8.853228
9.907202
8.934904
7.545544
8.893615
10.14346
10.7809
10.23396
9.686436
12.16906
11.93164
12.51411
9.156247
8.988596
7.161911
7.341812
6.661656
6.39152
6.334321
5.692615
5.737431
6.233385
8.034427
7.704483
8.104084
8.93957
8.867305
7.808824
8.276047
7.888645
7.63632
8.275903
8.607695
9.10521
7.944521
7.033222
6.852569
5.879662
7.06057
6.816762
7.914637
7.076202
7.536541
8.483602
8.168464
6.799526
5.872827
6.407511
6.974961
6.468343
6.333987
6.981961
7.149849
9.442876
8.275886
8.175982
7.819487
7.540257
5.948716
6.720042
5.516754
5.359098
5.004584
4.465252
4.87922
6.020187
6.532193
6.265342
6.765438
7.130572
6.894811
6.997927
6.170028
5.20374
6.140784
7.127966
8.226798
8.636703
10.00295
10.14684
8.865611
8.252097
9.201642
9.498078
10.2661
10.95217
12.13197
10.8894
13.46516
11.96867
11.31241
12.29712
12.16729
12.1427
15.45149
16.35038
17.43846
14.92066
13.75094
14.05819
11.15984
10.61098
11.0086
11.23022
12.91263
12.83183
12.4502
11.54488
13.63092
13.43804
15.89943
14.67887
12.50226
13.53106
13.66731
16.0306
17.80655
17.47262
19.60024
16.54983
16.82126
17.26804
16.43145
19.34397
17.3369
20.29331
21.33007
22.38746
18.92801
18.53034
21.89163
22.54663
22.2561
23.39385
25.67321
19.60773
18.62832
19.69767
23.14396
21.22976
21.30419
19.84501
23.29188
25.08047
22.23774
18.82939
12.08639
10.10804
11.43988
13.08037
11.63759
11.34383
11.41136
11.50142
12.256
11.78894
13.70648
14.24635
13.69267
15.38967
16.78273
16.13436
13.15027
11.5431
11.06382
13.08085
16.26113
19.33373
21.44421
21.19438
20.69453
18.47671
17.04782
12.91634
12.98155
12.72536
12.17625
11.71894
9.988289
11.14436
11.16422
11.49562
11.37117
10.81354
11.68593
10.53484
11.69655
11.54445
11.83611
13.32206
11.47112
12.79244
10.62213
10.60567
12.25628
14.42033
14.18142
13.53509
13.14005
14.17481
15.57151
14.3057
15.61728
17.28587
19.73161
21.7628
17.77618
16.74338
16.7773
18.8833
16.89414
16.69848
16.43474
13.44797
12.92819
12.03892
13.64191
10.29452
8.206168
7.447468
6.969233
6.235427
6.515655
7.448861
8.102227
7.919305
8.464518
10.20675
10.15854
11.55465
11.31468
10.61314
11.13845
12.0587
12.44604
14.13986
14.27384
13.00286
12.32186
12.9929
15.88583
16.26098
18.33359
14.26657
14.14232
15.96054
13.24851
14.56431
13.99702
13.12706
16.59511
18.82475
14.6852
16.79255
18.52894
16.85809
17.22276
13.99259
12.24248
12.9928
12.24408
11.07325
11.1039
12.3849
10.47381
11.20287
11.05223
9.847169
9.675665
11.48985
10.43996
10.10733
6.505349
6.486761
8.444991
7.608803
7.094196
6.9383
7.494185
9.348666
9.254853
9.562775
11.6451
12.36763
12.36991
12.58565
14.00021
13.69505
15.94525
17.7856
14.83987
14.51053
13.7798
13.58156
15.84794
14.35301
12.90698
11.00029
10.18854
10.61097
10.45216
11.09952
10.4012
11.26147
11.5439
11.31906
10.72176
11.12092
11.24827
11.19977
9.219076
9.062927
9.669948
10.48467
7.561235
7.111337
6.433971
7.472826
7.379406
8.713483
8.071312
7.923816
7.543017
8.848125
7.343094
6.873061
7.225861
6.577168
6.103217
5.972783
7.120474
7.660234
8.06077
8.166889
9.209261
11.31939
10.04376
9.663778
9.345365
10.35105
8.309256
9.102371
9.322819
8.680259
8.834897
10.5733
11.90188
10.28401
9.634001
9.603725
8.602555
8.786709
9.104744
10.16418
12.54852
13.86248
16.27273
16.02609
17.9809
14.7565
13.93886
15.09998
13.30534
13.01087
11.73061
10.75175
9.425871
6.588448
6.562429
6.980395
8.144876
8.141495
8.099317
8.475399
8.605775
8.684772
9.659047
9.514221
11.35118
10.73506
8.820887
9.278862
8.37703
7.3564
7.147084
7.817323
8.320601
7.89416
9.307108
7.765882
7.624592
8.08725
7.635693
7.728249
8.4283
7.146616
7.985017
8.145826
10.64278
11.23642
11.67663
10.93457
10.30976
11.72956
9.896741
10.04587
10.63071
9.210645
8.555896
8.227521
8.444535
8.859018
10.38575
12.63653
11.50523
11.22434
12.61854
11.77462
10.98643
10.62733
9.339555
9.623803
9.380842
9.92039
8.843578
9.176489
8.043826
8.350079
9.132906
12.31756
12.61322
12.4831
12.62372
14.82154
13.43539
16.71679
14.20254
14.20283
14.69308
13.00411
15.7765
14.82235
13.06697
12.23298
11.602
10.75233
10.35028
10.10939
9.069246
9.521792
9.589498
9.874723
9.526465
10.8516
10.00501
9.869199
11.51378
11.43946
15.41367
13.89553
11.15967
9.804219
9.668898
9.921626
12.1082
12.08548
11.71144
11.56517
10.72136
13.29056
12.87337
13.39104
14.50844
14.64089
14.88788
14.45092
14.4822
12.95527
16.16199
15.49385
15.15403
15.19731
14.08375
12.19142
11.56565
12.44369
11.5406
9.644246
9.902734
10.79071
10.17053
10.41792
10.3077
9.801118
10.57193
11.97257
10.73233
13.99486
15.39695
17.97588
16.65712
17.9771
15.07001
16.32603
19.60566
20.28991
22.74839
20.93178
19.88712
16.10998
16.21981
16.25669
17.00949
18.53342
20.02249
19.35284
18.82349
18.92618
20.24625
20.17519
18.00554
16.61613
19.19247
18.40017
17.95736
19.75655
