59.04012
59.6254
59.81803
60.26985
60.52875
59.28623
59.68314
59.91331
60.66773
60.66031
60.44019
59.85985
59.70218
60.63742
61.15819
61.22595
62.14052
61.85132
62.2764
63.5252
62.27225
61.99492
62.54522
61.7239
61.52023
61.19119
60.39567
61.14795
61.96148
62.41586
63.55561
63.59662
63.84412
64.65392
64.76721
64.59426
63.58591
63.46274
63.016
64.5398
65.09325
65.97713
66.80161
66.11191
65.80066
66.06779
65.89644
65.89419
65.22031
65.04022
65.47149
67.61792
67.63201
67.31079
67.37772
67.41182
67.09528
67.04074
67.30468
66.14118
67.60224
67.02081
67.23354
68.08587
68.99192
69.41807
70.2241
70.32524
69.44821
70.10951
70.27489
69.92578
70.40954
70.33852
69.1353
68.11
68.32162
69.49043
69.04184
68.66068
69.10461
68.58264
68.67342
67.94979
67.60248
67.38754
68.02728
68.5842
67.83371
67.74927
67.52377
68.16567
67.31836
67.89582
67.79996
66.6607
66.97105
67.06703
67.84189
67.94514
67.51652
67.47683
65.9056
65.38832
65.01088
64.60032
64.30606
64.70358
64.6913
63.76426
65.07543
64.78248
64.35365
63.74587
62.81307
63.48064
63.00548
62.78713
62.9951
63.91754
63.32858
62.8456
61.43846
61.14737
60.93702
60.93204
60.70824
59.16355
59.28048
59.53666
59.80871
60.24573
61.3313
61.5512
61.63087
60.9664
61.33423
61.15496
61.26468
60.40015
60.36696
60.28319
60.86326
60.09347
59.41299
58.72972
58.24366
57.44822
58.29229
58.51819
58.20446
58.4713
58.65719
57.96957
57.41424
56.11704
56.78298
56.8131
57.30185
56.54117
56.66935
57.2321
58.0274
57.32872
56.9904
56.28432
57.09599
55.73434
55.32658
55.40938
56.02683
56.69545
56.01835
54.78289
54.93222
55.26132
55.01976
54.81154
53.7566
52.93833
52.6641
53.64091
54.62144
55.59922
55.1535
55.59635
54.89633
54.57961
54.5846
55.1401
55.19665
56.79468
57.76038
58.11255
58.11925
58.78383
59.07086
58.89968
57.83361
59.89848
60.24691
60.06639
59.8586
59.68903
60.20467
60.40668
60.72553
60.5729
60.05714
60.62912
59.09447
58.73223
59.25693
58.6313
59.03782
58.44509
58.17704
58.20774
58.92541
58.74531
59.246
60.74559
61.42019
60.185
61.04013
61.57258
62.84824
63.35938
62.87578
64.22931
65.26622
64.48825
65.55525
66.54983
65.18706
66.16472
65.73449
64.82136
65.12125
65.15222
64.65677
64.99349
63.77976
63.2921
63.19158
63.96869
64.44994
65.05189
63.6722
63.82615
63.12905
63.50789
63.14583
62.6476
63.19782
62.99457
63.13011
64.10013
63.82329
63.58339
62.94448
62.29412
61.73673
63.33609
62.80741
62.98267
62.96916
60.97686
60.89473
62.18748
62.12802
61.83001
63.08297
62.24463
61.24979
61.14969
61.39312
60.93058
61.03889
61.08003
61.50577
61.86812
61.84425
62.42809
60.99866
60.74838
61.73656
61.93993
62.78445
62.12598
62.20418
61.77683
61.09048
61.35991
60.86949
61.43046
61.25748
61.02662
59.68219
59.21649
58.68945
60.69507
61.06844
58.46923
58.68713
59.10376
57.81599
58.87568
59.4648
60.27689
60.61294
59.29618
60.67987
61.41971
61.18794
61.00564
61.5645
60.36985
59.91245
60.28573
60.3037
59.54668
59.27291
59.66646
59.55841
60.47179
60.74932
60.28052
60.27647
58.91521
57.81505
57.53709
57.32095
57.53794
58.54938
57.89833
58.33272
57.84573
57.53364
57.94548
57.50823
58.52477
59.28175
59.92777
59.73064
60.21238
60.87362
61.21989
61.25419
61.50877
62.42882
61.8936
62.6192
63.47273
63.63285
64.2845
64.22323
63.129
62.45208
61.31886
62.53223
63.07997
63.92558
64.56501
64.1923
62.44132
62.09034
63.73095
64.34079
64.53842
64.23331
63.74663
63.30607
64.41018
63.58636
62.53177
63.19008
62.5901
62.06637
62.07494
61.39345
61.13461
61.41599
60.9128
59.62667
61.18994
60.93416
60.66417
59.91467
59.25298
60.08732
60.19092
60.63331
60.87064
61.30446
61.58756
62.83057
62.00071
61.71922
61.62419
61.53979
61.09478
59.69376
60.28882
59.04884
58.10617
57.57848
58.62062
59.96619
60.60423
59.84377
59.63899
58.97125
60.82239
61.98735
62.69593
62.93284
62.22499
61.76403
61.24108
62.45784
63.16197
61.67393
61.80149
60.77931
60.7668
60.63327
60.42856
59.73296
60.02203
61.28044
62.06954
60.86722
60.68233
60.00773
59.31514
59.55735
58.78054
59.07846
57.99057
58.23638
57.10559
58.54977
59.3451
60.27248
59.43354
59.62094
60.9428
60.57394
60.33267
60.1193
60.25715
59.62935
60.42937
60.01436
59.55769
60.44422
59.95749
61.86863
62.25041
62.43519
60.85384
61.38763
59.50365
60.2996
59.97989
60.65751
61.74291
61.34964
62.32884
63.55188
62.9728
62.20158
62.54839
63.64933
63.83064
64.88472
64.78118
64.05477
64.2088
64.86278
64.2867
64.59118
64.48189
65.08168
65.3195
64.17516
64.40454
64.01566
64.53302
65.29037
63.73611
63.63486
63.44244
63.49136
63.9437
63.06635
62.09528
61.1073
60.37903
61.47751
62.66402
61.72518
61.22043
62.31926
63.5443
65.01105
64.68962
64.88461
64.12793
64.13384
64.67693
65.84957
66.50371
65.83124
65.74702
66.11338
65.30035
65.53832
65.38584
64.72403
64.70542
65.4293
64.44641
63.67744
62.30612
61.73851
61.35784
60.83528
61.18532
60.85544
61.18507
60.37374
59.3938
60.50618
60.09393
60.48635
60.6358
61.47973
62.67034
63.40755
63.94012
65.26942
66.10978
66.49185
64.11585
63.8276
64.15182
64.79725
64.25974
63.86735
64.26122
64.45344
66.36054
66.6044
66.91583
65.76407
65.12301
65.01195
65.26382
64.98477
65.87314
65.86104
65.16661
63.98864
62.97397
62.24228
62.73826
62.19358
61.65102
60.07996
59.77401
61.34539
61.62452
61.41398
61.56625
62.02462
60.76989
59.77495
59.29639
60.12607
60.77981
60.8004
60.26119
60.47191
61.02445
62.73783
63.30188
62.91431
63.43228
63.25572
62.68536
63.84696
63.99041
62.54955
62.70344
62.20319
62.46052
62.15241
61.46995
61.37692
60.76861
61.87248
63.97832
64.56548
63.776
63.69681
63.38267
63.01356
63.57168
62.64639
63.1818
62.37583
61.40777
59.92428
60.16806
60.24573
60.26427
59.33955
58.04247
58.34597
57.83789
58.92373
57.78462
57.04156
57.4477
57.08225
56.83364
57.22568
57.6497
56.63942
57.9774
57.85438
59.28954
60.05088
59.25479
59.31403
60.76423
61.03037
60.88844
61.0899
60.76559
60.43226
59.99151
59.45395
60.58369
60.26335
59.60496
59.09412
59.61998
60.03243
60.30694
60.44135
60.73062
60.77792
62.5631
62.60855
63.355
63.54049
63.13538
63.0139
63.39108
62.99966
63.47303
63.24538
64.2931
65.54835
64.78946
64.72161
65.71317
65.55509
64.97276
65.48672
65.4663
65.05618
65.97959
67.317
66.61635
65.27789
63.86189
63.22827
61.38954
60.45317
59.36787
58.2827
58.89319
58.56659
57.60827
57.68901
57.6819
57.55592
59.25459
59.17855
58.81602
58.50006
58.48536
57.83968
57.90413
58.75238
58.76276
58.21899
57.8519
57.81211
57.94509
57.75194
56.94378
56.21081
56.42079
55.36205
55.12777
54.77192
54.42327
54.5896
53.57132
53.61981
54.24588
54.54429
55.0119
53.84946
53.7004
52.84623
53.5031
53.06793
53.82537
53.83085
53.72916
52.99498
53.79637
55.35744
55.52516
55.75627
55.49323
55.50223
56.74239
55.7147
56.61968
57.62612
57.18887
57.90755
57.64892
57.01178
57.08991
56.93987
55.49276
54.43032
53.75671
53.9758
52.77126
52.65999
51.84604
52.06494
52.48613
53.6488
53.72614
54.1707
55.71426
55.51241
57.00722
56.61388
56.51804
55.96317
55.99102
56.17583
56.91329
57.33949
57.72477
56.64407
57.82251
57.0978
56.50831
57.9414
57.42502
57.27416
56.3872
56.45799
55.97818
56.00803
55.15784
55.52609
55.2886
55.40063
54.73599
55.1163
55.78708
56.51521
56.10606
55.9645
57.04021
57.1648
56.06561
56.51401
56.24332
55.3545
54.51702
54.53265
55.43489
55.37124
55.13753
56.25697
55.10502
55.15676
55.23016
55.96523
57.24412
56.79804
57.19122
57.48507
58.34143
57.65871
57.73693
58.88976
59.81628
59.51178
60.73276
62.82553
64.0032
64.36921
64.06864
64.63087
63.53331
64.49215
62.46279
61.93175
62.33821
63.71794
62.55619
63.2655
63.78958
63.55955
61.85284
62.65131
63.00585
62.97014
61.58108
61.8406
63.40402
62.63354
62.71871
63.0586
63.15065
62.96862
63.52794
64.68607
65.61838
65.97968
66.49217
66.43301
67.75209
67.80993
68.82586
69.01549
67.54898
67.15517
66.29335
67.53593
67.76249
66.99409
67.30406
66.55155
67.43415
67.28061
66.60722
66.7674
66.19731
65.22377
65.72908
65.01552
66.78622
66.96462
67.88224
67.36076
67.31533
68.06783
68.08132
68.35571
67.68515
66.12848
64.59263
63.92073
63.39758
63.45433
63.14939
62.18363
61.98311
62.59329
62.67763
62.60585
63.6745
61.40965
61.37464
61.71739
61.29187
61.46915
61.98445
62.05599
61.53684
62.21595
63.02118
62.87694
62.92315
61.04249
61.82254
60.66004
60.4524
62.35495
63.20137
64.12185
62.74402
62.31754
62.96142
62.64045
63.76192
63.12478
62.27488
62.27074
61.59792
62.11848
61.55382
60.95701
60.8635
60.4517
61.48975
60.65409
60.94145
60.72882
61.27539
61.16949
59.46386
59.09559
57.49309
59.44123
58.94839
59.70157
59.72498
59.09349
60.81007
60.91239
61.09112
62.0632
62.37999
61.37954
60.9311
61.52152
62.68241
63.31657
62.1729
62.61675
63.4308
64.68606
65.11385
66.13617
67.6261
68.71932
68.41743
68.14629
67.66488
68.24111
67.95598
67.28641
67.87489
68.52925
68.31867
68.77966
68.11567
68.28464
68.16471
66.83976
66.64304
65.9576
66.8988
67.04977
67.44734
67.52305
68.26545
67.93017
66.33156
67.55705
67.63971
67.03001
67.34374
69.355
68.55213
68.78308
68.29282
68.48014
70.24558
70.08937
70.73043
71.6797
73.28461
74.00646
74.39971
74.22413
74.21702
72.18125
73.40783
73.84035
74.06554
74.10733
74.21773
74.82068
74.32085
75.191
75.3315
75.55275
75.15792
75.31606
77.05635
77.27967
76.51909
76.42095
77.73031
76.63435
77.24107
77.27704
75.76515
75.63282
75.17019
74.46472
72.94593
72.46419
72.3494
70.98451
69.99196
70.00934
68.73395
67.54695
67.40227
67.6414
67.27119
67.53462
66.81955
66.39555
66.21386
65.54265
65.13145
64.94489
63.89206
64.41777
64.65823
65.1398
65.03613
65.94114
64.17158
64.46059
63.57919
62.99829
63.39396
63.98417
63.52783
65.28315
64.06458
62.71176
62.26386
62.69912
63.07818
62.39591
61.39747
61.6691
61.77061
60.85028
61.4344
60.85352
59.90161
58.77046
58.36753
57.39728
56.88025
56.15005
55.8103
55.30369
55.26719
55.86835
56.0302
56.15487
54.6015
54.66634
53.5324
54.28418
52.90827
51.14317
51.47948
51.90686
51.73554
52.11048
51.7012
52.64954
53.34127
53.03752
53.90981
55.11672
55.70786
54.84836
54.45648
55.1516
56.94886
56.85167
58.03107
57.95219
57.69857
58.18394
58.15108
58.99884
59.09026
60.78563
60.79202
60.45228
59.78033
60.2981
61.26008
61.53516
61.14659
59.33407
60.14797
58.99918
59.22746
59.91277
60.38538
60.3186
61.35821
61.19126
61.83423
60.55581
59.95673
59.35484
59.0018
60.29889
60.83124
59.98009
60.12283
59.89933
60.53695
61.77024
60.76774
58.79627
58.99904
59.05498
59.52601
58.46572
57.25575
58.25048
58.25028
58.88037
59.79516
60.37386
60.73604
60.50264
59.47737
58.56911
58.62557
58.81316
58.38666
58.80346
58.98381
59.91078
61.20783
60.54823
59.96817
59.7545
59.23147
59.50605
58.53967
58.30455
59.27792
60.55506
61.15665
61.1454
60.93126
60.39432
61.40576
61.57926
61.40698
60.92282
60.10322
61.42798
61.29584
62.23238
63.18812
63.40476
64.52932
66.13667
66.35146
67.26633
66.29364
67.2152
66.86915
67.18927
66.1058
65.88835
65.31734
65.7798
64.83798
64.75858
64.69251
65.23134
65.84844
65.7897
67.05448
67.3355
66.68394
65.67631
64.69049
64.63575
64.32349
63.34248
63.59156
63.36856
63.34679
63.38237
63.52769
64.31289
64.00556
64.55551
62.47783
62.71463
62.82472
63.2036
61.919
60.65331
59.53554
60.1632
60.06981
60.51518
61.55366
61.92239
60.67808
61.15554
61.15881
62.1254
61.65702
62.4203
62.7886
61.53478
61.65619
60.43546
60.95162
61.43593
61.45127
61.23781
60.33832
61.36507
61.87458
62.03615
61.47594
60.39399
59.05736
58.45094
58.26355
58.05981
56.96794
56.05202
56.34131
56.48422
57.62513
58.98053
58.9221
59.41424
58.83014
60.13732
59.73939
59.65377
59.34073
60.06087
60.22002
61.90358
62.02069
63.31195
62.79183
62.16892
63.33031
63.57864
64.92228
65.7782
66.21472
66.14066
65.19309
64.74061
63.76901
63.55507
64.88193
64.99096
64.2204
65.17921
65.42542
66.24217
66.15447
65.38742
66.1022
66.37331
67.10662
66.20214
68.04761
67.67263
67.42161
67.21641
67.32672
67.07859
67.63887
66.738
66.59761
66.40022
67.22023
68.14761
68.27657
68.27558
67.56594
67.45329
66.15552
66.73338
66.24366
66.13083
65.32343
65.34048
64.14828
65.46386
64.72659
65.083
64.66384
64.02785
63.96874
63.98043
63.84808
64.22219
64.73328
65.63151
64.32738
64.79978
64.89937
65.00532
64.94276
63.32806
63.79847
63.79941
63.60269
63.14172
62.72362
62.14567
61.84203
61.69389
62.86127
61.72539
61.02902
59.41249
60.59657
61.27917
62.669
62.30841
62.36807
63.55075
64.23374
64.57921
65.56843
64.68935
63.92384
62.47399
62.69784
62.79269
63.05652
63.34375
62.34016
61.86087
61.66106
61.29472
62.61853
62.54896
62.3872
60.78483
61.27292
60.65493
60.89114
60.64586
61.73217
60.54839
61.83618
62.77785
62.53167
62.48729
64.68545
65.50531
63.67881
63.61775
64.05027
63.63844
63.75919
64.2726
65.69117
63.83581
63.70262
62.78652
63.20461
63.47765
63.50217
62.20915
62.71176
62.99137
62.35271
61.75977
61.35941
62.6739
63.88725
62.86213
62.34903
61.33351
59.50618
59.88613
59.92965
60.49422
59.4963
57.77543
59.00561
58.92139
59.2583
58.83986
58.28451
58.23667
58.64224
58.21762
58.24191
57.54477
57.07199
57.21638
57.76084
56.97075
57.20291
57.32845
57.5133
58.61191
57.49001
57.14728
57.35865
56.30626
57.11653
56.1583
56.49801
56.37722
55.90852
56.70573
56.36608
57.04444
56.94163
56.71179
56.42679
55.69089
54.7655
54.93414
55.74903
55.11082
54.92344
54.19713
53.95415
55.40108
55.14028
56.4122
56.74901
55.55739
55.8433
54.60632
54.46704
55.23274
54.79972
56.01836
54.83233
54.06435
54.74963
55.37686
55.77633
54.86094
55.1227
53.913
53.06837
53.65429
54.60103
55.28315
55.01436
54.95749
53.79069
53.83748
53.64875
53.93266
54.22631
55.24631
55.22984
55.86306
57.01891
57.4375
59.77755
59.5062
58.58468
58.13547
56.5264
56.16934
56.08446
55.71763
55.84583
55.05419
56.43562
56.70363
56.41269
57.67573
58.58871
59.9605
60.62368
62.1461
62.20501
62.0994
62.25503
61.61401
61.64096
62.75415
62.87807
64.16329
63.4697
63.55902
63.45524
63.87173
64.64318
64.22097
64.69911
63.89407
62.67709
62.2556
62.30355
60.57023
60.05272
59.90903
60.33753
60.44538
60.69916
60.31672
60.16915
60.74287
60.34879
59.0298
58.73054
59.20014
58.42127
58.58113
59.06929
58.77168
59.26873
59.87097
60.79061
60.82345
61.0043
60.55084
60.54996
60.28937
60.02473
58.84726
57.38382
57.83773
57.86955
57.17151
56.94258
56.81055
56.27194
56.58471
56.33432
56.82553
57.69306
59.02241
58.40179
58.02309
58.33237
59.46205
59.09801
59.51237
58.10422
57.42221
58.04476
57.07913
57.46471
57.09761
57.18564
56.69621
58.13658
57.75268
57.90949
57.54189
56.27619
57.55968
57.15777
56.90838
56.63982
58.18025
57.67082
57.58053
56.71794
57.34793
56.38643
57.49791
58.52993
59.21288
60.1335
59.65473
59.53332
59.527
58.8733
59.46855
59.63263
60.26026
60.39018
58.84419
60.01039
60.47755
60.78153
61.23527
62.31406
61.83918
61.5392
61.83941
61.3532
61.79902
61.36214
61.6493
62.02363
61.15705
60.71105
60.63012
60.56455
59.83487
60.54657
61.19155
60.29413
59.06901
59.65652
59.58253
60.61373
60.63259
61.53985
63.06184
64.24136
64.45207
63.49609
63.33068
64.87159
64.86038
63.74403
63.26365
62.56126
61.89808
61.21877
62.21866
63.86873
62.7426
62.25808
61.88581
61.02802
61.80929
62.883
62.22689
62.68242
62.40603
62.14656
62.96243
61.96141
63.04224
62.97997
63.81134
63.8603
64.73133
65.02251
63.3774
63.49115
64.12212
63.79225
