32.84072
34.97383
35.42909
33.78998
34.05634
34.48429
36.66838
38.27219
40.45919
40.61211
42.09439
42.65526
40.84897
41.56045
41.53318
40.89482
41.92967
43.26052
44.35527
45.85903
45.88977
46.72182
46.01525
48.70323
45.88152
46.78939
44.96073
45.94668
46.86214
47.56797
46.8448
47.79609
46.47619
47.17795
46.76761
49.94361
51.27697
49.6205
47.28245
47.90927
50.14689
49.16375
51.58492
51.85676
51.47843
51.89112
53.07417
50.98646
50.28935
50.62082
51.75191
54.03171
52.56615
51.22624
52.08428
53.86782
53.65908
53.85736
54.77684
56.10109
54.82199
55.45041
53.53076
54.51872
55.22798
55.93645
55.35847
54.7661
56.46214
57.39819
59.31135
59.86005
59.81647
58.52936
59.71868
62.4805
61.4514
65.67876
65.81894
71.11092
72.11537
72.07812
73.50232
74.97065
76.58816
77.67871
82.779
81.44879
79.98909
77.27371
75.72522
77.7788
75.25503
76.87734
78.94641
82.20891
83.18863
85.01323
83.74576
80.46413
76.78524
79.14081
79.19121
81.43898
82.99183
84.40901
83.23279
83.64543
84.20193
88.03667
91.91835
90.83007
92.18951
94.82335
92.71159
98.92275
103.1198
104.4781
108.3355
113.6774
115.0486
116.9035
117.1791
116.7739
119.5933
120.1373
120.2316
126.0905
126.8776
122.8169
117.6571
116.6492
114.3683
117.0151
115.1029
114.4364
116.5135
116.3317
113.7713
114.2644
117.2035
120.8621
129.8926
138.3892
137.1198
129.4041
135.3335
134.9957
126.8028
127.1864
134.9586
135.0831
141.9836
143.4379
139.6443
145.8347
152.3251
149.857
156.5803
152.5966
148.8376
151.5154
150.3389
159.3073
158.7776
155.8655
150.3686
157.3319
159.519
158.0561
158.4134
163.2741
162.0402
164.4403
168.9052
161.8418
158.224
159.8916
167.2096
167.9995
164.8741
158.0383
157.6996
154.2005
145.0692
137.4403
137.7125
133.4954
132.5816
130.7926
123.2138
126.5882
125.1541
127.1653
130.4435
132.2304
133.3061
133.1792
134.7602
131.3779
132.1541
130.6824
132.2842
131.6077
136.3121
133.6086
136.9785
131.8079
132.9121
132.4485
135.0724
132.4544
135.3395
138.4798
134.899
137.8296
134.809
133.8843
133.1173
133.505
138.1912
141.0392
137.7065
132.286
134.4432
134.9342
134.2965
135.0326
139.5401
136.2779
133.7863
131.6803
132.7553
130.0867
131.0163
133.6421
128.6601
127.6939
132.4993
127.3741
130.1783
132.036
128.044
128.0836
129.7056
129.2871
136.0066
132.5656
128.113
128.6601
135.157
132.659
129.777
129.7573
125.347
117.3595
125.2134
122.8934
122.9264
123.2266
123.8623
123.6152
122.9595
125.0973
124.1551
121.4592
120.9155
115.9585
117.1659
113.0037
112.4409
116.1218
111.9185
110.2412
106.9604
114.4558
117.9005
121.1201
118.4579
117.1023
114.1859
119.4026
120.5173
121.2318
117.8946
116.8932
112.7117
111.7184
108.5047
113.0526
108.6896
107.5683
113.292
111.9482
115.5791
116.264
118.8187
121.5211
123.1249
123.6353
121.7969
128.8132
130.3742
137.0475
132.1931
136.8755
136.4865
140.9534
140.5072
137.5842
140.56
141.1826
146.8256
142.2629
145.3852
147.1085
147.6327
150.7429
147.2498
153.3307
153.0137
153.7965
153.6792
154.2162
155.1977
156.1473
148.6177
149.0023
147.357
147.8413
148.694
150.7545
148.6489
146.3056
145.9691
137.6731
140.1076
140.8088
144.1364
147.1774
148.9378
142.4085
143.2425
143.935
144.47
140.7474
149.3949
149.7799
151.2848
152.5885
153.2815
156.3308
158.9451
158.0558
154.4897
147.9685
146.6058
152.1313
156.1001
159.423
167.3014
161.9911
160.2521
157.0301
152.9073
151.0975
152.1271
149.5322
152.4227
155.3914
159.1649
153.5542
158.2938
162.9564
166.504
165.6279
165.3167
167.7551
162.6783
160.664
163.6449
161.5484
160.8374
157.9881
156.9253
157.4701
157.1601
156.71
159.1498
152.1731
156.5242
148.9795
150.8967
151.6995
147.6901
145.7537
138.273
146.6594
141.8888
145.6833
142.0377
139.0966
139.7892
132.336
131.0665
134.3552
127.3459
122.3485
119.9013
116.1743
110.7892
108.9093
110.4068
114.2727
110.8998
109.4964
105.1809
105.1798
105.8281
109.4691
108.7507
111.2606
110.2996
108.9205
107.6665
103.802
109.1775
111.7516
113.366
109.247
110.1031
112.3488
112.6412
113.8425
111.3212
106.1855
106.6047
106.9817
109.2365
109.619
108.3587
105.0521
107.4984
106.7824
106.132
106.8848
108.5464
99.59458
99.39781
103.3799
103.7237
98.78759
101.0843
103.5152
105.8355
105.1623
106.6889
106.8631
109.075
109.2511
107.0108
106.6711
112.3852
114.2619
112.3219
108.8286
113.371
112.5083
110.381
106.9614
107.2008
106.5618
101.7456
99.47481
103.1638
104.4865
102.7487
104.4853
102.3625
103.3227
103.3189
104.9453
105.7079
106.1701
105.0436
101.9406
98.37558
99.30799
97.80953
95.68646
92.22198
93.88173
97.22551
99.14922
95.06377
91.30017
89.76147
92.60278
94.72415
93.77114
96.47524
95.31926
95.32116
97.65706
96.36886
93.62714
94.77714
95.57457
96.63697
95.24194
95.82237
98.27866
95.73638
97.62353
104.3147
107.0119
107.2564
110.4188
112.3668
114.5847
113.9606
104.6495
108.0083
106.5447
105.6248
107.6087
114.1838
111.7475
110.4958
108.8964
108.1691
110.5663
107.434
104.6169
103.7093
106.2749
105.8666
104.4321
102.7108
106.7004
111.6707
106.9046
110.7005
112.4125
115.6961
112.1154
112.3242
106.3043
104.8566
99.95368
99.54098
99.92488
100.2737
101.8912
98.27688
102.1064
97.98437
98.63309
102.1102
102.1357
99.96551
101.582
107.1954
105.5444
98.59316
97.31346
99.3308
106.4204
107.4741
110.3663
113.149
108.8909
110.4109
109.959
107.0426
104.2277
111.6191
116.9398
118.3408
118.4273
121.7629
123.3293
131.8155
128.8049
122.8163
120.73
124.7433
123.7838
127.7045
127.0535
123.3489
121.8711
119.8469
116.0344
121.0081
120.3329
118.8018
120.1644
118.6671
113.5104
113.62
115.6337
115.7833
111.8957
114.9556
111.2612
112.8214
116.5758
114.9829
111.4355
114.3013
113.7394
115.6725
118.1833
115.9761
113.1286
110.8435
116.3217
119.7783
121.0986
122.8927
122.1336
122.1339
123.0732
118.6498
122.2497
118.7758
119.6941
120.5335
117.0621
118.8969
118.3334
118.762
121.9655
117.4495
119.1071
123.0405
117.3951
121.2339
124.0894
125.4199
133.3055
140.3582
136.3985
134.9616
143.368
144.3266
142.8261
143.9551
136.2947
138.0805
135.0895
139.6648
134.6955
141.169
143.0253
133.905
138.0765
136.9578
131.1479
125.1617
125.8234
121.7601
119.4693
122.131
118.9665
116.0952
119.982
120.0138
118.2006
117.3606
119.0232
113.9944
114.8658
113.7275
113.0905
117.6941
118.4872
113.9076
111.6077
109.9636
107.2627
105.7971
110.0282
104.9528
99.92884
97.40992
98.23635
96.50253
96.7855
95.71149
90.22788
90.44681
90.96694
90.54384
92.01911
95.98609
97.60861
93.6142
87.80609
90.67613
90.61754
92.635
95.80119
94.04631
94.93647
96.30082
96.08154
94.46396
94.87589
93.22816
96.88114
100.0911
94.38539
96.00997
94.85193
94.51898
91.34981
93.20285
93.75809
96.97757
99.56556
99.89515
98.05782
103.2098
100.6524
103.5414
103.826
108.7781
111.5042
108.3601
103.5831
104.9558
99.63743
100.8913
99.25746
96.7414
96.30128
96.34182
100.6774
100.193
97.97256
99.97915
101.7533
102.2907
104.4114
103.6536
99.09166
99.92344
96.71756
94.18458
93.93908
91.51494
91.61643
89.01983
90.61587
92.32921
93.92957
92.36971
88.07685
89.01168
86.9085
84.34197
88.11418
88.85341
88.2595
90.1524
90.04951
91.6054
92.82412
95.43249
94.90608
93.55646
100.4711
103.851
102.8058
105.8018
105.9253
105.0195
101.9858
104.8131
103.1682
97.21337
98.68062
97.51161
97.92332
98.65393
98.77477
98.57131
96.27088
100.0728
100.8457
102.8651
105.375
105.442
102.0599
99.6546
99.64227
104.9672
113.1038
113.1164
116.0611
119.4143
119.551
120.6491
127.4849
126.6859
131.4462
132.8628
133.4985
133.9103
132.2774
133.9073
136.0996
140.687
143.4023
142.4362
142.969
149.6982
146.8562
145.0939
137.894
140.0948
135.5663
139.0388
140.4744
141.4169
141.2018
138.3194
142.1518
142.5923
142.8902
145.7706
143.9647
146.796
147.1857
143.2551
149.3761
151.2426
152.7493
156.3657
161.0075
161.7421
163.2859
167.7095
164.2704
161.9457
165.172
162.1588
159.1519
157.4492
151.3477
150.5923
151.2225
144.3138
140.0121
143.1986
140.5862
140.3282
134.8242
132.0722
129.6327
125.4494
127.6788
123.068
122.028
124.2217
124.7327
124.9697
127.1632
126.6188
119.1238
115.766
116.47
120.204
118.1259
124.1674
126.1613
124.0974
124.6386
125.7513
125.126
125.9102
124.4084
126.9006
124.6623
125.7992
126.575
123.4879
118.6207
117.3556
111.9393
113.4989
115.3439
118.1625
117.1349
115.8676
117.749
117.8637
120.4631
116.2257
117.054
112.8449
109.5035
107.1545
109.2664
107.9617
109.8715
105.9591
107.69
105.1614
102.4135
101.6735
104.0063
110.82
114.9254
112.7144
109.5659
114.5532
116.5166
112.1317
112.2122
112.759
111.8722
111.9091
111.4355
114.4685
110.6026
111.2648
107.943
110.1163
110.4413
109.0362
110.5573
104.7937
100.3643
101.3267
100.9769
102.6634
102.4322
102.743
100.2513
99.18402
102.3661
104.0711
101.5114
105.0293
98.15574
100.5942
97.17894
96.47347
96.13721
96.06249
100.5395
101.9785
97.80254
95.60657
97.49597
93.98949
99.62198
99.18011
99.74611
95.74554
91.22206
91.08944
87.77428
87.60654
87.41492
89.48606
90.69018
91.35447
90.70901
90.19178
87.1141
83.66121
86.26511
87.65251
84.79952
86.46432
87.46158
87.4106
89.10342
85.74153
87.74463
87.54953
89.96373
87.6288
91.59375
93.41849
91.0828
92.04253
96.22681
95.64739
95.48624
89.66186
87.43395
93.00253
94.13193
92.79059
89.66644
88.0258
88.14988
87.00173
87.55948
86.86782
84.03238
84.12018
85.76332
86.08973
83.87003
80.42375
78.98035
80.85976
79.52117
81.41893
80.50577
82.24929
80.44567
81.16663
82.77431
80.06862
80.06136
79.38717
79.90168
79.33761
80.93142
78.74255
78.84263
82.57428
81.82888
85.44609
85.55227
87.92031
88.44605
87.61471
84.79871
88.51428
89.34596
91.9295
91.94294
91.32568
91.19062
89.59744
90.61522
89.76779
88.82161
86.57148
89.73428
89.90392
90.15881
91.98952
97.09058
99.09574
97.07981
97.75008
96.923
94.25585
91.41374
90.71247
90.09551
93.83428
88.46894
88.01311
87.9695
87.61538
86.68224
81.91768
87.46856
87.0816
87.49735
85.4928
82.10416
79.53763
83.40816
83.75181
85.2832
85.32986
84.45973
86.12549
85.27126
85.97425
88.62547
85.73164
87.84862
86.08886
87.31067
88.54941
87.60024
84.6216
88.84333
88.76644
92.49174
93.42402
93.88828
95.53831
96.29756
100.3172
101.0946
103.7468
102.8928
101.5968
103.1296
103.8656
104.73
104.6536
101.1707
105.6848
101.6697
105.8766
105.4723
105.2173
110.1819
109.1894
107.3676
111.6644
108.4346
109.3643
111.7193
110.6124
109.6684
110.0502
103.4733
100.8054
98.6723
98.7879
94.70749
99.16018
99.39805
100.3825
97.30404
100.5075
101.1855
99.43698
103.1312
103.6073
96.85897
94.58562
96.23519
94.53327
94.98101
98.58993
96.94045
99.80562
98.47902
92.57506
91.90276
93.14533
91.16853
91.9862
91.97508
90.20677
92.3627
91.75186
98.77687
97.46166
99.17869
98.5437
101.4809
99.26083
98.65105
98.66587
98.6009
99.48169
93.70454
93.17662
92.7568
87.12945
86.82206
85.19431
89.26274
86.70534
85.64647
85.39186
91.28401
93.66361
96.38027
94.0622
95.82706
94.76078
92.35595
90.802
87.77033
90.41318
92.14739
89.9596
86.40439
87.01956
85.39882
87.0187
85.58559
86.11878
82.77756
82.42719
78.96878
75.23515
78.78096
76.13881
79.23595
75.98837
76.02024
77.58522
78.44303
78.4521
81.54509
81.01141
78.77829
77.62318
77.72237
79.5214
81.09365
80.13163
79.5493
76.46812
76.1691
81.2693
82.61396
82.93299
82.29927
81.26862
81.40471
77.31243
75.88652
75.85356
74.57474
74.32735
72.01587
69.01269
75.60149
75.95354
74.8136
74.44975
76.42265
79.88529
82.27737
80.00143
82.49631
81.02449
83.37272
81.52605
81.09022
79.77799
76.68251
74.70072
76.85737
77.46106
77.77494
78.57896
75.65983
75.36395
75.31551
74.26846
73.17385
70.12508
74.66168
76.6972
74.34589
76.07245
74.31806
76.98828
76.19968
75.73345
72.17365
73.70762
72.3187
71.74038
70.91502
73.82341
75.24576
72.88094
73.51416
75.10278
76.41188
74.54774
72.66457
76.62886
72.19013
70.87011
72.76281
71.03747
69.94524
74.31666
72.68267
67.50811
66.43259
67.3936
69.71035
67.85873
67.49051
65.3635
62.79534
62.87924
63.27746
66.16258
68.62085
66.81154
67.30521
68.5763
69.14981
68.42923
68.56707
68.61433
70.38724
70.3405
70.96885
70.00451
68.83749
72.20473
73.08493
69.89297
73.78299
74.92904
75.47563
74.94018
74.20632
75.47509
76.81509
76.75556
75.87438
76.84333
78.92497
77.20327
74.18361
71.67221
72.03135
73.88556
74.87515
76.72989
75.16829
73.91238
71.08551
74.65455
74.92097
73.81923
75.13511
72.51998
73.40291
75.60733
71.5769
74.8658
74.86595
75.86048
76.36769
76.88387
77.32604
78.88076
79.90129
84.13141
84.88382
85.44332
85.73701
87.77097
88.42959
87.68108
87.92216
86.71101
89.72405
90.01688
88.52303
88.80501
88.59005
92.42413
94.57048
93.42885
90.89255
89.98615
95.3852
92.63018
96.06706
98.35319
99.41382
97.65716
93.86739
96.32146
101.5856
104.2696
101.2395
103.006
102.8975
104.8862
105.9435
112.6436
110.0834
113.8673
112.0528
112.1567
114.4025
112.2385
108.1736
108.6401
107.7561
112.278
114.9494
115.0002
114.0073
117.5669
112.036
108.2377
107.3973
101.8193
100.5409
103.2774
104.7816
102.725
101.0216
97.04527
95.47144
94.58508
92.34805
91.44753
91.83766
88.58102
92.83784
90.07194
93.08758
91.73613
91.89514
92.82482
94.2311
93.84093
95.90887
101.0622
102.1189
95.48839
97.44104
95.43129
94.4524
92.63992
93.29827
94.84007
95.05197
94.88408
96.99521
96.82794
100.8602
102.0888
104.2773
107.4197
108.236
107.6821
106.0791
112.6938
118.9052
120.1667
125.5624
126.9486
129.2367
122.4223
121.6141
117.7715
122.839
125.6438
126.481
124.9568
121.376
121.4296
126.0953
125.3547
122.217
124.4774
122.7733
119.152
116.2117
116.6998
118.6516
121.4851
120.1005
121.1727
126.0649
124.3122
121.6932
118.6948
118.1247
121.6361
122.8035
119.7196
123.5471
125.03
122.1553
124.2527
119.7865
120.233
119.4265
118.0998
117.5748
114.8737
119.9685
116.3886
113.5062
120.2359
128.9319
129.501
136.8796
135.9162
137.6208
134.8781
138.5386
147.0579
143.1486
143.4691
147.581
141.2464
142.3404
146.9812
143.199
139.7671
135.2392
133.8162
131.251
127.9634
127.7615
131.4699
137.3096
134.74
137.4215
142.8723
147.6072
153.7656
153.2108
155.4946
152.3816
150.5714
151.2364
159.5798
156.0474
152.8003
145.6063
145.7565
143.9808
143.3492
135.4238
132.7709
136.9914
133.6924
130.6786
134.4944
131.453
133.587
133.4409
130.6828
128.7612
122.9268
120.0013
115.2441
114.8322
113.4868
117.8652
115.3258
116.475
110.2845
107.3774
107.2825
110.6395
112.6837
117.5504
116.4154
120.3389
118.4562
120.8988
124.8888
131.6238
129.5147
128.6167
131.3684
130.1413
132.8974
135.3446
138.9278
136.8094
138.5685
136.8306
141.0595
143.7236
140.0806
142.4422
145.9165
153.4076
152.1852
150.8006
147.9693
149.4392
147.1821
141.2972
138.2303
134.4642
135.9187
136.2054
139.7833
147.1091
149.924
143.1704
136.0304
132.8224
134.0596
138.616
136.1965
140.7158
140.1629
139.5305
139.2709
135.8059
130.3293
131.7153
138.2537
135.5978
135.8224
132.1475
136.0488
139.8291
139.9348
134.2061
132.8023
141.8244
138.0704
138.438
138.7875
134.4816
134.4928
130.1772
126.5322
121.3971
121.3449
124.2559
126.4877
122.7424
122.35
121.9813
127.3824
127.6446
123.5393
126.2915
126.3345
133.7445
132.6488
129.7863
127.9742
130.2583
129.4138
124.1488
125.8016
125.6153
133.0343
129.064
132.7527
133.0594
137.5504
142.6928
135.8929
134.1481
131.7611
135.7289
134.2189
132.1565
126.4826
120.6451
115.4788
118.4565
121.822
128.4738
130.4225
126.5814
121.0299
118.0768
126.2497
122.2992
126.5801
122.4825
