191.0737
201.7052
219.6897
223.6275
262.6931
217.584
248.1178
215.4919
305.5089
309.6782
457.9875
429.5794
394.372
530.9312
460.6465
379.9
303.5857
284.8433
277.0297
282.8366
253.3694
239.8588
177.2694
171.8156
209.9183
206.924
292.4124
346.8399
322.9397
290.5752
358.768
294.4654
293.0936
300.7783
330.085
340.1779
294.7398
293.2304
295.9147
384.3377
396.8288
345.1869
289.3447
262.9113
228.2748
256.5844
313.3184
218.1756
229.8705
263.5186
277.7429
344.1113
268.8182
368.7191
339.6446
293.8297
291.239
246.0083
371.9238
317.0838
352.3048
242.4629
369.7654
343.3218
409.6559
355.6164
335.1341
380.1202
372.3142
310.0193
290.1376
407.1308
346.864
378.0014
306.6283
248.8739
250.1022
215.0458
198.5434
266.967
316.5414
293.3967
221.3706
292.89
234.007
271.5732
347.1323
321.4857
296.2424
241.3718
288.5992
298.1645
246.4602
228.4156
312.5268
282.7697
322.0063
274.1829
387.3083
367.9551
410.5833
402.24
338.8878
369.0667
319.6217
318.8567
296.5998
300.0432
208.3486
242.2139
261.0016
275.026
276.8531
308.6919
238.0589
311.2589
407.3978
386.2721
270.5596
372.6372
339.4644
334.1655
317.8154
443.3336
356.3002
335.5919
335.697
291.9386
317.3717
324.4378
344.3211
262.1732
286.7388
334.0657
339.7271
440.9495
479.6594
447.4091
388.0732
338.6672
417.336
324.371
230.0462
228.1634
260.1691
245.4924
260.9644
327.5062
293.1387
283.8761
274.1638
304.7417
236.8978
219.0997
276.7089
327.7651
280.1894
290.2008
349.3494
366.8593
362.3005
336.0353
269.2291
365.8228
323.7092
296.6147
337.1884
378.386
314.2374
362.923
397.041
372.891
373.6755
336.21
407.1309
481.1601
490.7627
419.2164
477.3896
335.6236
348.231
330.8661
245.9923
151.7843
200.7269
198.0063
267.3252
267.4812
266.9881
263.5281
244.5683
328.2127
201.8722
243.9596
226.9029
197.2869
185.6084
231.3609
246.164
246.178
260.2847
299.9915
250.548
256.4493
237.19
268.5546
232.8529
226.0527
202.3574
201.4141
231.3953
329.0208
372.3788
395.5541
343.864
426.7844
425.1992
421.4839
332.6251
258.6133
292.0193
212.9067
259.5306
323.9322
281.3002
262.0406
305.2262
288.7313
269.285
222.6264
232.4735
222.1037
228.6661
312.3029
350.1385
324.0657
295.5871
306.3481
327.916
360.1935
335.4806
408.6728
258.2021
238.0502
212.531
304.784
299.0242
305.5874
386.1639
301.4826
258.1803
242.686
208.558
220.748
223.359
203.7741
188.0301
201.018
242.6069
293.9474
253.7851
248.214
251.0949
295.2192
281.1555
306.2755
348.6411
401.5769
260.4924
310.6802
305.6154
271.058
284.403
314.6583
272.4711
294.2982
360.4725
242.5424
328.4679
286.0029
277.488
290.913
286.2811
276.82
299.4904
310.4762
349.0458
384.4367
288.249
288.4798
334.6519
287.3605
288.3548
296.4633
337.1996
399.1127
396.4724
341.057
311.3957
370.2054
305.1836
305.5259
223.6569
284.8687
284.1151
256.3726
262.8203
209.3143
213.7076
271.9832
221.9868
321.8565
252.0435
294.6646
361.053
400.8579
482.1978
442.49
355.868
326.8378
284.0693
284.1344
320.8643
273.2258
402.4792
305.2161
258.363
305.583
316.4174
245.3888
285.2344
299.369
330.6009
291.0485
252.9288
262.2652
329.7033
383.4375
408.1351
375.1833
348.4255
348.5873
352.0681
253.6348
226.438
265.9279
282.5483
286.9107
273.571
342.428
290.6849
284.918
368.378
369.7921
297.2108
292.9775
288.0131
305.6399
310.9999
349.3647
385.4726
470.9993
360.8353
320.9775
330.8344
277.5645
257.5521
222.7852
257.2259
299.1295
322.8218
319.8852
373.3996
360.5146
309.6365
313.4453
326.5347
293.0713
251.4789
310.585
339.4806
283.4517
236.4042
264.0274
257.3728
298.1244
349.0228
298.2092
226.9624
309.1447
279.6325
285.2625
271.33
254.0639
283.7866
314.1708
412.5684
286.7068
281.733
330.8357
342.9697
306.0221
288.8998
264.9781
263.9845
220.3601
228.8891
241.3046
266.0487
291.6247
307.5863
276.8433
342.5598
333.7741
310.689
269.5421
232.0631
233.9158
262.3935
261.5429
225.9317
198.9334
238.4038
305.6892
351.838
258.1409
396.9897
364.6539
399.4317
360.9432
311.0381
345.4156
367.9946
280.4155
356.6719
373.3346
369.6908
325.1651
424.1372
482.445
493.849
482.914
473.7164
453.2809
391.6576
361.543
397.6449
402.4723
347.0647
447.1075
401.6845
307.9806
313.447
278.1518
292.8481
346.0649
334.3129
358.3149
366.822
447.1876
371.1285
431.1218
399.6226
268.2514
317.2261
431.2425
315.7124
262.4729
261.9906
257.5931
317.9842
271.301
400.9672
374.1579
369.9629
346.0988
392.0392
348.2765
353.1889
354.5519
269.4842
314.0607
256.0462
195.0295
253.9465
360.7687
395.8213
401.6031
445.7876
351.9977
377.5964
343.723
304.7359
360.3808
345.7745
302.7653
250.7349
321.919
277.3797
288.7014
368.8654
346.137
322.8266
379.1339
353.4889
297.8454
378.6184
370.4577
331.8898
322.939
300.0888
353.2344
485.9488
434.3452
350.2826
369.0934
324.2785
363.2481
385.4718
458.2315
377.9017
382.1069
266.1449
352.1685
262.4289
292.0222
335.4358
368.608
343.4247
351.8136
262.6746
251.8842
315.6871
313.7453
252.0004
300.931
361.3433
340.5185
411.3888
403.0846
292.5094
268.0206
284.1308
259.6334
224.9837
234.7871
191.993
221.791
284.3785
214.6093
181.8324
182.689
347.3461
314.8508
324.9779
346.707
312.8637
269.1936
258.3024
262.8119
246.1623
215.5541
235.6857
283.2495
350.7021
321.6961
291.8008
386.3526
311.1436
309.228
204.1571
180.4554
222.1349
325.2784
327.1199
349.1422
267.2325
342.3562
371.6362
294.4146
348.3566
239.1563
327.9363
290.5053
340.4833
319.643
299.9064
364.8719
468.4213
277.2241
246.7844
354.114
333.5499
308.9404
272.2963
259.6597
238.6952
328.6605
269.798
314.8575
259.4238
247.7295
266.7608
262.7042
268.7848
261.4041
243.8236
343.0024
335.7279
294.9788
295.8507
335.2743
298.9238
323.5373
400.7303
417.375
279.1354
287.2379
285.6858
330.7619
377.2637
297.4079
270.9712
247.6658
250.9009
217.6573
218.9443
233.0213
226.2944
154.343
201.4622
252.9595
313.7046
318.1831
363.5406
338.4765
410.3594
356.3158
323.3006
305.414
325.3414
370.2703
411.4594
337.213
368.1782
320.0024
390.7508
312.0958
269.9752
271.2681
241.7358
259.8558
271.5175
314.7668
290.484
322.022
376.2617
380.6757
359.8071
393.5741
375.9986
305.6178
341.8523
385.5121
386.53
304.9758
318.2152
328.3551
365.3527
364.4895
364.5675
245.9565
259.8219
233.0563
265.5465
324.462
322.7904
358.4635
461.1822
332.1534
321.6881
308.3715
406.9331
334.6289
350.0024
347.1426
307.5373
241.1399
263.7988
261.8024
262.614
227.3116
253.6169
248.3176
364.1667
345.2251
394.1883
324.636
327.6571
613.0505
449.5202
445.6661
392.0482
364.2982
302.5794
313.0731
365.0232
331.2322
312.6027
273.6764
240.5248
211.8992
239.9963
266.8531
210.5647
293.9243
266.2274
321.8595
295.7932
317.4848
320.1911
283.7515
261.1689
263.881
213.0554
233.5304
239.1701
251.4442
264.1877
274.3015
262.1148
254.0511
252.0109
315.0485
233.5258
236.0048
195.5437
282.69
253.5422
257.2371
224.787
294.0358
320.6649
258.5664
396.9595
436.644
367.2412
317.8664
308.8537
257.4394
258.6078
311.3522
351.6384
322.7701
251.3499
315.3123
234.6006
204.3001
272.4994
410.9505
302.5942
284.4709
326.5156
263.604
311.06
372.7708
337.9592
414.4409
325.6687
335.7478
299.6557
395.4474
286.403
326.5123
361.5923
341.0977
265.3046
239.3542
221.9617
224.126
229.3093
233.7751
262.3781
216.6092
212.9458
292.4685
282.1273
340.927
377.2674
355.1427
343.0971
418.8675
374.6781
314.8177
225.8787
231.541
277.277
259.9421
299.6047
270.8493
280.8917
328.7807
349.7543
357.1172
379.3935
353.5378
249.0728
218.6516
205.6132
176.4503
128.3051
146.9783
137.4692
131.6958
174.583
230.9185
253.9465
305.6672
229.0713
239.2632
279.6785
309.9025
311.4569
256.2752
253.3488
304.4075
238.0688
230.3829
252.4248
337.5362
345.1063
251.6948
240.0913
249.7725
286.3624
298.8808
304.861
460.1636
317.4881
370.5315
436.7216
521.9466
399.0276
394.5183
310.793
315.0503
239.5175
324.0993
361.6789
250.5102
288.3727
331.9492
278.796
362.0738
303.9044
309.3873
271.9564
309.9263
415.1915
374.7861
275.1655
307.5332
293.0365
416.9537
363.2394
282.7533
330.0257
295.6782
276.2441
352.4711
276.2016
258.9838
252.6121
211.5544
201.0893
260.2467
222.6273
218.4249
309.5829
310.711
288.7835
250.1343
253.2586
293.1029
269.4605
320.0895
391.0574
370.2009
331.6179
359.4133
397.2718
422.0251
367.8927
415.9008
481.734
363.1057
352.0988
336.7405
360.0898
424.2185
390.6237
409.1447
336.7643
254.4034
276.4943
300.0395
316.9516
313.896
316.1731
357.4423
381.6429
389.7714
324.0737
258.7189
246.4667
182.588
147.9817
139.9284
183.8214
212.0636
184.6571
182.5119
245.5057
244.6329
231.704
262.0032
283.4834
332.1983
303.457
253.6318
246.5908
273.1839
231.8852
342.3633
256.6386
344.0355
326.069
290.7954
319.3807
277.0649
224.5548
252.9988
195.2893
261.5305
337.7123
335.2427
337.3812
416.6313
390.6832
326.7284
347.2432
375.7627
330.6807
312.0248
276.8602
313.4616
244.9852
248.2905
244.3332
196.2944
308.1249
337.5157
345.3338
325.8328
368.0182
312.4311
237.5164
229.7431
249.2006
303.0531
293.7058
432.0989
466.3732
431.8973
394.7324
407.8437
321.0947
234.2608
297.3954
395.5883
346.5253
382.0115
460.4963
329.7222
279.2863
260.0254
227.4098
309.2929
289.2515
319.3361
299.5291
247.5211
272.0201
317.9185
340.7745
371.5205
361.3568
267.9187
264.8451
297.0389
