1.618744
1.525956
1.488974
1.536552
1.521775
1.479435
1.389511
1.371362
1.332071
1.301705
1.243058
1.213822
1.227468
1.232583
1.176065
1.129854
1.06932
1.015936
1.037135
1.066612
1.034284
1.063476
1.06419
1.107909
1.08
1.107578
1.051142
1.082955
1.144618
1.179926
1.177263
1.09717
1.121853
1.069021
1.08305
1.110387
1.104482
1.054615
1.035457
1.039054
1.063492
1.073879
1.102062
1.146677
1.187827
1.224959
1.218832
1.223068
1.193202
1.135758
1.087928
1.048676
1.075018
1.102649
1.069366
1.055762
0.9882143
1.046893
1.02365
1.074467
1.048508
1.040863
1.030618
1.033954
1.034965
1.012894
1.019382
1.001084
1.033037
1.016677
1.029517
0.9902977
1.021755
1.011183
1.035429
1.050169
1.047409
1.06638
1.062465
1.159622
1.078133
1.039013
1.100941
1.107473
1.127161
1.071553
1.088179
1.077098
1.130327
1.123753
1.109713
1.071947
1.121754
1.109151
1.090623
1.072485
1.084263
1.091102
1.054
1.118085
1.127629
1.131655
1.154254
1.188997
1.170543
1.231552
1.203065
1.208598
1.188251
1.160681
1.208212
1.247247
1.237015
1.231322
1.146804
1.139531
1.138662
1.125835
1.148339
1.188839
1.104037
1.10926
1.082786
1.054648
1.016863
1.052089
1.110547
1.072094
1.057114
1.081372
1.045425
1.026642
1.02845
1.030811
1.041633
1.020169
1.009519
0.9554459
0.9496696
0.9776228
0.9976424
1.004099
1.051339
1.049472
1.065657
1.00852
1.026197
1.006071
1.010233
0.9492186
0.9817063
0.9979631
0.9821911
0.9458516
0.901771
0.974421
0.9624615
1.001276
0.993033
0.9883217
0.9654619
0.8820998
0.8897614
0.8889497
0.9192204
0.9040218
0.8504949
0.823752
0.7752052
0.7703915
0.7664121
0.696745
0.7179311
0.7650747
0.7690163
0.7690054
0.7558195
0.7514169
0.7504969
0.7555841
0.7759039
0.7883001
0.7547718
0.797902
0.7691236
0.7704385
0.7546542
0.7597174
0.8010055
0.7844487
0.807771
0.7593946
0.7580877
0.811463
0.8785212
0.8893852
0.9086922
0.9624545
0.9496043
0.8826793
0.8627501
0.8957645
0.8863229
0.879331
0.9256774
0.8382516
0.8475809
0.7848697
0.8483025
0.8355074
0.8013389
0.8037739
0.7916172
0.8414173
0.8393676
0.8406759
0.8333446
0.863886
0.8653639
0.8587178
0.8762248
0.8694096
0.8183235
0.8152899
0.8389156
0.8356794
0.8530484
0.8276331
0.8194179
0.8213286
0.8485014
0.831321
0.8893689
0.8715216
0.8975643
0.9025102
0.8812366
0.9320111
0.9000267
0.8299057
0.7967951
0.7858025
0.799074
0.8136759
0.7598937
0.7673429
0.7747667
0.7931898
0.8361969
0.8637937
0.8715364
0.8999709
0.8634133
0.8443015
0.8523768
0.8349122
0.8175655
0.8723221
0.8849991
0.8660044
0.8356723
0.8470569
0.8674674
0.8543127
0.8399855
0.8325401
0.8246731
0.7945425
0.8078207
0.8169355
0.8426992
0.9101998
0.8895853
0.8614284
0.8973252
0.9338441
0.8975037
0.9214046
0.8817482
0.9165433
0.9270163
0.9659387
0.9313711
0.9034472
0.9252704
0.9296124
0.9846825
1.021064
1.039955
1.070178
1.087449
0.9929946
0.9731444
1.029116
1.02028
1.014775
1.032703
1.026795
1.020571
0.9804061
1.002359
1.02588
0.976382
0.9750258
0.9370439
0.9732797
0.9914339
0.9963142
1.070461
1.090508
1.116256
1.129174
1.131032
1.114336
1.102106
1.019571
1.085659
1.10711
1.130054
1.152207
1.196935
1.166558
1.156593
1.148006
1.167747
1.108185
1.094649
1.124031
1.175056
1.108752
1.125946
1.078693
1.056983
1.05875
1.080842
1.070685
1.049089
0.9846656
1.015397
0.9898187
0.9955838
1.012664
0.9469244
0.9300402
0.8929036
0.9381983
0.9784461
1.017584
1.045973
1.036677
1.106013
1.09439
1.098416
1.143539
1.114522
1.200191
1.195908
1.170783
1.168875
1.21039
1.212659
1.230988
1.160627
1.185406
1.216829
1.164689
1.140542
1.134306
1.104327
1.1121
1.119752
1.122046
1.048595
1.060633
1.067603
1.136429
1.178498
1.174942
1.211255
1.246892
1.203346
1.173407
1.265703
1.226226
1.169294
1.174018
1.231517
1.200117
1.150399
1.153742
1.139423
1.118105
1.137758
1.128496
1.100837
1.141483
1.190767
1.151839
1.085492
1.065285
1.030145
1.028867
1.001074
0.977083
0.9134427
0.9273381
0.8924815
0.896474
0.8600705
0.8619619
0.821484
0.8191994
0.8414096
0.8520725
0.8287499
0.8237058
0.8743337
0.885265
0.8854267
0.8521366
0.8828528
0.8486191
0.8660159
0.896184
0.9260149
0.9511533
0.9067698
0.9338968
0.9084882
0.9154234
0.9375912
0.9448527
0.8703353
0.8864904
0.8868818
0.8362483
0.8443097
0.8928871
0.9141559
0.952382
1.010469
1.021251
1.036909
1.069855
1.107417
1.087181
1.105725
1.127129
1.099534
1.074634
1.065655
1.043171
1.068304
1.115532
1.093182
1.041367
1.02115
0.9968329
0.9338491
0.9699342
0.9421346
0.9368315
0.9180096
0.8904936
0.888685
0.8625321
0.8480669
0.8664215
0.8426103
0.8677618
0.9042439
0.8946104
0.8921496
0.9036731
0.9179869
0.9821291
0.9647677
0.9732691
0.9596987
0.9750596
1.006101
0.9683391
0.9394522
0.8935106
0.8785815
0.8667969
0.9192196
0.9719942
0.9814721
0.9293593
0.9625211
1.004156
0.9835083
1.00979
1.040702
1.07938
0.9861599
0.969761
1.029947
1.044581
1.037138
1.057843
1.053129
1.035017
1.03322
1.000753
1.034258
1.063772
1.070431
1.049857
1.05582
1.115021
1.074133
1.12888
1.147089
1.097744
1.118144
1.068805
1.067183
1.076352
1.113416
1.171865
1.229965
1.262362
1.208038
1.133912
1.145434
1.144697
1.159807
1.126412
1.101866
1.134273
1.157921
1.078628
1.121511
1.062955
1.044485
1.003211
1.014802
1.015896
1.016778
1.01068
0.9568479
0.9427779
0.9628286
0.9643435
0.9525102
0.935663
0.9219685
0.9375073
0.9137691
0.9309044
0.9157704
0.9214966
0.9071949
0.9019275
0.9155869
0.9044872
0.932545
0.9308926
0.9102185
0.9201295
0.9152741
0.9323636
0.9404563
0.9813589
0.9910983
0.9474646
0.9364894
0.9645171
0.9430831
0.9734276
0.9842652
1.027565
1.043834
1.029963
1.017547
1.023062
0.9954676
0.9343489
0.9054139
0.9101312
0.9608953
0.9417076
0.9970995
0.9865256
0.9667248
0.9534422
0.9190258
0.9441785
0.9820429
0.9806489
0.9645786
1.060839
1.049788
1.067464
1.079292
1.135231
1.151126
1.090876
0.9780789
0.9824459
0.9653577
1.003004
0.9972806
1.040707
1.031994
0.9784214
0.9784881
1.00711
1.002987
1.038728
1.055696
1.043137
1.044481
0.9915066
1.034141
1.112583
1.143305
1.168411
1.187771
1.156608
1.172064
1.191879
1.198341
1.165422
1.194322
1.177253
1.196424
1.266626
1.239702
1.242607
1.216468
1.208966
1.193443
1.169223
1.216149
1.198259
1.211802
1.192606
1.160269
1.223531
1.223331
1.208419
1.242455
1.261957
1.278505
1.309503
1.22793
1.271771
1.259948
1.244774
1.210654
1.180477
1.244065
1.272364
1.343885
1.37931
1.326078
1.309561
1.248041
1.289088
1.256568
1.280487
1.207302
1.216899
1.190279
1.142493
1.182017
1.14486
1.163207
1.127304
1.21803
1.186505
1.183621
1.100736
1.11527
1.097347
1.07164
1.113276
1.092423
1.115366
1.205673
1.195969
1.219938
1.278087
1.172815
1.088037
1.074327
1.103986
1.060183
1.096738
1.076191
1.054036
1.081394
1.068946
1.095507
1.103275
1.130166
1.140923
1.235393
1.155379
1.177543
1.152589
1.185285
1.172599
1.222468
1.25417
1.26877
1.242686
1.211872
1.263831
1.296314
1.289622
1.211888
1.218853
1.203631
1.164978
1.248008
1.273555
1.274494
1.219421
1.151231
1.202467
1.261487
1.262141
1.205727
1.196171
1.11851
1.156379
1.204732
1.248731
1.247077
1.263767
1.303154
1.320815
1.363545
1.316276
1.275621
1.368461
1.386556
1.392553
1.371394
1.324493
1.313551
1.425571
1.370174
1.460963
1.434822
1.440042
1.378334
1.341793
1.307394
1.191044
1.276228
1.287171
1.247718
1.252479
1.258387
1.283422
1.251926
1.281746
1.284304
1.304545
1.276624
1.3231
1.290557
1.248385
1.269949
1.321146
1.303804
1.268389
1.232913
1.31152
1.201326
1.3242
1.332217
1.346934
1.311555
1.263398
1.311257
1.260768
1.25779
1.257644
1.252972
1.243022
1.246117
1.344827
1.358868
1.291812
1.24577
1.240047
1.203267
1.207551
1.151691
1.168141
1.094789
1.101686
1.151498
1.180845
1.167689
1.159741
1.065695
1.051835
1.037521
1.052223
1.034559
0.9623317
0.9153243
0.9086234
0.9922296
1.098093
1.060283
1.060317
0.9845929
1.015132
0.9806661
1.017138
0.9721528
0.9168197
0.9764544
0.9974655
1.033261
0.9747565
0.9009596
0.8590707
0.8335695
0.8405325
0.809632
0.7962468
0.8081936
0.7634985
0.8071317
0.8305411
0.786814
0.7817995
0.804942
0.80782
0.7658732
0.8048721
0.7814687
0.7417508
0.7742322
0.7444442
0.6981505
0.7023331
0.6919263
0.7149535
0.6593672
0.6253418
0.6413122
0.6660373
0.6491257
0.6555659
0.6639702
0.6300173
0.6048473
0.6018829
0.6159349
0.6296914
0.6029492
0.6477845
0.6416208
0.6573282
0.6463387
0.6473315
0.6389546
0.6326615
0.6334833
0.635892
0.6343863
0.6302601
0.5972413
0.6130337
0.6209409
0.5997878
0.5809291
0.6016324
0.6247599
0.6224272
0.5962935
0.562541
0.58185
0.5648936
0.5610104
0.5720378
0.5902207
0.6090347
0.6071162
0.5637564
0.5649855
0.5371046
0.536057
0.52877
0.5431706
0.5335948
0.5261961
0.5191891
0.5140997
0.5042562
0.5291342
0.5185436
0.5255884
0.5227813
0.5264995
0.5432259
0.5306556
0.5383453
0.5588321
0.5317813
0.5692462
0.573915
0.575018
0.5853889
0.6001812
0.613303
0.603918
0.5702827
0.5792217
0.5745976
0.5656431
0.5626142
0.5260447
0.5201843
0.502259
0.5131599
0.5053992
0.5121255
0.5106344
0.5036559
0.4900443
0.4939763
0.5037164
0.4823157
0.505937
0.4906849
0.5051607
0.5334816
0.5396579
0.5351342
0.5540236
0.5689577
0.5855867
0.5763227
0.5702242
0.585773
0.5537878
0.5883527
0.5903187
0.5901532
0.6095502
0.6275308
0.5933719
0.5763332
0.6108122
0.6122772
0.6425074
0.6306929
0.6401941
0.6169368
0.6250642
0.6257237
0.6001588
0.5843811
0.5703701
0.5544482
0.5444551
0.5680588
0.5418653
0.5701505
0.5974239
0.5481235
0.5161861
0.5479525
0.5252237
0.5132597
0.4783515
0.482838
0.4966558
0.4970294
0.4993412
0.509424
0.4851817
0.4865165
0.4838926
0.482321
0.4766585
0.5136392
0.5106384
0.5106659
0.4683775
0.485802
0.4826911
0.500741
0.4794929
0.5069065
0.5368489
0.5503714
0.5313021
0.5515508
0.5688242
0.5511619
0.5788091
0.5670926
0.5743399
0.5553165
0.5486247
0.5393196
0.5609455
0.5842453
0.6139195
0.6093598
0.6173777
0.6538854
0.6515909
0.6395152
0.6353302
0.6556631
0.6565556
0.6456583
0.6408632
0.6372375
0.6309827
0.6326289
0.6097556
0.6315886
0.6338793
0.6116168
0.6253526
0.6086948
0.6281149
0.6056287
0.6043462
0.6053216
0.6133659
0.6277709
0.6574148
0.6535997
0.6573106
0.7016302
0.7202263
0.739861
0.8020471
0.8167448
0.7928059
0.7668172
0.7677322
0.7822877
0.7704721
0.7675973
0.7446287
0.7490752
0.7427021
0.7144682
0.7328195
0.7828945
0.7704358
0.7760068
0.7611928
0.7861336
0.7966976
0.770196
0.7650563
0.7458936
0.7377436
0.7416368
0.7415271
0.7162898
0.78059
0.7756212
0.8021944
0.8133776
0.7962451
0.7962507
0.7427336
0.7064142
0.7316499
0.7625323
0.7363697
0.737481
0.7196413
0.6962461
0.7101573
0.7132489
0.7261467
0.7191292
0.7484215
0.7295675
0.7320377
0.7801965
0.7938409
0.7806796
0.7942488
0.7930373
0.7868459
0.7987928
0.7868801
0.7916768
0.818238
0.8088944
0.8379109
0.8202378
0.801335
0.801902
0.7952538
0.8032399
0.802821
0.8342116
0.7534942
0.7632839
0.7474406
0.7656235
0.7798662
0.7513408
0.7377428
0.6927171
0.6604858
0.654664
0.6948604
0.6895838
0.6622423
0.6721869
0.6586398
0.6091842
0.6090613
0.609716
0.6102987
0.5998104
0.6170874
0.6068411
0.6290052
0.6588663
0.6520815
0.6301824
0.6778422
0.6880278
0.6657141
0.6515575
0.656223
0.6521041
0.6195092
0.6262195
0.6410435
0.6709246
0.6962859
0.6882033
0.6786968
0.7071446
0.7362969
0.7554529
0.7199392
0.6819096
0.6785521
0.6871795
0.7439893
0.771334
0.7790272
0.7244748
0.7205924
0.6894857
0.6896485
0.6775151
0.6888951
0.7110559
0.6875795
0.6780265
0.6986874
0.6955158
0.7365908
0.7673391
0.7661116
0.7748495
0.7907038
0.7612171
0.7347614
0.7775792
0.7924974
0.7435543
0.7460093
0.800155
0.8031169
0.8460181
0.8214404
0.8374396
0.8160764
0.8784263
0.82185
0.8529979
0.8273109
0.8440516
0.8728972
0.8630143
0.867516
0.8923907
0.8519783
0.8613546
0.8402268
0.8424086
0.8249495
0.8618657
0.8294871
0.8305137
0.8776706
0.8620754
0.8339035
0.8369628
0.8644661
0.9306179
0.9477392
0.9007582
0.9398642
0.8842101
0.8884323
0.8829078
0.872627
0.8556524
0.8723035
0.8604832
0.8926291
0.8301549
0.8243954
0.8540607
0.834285
0.8471287
0.8029412
0.7717163
0.7556543
0.7131604
0.6933214
0.6907264
0.6552423
0.6507238
0.6176975
0.6315585
0.6530614
0.6380601
0.6518626
0.6575041
0.6380926
0.6632487
0.6713187
0.6897599
0.6763814
0.6911123
0.6862307
0.6529596
0.6389949
0.6139719
0.6151007
0.5946466
0.5912212
0.5851191
0.5927346
0.5888762
0.632419
0.6204755
0.641254
0.6226251
0.645428
0.6618672
0.6517245
0.6509001
0.6583448
0.6915288
0.7225448
0.7246408
0.7295349
0.7568368
0.8128462
0.8592065
0.8740895
0.8531125
0.8734074
0.8871042
0.8625059
0.8168873
0.8378878
0.7994567
0.7963923
0.7902373
0.7592963
0.7549902
0.7433535
0.74749
0.7077853
0.7070687
0.7208055
0.7066065
0.6994611
0.6849303
0.6912604
0.7026301
0.7372261
0.685018
0.6768318
0.7299558
0.7006422
0.7267606
0.7390416
0.7384087
0.7647905
0.7829347
0.8262841
0.8047328
0.8023696
0.802512
0.7904856
0.7752163
0.8036192
0.7911384
0.7389975
0.7599801
0.7134252
0.7097301
0.7168127
0.748223
0.7331305
0.7905737
0.7934385
0.7708912
0.771582
0.7755509
0.8032713
0.8319175
0.8693008
0.8727436
0.885172
0.8952428
0.8802886
0.8474939
0.8161647
0.7922814
0.8210848
0.8273233
0.8081968
0.8263376
0.8291174
0.8283942
0.886517
0.8976299
0.903199
0.93924
0.9221745
0.9665459
0.9787885
0.9722404
0.9598907
0.9400989
0.9797263
1.063458
1.081723
1.038888
1.009923
1.138407
1.112387
1.081411
1.077119
1.106226
1.063421
1.055882
1.04831
1.068157
0.991424
1.003578
0.9822261
0.9842778
0.9218237
0.9243493
0.9437399
0.961838
0.9731697
0.9903512
0.999112
0.9665477
0.9542774
0.9677762
0.9980732
0.9780105
0.9429672
0.9002017
0.9101176
0.8698418
0.9069738
0.8898074
0.842195
0.8457269
0.7876626
0.8033178
0.8081219
0.8029761
0.8207747
0.8171637
0.8182362
0.7695292
0.7732785
0.738218
0.7486001
0.7085718
0.7119636
0.7302479
0.7519052
0.7255904
0.7098245
0.6993069
0.6900273
0.6634858
0.6399115
0.6010475
0.6008525
0.6470337
0.6287036
0.6239339
0.6637138
0.6799993
0.6774675
0.6786707
0.6963834
0.7049769
0.6788393
0.7705865
0.7950273
0.8147714
0.8141129
0.8007491
0.8236035
0.8027597
0.8142365
0.7901127
0.7683383
0.7809172
0.8057488
0.843327
0.7682713
0.7861432
0.7987341
0.7771935
0.7752873
0.8348606
0.8307212
0.8266026
0.8168235
0.810231
0.787355
0.8262704
0.8222452
0.8283244
0.8302671
0.8517905
0.8323573
0.8225344
0.8693916
0.8671233
0.9105416
0.8539206
0.8497467
0.917653
0.9006907
0.8736134
0.8541072
0.9126608
0.8772795
0.8485317
0.8311934
0.8838451
0.8884711
0.8723665
0.8335787
0.7866295
0.8064049
0.8036755
0.8027086
0.8219524
0.837537
0.8596448
0.9121242
0.8808127
0.9117847
0.8310414
0.8886488
0.8905027
0.9253256
0.9125482
0.9163304
0.8854833
0.8772031
0.8726858
0.8923769
0.914152
0.9356964
0.964874
0.9134386
0.9200032
0.9251905
0.9475089
0.9817899
0.9779159
1.003505
1.041608
1.032009
1.01936
1.047179
1.049629
1.006887
1.026905
1.023675
0.9555685
0.9650486
0.9919287
1.031693
0.9832359
0.995335
0.9289
0.913168
0.9439877
0.8817064
0.8691396
0.8255936
0.8150444
0.7730302
0.7784258
0.8250393
0.8352392
0.8376691
0.8512719
0.8424747
0.7876192
0.8116606
0.8002013
0.8185227
0.8056091
0.8314261
0.8449759
0.8341631
0.8200255
0.8510207
0.8865376
0.8821241
0.8658464
0.8766045
0.838749
0.855682
0.8590105
0.8213061
0.8135926
0.7891127
0.7666997
0.7268515
0.6799982
0.7006332
0.7390075
0.7314841
0.7219137
0.7123706
0.7145152
0.7162119
0.7138474
0.6637022
0.6543182
0.6403787
0.6522559
0.6484999
0.6229528
0.6004616
0.5919988
0.6200622
0.5914227
0.5754487
0.6294443
0.6464181
0.6398087
0.5628906
0.520195
0.5425639
0.5013909
0.4863225
0.4974505
0.4781209
0.5031606
0.4880494
0.4794303
0.4773847
0.5252589
0.539998
0.5578978
0.5813473
0.576327
0.5776735
0.5711903
0.5840262
0.5588001
0.5331285
0.5243053
0.5372504
0.5285906
0.5380466
0.5433695
0.5350472
0.530176
0.5077943
0.5078013
0.5224272
0.5764098
0.5950151
0.5556909
0.5524002
0.5527171
0.5660947
0.5670033
0.5591823
0.6138871
0.626599
0.6485957
0.6550571
0.6627322
0.7111373
0.6959664
0.7397954
0.7650331
0.7510222
0.7502377
0.7328018
0.7535343
0.7249324
0.7042173
0.7204988
0.7108702
0.7823116
0.801786
0.7611412
0.7260558
0.7542472
0.7692773
0.7331064
0.7430505
0.7510825
0.7137925
0.7903353
0.7709589
0.7567152
0.7453583
0.7790005
0.7717757
0.8175047
0.8053207
0.8132702
0.8266905
0.7821576
0.7853353
0.791286
0.8129005
0.7887665
0.8436893
0.7892181
0.7556944
0.7276515
0.7555097
0.7443085
0.7419033
0.7892871
0.7704059
0.7533382
0.7833046
0.7605452
0.7499973
0.743678
0.7881694
