31.72675
32.81722
35.05053
33.94159
34.42395
33.90011
34.49366
35.15915
34.28694
35.24307
34.99745
36.13736
35.83206
37.85201
36.70566
36.50926
36.0914
36.3474
36.81615
36.49942
37.40187
39.59776
39.11076
37.59347
38.70574
38.51657
39.56457
38.91195
37.50579
37.60647
37.88539
37.71623
37.57581
38.15141
37.43733
36.06502
35.86113
35.8722
36.43204
36.62245
37.31933
36.82592
36.98582
37.00904
38.19418
39.02121
37.35574
37.70763
35.18341
35.54052
37.40025
38.90398
38.58774
38.25151
39.19327
39.56099
41.50532
42.20552
42.677
41.97506
43.01423
42.00355
42.62499
41.98707
41.25684
41.87185
42.89315
42.65475
44.23654
44.60437
45.56041
45.38541
45.50925
46.57717
46.99967
46.18551
46.54449
46.69094
47.59465
47.59693
45.38458
43.9301
43.68978
43.26374
43.36576
42.49188
43.40919
43.65651
43.28899
44.76265
44.10236
43.38299
44.30429
44.31683
43.6692
44.49977
43.36692
43.47851
42.38346
44.91062
44.59859
45.21204
45.28289
44.52531
45.13278
46.46882
43.37953
43.37231
46.0038
45.54294
45.17281
45.00822
43.54907
44.63746
43.49402
43.14016
44.24351
42.55662
43.98184
44.29789
45.5459
46.14105
46.15027
45.71455
42.90124
42.68429
40.00909
39.37517
40.26734
41.4452
42.07836
43.30394
42.7262
44.06576
43.98836
42.69599
43.5983
44.17483
45.16134
46.96568
46.29563
45.64079
44.7639
44.3557
44.60289
45.37595
45.72025
45.65795
44.61738
44.5733
44.96485
42.76266
43.40557
42.74024
41.58573
43.02449
41.64218
43.84023
43.79961
42.16801
40.3353
41.36308
41.74421
42.03057
43.73682
44.39892
43.16476
43.3254
40.83642
40.1766
39.84893
39.93236
39.48883
39.76428
40.0401
39.17963
40.24417
39.96466
38.20724
40.08826
41.49572
41.54239
41.64104
41.75059
42.03584
40.97542
40.62317
39.34644
40.19909
38.69476
37.48698
36.0324
36.19821
36.35318
35.77572
36.46927
37.3843
38.21359
39.81735
40.06749
40.5724
40.32481
38.93913
39.57057
38.99821
38.3218
38.16658
39.99465
39.49515
39.85517
40.69993
38.57768
39.0714
40.3282
39.34771
39.43397
39.91024
39.32048
39.11503
37.6547
38.0577
38.28227
36.37345
38.13943
37.70506
35.39903
37.96836
36.35863
36.77665
37.56076
35.46169
36.75923
37.38395
37.491
37.74506
38.26661
38.06725
38.12769
39.27135
39.24365
39.24395
37.9371
38.51249
37.29467
36.83843
38.41704
39.57322
39.20463
39.87357
41.3306
40.80683
39.9885
40.8526
38.24267
37.56111
38.81331
36.49131
34.52664
35.28262
36.15496
36.82725
35.49765
34.9588
33.39206
32.69385
32.03744
31.84419
31.8805
31.2837
30.9637
31.57357
32.32705
32.17507
32.9263
33.19833
33.45017
34.63673
34.12929
34.83492
34.25327
35.19512
33.69813
34.60797
35.54974
35.70139
36.19277
38.30507
37.11398
40.47723
38.43456
38.21595
36.20101
36.16113
35.46114
35.85804
37.44131
37.65694
37.48271
36.84335
35.29899
35.53517
35.94637
35.79652
35.48468
35.96804
33.92997
32.26897
34.31656
34.98677
34.23686
34.42211
35.31999
34.81928
34.1727
34.915
34.90281
33.84636
33.94684
33.5615
32.84045
33.32218
33.86385
34.184
34.18833
35.60412
37.14711
37.50833
37.94797
38.0142
38.95428
38.43008
36.8182
35.12403
36.54617
34.58269
36.64519
35.52614
37.03739
37.6744
37.6505
36.43908
37.25398
37.19615
37.77159
38.30214
40.14747
38.45217
37.9381
37.5527
38.42374
39.00333
40.1442
39.22662
39.81363
39.71187
38.72895
40.18854
38.72559
39.38535
37.81498
37.92366
39.38038
38.53783
38.67044
38.24371
39.23897
38.38576
39.06431
37.58933
37.35277
37.86545
37.14253
37.28693
38.64283
39.18742
38.67649
39.51987
39.09448
38.84165
39.4902
41.036
42.73237
43.04902
42.03918
44.47694
45.2147
45.66453
44.49991
44.91864
45.04773
43.54196
43.31131
45.52091
44.16197
43.84245
44.38514
42.43847
42.23698
41.4863
39.80184
40.92448
40.88445
42.36321
42.84754
42.08025
40.46111
41.33694
41.25927
41.06092
40.38123
38.80775
39.88312
40.66728
41.54425
42.62296
42.231
42.84428
42.95636
43.1653
40.96707
39.78016
37.47257
38.32009
38.15594
37.90743
39.50268
38.21755
39.56393
40.13863
39.18154
38.90383
38.52733
39.19843
39.45566
38.44037
38.53661
37.91596
38.01107
36.54518
35.99025
36.39612
36.77358
36.37972
36.1815
36.58498
35.51552
35.75079
35.29321
33.72975
35.00882
35.89775
35.21545
34.92057
33.8454
34.97191
35.22467
35.99033
35.09661
36.39272
35.8662
33.91524
33.51392
32.05274
33.2798
32.23519
31.47396
32.1909
32.22668
32.82813
33.4077
32.78872
32.20847
32.81197
32.05916
31.73097
32.72812
33.97278
33.5689
34.63143
34.56879
33.85135
34.64071
35.8463
37.49142
38.67373
37.29112
37.74115
36.76663
37.10861
39.00622
38.28198
37.27631
37.87156
37.92877
41.10229
40.78814
39.36225
39.68347
39.43263
38.88034
38.03131
39.2428
38.51783
36.95685
36.82549
35.79947
35.1257
37.22167
36.48391
35.74708
36.04449
36.73782
36.9946
37.52049
36.87426
37.03743
36.67357
35.24291
37.00405
37.94505
36.32697
35.33249
35.56345
33.9679
34.49745
34.51989
34.81713
34.85369
36.2394
37.05981
35.61526
37.36849
35.67818
35.79854
32.84508
32.62912
32.72426
33.64317
33.72407
34.95019
34.96755
34.97523
35.40471
35.48588
36.16616
36.88824
35.94537
36.01645
35.3446
36.82527
36.62248
35.0014
35.48697
35.85648
35.89365
36.20333
34.2579
34.05096
35.04903
35.61455
35.64028
36.07323
37.23717
37.33972
37.22328
37.75581
37.25779
37.17451
36.33635
35.56154
36.52751
35.89261
35.43226
36.01956
36.22998
36.81393
36.68761
37.64451
38.21303
37.87719
37.91002
37.67086
36.23762
35.85315
35.33487
36.20179
36.90451
37.13218
38.00444
38.52707
39.19804
37.14505
39.18502
39.6561
38.49829
40.21703
40.58345
40.97124
40.02983
40.51319
41.54879
42.07639
41.82565
40.95561
41.20525
40.75672
40.96131
40.87698
41.4411
43.77367
43.45248
41.45063
39.65497
40.26485
41.05003
40.31865
39.63355
38.05452
37.89796
38.13655
38.85641
38.61413
39.80249
39.83298
39.52241
36.95636
36.69809
37.98639
37.07678
37.72154
37.53257
37.24279
37.07376
37.20588
36.76822
37.44904
38.71917
39.16007
38.12233
39.92909
41.37215
42.07282
42.13062
42.26365
40.90954
41.13318
41.58763
43.00534
43.92383
43.91934
44.89791
42.93974
43.22417
44.03486
44.02923
43.27287
42.80224
42.17759
42.27524
42.09914
42.20408
42.32593
43.25399
43.08132
42.26378
40.93593
42.22831
40.11889
39.17666
40.72383
39.99524
40.12141
41.68891
41.15621
40.14704
40.97148
42.74732
43.48323
43.70607
45.29875
46.82416
46.47665
48.10271
48.53267
50.23305
50.04666
49.90085
47.8649
48.12579
48.91901
51.8489
51.41151
49.79818
48.39823
48.45672
49.66189
49.11587
50.89568
49.17817
47.67721
48.40814
48.84748
50.52932
48.76092
48.56587
49.28694
48.78261
48.94473
48.01626
46.45838
46.12436
46.04083
47.76714
46.13788
47.3241
46.00376
44.38539
42.88277
42.92693
43.52834
42.67907
44.15772
44.3611
43.77296
42.59032
42.78788
41.35336
41.7808
42.40884
41.22348
42.31074
43.32309
42.74419
41.86901
40.89399
41.95972
43.36755
45.47751
46.4328
47.13064
45.49111
45.72417
43.26941
44.61913
43.50588
43.30246
42.30667
41.89371
40.38367
41.51286
42.02418
42.15166
42.54099
43.25437
43.60143
45.99152
44.86856
45.64995
45.0989
45.05744
44.57897
44.45892
45.12403
43.90539
45.67202
44.89973
45.0873
44.48949
43.172
44.32706
43.90553
43.40167
42.31265
42.26377
42.37429
41.4653
41.54515
41.6725
42.0005
42.89082
40.77828
39.94396
37.81608
38.99851
39.4642
39.36683
40.91677
41.25716
42.0855
41.064
42.7621
42.59764
41.35117
42.98324
43.15793
42.95409
41.29192
41.6304
40.68194
39.74438
41.10887
40.15237
38.8368
39.11088
36.97254
37.45021
37.60494
37.88359
36.31256
37.01838
37.72448
37.37451
38.04341
39.55436
39.88818
39.85525
40.10902
39.41917
38.48208
39.7484
40.61958
41.57237
41.22249
43.55082
42.91489
44.48241
45.3542
46.00034
45.73816
46.65229
46.56504
47.98436
47.33072
49.10012
47.66335
47.07386
47.15505
46.67637
47.09564
46.74424
42.71949
43.23541
43.92001
41.81988
41.59394
43.27423
42.65975
42.64541
42.39371
40.69804
40.31752
38.48971
36.87602
35.93638
36.75807
36.3935
36.39482
36.04896
37.85459
39.0678
38.54476
40.84137
39.84714
39.9646
39.57779
39.56688
39.39186
39.68649
39.49994
39.40171
37.81079
37.58348
37.2115
38.06662
38.04467
39.02161
38.40455
39.45429
39.47121
37.5693
37.34299
37.09873
37.31078
36.28176
35.6192
34.33018
33.99575
33.96309
33.79043
34.28526
33.93191
34.21399
35.67569
34.50303
34.75886
35.8018
34.15654
34.55246
33.61979
33.60721
33.97301
34.24124
34.88178
35.39044
34.80959
34.1941
33.05929
33.67847
33.71749
32.78188
33.42871
33.79034
32.73182
34.90347
34.93773
35.04664
34.86759
35.05501
33.75172
31.77741
31.20992
31.90159
34.22713
33.97627
33.14049
32.59176
31.66502
31.71973
31.89678
30.85027
31.67259
32.04116
30.49271
31.62635
31.57736
33.73354
33.58568
31.41504
31.9898
34.20174
34.59872
33.87528
33.67827
32.91032
32.46733
32.38586
32.05477
31.29878
31.26794
31.19646
30.58043
28.9934
30.2464
30.08174
30.08627
31.46498
31.3008
30.46125
30.34955
31.40996
32.40938
32.39742
31.6761
31.78716
33.00655
32.8153
33.92573
32.87523
34.21204
35.2091
32.34423
30.86606
32.2842
32.45495
33.13639
30.6795
31.16644
30.69732
32.105
32.73861
32.65655
34.28867
35.44407
33.96262
35.10367
34.33849
35.49539
35.93579
35.58674
35.46068
35.24496
35.63097
36.00509
35.73523
36.26908
37.09662
37.38945
35.3846
36.2438
35.83818
35.65353
34.86121
33.6769
33.5022
34.48074
36.14887
35.38953
35.05741
35.1279
35.74317
38.42062
38.58959
39.21303
39.55727
39.74598
39.23573
39.2262
37.1446
37.72395
37.63643
37.90306
38.59747
37.97354
37.49937
38.06983
38.31425
39.91974
38.36728
37.80205
37.8979
36.82208
36.83374
36.25351
37.71658
38.38989
37.89779
38.74602
38.39822
39.09057
38.61716
37.42645
34.4683
32.89099
34.27108
34.64746
33.95268
33.89406
33.29634
34.03645
34.02299
34.73234
34.75234
35.04888
32.93003
31.85745
33.46123
33.89937
34.75044
34.91494
34.29684
34.8343
34.27169
34.0238
35.00392
36.25321
35.0257
34.75061
34.58484
36.40995
36.38391
35.33906
36.51591
38.08438
38.83296
38.10286
38.19331
39.53035
42.01036
41.31827
41.16813
41.95419
41.47085
41.16189
41.16305
41.14244
42.97799
42.87997
41.61518
40.50532
41.08852
41.57389
42.52238
41.70809
42.88757
42.59071
44.08441
45.76562
44.7013
46.01036
48.61475
48.33975
46.61489
47.26831
44.99717
44.40461
44.84194
45.13284
45.56652
46.5806
46.30984
45.88431
44.46718
45.96469
45.53919
47.03217
45.55679
45.51167
46.40565
46.96859
46.35364
47.56927
47.61614
46.91603
49.18939
48.195
45.76406
46.23814
47.28587
45.62385
45.59978
45.2051
43.61331
43.55153
42.73304
44.03075
42.57125
42.55673
43.84837
41.52088
40.84149
40.23436
41.76616
41.2584
42.28369
40.81158
41.48787
41.32227
40.46421
39.88102
40.04291
38.65133
38.94822
39.28263
37.71923
38.19201
39.54954
39.27434
38.43251
38.62517
38.04321
38.62748
38.1166
38.56092
38.12361
38.08202
37.64162
37.35677
38.47678
38.04337
37.3472
36.94843
37.65777
38.18425
37.75204
37.80059
37.04198
37.16015
38.14254
38.54524
38.36998
38.67942
37.31555
36.0744
35.47502
35.80628
36.60843
35.58611
36.05564
35.30397
34.83931
34.31307
34.98174
35.34697
36.06484
34.29038
33.82702
33.6574
33.13041
32.06943
31.49211
31.76783
30.97891
30.51955
31.5924
31.06057
30.64514
30.43414
30.70426
30.38197
30.05485
29.86494
28.66421
29.15505
30.02353
30.29146
30.53775
30.43396
31.87751
32.42481
32.44055
32.74448
33.69062
33.21618
34.86095
35.68465
36.52113
36.6276
36.98969
36.55882
34.6069
35.72418
35.44083
35.96256
35.94131
35.62326
35.782
35.61022
35.23584
35.9478
36.02897
35.91656
34.91094
34.66224
35.3853
35.22897
34.47153
34.69462
35.2179
33.86246
34.60711
33.50726
32.45847
32.66884
32.50279
32.71665
33.46707
33.06221
31.88088
33.92488
34.62599
33.03566
32.77952
32.25423
31.94598
33.23876
33.13932
32.78596
32.17213
32.06951
33.0368
33.30753
33.0956
32.98685
33.28843
34.19225
33.68197
34.34922
35.32097
35.0154
34.6155
34.24015
34.52237
34.11937
33.52794
35.34947
36.16192
36.26385
35.79995
35.10343
36.51706
34.55103
35.31263
34.38648
34.50132
34.98985
34.22309
33.27274
32.95973
32.56902
33.65334
32.16237
30.75298
31.23463
30.884
31.34203
30.21607
30.54059
29.6681
29.6181
31.75997
33.45354
32.14162
32.0895
33.90515
32.8042
33.22473
33.66558
33.08486
33.30319
33.07486
33.57374
34.86381
35.99625
36.09829
36.40723
38.1104
37.89816
36.52021
35.15147
34.71579
34.02846
34.0267
33.0089
34.19235
32.37444
32.81965
32.61933
32.66547
33.05548
33.00145
33.89695
35.07798
36.19037
36.02621
34.43408
34.6113
34.54515
33.56108
35.01652
36.84165
36.55917
37.22322
36.8979
37.94603
37.22035
38.94236
39.12844
38.53224
38.73109
39.31143
38.53584
39.21712
40.26357
39.72662
38.7428
37.99972
37.38897
37.75316
37.42557
37.25617
38.05243
37.59541
37.62396
37.55365
39.61634
39.97101
39.49085
39.1107
40.27182
39.45913
38.7707
39.29597
38.44991
40.94442
41.188
43.01167
44.65249
45.25091
44.33354
43.79365
44.06447
42.65973
41.06115
39.25376
39.22397
38.76809
38.90205
39.34585
40.24254
39.99179
41.04798
40.32601
40.14599
38.49825
36.66233
36.15571
35.24406
34.34223
35.16011
35.42067
35.3404
37.26819
37.3316
36.53493
37.2055
36.98817
37.81807
39.18631
39.04165
38.67608
37.96773
38.39315
37.47792
37.78455
37.58087
38.0528
36.83159
37.85261
37.4646
38.32691
38.5571
39.20362
38.48279
38.28273
41.83946
39.98214
38.24694
38.85147
36.75227
35.88468
35.71137
35.23562
35.34187
35.56124
34.58412
35.18456
34.15894
36.38531
34.89352
34.5689
33.53911
32.4997
33.44799
34.97393
34.60359
36.72545
36.55903
35.06239
35.11451
34.90132
35.53972
34.55965
34.14341
33.03687
32.298
32.08303
31.73636
33.73516
34.22506
33.72524
32.95247
34.32865
35.92578
36.76288
35.00495
36.30553
37.10302
36.60282
38.79059
39.70713
40.30593
39.11881
38.63156
36.68139
37.29775
36.78166
37.112
35.82593
37.12981
36.21019
35.09958
40.49538
38.674
39.63575
38.15603
37.65801
36.75198
35.79119
34.80276
34.18039
34.26555
35.55818
35.27084
34.9543
35.17793
34.6745
34.80789
35.64445
34.40792
35.69454
36.49708
37.36781
37.04871
36.94306
35.91923
35.06883
35.08349
36.48279
37.03258
38.10172
38.21129
37.37698
37.76572
37.86165
39.24846
40.82907
41.77321
41.74208
42.1115
41.53899
41.74629
42.89561
40.6841
39.79737
40.12824
40.03925
40.90005
42.99818
43.53395
42.79866
41.6911
42.98152
42.22566
40.3968
40.31351
39.1151
40.41176
40.54412
39.89111
40.24457
39.40864
38.22744
40.39449
41.78933
42.90284
43.1778
43.38553
42.23584
42.84665
43.60823
42.19673
42.51612
40.73662
40.49998
38.45469
38.90809
38.98129
38.06308
37.56757
38.35979
37.97076
38.30242
35.98314
37.00143
37.38997
37.30654
37.71344
36.68243
36.31465
35.6085
36.02584
37.35399
37.09123
36.96596
36.26513
38.4166
40.42299
40.46937
40.35618
42.02874
42.568
41.03639
39.61905
39.26071
37.58255
38.90146
38.23132
39.54248
41.52194
40.12669
39.49555
39.46181
38.88474
37.74463
39.16487
38.40424
40.57026
41.83513
42.76336
41.87614
43.71542
41.0033
39.77384
38.91917
40.24078
41.13076
40.13146
41.34977
39.92461
39.10773
38.45841
37.13773
36.17567
35.8645
33.90195
32.12423
32.7686
32.94134
32.81077
34.2627
35.29324
34.79858
34.40841
35.54588
34.78894
35.003
35.16538
34.14923
33.03881
33.70165
35.57445
34.69484
34.32805
35.75376
34.57406
34.27295
34.98078
34.10639
35.57122
35.34782
34.46412
35.09981
35.22126
35.16508
33.99519
33.87304
33.3448
33.30806
31.94061
32.02812
31.90268
33.69571
34.93049
35.72972
37.48379
37.80933
