47.91861
49.87246
50.29633
51.84826
53.10915
51.91814
53.73632
52.95562
51.00139
47.70066
52.61713
51.72524
54.90214
53.14301
53.38703
52.6236
53.55124
56.90086
58.06503
56.4732
56.30846
56.09656
52.6337
53.19152
54.05585
54.39996
52.83435
53.24528
50.21287
53.40903
57.87798
59.2341
59.75131
61.53947
62.98871
66.2329
67.3152
64.33872
60.09738
61.54183
63.18381
63.28492
65.61919
67.83466
65.89292
65.77446
67.35475
65.6564
64.92798
65.27738
65.97659
66.21744
63.48902
65.02347
65.60834
62.83793
66.80727
66.54752
64.15757
65.19024
65.43308
63.50919
62.57888
59.00198
52.80832
52.52623
51.81778
51.44967
54.84573
54.53821
53.12268
55.86138
55.86056
57.98823
53.72231
54.89278
54.38654
56.0588
53.28536
52.42286
51.00361
47.18495
46.78807
47.51334
48.97017
49.68099
49.61885
45.12803
43.64916
45.19394
46.55093
47.56858
46.15594
45.55833
48.55562
47.73986
46.58119
46.44907
45.48207
46.91501
47.48158
45.02366
42.76138
42.66748
41.37928
39.79728
43.08107
40.46985
39.36875
39.7349
40.02566
39.05399
42.81635
42.66797
43.81788
48.78417
50.98952
51.39253
51.55654
51.20265
53.12661
51.01102
49.67641
47.10641
49.54152
43.61916
45.83676
45.32916
47.0293
46.7882
48.0597
47.58406
47.50776
45.41948
44.32217
46.9623
46.60342
51.08629
50.24974
51.91683
50.86779
50.79391
50.56949
49.11712
54.67951
51.46387
51.61413
52.00174
53.38153
53.67197
56.94471
54.50961
52.87598
58.24662
57.12756
52.70459
52.79016
52.081
54.00933
51.68281
52.90674
54.03272
50.54156
53.89959
54.74754
56.25153
56.4005
54.95337
52.34545
54.16475
53.58922
51.43449
51.39425
52.83313
51.11576
50.69591
50.6514
50.29686
50.65391
49.04247
47.37377
48.90655
52.15928
51.75907
54.04704
55.1561
56.39226
58.14232
61.73481
65.33809
64.46009
65.28958
64.75166
64.79055
63.62948
63.00561
65.09371
65.36703
67.8783
67.00585
69.30867
65.8689
64.88634
65.30309
63.21458
62.28914
66.16997
64.96422
70.00503
68.38711
66.50465
63.00174
62.19126
61.02216
60.83205
61.36066
54.4333
51.64898
49.04471
44.59667
47.04222
46.65778
48.87504
49.20552
51.99865
52.73062
54.07856
56.83062
57.2578
57.33818
58.35413
59.6762
64.17196
63.48131
63.16119
63.46488
64.68633
69.64317
68.80433
69.02572
67.72212
69.0555
68.99245
69.34565
67.66054
70.42583
73.06301
74.7782
75.82353
75.00845
75.57704
76.46666
78.46988
75.50337
72.44905
72.89848
73.90448
75.57912
70.66938
72.74182
75.10754
72.44428
71.64651
68.95771
64.56634
63.51665
63.86714
61.70303
64.26955
66.12246
65.53662
66.65267
66.3608
66.89463
69.02866
68.11121
63.51635
61.68135
63.80332
60.48107
64.02095
63.99393
62.49706
66.04455
66.79587
67.84899
70.32252
70.60923
69.91521
70.561
73.64179
73.55508
71.04287
70.54378
70.70617
68.47111
68.33809
67.36714
64.79341
64.25277
66.61535
67.93311
66.80677
68.17091
70.56414
68.0242
67.04082
67.89174
67.42177
67.36764
66.76948
61.42136
60.81035
61.22728
61.28939
62.88794
59.91299
60.02551
59.46617
59.92888
60.92103
63.11237
61.35973
58.11491
56.59615
57.12159
55.5593
58.54906
54.78644
54.55957
51.56344
48.99018
48.6105
46.51544
46.57198
46.98277
49.14935
50.30477
49.30387
48.16999
49.05762
49.51145
45.78191
47.29661
49.40965
48.49585
46.66714
48.81796
48.09594
49.11097
52.25435
56.23564
54.45225
53.44673
53.49722
56.50163
54.27523
51.54509
51.40253
54.75202
53.46126
52.39204
51.3797
51.5626
48.83265
48.6283
48.49132
52.0943
49.94627
51.96406
48.02122
48.05697
52.93914
52.06327
52.68367
49.88939
50.45788
49.46066
52.0502
49.18945
51.9421
54.20031
55.56061
51.46305
48.85545
51.18996
52.84332
52.32373
54.15856
55.35312
53.92029
56.5876
57.94193
56.48232
56.72219
57.82853
58.45066
58.37232
56.07584
55.31238
54.06174
55.3482
55.83182
55.23573
54.82989
54.88249
57.48025
54.40195
51.69708
51.53499
51.12496
53.63342
54.62913
54.20527
53.66991
53.59072
55.06942
52.15496
51.96212
55.23932
57.18918
56.50684
55.93875
56.25467
56.85379
57.46284
58.96751
58.49258
55.83297
54.1696
50.43791
48.93347
47.09758
50.40983
51.34672
54.68611
55.17209
54.99572
55.90701
59.74677
63.75223
60.39803
60.91872
62.19963
63.82342
64.52972
70.39716
68.05573
70.56497
69.80724
67.41535
70.18149
72.88501
70.04052
72.94324
70.84265
72.31523
70.3195
70.87572
70.51836
71.83658
72.98032
72.35548
75.29669
74.13271
75.56919
75.82269
73.80501
74.22206
74.05967
72.34122
70.75627
73.09627
76.37917
74.01652
70.63538
71.55735
72.91826
74.23622
73.12976
71.66583
71.56217
74.11224
73.08193
73.87426
73.58491
74.97634
76.16943
74.16223
73.03282
75.68591
77.99015
79.61144
79.04926
78.16767
80.57491
79.49649
82.11393
84.13893
84.36006
81.18967
82.14455
79.79055
78.17246
76.79912
80.41559
78.27504
79.54861
77.60702
76.38965
73.5815
72.67579
72.5195
72.29201
71.09762
73.63819
72.45962
71.84713
70.90127
68.05361
67.90961
72.80861
72.24627
69.17769
71.15191
72.67421
73.05143
72.17624
73.54637
73.26066
73.6821
77.83095
77.59559
78.03561
76.47289
72.56055
72.08782
71.82788
74.15651
72.23748
67.37079
67.67629
67.01197
70.27123
70.66214
75.61578
71.40941
74.35274
77.55119
75.89274
70.24376
67.84173
65.0422
63.72396
63.3669
63.64744
63.53159
66.35677
65.69127
65.02746
63.48231
63.38381
61.811
61.13516
61.77627
62.5511
61.71843
61.27525
58.17558
58.48448
60.04504
56.8999
57.99402
55.50585
57.07103
57.36011
61.25445
62.05845
61.60371
61.8873
62.02463
60.80618
63.19657
62.67815
63.26114
67.42071
68.23092
69.24323
67.36045
66.40219
65.62474
66.41711
66.04945
69.30389
69.03188
69.27021
70.65129
71.02419
70.51155
68.46279
67.4506
66.65831
66.28685
67.79498
70.17929
69.59952
71.17586
73.73017
76.42739
75.97104
74.69272
77.56961
75.49629
76.43221
77.89879
77.5121
79.09798
78.06955
74.06249
75.27313
79.83436
76.54004
71.02038
69.73782
67.3056
68.5166
67.91677
67.52397
65.00611
59.4269
55.78832
58.01855
57.13502
54.38287
52.35987
50.94585
49.80795
46.47502
46.75993
48.61285
46.73466
44.46048
43.03987
46.42652
43.55108
42.16134
42.41121
45.47079
47.87207
47.35817
50.82585
52.11206
51.61811
52.51021
51.06261
53.67536
55.39552
50.92845
50.14827
47.33306
46.22221
49.4546
50.98263
55.03603
58.55903
58.19186
59.03254
58.26765
59.96446
61.16534
60.24684
60.82006
59.19706
60.09132
60.04997
57.36518
54.9932
54.83339
54.78971
53.23079
56.06463
56.14074
60.83366
61.21147
63.10877
62.41985
62.80992
60.43469
61.55885
57.61165
60.29743
60.25918
58.0489
57.09383
55.36309
55.98557
56.20074
54.55239
52.90225
56.11506
53.82934
52.22746
49.92633
49.38037
51.88573
53.96384
55.2365
54.90157
55.51253
55.30367
55.61637
52.21315
49.88386
51.11688
50.14478
46.50054
46.77488
46.72243
45.14475
42.64736
40.74833
42.26125
42.98803
44.97974
45.6871
47.2662
49.08575
49.19388
51.28263
49.89929
51.20078
51.26445
53.11309
53.92834
55.33719
56.70048
53.71477
53.15708
55.64498
53.7766
57.02859
61.06768
61.82029
63.56214
63.29206
62.9144
62.06995
61.14742
58.09331
55.70207
55.53526
57.17073
54.00463
57.26414
55.46194
53.90957
50.45547
51.76717
53.04026
54.25864
54.69545
51.09379
49.45016
51.80204
54.01913
55.22741
55.43204
56.31632
56.18168
55.95643
54.15358
53.79635
54.53083
53.24932
55.00009
55.24559
53.55519
53.42088
55.23893
57.11859
56.48791
57.82862
59.46069
60.27183
61.75146
60.75833
62.03479
57.19793
57.95855
58.01397
54.48139
56.49697
53.27206
54.55205
56.44303
59.03823
62.64594
63.26047
63.75882
68.51845
72.2897
73.5372
74.1819
72.04958
68.628
69.13284
67.89891
67.07921
61.24589
58.59015
56.80216
54.95656
54.56018
54.56711
58.28372
59.52139
58.86928
60.61922
61.19637
60.42297
59.9341
60.19886
62.42791
59.19868
55.70493
55.0393
54.4212
52.60223
56.84843
56.43204
53.17026
54.04129
55.23742
53.67796
55.36815
54.82951
58.35193
56.41867
57.45131
57.72975
60.41162
64.5605
66.88245
67.56528
65.04966
64.15058
62.74475
64.74604
65.00835
65.57014
62.18333
61.2395
61.67874
60.7282
62.64429
65.88602
67.8965
67.26992
65.81239
65.0511
66.86275
64.69959
62.69805
61.61546
62.57081
61.1288
62.35812
59.11798
57.83518
52.15167
52.56942
52.97981
53.70272
51.61106
50.9591
53.20848
54.36583
55.95333
52.17307
53.51771
51.61547
47.57798
47.65843
48.61645
47.63125
45.28956
45.17012
47.53773
45.43841
45.7871
50.23298
49.16668
50.9552
51.35247
48.20486
50.21722
49.05553
48.75181
50.8809
54.48651
55.21985
55.68916
59.90019
57.98157
56.29593
57.30821
53.43783
52.35307
52.2625
52.95138
52.70988
49.97828
51.17678
53.20064
52.66275
54.90635
55.17527
55.83415
58.30258
55.76655
53.45592
54.12285
54.94019
52.54969
56.23875
55.28993
57.57307
58.66148
58.90323
61.16454
62.94888
62.28921
62.29331
59.15721
61.892
65.48595
63.80914
63.4713
63.64542
63.99141
66.97988
64.22477
59.75997
57.51217
58.50933
60.44251
62.45864
63.19921
64.42904
63.79231
62.94508
61.63739
63.75363
64.31504
65.62238
64.37257
64.89095
66.9165
62.13498
62.24968
61.0047
63.37593
63.24348
61.15982
62.35539
60.83491
61.45039
61.64724
60.99542
59.68453
59.94406
58.70582
54.63174
53.72146
50.24767
52.15957
48.60025
52.05356
54.67311
58.66523
57.43219
58.71874
59.38459
58.99704
60.91644
65.2455
65.3401
61.89137
63.90869
62.28567
59.93025
60.75958
61.14289
59.47151
59.38904
58.26757
56.41381
58.979
61.97567
61.43582
