248.0612
228.1898
233.0476
234.4265
246.0765
237.825
227.5269
247.4816
241.8418
254.3373
240.6379
248.3822
230.753
234.5469
212.3917
226.8019
241.4858
237.8092
265.282
285.9073
233.9742
258.4786
222.2879
240.3068
232.6564
246.5827
225.0534
261.9688
272.5859
249.6607
257.2326
186.798
247.1013
221.704
197.8211
221.4072
217.9595
209.5316
232.6783
238.3809
214.9982
274.4087
241.7363
232.8219
225.6179
247.5993
270.5075
253.4996
260.8823
238.6063
252.8984
232.9209
257.4166
214.2054
224.8678
249.6548
202.4303
235.9132
231.8876
243.6552
213.0777
235.1006
248.8135
244.79
227.6654
224.153
228.4775
236.5621
222.058
216.9684
243.8212
218.9609
233.2412
208.7659
210.7233
239.7507
243.9531
267.0618
237.1831
217.1081
246.8888
225.6278
239.0501
270.8725
237.5082
214.3432
231.8586
213.4292
199.9405
234.5611
259.7958
229.1951
271.8262
237.5952
233.8105
221.1176
212.5295
224.1502
209.9989
216.3979
207.0058
229.1201
192.5176
206.0425
233.0457
224.7859
225.987
240.4275
238.093
214.5127
205.3286
213.5581
250.5468
248.7621
236.1996
248.4551
221.7928
193.9993
260.8388
218.9704
240.058
210.3749
227.4199
220.7846
203.4297
251.0576
243.0635
240.8295
263.2721
244.8149
238.2065
216.2333
246.4655
216.1574
255.4548
240.957
208.6502
258.9253
268.8152
219.5697
232.9656
250.434
244.2934
241.0131
260.9526
228.8609
264.2697
239.1873
249.3895
237.8634
253.4625
230.7177
244.6725
226.6075
246.1056
274.8689
226.5852
202.8216
234.6064
225.1683
234.2171
209.0447
230.7393
204.1263
249.9689
225.7523
223.3914
232.8168
230.1814
263.8529
227.7947
216.1963
249.886
225.0906
219.9473
199.0223
217.42
208.3116
233.8524
213.2463
227.4682
252.7522
294.0764
238.4676
239.0887
239.2511
221.4465
263.7368
238.0967
242.5506
222.4089
211.7769
280.687
239.1786
244.8972
228.5272
249.1418
249.9462
230.07
272.3322
206.3351
233.9771
249.7129
219.9307
217.112
237.7068
247.3456
271.0081
242.8581
248.7571
238.5608
268.4285
222.6363
247.393
209.8044
240.7888
217.88
240.2901
214.739
238.7923
199.6145
214.064
247.3726
234.8099
227.407
233.2439
255.5424
265.614
225.9992
220.1493
233.3672
246.6565
246.7836
245.8677
228.9843
188.0529
223.7362
241.5463
248.0757
217.867
213.3699
240.7732
254.7738
220.7856
240.7709
227.7051
225.8758
235.7253
237.7365
270.8355
232.865
237.1692
206.4372
215.5491
246.918
272.8653
220.8553
237.0517
253.8996
243.9834
275.0457
237.4723
246.0852
236.1781
227.3596
254.1481
218.7223
249.8266
249.783
262.7132
248.1247
258.4976
222.67
229.3686
216.4436
232.928
253.6906
245.366
206.3061
215.901
233.5205
219.2195
240.4359
216.9694
230.6538
220.1359
249.8847
248.2235
235.3762
265.5931
228.9279
272.4593
223.7225
224.4524
253.806
233.1227
240.2379
211.5166
239.8365
214.342
199.3418
214.416
224.0661
213.9674
249.6547
247.3309
245.2985
233.3438
232.2466
201.8951
272.1526
226.1506
263.4942
221.1645
239.2373
219.6341
247.4788
218.007
235.7362
243.2664
237.1717
237.174
257.3969
235.4758
264.5938
236.1664
253.647
244.1578
266.6901
230.5701
275.1098
222.0543
224.8918
252.9062
226.9779
212.7766
253.6627
208.0883
242.361
206.9882
255.2403
239.8425
217.0494
268.4673
235.7381
240.9672
278.9903
216.8329
282.0314
217.6214
244.8443
233.4503
238.0657
230.1973
241.5964
253.6297
247.9508
212.6309
236.9368
241.2964
226.8595
237.2218
234.2338
227.3327
249.9093
231.6855
224.2495
214.2566
236.9505
226.1289
212.228
233.3885
226.7067
234.2194
223.7186
219.4386
265.4115
235.1748
241.7968
205.5973
244.3421
254.4576
244.9246
262.2033
226.9022
235.3273
236.9211
241.7821
223.1773
232.9367
252.5483
234.625
204.7075
234.5907
253.3911
217.801
218.532
224.3725
189.272
244.4573
213.9586
235.7714
218.433
218.6645
237.4768
244.8025
257.6354
249.772
242.0995
235.0929
207.6598
241.0512
217.0995
200.9245
233.0689
251.0793
235.7272
226.4466
242.29
213.1626
249.2261
225.7065
234.9416
224.3707
236.1655
241.8117
244.3977
215.5235
242.6047
238.9947
236.6586
233.0627
192.5191
249.6446
222.8463
224.3279
233.6531
256.7838
218.4116
206.6658
220.5272
236.397
240.567
227.4823
191.7473
236.0882
213.0293
235.7652
220.2356
217.3297
223.6688
230.8917
234.0565
225.4877
237.3421
251.082
212.2445
227.5204
222.254
232.9553
241.2607
231.593
219.9692
211.9456
231.8585
188.0013
228.4882
220.7572
233.653
218.6935
237.7037
223.7267
212.6955
250.1072
230.2017
221.0488
230.7261
233.2694
234.1265
201.0705
216.9439
240.7187
239.4486
244.4666
234.0423
226.8942
231.2236
210.6923
225.251
236.5945
238.8562
235.8516
255.4402
232.0821
244.0227
219.0611
247.4518
207.4427
228.6272
219.1316
240.0305
230.6021
225.9032
243.9112
275.6955
226.9023
221.9756
229.0511
211.4722
222.2673
208.0394
286.3354
286.167
202.9661
225.4419
217.6679
205.2874
238.2812
211.0547
234.1218
223.3247
223.8183
259.3368
233.5513
227.371
210.1632
253.7376
225.2076
215.7029
231.2116
255.5458
212.411
225.788
219.337
231.1205
214.1262
245.753
208.8008
221.7326
228.075
237.0752
214.7756
236.6569
209.4239
245.8872
216.1648
257.5917
241.8426
232.2359
248.7444
240.6721
233.8053
246.8365
254.873
221.6127
229.5425
242.1712
230.4328
290.1194
240.3832
258.7432
247.8825
241.7559
232.772
198.6519
243.2274
236.7081
218.6706
202.4189
220.9819
235.379
250.5578
238.9604
220.0064
234.3722
224.5085
223.8185
234.5924
260.0015
226.3093
247.0725
205.0723
238.5624
236.0544
255.8604
262.7254
233.9292
227.5243
206.5563
228.3155
234.3453
247.7954
215.5974
216.0216
246.751
225.5472
236.3618
240.6841
231.4293
222.1074
208.9266
242.738
246.0534
233.0579
232.0894
188.8351
241.6204
267.5176
202.4269
240.1592
268.5111
228.8336
219.1371
240.5318
196.9413
225.9161
231.0356
263.7219
225.3442
203.8721
221.6152
229.1495
210.2918
220.3302
228.5231
252.78
210.9703
235.5576
252.0713
278.7041
259.0234
238.2748
239.1198
237.9568
235.8528
222.8127
225.4028
233.5736
223.661
222.2028
201.092
236.3938
194.052
244.6845
236.6751
234.5469
244.84
243.0388
237.6687
226.6528
220.7234
245.1717
246.4459
238.4562
258.8753
232.5491
213.6347
246.2755
249.9486
211.6388
236.6254
262.2294
221.2992
221.2374
220.9268
228.3628
253.2991
220.8929
236.7232
238.1625
214.0413
225.2072
221.598
262.6831
290.9308
203.7227
232.7491
223.364
210.2171
235.9874
202.3637
209.0292
228.101
196.3862
261.9391
228.8888
212.7502
241.5284
237.296
227.5204
276.1129
197.0857
214.5574
243.7085
235.3078
217.3376
198.0308
190.6504
226.4722
213.2416
202.0095
239.3375
235.7514
263.4355
251.707
217.5596
245.7491
252.7515
227.4903
210.4574
231.0049
285.6185
235.6543
224.1702
227.7169
225.9816
274.2247
229.0202
266.6722
215.2349
225.8786
246.331
234.3126
237.2094
263.9393
232.6007
211.4302
265.778
254.9764
216.0493
255.4236
241.9475
233.7924
209.4506
233.6063
255.1862
235.7139
248.6433
229.6249
218.5711
225.3868
261.9187
220.8943
231.8512
222.1056
211.4051
202.1285
225.3232
224.008
221.1647
232.9102
243.7311
227.075
213.1222
252.9845
244.6744
214.4029
261.9074
245.4064
219.7089
225.5081
206.1121
224.2905
269.1283
226.3858
224.5515
217.0528
256.0237
223.992
229.2105
224.1166
212.8849
220.1936
235.4279
235.3417
226.7523
241.9296
239.5819
277.0202
217.5911
245.637
222.5453
249.7101
261.0942
226.425
210.7267
262.2436
216.0556
225.2863
232.5435
223.5882
208.0522
232.0241
240.9038
219.7636
228.6819
256.1446
238.9368
202.4042
235.8228
264.9011
252.9075
239.5071
238.1326
225.3906
231.8525
219.8607
245.5696
245.1534
256.884
274.6692
280.7225
255.8169
277.8822
232.0472
303.4847
219.5493
239.1852
250.9469
256.2081
217.8051
234.7457
230.9174
257.6461
241.6342
227.1844
236.4811
243.5844
240.5414
266.1212
222.4371
244.9458
240.3835
240.6506
253.444
263.5717
229.8573
224.1834
232.478
211.6748
220.3582
229.2656
201.765
246.5825
197.8104
229.3796
249.2108
220.8039
236.0239
217.1353
242.8418
230.8774
224.969
231.4781
234.5542
276.5705
238.0338
217.1213
226.8661
215.3606
227.9833
237.4565
256.1939
253.0355
232.2289
250.6976
219.0966
245.517
215.0924
204.8812
240.3044
232.289
251.1731
222.0987
258.7603
222.9616
202.2871
215.0887
244.0876
234.0434
219.0737
268.8671
263.5679
230.7313
239.8427
218.1395
219.6985
211.6946
232.5264
237.0914
230.2105
215.0605
200.6132
234.2701
211.7211
231.8373
242.4684
230.6895
234.8044
238.6524
242.5464
233.8126
219.9797
251.5669
209.1705
235.7894
232.9561
230.5847
216.2207
223.5711
196.2988
269.9246
209.3825
226.3004
231.7349
237.3897
283.0643
249.0616
239.8581
237.3504
304.1462
255.9932
241.0931
238.9174
260.2876
222.5816
242.4747
225.8627
232.4166
255.742
282.6331
236.9128
248.6873
264.5962
243.8519
235.0934
223.086
241.1888
233.9668
223.109
247.0398
250.2338
245.8365
242.2975
253.0781
250.5013
223.1305
209.1583
209.8165
221.4187
235.8011
223.0694
227.6496
238.2947
234.9446
236.1044
273.6738
243.9172
243.1313
264.0763
224.5571
237.4898
245.268
236.4578
234.8985
231.302
229.7957
230.9599
231.1769
218.4375
224.9026
230.169
227.2147
185.6857
207.294
224.4384
222.3404
266.774
221.1492
195.7538
237.1255
214.9748
219.8979
216.827
250.818
221.5092
243.0365
246.9398
221.6169
243.5909
215.2495
226.6526
235.7569
219.4138
230.7461
248.5684
238.5115
233.5169
232.4066
218.7536
