0.3267553 0.7018112
0.236209 0.5408457
0.2510253 0.518236
0.2068418 0.4832981
0.2225063 0.4320524
0.2207613 0.4812245
0.2093568 0.4957034
0.2244901 0.4934529
0.2221071 0.482292
0.2059582 0.5065189
0.2301282 0.4435404
0.2310952 0.4384425
0.2244675 0.4363611
0.24615 0.4721536
0.255364 0.4447279
0.2366496 0.5037582
0.2501629 0.3995962
0.2075546 0.4178256
0.2211042 0.4476285
0.2038177 0.4223079
0.2047639 0.3994618
0.2185023 0.3980722
0.2194426 0.3823299
0.1988561 0.3891904
0.2225368 0.3616376
0.2180655 0.3170568
0.2341759 0.3586372
0.2638398 0.3473187
0.2610224 0.332191
0.3015659 0.3566085
0.283962 0.3240979
0.2779145 0.3103118
0.2722529 0.3687723
0.2457851 0.3822145
0.26589 0.4141235
0.2680394 0.3862416
0.2851541 0.3785961
0.3290506 0.355828
0.3466799 0.3379469
0.3712635 0.3374217
0.3999392 0.2981786
0.4043326 0.2907754
0.4272332 0.253389
0.4180381 0.2645751
0.3682452 0.2832228
0.3395311 0.3079544
0.3308023 0.2638263
0.3109935 0.2586623
0.3421062 0.2916868
0.3200978 0.2718138
0.3384635 0.2634912
0.3582983 0.2519963
0.3015534 0.2628948
0.3326722 0.2658078
0.3280238 0.2656065
0.3404856 0.2589226
0.3449796 0.2334136
0.35052 0.2384998
0.3319356 0.239562
0.3515808 0.2728292
0.338125 0.2224752
0.3550395 0.2292402
0.3702099 0.2254895
0.364178 0.2347179
0.4252876 0.227191
0.4238093 0.1918398
0.393626 0.2096643
0.4106226 0.2005193
0.3827437 0.2063861
0.44134 0.228558
0.4522404 0.2149788
0.4446449 0.2131344
0.4148924 0.2127491
0.4777721 0.1868172
0.4654468 0.182799
0.4598591 0.1898621
0.459369 0.1916627
0.4268499 0.1785048
0.3583263 0.1847265
0.3902561 0.2191833
0.3903066 0.2055509
0.4330395 0.2049652
0.4638785 0.2172145
0.4193551 0.2286422
0.3809187 0.235632
0.3874728 0.2444962
0.3879087 0.2542565
0.3505132 0.240407
0.3765546 0.2238967
0.4112502 0.215701
0.3930475 0.1822968
0.4283878 0.2241776
0.4665643 0.2006793
0.4718881 0.2083814
0.4702406 0.2015653
0.4300008 0.1985893
0.4071465 0.1972649
0.364743 0.189231
0.3914378 0.2048183
0.3923949 0.2203001
0.3735299 0.2027862
0.391715 0.2079128
0.392548 0.2011712
0.4166995 0.17091
0.4150519 0.1686613
0.4670786 0.1794271
0.4350372 0.2083241
0.4536792 0.2115784
0.4277324 0.2218728
0.3963389 0.2236777
0.4238101 0.2355129
0.4238339 0.2328062
0.3557344 0.2639555
0.4204696 0.2834165
0.3882254 0.3208208
0.4026752 0.3110236
0.400401 0.3164367
0.4233168 0.301029
0.3768133 0.2991271
0.3789319 0.3114415
0.3935671 0.3167067
0.3776943 0.2984351
0.308389 0.3023516
0.3133356 0.3179621
0.3352012 0.3608938
0.2883206 0.3180535
0.3311376 0.3239875
0.3021448 0.3397025
0.2999593 0.3281417
0.3414434 0.3455112
0.324395 0.3380131
0.2764807 0.3672527
0.2910118 0.406651
0.24858 0.4459876
0.2274258 0.4427984
0.2025487 0.4886156
0.2181447 0.4744318
0.2529589 0.4171839
0.2384334 0.3752896
0.234625 0.3752066
0.2465425 0.381556
0.2620125 0.3827016
0.2972982 0.3502702
0.2754169 0.3213303
0.2610243 0.331979
0.3071476 0.3373495
0.3361925 0.3105702
0.3754942 0.343672
0.3938952 0.3161797
0.3956983 0.3166604
0.3840186 0.3096134
0.3739352 0.3032384
0.3815313 0.3066316
0.4064588 0.2876478
0.4096168 0.2546448
0.3877423 0.2547339
0.4053355 0.2912
0.4542631 0.3384179
0.4633517 0.279585
0.422235 0.2471824
0.3927014 0.2581879
0.4166324 0.2860977
0.4005216 0.2728595
0.4072145 0.2811418
0.4497744 0.2733734
0.4689843 0.255163
0.4882771 0.2175342
0.5020155 0.2489762
0.488108 0.2141531
0.4950935 0.2270731
0.4646569 0.2077868
0.4786561 0.1935019
0.4816409 0.2016181
0.5052835 0.1886474
0.4945296 0.1756065
0.5010691 0.1797382
0.5240965 0.1916037
0.5093212 0.1846191
0.4615357 0.1898729
0.4794774 0.1885356
0.4846096 0.2024254
0.5341482 0.1912375
0.5460857 0.2217308
0.5343705 0.236452
0.52688 0.2322793
0.4886331 0.2222536
0.4446035 0.2355155
0.4492228 0.1996446
0.4407686 0.1911559
0.5011023 0.1907841
0.4242938 0.226026
0.428446 0.2444973
0.4492924 0.2367332
0.4901516 0.2173356
0.4647052 0.2258131
0.4714861 0.261086
0.4580889 0.2808637
0.4422505 0.2714614
0.4681214 0.2824813
0.4574505 0.2908852
0.4291681 0.2859686
0.4486394 0.277971
0.4339186 0.2810926
0.4183768 0.2467932
0.4422587 0.2481559
0.4159153 0.2961486
0.3901886 0.2986902
0.4036762 0.3222106
0.4435064 0.3086672
0.4711353 0.3105593
0.4398529 0.2667242
0.4864244 0.2696205
0.5032378 0.3024479
0.4433707 0.2968738
0.4652309 0.2958487
0.4773804 0.2782557
0.5258811 0.3048282
0.5040618 0.2751843
0.5224485 0.2688863
0.5211692 0.3133617
0.5252851 0.2563895
0.5514426 0.2842812
0.5646549 0.2675875
0.5295742 0.2663065
0.4864064 0.2736392
0.4811216 0.2764377
0.5118286 0.2734865
0.4942306 0.2885389
0.4666347 0.2769591
0.4281773 0.2826969
0.4390694 0.2506476
0.449514 0.2794515
0.4613371 0.3024661
0.4483311 0.3208907
0.4856026 0.2849695
0.5232061 0.3228162
0.5161471 0.2835025
0.5318682 0.2441276
0.510569 0.2560246
0.5361556 0.2605606
0.5247335 0.2356018
0.540849 0.2557105
0.534854 0.2738302
0.5417139 0.2636549
0.5681245 0.2512492
0.5637899 0.2590416
0.5815281 0.2623318
0.5891077 0.2732493
0.5187662 0.2638519
0.5064758 0.2650591
0.5257977 0.2829112
0.5228339 0.3175406
0.526795 0.3365582
0.5579641 0.3144614
0.5241659 0.3240486
0.5273313 0.3412412
0.5284198 0.280949
0.5103586 0.2834094
0.533653 0.2947261
0.5632726 0.2901335
0.5269076 0.3178756
0.5204787 0.3048388
0.5274131 0.2994595
0.525491 0.297394
0.5775002 0.3380721
0.5286125 0.2601442
0.5401647 0.2551018
0.5451291 0.2663014
0.5715563 0.3144755
0.6016168 0.3141253
0.5793152 0.3006396
0.5825792 0.2572494
0.5839535 0.2385448
0.5837419 0.2453667
0.5947785 0.2302544
0.564295 0.2260249
0.5770353 0.2100484
0.5775596 0.2316472
0.5882269 0.2583978
0.56511 0.227364
0.5715445 0.2395181
0.5873535 0.2603748
0.5276264 0.2527554
0.5262393 0.2771594
0.4961688 0.3030095
0.4781039 0.270615
0.4617767 0.2502973
0.4374213 0.233015
0.457401 0.2412579
0.4760297 0.2407966
0.4806564 0.2092872
0.4766717 0.2039535
0.4729908 0.2332327
0.497221 0.225714
0.5586949 0.2111947
0.5769798 0.2201423
0.5286205 0.2386607
0.5255352 0.2257202
0.5272701 0.2054944
0.5086037 0.2108361
0.5072407 0.1884083
0.5232757 0.2099971
0.5116937 0.2044007
0.5188722 0.20021
0.5426629 0.2022913
0.5142652 0.205039
0.5013305 0.2091146
0.5116768 0.2196408
0.5080986 0.2225578
0.5092087 0.2042758
0.5007079 0.2077673
0.5175217 0.1984849
0.5341245 0.181937
0.5542558 0.1747433
0.5645448 0.1851551
0.5172138 0.1817109
0.514258 0.182467
0.5403822 0.1743849
0.5342485 0.1745674
0.5389602 0.1930752
0.5267456 0.1954839
0.5281021 0.1874499
0.5410973 0.2075088
0.5249063 0.2042843
0.5693835 0.2074244
0.5607522 0.2165802
0.5456164 0.2168445
0.5511592 0.2178289
0.5630754 0.2153663
0.5638808 0.2180031
0.5345811 0.2306918
0.5320706 0.2339026
0.5329753 0.2276777
0.5153299 0.2358575
0.4879526 0.2211204
0.4969923 0.2639901
0.5437313 0.2616672
0.5006661 0.2591807
0.5022998 0.2877238
0.5065956 0.2821341
0.5194533 0.2605706
0.5311793 0.2515775
0.5604656 0.2394552
0.560439 0.2805536
0.5453504 0.28275
0.5488411 0.2593838
0.5605213 0.2642848
0.5797945 0.2536968
0.5919978 0.2285622
0.5931296 0.2230588
0.5737029 0.2324858
0.5267059 0.2206141
0.5324278 0.2217494
0.5605223 0.2276785
0.5649724 0.1735098
0.5517158 0.1622737
0.5646692 0.1628172
0.583988 0.1861492
0.5329838 0.1798119
0.5283997 0.19234
0.5536704 0.1897959
0.5420779 0.190264
0.5123034 0.180078
0.5481467 0.1662195
0.5470343 0.1671756
0.5526016 0.170476
0.5586916 0.1834403
0.5457286 0.2062042
0.5504015 0.219533
0.5616179 0.2124118
0.5344666 0.1948857
0.5541945 0.1609172
0.5491541 0.1680433
0.5647161 0.1618582
0.5761164 0.1672526
0.5925603 0.1735199
0.6066667 0.1818818
0.598081 0.1895707
0.5737576 0.1881158
0.5994281 0.1894146
0.604844 0.186729
0.6412942 0.1931931
0.606519 0.1927969
0.5844262 0.2002675
0.5887954 0.2021259
0.6247234 0.1820521
0.6255018 0.1834693
0.6156109 0.1779199
0.6001794 0.1865578
0.6156931 0.1873205
0.6059915 0.2183008
0.6221254 0.1927804
0.6197744 0.2354706
0.6245992 0.2110851
0.6237028 0.2147868
0.6183069 0.2293821
0.5982823 0.2284683
0.6018035 0.2506199
0.6056546 0.2600472
0.5603434 0.2617025
0.5907149 0.247838
0.5692334 0.2613032
0.4982046 0.275396
0.5255729 0.2561918
0.5867732 0.2665154
0.6029597 0.2508858
0.5747528 0.2334431
0.5847005 0.2434146
0.5641375 0.2652083
0.5433494 0.2806869
0.6035922 0.2944517
0.58503 0.2704598
0.6156359 0.2500225
0.6435093 0.2249735
0.622777 0.2107062
0.6404605 0.2163217
0.6487603 0.250274
0.6508617 0.2449507
0.636885 0.2302455
0.6360306 0.2404686
0.6362244 0.2130111
0.6510504 0.2422426
0.6113746 0.2954391
0.6048105 0.2510693
0.6163552 0.2268974
0.6207637 0.2227463
0.6415829 0.2356684
0.6378717 0.2217849
0.645598 0.2359842
0.6924577 0.2300249
0.7181851 0.2270534
0.6867318 0.202201
0.69921 0.185555
0.6999845 0.1834939
0.7153774 0.1791355
0.7315195 0.1916613
0.7661122 0.2050605
0.7996095 0.1985808
0.7920442 0.201671
0.7888073 0.2045579
0.7668914 0.1968457
0.773846 0.200381
0.7452939 0.2125397
0.6833336 0.2278494
0.6766032 0.227714
0.6945637 0.2580157
0.7012596 0.2394028
0.7097868 0.2481479
0.6978553 0.260933
0.6942278 0.2542245
0.6836468 0.2582849
0.6838461 0.2386067
0.6751651 0.2468921
0.6368079 0.2613426
0.6046818 0.246093
0.5668944 0.2581663
0.5936806 0.2169714
0.5784135 0.1973667
0.586981 0.1988603
0.5998153 0.2057602
0.5313781 0.2063838
0.5477981 0.2115822
0.5215408 0.2302731
0.5448223 0.2469863
0.5185241 0.2536762
0.5288827 0.2687141
0.5211165 0.2510637
0.506984 0.2437838
0.5106196 0.2322716
0.4842856 0.2434206
0.5248657 0.2770299
0.5150442 0.2552917
0.5019369 0.2443888
0.5178235 0.2780259
0.5532287 0.2402043
0.5393983 0.2413877
0.5522796 0.2296742
0.5372003 0.2173867
0.5740454 0.2012971
0.5891233 0.2148593
0.5897676 0.2349543
0.6208013 0.2410488
0.6388682 0.2371283
0.6210389 0.2353753
0.6483903 0.2079338
0.6898254 0.1997206
0.6432209 0.2064979
0.6442521 0.2174345
0.6496136 0.2001238
0.6805475 0.1920682
0.6810019 0.1822511
0.733114 0.1752194
0.7148118 0.1834606
0.7223229 0.1888612
0.7343729 0.1811611
0.693212 0.1962584
0.6781105 0.225324
0.6455472 0.209888
0.6172114 0.2423695
0.6358515 0.2189116
0.6451384 0.2293957
0.6433011 0.2193606
0.7115292 0.2155448
0.6508215 0.2152992
0.6488724 0.2211539
0.6311293 0.2002602
0.6038597 0.1899999
0.6078481 0.2005677
0.6076444 0.2209562
0.5941346 0.1728975
0.5813942 0.1994709
0.5760245 0.2098021
0.5516263 0.2220974
0.5413929 0.2166854
0.5485247 0.2056778
0.4999791 0.2153256
0.4936824 0.2144705
0.4940006 0.168979
0.5282195 0.1836142
0.5183698 0.1881433
0.5236217 0.2022752
0.4829679 0.2181011
0.4527888 0.2090359
0.4096186 0.1889705
0.3946826 0.213889
0.394453 0.2533867
0.4754696 0.2683458
0.4055845 0.284724
0.3949409 0.2386068
0.3705721 0.2533763
0.3509224 0.2691493
0.3714139 0.2592662
0.3509682 0.2754785
0.337542 0.2647069
0.3460576 0.256083
0.3252964 0.2733379
0.3222851 0.2699828
0.2980227 0.2727459
0.2932269 0.2680807
0.3358529 0.2708094
0.2779636 0.2996157
0.2799498 0.3049269
0.2572184 0.3143683
0.2775925 0.3727
0.3228952 0.3736288
0.3281622 0.4128649
0.2977345 0.4049009
0.2933712 0.4312446
0.3103468 0.4272407
0.2676743 0.4594623
0.3052897 0.3942099
0.3000898 0.3464639
0.3287685 0.3948683
0.301838 0.428007
0.3428372 0.3950688
0.334635 0.4154784
0.3426046 0.4194082
0.3251204 0.3846115
0.3311033 0.3580388
0.3221252 0.3411931
0.3278997 0.3293333
0.3311636 0.3317429
0.3397298 0.3113317
0.3521164 0.3423282
0.3203607 0.3671029
0.2937506 0.3690417
0.2997382 0.3995528
0.2818363 0.3665005
0.3012122 0.3532902
0.290159 0.393375
0.3086263 0.4641397
0.3227956 0.4305683
0.2511118 0.3894034
0.2781907 0.3965549
0.2667766 0.4404517
0.2681687 0.4619656
0.2661677 0.4865104
0.2597608 0.4492783
0.266956 0.4469706
0.2533095 0.4529964
0.2866072 0.4395341
0.2821759 0.4490545
0.2900911 0.4156779
0.3028485 0.372002
0.2818247 0.3759624
0.3422209 0.3930709
0.3211734 0.3522881
0.3110827 0.3413554
0.3239581 0.3448448
0.3376043 0.2962813
0.3527496 0.3604174
0.3822923 0.3425814
0.3751008 0.3622545
0.3513109 0.3559526
0.3677089 0.3398974
0.3858108 0.3106861
0.3807019 0.3325448
0.3263322 0.347565
0.3347868 0.3438476
0.3525794 0.3393053
0.3135202 0.3458961
0.3296303 0.3325474
0.3313394 0.3300867
0.3410533 0.309326
0.3619042 0.3177753
0.3861586 0.3285657
0.4099611 0.3542411
0.4121437 0.3520328
0.4071709 0.3293364
0.3806309 0.345582
0.3900028 0.3331843
0.3937066 0.3632249
0.4063229 0.3627586
0.393185 0.3793094
0.4048991 0.3522448
0.3521977 0.3519641
0.3831196 0.3186996
0.386362 0.3302107
0.3600069 0.3076549
0.4144968 0.2965894
0.4009681 0.2580391
0.3946367 0.2659974
0.4163452 0.2797556
0.4330058 0.2362917
0.4247767 0.2210552
0.4368389 0.2238414
0.4029172 0.2302117
0.4110465 0.2286126
0.4294559 0.2386481
0.4164637 0.261527
0.4091314 0.2834477
0.4401112 0.2618457
0.4460355 0.2379272
0.4527471 0.2515409
0.4810501 0.2533593
0.4640904 0.2400641
0.4784895 0.241525
0.4916296 0.216276
0.4839803 0.2376238
0.4917845 0.2540276
0.4801865 0.2703986
0.4903885 0.2793852
0.5061205 0.2610746
0.4915931 0.2679424
0.5406944 0.2480383
0.5118015 0.2767974
0.511078 0.2674348
0.5034659 0.246818
0.5253743 0.2672348
0.5166881 0.2731401
0.537349 0.2831349
0.4915053 0.3200759
0.4832502 0.3458222
0.4993344 0.3750796
0.496667 0.3419232
0.4613881 0.3498847
0.4997412 0.3385059
0.4926508 0.3057414
0.5360928 0.3121971
0.5328178 0.3360688
0.4988035 0.3154059
0.4813658 0.3272907
0.4517344 0.3824315
0.4564022 0.3158805
0.4832877 0.3783888
0.5403851 0.3561301
0.5469873 0.3400357
0.550275 0.330768
0.5317538 0.3188842
0.4843062 0.3823395
0.4536867 0.3843619
0.4635682 0.3839715
0.4527441 0.3665394
0.4425567 0.3779961
0.4125461 0.3952843
0.5196643 0.4057424
0.4796433 0.4352013
0.4854675 0.4302401
0.4876893 0.3911387
0.4793512 0.3773292
0.5134725 0.3477837
0.5250701 0.2832988
0.514777 0.3345269
0.550171 0.3386623
0.5327544 0.3042385
0.542185 0.2875059
0.5006511 0.3201978
0.5227879 0.2887704
0.5036465 0.3203715
0.4773698 0.296648
0.4675308 0.2749021
0.5067561 0.2938951
0.5432142 0.3221095
0.4957966 0.3392018
0.5117529 0.3020551
0.5172508 0.3178018
0.5191397 0.2949435
0.4904776 0.3020729
0.4512733 0.3257326
0.4649882 0.3079274
0.5093869 0.3112256
0.5263579 0.2951445
0.5269823 0.3135024
0.5078276 0.3057561
0.4982992 0.3312425
0.4922969 0.3090456
0.4786265 0.2809369
0.482966 0.2915807
0.4535183 0.2974497
0.4644775 0.2926471
0.4616128 0.2813192
0.4484598 0.3355434
0.4461482 0.2824791
0.4944671 0.3136508
0.4616423 0.2773455
0.4688854 0.2859184
0.4687617 0.2687555
0.4877278 0.3022017
0.4876017 0.3082898
0.5156333 0.2673248
0.5275431 0.2695056
0.4878434 0.2267814
0.4755015 0.2661647
0.4794747 0.2536645
0.5137364 0.2234238
0.5513002 0.2472508
0.5626938 0.2039005
0.5593467 0.2221472
0.5285046 0.2479486
0.5675602 0.2283298
0.6291926 0.2415174
0.6099993 0.21732
0.6086769 0.2214585
0.6423246 0.2151512
0.6283162 0.1984052
0.6400101 0.2063909
0.6138914 0.1972819
0.6153831 0.2014475
0.6547028 0.2110181
0.6586085 0.2278999
0.6730807 0.2533442
0.6601267 0.259051
0.690698 0.2365362
0.6911123 0.2315374
0.7056444 0.2570931
0.7709728 0.2415954
0.7839571 0.179556
0.7760705 0.1911142
0.778123 0.2015975
0.7548571 0.2355168
0.7459352 0.2210805
0.7400174 0.2085024
0.7618022 0.2113034
0.7768788 0.2038096
0.785879 0.194927
0.8184041 0.2349795
0.8085272 0.2238262
0.7863692 0.2036847
0.7817783 0.1822124
0.7442622 0.2040548
0.7473136 0.2309645
0.7391163 0.2398427
0.7846268 0.2333711
0.7606636 0.2334395
0.8041234 0.2644476
0.7890448 0.2660319
0.8115502 0.241213
0.8222967 0.2350958
0.8311431 0.2272718
0.8083791 0.2509984
0.772515 0.2620349
0.7931094 0.2396418
0.7736208 0.2542525
0.7741511 0.2553723
0.7924198 0.235202
0.8169294 0.2545152
0.8134205 0.2662301
0.820584 0.2482709
0.8428925 0.2417784
0.825339 0.2248468
0.7641582 0.2339948
0.7210924 0.2348853
0.7151005 0.2785613
0.7495743 0.2746436
0.7167673 0.2772096
0.725537 0.2710516
0.7023318 0.2684403
0.7172237 0.2538527
0.7433988 0.2451068
0.7449715 0.2335242
0.7561752 0.2577035
0.7590099 0.2440039
0.7745793 0.2710181
0.7603326 0.2596074
0.768442 0.2620553
0.7102957 0.2621606
0.6993177 0.2691329
0.7148593 0.2586344
0.7301495 0.2520495
0.7075072 0.2822755
0.6511643 0.2780902
0.6422911 0.2941259
0.6658417 0.2931433
0.6592463 0.2763976
0.6555278 0.2977878
0.6548071 0.2912697
0.6789685 0.2943537
0.6151371 0.306742
0.5817744 0.3283329
0.5409101 0.354502
0.5174359 0.3568492
0.4641732 0.3763782
0.4727474 0.3333117
0.5213075 0.3212976
0.5348021 0.3710856
0.5145477 0.3350211
0.4810944 0.3133215
0.4862298 0.3222784
0.4858872 0.335468
0.4944516 0.3421614
0.4843602 0.3100798
0.5201897 0.3180195
0.4786081 0.3107078
0.4840259 0.2980781
0.4451051 0.3115899
0.4515322 0.3462155
0.4388793 0.3369024
0.4436829 0.3057646
0.4228406 0.3107092
0.3756679 0.3195929
0.3516728 0.3668424
0.3848413 0.3875205
0.4166161 0.3867499
0.4418206 0.3304901
0.3895027 0.3583169
0.3526482 0.3636012
0.4093655 0.3094328
0.3976627 0.3316403
0.4025156 0.3434858
0.4126346 0.3497949
0.4349833 0.3420211
0.4363977 0.3464926
0.4355735 0.3280606
0.3940332 0.3755755
0.3935301 0.3676301
0.4011264 0.3689103
0.4155073 0.3578491
0.4109428 0.3278479
0.4044117 0.3421916
0.4329793 0.3426856
0.4380106 0.3613983
0.4489316 0.3939087
0.435443 0.3574766
0.4086681 0.3824335
0.4333925 0.4099539
0.4237141 0.423693
0.4129888 0.4782291
0.4342513 0.4691564
0.4073188 0.4409853
0.3819772 0.4602615
0.3845914 0.4631886
0.4452342 0.4423406
0.4483534 0.4111353
0.4452804 0.4178067
0.4157839 0.4279901
0.4454242 0.3970899
0.4448782 0.403205
0.4491755 0.3223834
0.4547553 0.331326
0.4549018 0.3415642
0.4490404 0.3486252
0.4971552 0.3115139
0.4826156 0.31666
0.434034 0.302568
0.4677804 0.3045022
0.5036614 0.2990074
0.5217813 0.2918339
0.4988737 0.3053637
0.4651296 0.3120411
0.4560467 0.3073482
0.455473 0.2782965
0.4404672 0.2769108
0.4713116 0.2816426
0.4590537 0.2924886
0.4645792 0.3054203
0.4128574 0.3716373
0.4436593 0.3801799
0.4203001 0.3721711
0.4274031 0.3513852
0.4304755 0.3287224
0.4542218 0.3204726
0.4239172 0.3256265
0.4453726 0.3170067
0.432648 0.3202403
0.414874 0.3035297
0.3967602 0.2595428
0.3930928 0.2653266
0.3911829 0.2556249
0.4048643 0.2538947
0.4451321 0.2552783
0.4726242 0.2525723
0.4943685 0.2680198
0.4848532 0.2456043
0.4437025 0.2524873
0.4506187 0.2655568
0.4353701 0.2727634
0.4337998 0.2704756
0.4789191 0.3285085
0.4395269 0.2979398
0.4706598 0.3266772
0.4605944 0.3284325
0.4307542 0.3455642
0.4396442 0.3150341
0.4238583 0.3182454
0.441714 0.346712
0.4495936 0.3704541
0.4458788 0.3953533
0.461831 0.3698132
0.4558677 0.382665
0.4350861 0.4061248
0.446269 0.3511499
0.4283941 0.3505231
0.4200752 0.3734908
0.4141859 0.3673123
0.3981074 0.4114462
0.4006137 0.4050006
0.4119991 0.3741244
0.3809538 0.3258733
0.3939525 0.2759459
0.4068247 0.2833045
0.4238676 0.2606855
0.4678625 0.2820475
0.4618297 0.2893046
0.4753342 0.2718527
0.47313 0.3338434
0.4502256 0.3489021
0.4874048 0.3243482
0.5080383 0.3073441
0.4885813 0.2909419
0.4951573 0.2756904
0.4882199 0.2618779
0.4837368 0.2423633
0.4849964 0.2193346
0.5001861 0.2239105
0.4815884 0.2307728
0.5186113 0.2515072
0.4457986 0.2562807
0.4302613 0.3013601
0.4271829 0.3030756
0.4276988 0.3022076
0.4029226 0.2722903
0.3933074 0.2832163
0.4057828 0.2885393
0.4157648 0.2950598
0.4241 0.3153234
0.4344278 0.3019942
0.44843 0.2786089
0.4381801 0.2447169
0.4532118 0.240504
0.4434219 0.2585922
0.4108122 0.299807
0.4077725 0.2867431
0.4189798 0.3430543
0.3757238 0.3331469
0.3835893 0.3468338
0.3312368 0.348822
0.3244071 0.3543458
0.3167648 0.3067635
0.3544049 0.3417395
0.3186772 0.3345702
0.3248795 0.3249811
0.35264 0.4086064
0.3674949 0.403331
0.3608761 0.4312337
0.3344286 0.4402934
0.3392792 0.3830737
0.3350028 0.3772217
0.3615918 0.3370119
0.3484659 0.3416345
0.3798302 0.3667874
0.3558053 0.4429032
0.3195876 0.5039804
0.3187462 0.4136148
0.3109371 0.4397208
0.3456191 0.4754416
0.3447992 0.4400621
0.3359273 0.481154
0.3388469 0.4893771
0.3352585 0.4799174
0.3402267 0.4388199
0.3400364 0.3798614
0.3572711 0.3830201
0.3528368 0.357471
0.4037969 0.3112077
0.3971484 0.2930859
0.3748039 0.3020511
0.3596448 0.3089162
0.3697499 0.3134625
0.3639041 0.3339288
0.4060545 0.3175257
0.411977 0.3273838
0.3996669 0.3278507
0.3861536 0.3044014
0.3625766 0.3167254
0.3157802 0.3552505
0.3283583 0.3378912
0.3160256 0.3087643
0.3390424 0.3216417
0.3837884 0.3576108
0.3960452 0.3456995
0.3748325 0.3196488
0.3679523 0.3287625
0.4174752 0.3418914
0.4195505 0.3103216
0.4081625 0.3079751
0.4683529 0.3157986
0.4934991 0.3040522
0.5160855 0.3252006
0.5003083 0.2890505
0.5015751 0.2647838
0.4914705 0.2673959
0.4681207 0.2680661
0.4707761 0.2649481
0.5087974 0.2875534
0.4655675 0.2843615
0.4485533 0.2887604
0.4660268 0.3041985
0.4468154 0.3214151
0.4388798 0.3424113
0.438343 0.3247105
0.4496587 0.334085
0.4403116 0.326007
0.3663649 0.3471932
0.3744837 0.3733497
0.3967498 0.4167343
0.3941421 0.4158212
0.3664338 0.3633647
0.3941047 0.3678085
0.3743036 0.368835
0.4044896 0.3291737
0.4336589 0.3315067
0.4440592 0.304909
0.3938598 0.3019527
0.3644914 0.3219581
0.3562617 0.3291066
0.364388 0.3113802
0.3338339 0.3260192
0.3309059 0.3267546
0.346209 0.3482765
0.3399083 0.3691775
0.3480566 0.3028573
0.3288688 0.2977315
0.3569926 0.3058927
0.3555902 0.3066716
0.3632522 0.2933476
0.3986435 0.3201492
0.3752801 0.2954676
0.4045837 0.2881172
0.4193184 0.2892862
0.4154066 0.2991988
0.4169335 0.3221981
0.3889232 0.3653816
0.3921642 0.3997891
0.4064247 0.4445264
0.422782 0.4309606
0.4422719 0.453805
0.3901673 0.4078926
0.3861541 0.420267
0.384499 0.4420305
0.3647877 0.4444757
0.3632839 0.4234126
0.348827 0.38985
0.3825125 0.4083519
0.3790431 0.4237564
0.3972444 0.4161467
0.4550933 0.3798853
0.4421648 0.3810818
0.46056 0.426006
0.434773 0.4021377
0.4758833 0.3897528
0.4423063 0.3961012
0.4485033 0.3708375
0.4356437 0.3804082
0.4403984 0.3671689
0.5048623 0.4004076
0.4651279 0.411461
0.4251039 0.4266313
0.402569 0.4381934
0.4187296 0.4226608
0.3816472 0.4237017
0.4257615 0.3627022
0.4308554 0.3743302
0.422107 0.3737255
0.4241321 0.3517555
0.4690203 0.3302496
0.4685134 0.2979355
0.494092 0.2874958
0.5242428 0.2673918
0.5186354 0.2609025
0.4798652 0.2507771
0.5296065 0.2394145
0.5645788 0.2157729
0.5643268 0.2192395
0.6242738 0.2133411
0.6324609 0.2276857
0.6475037 0.2352722
0.5917596 0.2374885
0.5787186 0.2512905
0.5775508 0.266695
0.581318 0.277278
0.5739978 0.2852025
0.5440674 0.2957403
0.5749886 0.318135
0.5496094 0.2896875
0.5548222 0.2883739
0.4973526 0.2894832
0.570498 0.3017191
0.5773685 0.3007877
0.5961409 0.2627347
0.519401 0.2959172
0.5306787 0.2830882
0.5281846 0.2667017
0.5093228 0.2627564
0.5367519 0.2670217
0.5134613 0.2694962
0.5173576 0.2947695
0.4816644 0.3114353
0.4689746 0.3177072
0.4641916 0.3106322
0.4678401 0.3442332
0.4606168 0.3247186
0.4508588 0.3237107
0.4176567 0.349037
0.3934253 0.3761338
0.4192197 0.3982204
0.3879287 0.3774579
0.3862765 0.434872
0.420644 0.3874018
0.4094677 0.3373712
0.4202982 0.3498541
0.4420512 0.4029916
0.4587763 0.3702977
0.4333384 0.2893421
0.4399097 0.3248118
0.4470159 0.3033343
0.446648 0.3136047
0.4272107 0.3352134
0.4194714 0.3459968
0.4164579 0.3539457
0.3976853 0.3818087
0.4346117 0.399094
0.4281678 0.4277495
0.4365058 0.3846927
0.4546576 0.3565879
0.4365662 0.3738603
0.425173 0.3308669
0.4832815 0.2957313
0.5026234 0.2761821
0.50279 0.275218
0.5012903 0.2360335
0.5346843 0.2252917
0.5133852 0.1992329
0.4716763 0.2153731
0.4819232 0.2347263
0.4833678 0.2290325
0.5165919 0.2322291
0.5303317 0.2063798
0.5252455 0.2137954
0.5042343 0.2158523
0.503771 0.2117505
0.5102096 0.2310949
0.5229267 0.2203893
0.5561642 0.2142503
0.5448806 0.2131634
0.508251 0.1890747
0.5495779 0.2236814
0.5234243 0.2147676
0.4800403 0.2304573
0.494369 0.2104741
0.5137315 0.2199593
0.5195648 0.2151154
0.5170333 0.2202834
0.5592213 0.2247944
0.5674851 0.2162188
0.5251107 0.2221351
0.5247096 0.2116914
0.5616979 0.1752683
0.5912463 0.1675618
0.5645734 0.1886839
0.558137 0.1838144
0.5832867 0.224869
0.5610966 0.2564704
0.5178317 0.2251802
0.4741639 0.2552539
0.4951074 0.2542202
0.5033624 0.3048756
0.4926591 0.2769573
0.4906353 0.2701096
0.5061128 0.2824462
0.5047515 0.311557
0.5054827 0.3022316
0.5116531 0.3069852
0.5154906 0.2949958
0.5357091 0.3033147
0.5214635 0.3133732
0.5069938 0.2938609
0.5234702 0.2635499
0.5417279 0.2590126
0.5705041 0.2868138
0.5972965 0.2460675
0.5458243 0.2577807
0.496815 0.2802253
0.5106141 0.3159951
0.4621667 0.2971125
0.4620608 0.2774109
0.485789 0.3027691
0.4790534 0.2994353
0.4515271 0.3146646
0.4855702 0.2911209
0.4685246 0.3350318
0.4727754 0.3134203
0.4475181 0.3573836
0.4665138 0.3640586
0.4403816 0.3491342
0.4785154 0.345015
0.4542482 0.3610543
0.3801045 0.354802
0.4409779 0.3382956
0.4804077 0.3467714
0.5056337 0.3764712
0.5072094 0.3455052
0.5143183 0.3463785
0.490538 0.3553462
0.4681799 0.3678015
0.4878233 0.3677754
0.5141998 0.348173
0.5615615 0.3232137
0.5767238 0.3166432
0.5165766 0.2959324
0.5828834 0.3006869
0.5188795 0.298142
0.5487941 0.2593956
0.5511252 0.3014216
0.5637426 0.3248727
0.5197158 0.3797376
0.4989855 0.3717353
0.501654 0.3354033
0.5345369 0.3206624
0.5306012 0.3230208
0.5707618 0.3606057
0.5814934 0.3114313
0.5826653 0.3164367
0.5888528 0.2914641
0.5487134 0.268331
0.5603478 0.250262
0.6090009 0.2465235
0.5953391 0.2521528
0.5720672 0.2468252
0.5800142 0.2326757
0.5828584 0.2388093
0.5586411 0.2325786
0.5483089 0.2274096
0.584701 0.2399746
0.5314128 0.2449513
0.5298853 0.2399463
0.5519513 0.2468875
0.5573325 0.2436148
0.5934975 0.2638664
0.6119937 0.2457951
0.5760058 0.1963229
0.5846828 0.2025785
0.5943056 0.2391514
0.5581316 0.2273555
0.5600908 0.210078
0.4826223 0.2255516
0.470118 0.2640122
0.5028387 0.2499463
0.485802 0.2668394
0.5188587 0.2514055
0.4973758 0.2403699
0.5270609 0.2402413
0.4778755 0.2544603
0.4908014 0.2213355
0.5256376 0.2285399
0.493866 0.2014691
0.5078765 0.2524584
0.4927568 0.2613055
0.4716422 0.2861483
0.4404977 0.2752452
0.4664081 0.2637524
0.4715021 0.2746832
0.4574828 0.2614132
0.4889587 0.2799881
0.4810475 0.2639556
0.4947235 0.3142307
0.4798342 0.3146474
0.4831223 0.2908678
0.5365128 0.2861438
0.5660105 0.3094867
0.5627571 0.3167216
0.5616419 0.3194035
0.5665153 0.3132797
0.5111771 0.2985835
0.5062321 0.3210209
0.4783223 0.3277802
0.502911 0.3232438
0.5039516 0.3184315
0.5154886 0.3198506
0.506604 0.3495709
0.5029906 0.3012218
0.5298184 0.2872917
0.5633537 0.272079
0.5484977 0.275191
0.5606676 0.263828
0.5795023 0.248217
0.5301023 0.2129815
0.5297954 0.2087383
0.5838325 0.1991233
0.6354986 0.2275072
0.5963404 0.2157071
0.5512438 0.2342906
0.5182309 0.2167727
0.5037022 0.1995795
0.5231018 0.1900676
0.5912073 0.2113382
0.5528871 0.204178
0.5365415 0.2521428
0.487186 0.2531986
0.4606568 0.292903
0.4246973 0.2995021
0.3922535 0.2841856
0.3429971 0.3516592
0.330943 0.3588621
0.3414788 0.3713233
0.3358306 0.3558691
0.3791911 0.3359929
0.3399291 0.3413932
0.3482527 0.380263
0.3160108 0.4002415
0.3376987 0.3523098
0.3352672 0.3344542
0.3553124 0.3556975
0.3965387 0.3535162
0.3886199 0.3198205
0.4447424 0.3161366
0.4482932 0.3012668
0.4576502 0.2586923
0.4532353 0.2938672
0.4513797 0.254232
0.4364502 0.2431475
0.4105277 0.2578496
0.4277965 0.2933865
0.4252808 0.2652387
0.4144749 0.2510843
0.3624254 0.2460539
0.3583101 0.2705733
0.3699217 0.2712083
0.3872476 0.2760545
0.3947834 0.3138266
0.3547391 0.3222356
0.3742131 0.3189542
0.3920578 0.2814489
0.3615846 0.2707557
0.3775383 0.2788457
0.3771674 0.3052353
0.3483472 0.3270396
0.3855162 0.3591544
0.36354 0.3125129
0.4157457 0.3214646
0.4117238 0.3190036
0.4026492 0.3306004
0.4099989 0.2828247
0.4142121 0.2909837
0.3962882 0.3465529
0.4160196 0.3374199
0.3849335 0.3274658
0.3903559 0.3269836
0.3944233 0.3397868
0.4049112 0.3123444
0.3866843 0.3489475
0.3436833 0.3063519
0.359896 0.3491143
0.4033634 0.369246
0.4003689 0.317768
0.4208625 0.2826061
0.4355888 0.2828274
0.4036554 0.2999739
0.4226643 0.3071798
0.4320958 0.3134336
0.3997781 0.3068743
0.3798717 0.3033265
0.3859467 0.3076242
0.3885712 0.2852497
0.4033871 0.2450137
0.4139876 0.2482607
0.4270634 0.2282581
0.4093892 0.2680743
0.43792 0.2703202
0.4315725 0.2467144
0.4577193 0.2673476
0.429877 0.2461701
0.4416501 0.2750317
0.4470636 0.2283955
0.3984727 0.2223661
0.432441 0.2225521
0.4685753 0.2147077
0.4332248 0.222137
0.4508884 0.2499482
0.4098131 0.236011
0.4085853 0.2262588
0.4080527 0.239817
0.423236 0.2291853
0.4341433 0.2079179
0.4394382 0.1935044
0.4423439 0.1830335
0.4164216 0.2125409
0.4514689 0.2025323
0.4842838 0.2075626
0.5279517 0.2214763
0.5023761 0.2207288
0.4878402 0.2470214
0.4643637 0.2395934
0.4801676 0.2327776
0.4734623 0.2908466
0.4580041 0.3046154
0.394695 0.3190406
0.3805343 0.3258898
0.3579466 0.30784
0.3895132 0.3395443
0.3820187 0.312121
0.3802199 0.3208268
0.3621275 0.3131453
0.3578278 0.3454563
0.322944 0.344227
0.361615 0.3436448
0.3515585 0.3045656
0.3471203 0.3078893
0.3720103 0.294835
0.3784377 0.2754433
0.3853702 0.2662801
0.4193581 0.2569498
0.4704118 0.2549784
0.4676968 0.2646147
0.4471282 0.2981297
0.4527417 0.2907914
0.4830065 0.2769285
0.4830693 0.2690403
0.4720395 0.243221
0.4486489 0.2562184
0.4606282 0.2546244
0.4582599 0.2857739
0.427477 0.2834069
0.4549682 0.2586822
0.4796772 0.2426377
0.5103479 0.2506718
0.5077094 0.2216618
0.48651 0.2168041
0.5088245 0.215647
0.4932869 0.2307479
0.4787332 0.2265301
0.497434 0.2067719
0.4860949 0.2189186
0.4577477 0.2083753
0.4675847 0.2041493
0.4684483 0.2153057
0.4614316 0.1858289
0.4388177 0.1826196
0.4567926 0.1871333
0.4284332 0.2042924
0.4232053 0.2029232
0.4203247 0.2257364
0.4217646 0.2344992
0.4461709 0.2453479
0.4848783 0.2501911
0.4969573 0.2432955
0.4829584 0.2101258
0.4870326 0.2129595
0.5064719 0.1973456
0.5354134 0.1959401
0.5718038 0.2058125
0.5985211 0.1823654
0.5992654 0.1746039
0.5726864 0.1700001
0.5762113 0.160052
0.5766476 0.1598169
0.6121739 0.1573345
0.5893872 0.1716988
0.6192269 0.1680679
0.6308289 0.1618086
0.6352183 0.1631686
0.6319607 0.1540418
0.671274 0.1468042
0.6966293 0.1399714
0.6958926 0.1384097
0.6311845 0.1334163
0.6249861 0.140183
0.6246055 0.1406679
0.6125885 0.1598854
0.5919994 0.1649618
0.5449915 0.147123
0.5246508 0.1760691
0.4930631 0.1667808
0.4755587 0.1708959
0.4706205 0.1640933
0.4527789 0.18995
0.4693169 0.195292
0.4580177 0.2015204
0.4483923 0.1962648
0.4824699 0.1745923
0.5277953 0.1832487
0.5172724 0.1810176
0.5255126 0.1900052
0.5034246 0.1977898
0.465066 0.1966767
0.4884992 0.1927534
0.4780605 0.201587
0.4444104 0.1999465
0.4627399 0.231891
0.4644184 0.2199465
0.4672303 0.1911233
0.4834874 0.2092671
0.4715882 0.1943953
0.4634429 0.2192944
0.4647444 0.1988887
0.4765827 0.2432077
0.4580447 0.2669251
0.4029108 0.2267222
0.4266687 0.2449214
0.3992006 0.2415946
0.4415287 0.2421549
0.5036007 0.2333751
0.4813154 0.2377935
0.4838597 0.2134845
0.4767849 0.2303237
0.4643709 0.2567133
0.4160899 0.2504282
0.4474485 0.2749506
0.4477019 0.2432769
0.4738389 0.2392023
0.4918062 0.2264713
0.4472874 0.228078
0.4744705 0.2163012
0.4626259 0.2056716
0.4978467 0.1929421
0.4649862 0.1738396
0.4257278 0.1915347
0.3963124 0.1795934
0.3945251 0.1931767
0.4269486 0.2216424
0.4416426 0.226342
0.4475006 0.2323543
0.476927 0.2506298
0.4030052 0.2540989
0.3942192 0.2394485
0.4302718 0.2314686
0.3992757 0.2540785
0.4278666 0.2408549
0.4197346 0.2472326
0.4503065 0.2375379
0.4643662 0.2128779
0.4735161 0.2348171
0.4512346 0.2083841
0.4321821 0.2142099
0.4289489 0.224798
0.432796 0.2364921
0.435197 0.2442945
0.4509177 0.2294907
0.424873 0.2443481
0.4287735 0.255692
0.4167403 0.2387041
0.4523416 0.2634491
0.4570912 0.2595902
0.4951499 0.2178627
0.4529959 0.2533441
0.4875625 0.2571588
0.4675562 0.2604611
0.4958257 0.2542201
0.5041724 0.2524386
0.5307968 0.2416985
0.5531261 0.2318036
0.536131 0.2360881
0.5592018 0.232499
0.5648679 0.2142956
0.5656424 0.2302342
0.5413707 0.2146632
0.542064 0.2363702
0.514761 0.2049227
0.5158498 0.2108028
0.5373847 0.2650011
0.5028101 0.2747597
0.5292447 0.2704701
0.5974792 0.2462262
0.5897771 0.2330242
0.5951471 0.2342508
0.5243546 0.2720444
0.578227 0.2447831
0.5748566 0.2262312
0.585093 0.2167169
0.6063964 0.1983377
0.5748358 0.2009297
0.5518257 0.220863
0.5566178 0.2184213
0.5073593 0.251188
0.4963328 0.2340419
0.4523883 0.2297206
0.463578 0.2529433
0.4323469 0.2142184
0.4369531 0.2268603
0.4306352 0.2243376
0.4558158 0.2510011
0.4963943 0.2261605
0.4980031 0.2237167
0.5392876 0.2324639
0.5201613 0.229184
0.5173042 0.2097842
0.4905407 0.2113377
0.4759524 0.2039863
0.4636804 0.1867153
0.4436056 0.165016
0.4610817 0.1743529
0.4872685 0.183489
0.5720456 0.2080456
0.5973173 0.1875658
0.6108269 0.1739549
0.5904449 0.1533554
0.6023249 0.1585197
0.6139701 0.1646153
0.5974419 0.1751316
0.6036974 0.1913602
0.5741231 0.1919835
0.5505153 0.1690045
0.5300693 0.1798388
0.5451151 0.1629272
0.5361177 0.1715318
0.5701121 0.1776512
0.588514 0.1740459
0.6246048 0.1810004
0.5956359 0.1930107
0.627317 0.1787477
0.6120867 0.169988
0.616035 0.1817105
0.6156493 0.2167801
0.5492027 0.1848344
0.6056636 0.1792841
0.6043171 0.156337
0.6315293 0.1656797
0.6703509 0.1599329
0.6670207 0.1783349
0.6558092 0.1577009
0.6700437 0.1639922
0.6263773 0.1714508
0.6735414 0.1623012
0.636201 0.1670743
0.6277611 0.1739695
0.6124097 0.1863056
0.6229278 0.1742367
0.6222029 0.1625045
0.6297435 0.1955269
0.6023986 0.2019145
0.5493748 0.1926629
0.5578264 0.1720679
0.5569588 0.1455021
0.5850922 0.1721936
0.5853473 0.1659242
0.622841 0.1571047
0.582614 0.1745393
