33.04119
33.84146
33.67976
32.07931
34.3837
34.53016
33.96998
33.49479
33.32164
33.4989
33.94359
33.97031
36.10052
36.25237
37.79428
38.92415
37.09358
38.63263
37.96968
36.34095
36.18275
36.32353
35.42816
36.23049
36.52771
36.76771
34.74358
34.27342
34.45847
34.99832
34.63072
35.60579
34.60009
34.57499
35.14049
34.876
34.64905
33.4915
34.62091
33.96414
32.45101
31.49889
31.1397
29.65864
30.67406
31.21348
33.13763
34.44505
33.7461
33.55528
34.44377
35.13703
35.03082
34.79257
35.04093
35.03662
32.84926
34.91443
34.48155
34.93334
35.98986
35.69016
35.85562
34.04437
35.18812
33.91755
32.98613
34.38024
34.14886
34.22735
36.72368
37.31589
37.75129
36.57164
37.50624
37.30308
36.32743
35.08127
35.90067
35.97333
37.08008
35.53428
36.06167
36.22918
35.90224
35.42586
37.47981
37.48214
36.09257
34.73798
34.81396
35.05201
35.58701
35.70434
35.91734
35.60204
35.83468
35.02468
35.17512
35.51115
34.49224
34.99372
34.37418
33.66059
32.0909
32.81804
31.50732
31.84861
31.44869
31.70889
33.12982
33.7115
33.17401
32.03837
32.49582
32.68846
32.14373
32.00853
32.39278
30.41639
29.20511
30.00782
28.32697
28.35847
29.38484
29.80439
29.87744
30.17699
30.43848
30.24606
28.58367
28.8969
29.1108
30.01342
31.83616
32.3221
32.30541
31.61161
31.102
29.94022
30.37406
30.25349
30.8791
32.55948
31.19196
31.18763
30.56551
30.10994
30.84186
30.32837
30.98901
30.01426
31.34957
32.25776
33.38482
32.94667
33.59827
34.98583
34.16213
35.18011
32.93488
33.1127
32.41893
32.42296
32.51019
33.02509
33.16882
31.54377
31.04018
31.37073
31.51867
30.66581
31.01943
30.75825
31.71609
33.34614
32.25176
32.40568
32.30161
32.8235
32.39267
32.84316
31.2507
30.94581
30.33401
31.57507
31.96015
31.77846
30.72282
31.14954
30.82431
30.01353
30.19057
29.47425
28.59506
30.92417
31.75439
31.47292
30.63012
31.59269
31.86245
30.05816
29.28058
29.57994
29.92484
30.50158
30.03305
30.26089
28.57388
27.73366
27.85508
28.3237
29.79101
28.9586
29.17114
29.50048
29.92844
29.61827
30.32622
30.42044
29.7854
31.97379
31.89333
31.09268
29.96462
30.97581
32.0029
31.31419
31.61287
31.0689
31.56393
31.44867
31.66603
31.45433
31.89033
32.35132
31.94385
33.92805
33.84579
33.41854
33.36003
34.01201
34.35511
32.94741
32.84433
31.61086
32.4048
33.14043
33.53201
32.7798
31.20246
31.15995
31.17619
30.99044
30.8375
32.6331
32.19462
32.29492
33.87977
32.56085
34.60557
33.78961
34.8802
35.09788
32.21237
32.15543
31.86449
31.79283
32.04802
32.28547
33.94186
34.16708
34.3864
34.33903
35.14691
36.11749
37.39369
38.25494
36.98498
35.6952
35.13427
34.82085
34.7487
36.64271
37.39235
35.51964
34.92584
34.81785
35.81364
37.86936
37.13108
34.70998
34.91161
35.71696
34.03612
34.11401
32.78123
31.49027
31.83343
30.70064
31.09952
32.03719
32.16937
32.51011
33.0368
33.43703
33.0001
32.65663
32.24659
31.70862
32.2668
30.52525
29.89134
29.26998
28.36455
28.75341
28.58164
28.64223
30.02942
31.04168
30.63451
31.27295
30.86011
30.98584
31.75328
30.53532
30.40455
32.26406
33.24889
33.07933
33.20063
32.68166
32.07085
31.69849
31.63996
31.66701
32.66546
32.45661
33.03487
33.22246
33.24517
35.19376
34.17647
33.88594
34.22847
34.08126
33.09592
33.06811
33.14927
32.93091
33.49827
32.93041
34.79263
34.16081
35.45294
35.29219
35.10468
35.06978
37.0532
35.95549
36.09251
35.4545
35.64527
34.28948
33.01562
34.82824
34.98582
34.5134
33.48324
33.4845
32.23903
32.33419
33.62702
32.88005
33.11021
33.88977
33.8591
34.73397
33.74807
32.6786
33.40756
33.72056
31.70446
31.10808
31.38501
31.17947
32.09093
32.17017
33.314
32.54324
32.36002
33.95981
34.70108
33.82165
35.11651
36.0684
35.7215
35.53492
34.03527
34.68464
33.82527
33.71828
36.17947
36.41176
36.95837
36.7965
37.48872
38.56879
39.32824
39.78795
40.2862
39.47092
40.75382
41.46807
42.41747
42.52473
40.36235
39.53871
40.1879
40.54702
39.85067
39.66188
41.33146
40.56475
39.43227
40.56591
39.45342
37.7846
40.40798
40.63346
41.39954
40.732
41.16241
39.09632
37.91937
38.36758
37.93376
37.96488
39.19976
39.33605
39.34823
37.8771
37.03167
37.77793
38.47493
38.09304
36.29278
36.84562
35.23278
36.86234
37.77514
38.3542
38.55492
38.054
36.59004
36.54156
36.83676
38.88516
36.91404
39.81277
38.67834
37.896
38.02688
38.81728
39.28215
38.81011
37.55588
37.17477
37.366
37.83979
37.30708
39.09748
39.63855
40.37093
41.73689
41.89616
42.41534
40.39725
40.44816
40.12965
39.08404
39.1045
37.73165
37.29558
36.95866
34.76589
34.09188
33.36374
33.85945
33.32484
32.80812
33.58882
33.83748
31.91335
31.46105
31.80086
31.40609
31.83528
30.76745
30.82699
31.22295
30.43578
30.01578
29.95074
31.38203
30.89667
31.38664
32.30067
32.51638
33.71395
35.17484
33.15225
33.72254
33.42942
33.57791
33.48704
32.90499
32.61954
32.33273
32.01232
31.96645
31.00465
30.74166
30.74717
30.35653
30.22036
31.29834
31.63283
31.50498
32.02327
31.91565
31.55094
32.27838
33.49944
32.14385
33.65584
33.70383
35.41477
35.31743
32.37759
32.30472
32.65804
32.07638
32.34926
32.6509
34.24331
34.85073
33.28931
33.47442
33.74258
34.23861
34.12037
33.07135
33.19331
31.9737
32.61389
35.55399
33.89837
35.34305
34.62054
34.83177
34.58776
33.60922
34.24789
34.76036
34.02481
35.55633
34.01832
33.9503
34.79111
33.40382
34.15095
33.03012
33.41798
33.73468
33.51929
34.38145
36.39902
34.27823
33.84642
32.78669
33.93487
33.43996
32.84568
31.71257
31.39658
32.64374
32.15999
31.99044
32.13631
32.98885
31.66016
31.8672
30.89877
32.64933
33.08118
32.65027
33.80797
36.55102
34.40123
35.77153
35.16608
33.76536
34.3059
34.05887
36.81406
36.34252
35.78483
35.18741
35.65125
34.89573
36.01016
34.93204
34.70162
34.56677
34.76795
35.55157
36.81315
36.91465
37.18741
37.40431
36.96502
37.579
37.15684
36.53989
37.54658
38.32659
37.57109
38.17638
38.4695
39.81772
41.28333
40.25438
42.02834
41.99602
41.46703
39.52701
39.41064
39.35979
39.64294
38.26484
36.89595
37.02084
37.52977
38.86253
38.34366
37.88896
39.36565
38.19883
38.60909
38.94021
40.02042
41.61781
40.72002
40.00919
40.08893
39.12049
38.79401
37.9952
36.66377
37.11973
37.27432
38.48385
38.06591
37.74403
37.26001
38.5876
38.70296
38.33704
36.68783
35.91494
35.00129
34.48413
34.20227
34.73379
34.8184
34.35136
34.29768
34.46329
34.24441
34.23812
35.64786
34.84273
34.63682
34.61097
34.04837
34.91332
34.242
35.51211
32.97549
30.92537
32.55202
31.93705
31.23447
32.55272
33.5906
33.83355
34.62697
34.61904
34.01722
33.65797
32.46542
31.78639
31.5015
31.24613
29.98476
29.41988
30.24994
29.29276
30.01329
29.85731
30.69341
30.03073
30.19405
30.81928
29.88235
30.37112
29.56758
29.93551
30.44799
30.17333
30.28
30.37175
29.1934
29.43901
29.56659
28.92417
29.30251
27.86158
28.8783
28.93704
29.41102
28.87875
28.77596
29.96198
29.50149
30.49706
28.87146
29.99976
29.70959
28.94184
29.45551
29.00299
29.34833
30.30099
30.56978
30.84275
31.23014
31.61854
31.4667
30.09221
30.02387
29.71772
29.81148
30.55275
30.14071
29.66032
30.63913
31.4595
31.45904
32.63512
32.3377
32.0746
32.07666
32.41353
33.87153
33.77283
33.55312
33.94587
33.88641
33.1386
33.59611
33.42169
32.51287
33.36694
32.21446
31.76449
31.14186
32.43061
31.62038
32.36563
32.08754
32.07722
32.15865
31.03955
32.38883
30.99626
31.85819
31.61101
31.82897
31.73222
31.5077
32.06228
32.56733
31.40683
31.7218
31.79191
30.73229
30.65719
30.12111
30.75781
33.43582
35.10884
34.4047
35.0518
34.86428
35.01901
34.58752
34.51573
34.33511
34.15922
33.87178
33.72844
34.03084
32.55146
32.9661
32.89645
33.61501
32.46055
33.48337
34.17271
33.94718
33.07187
33.8215
34.76838
34.90867
33.34722
33.54038
33.62994
34.2754
34.84612
36.44496
35.2237
35.00233
34.60995
35.51721
36.3677
34.62737
34.97967
35.3326
35.20521
34.10975
32.59365
32.16644
32.10379
32.35342
32.42088
32.91854
32.10288
30.88061
30.65054
29.77688
29.55309
29.11489
28.02051
29.40657
30.2261
30.00204
31.55869
32.71525
32.54178
31.85509
32.02895
33.8917
32.17475
32.55655
32.40467
32.7852
32.48562
33.71097
32.88921
34.56982
33.50725
32.20946
33.48513
33.19629
31.9859
31.39295
31.1593
31.39985
31.17206
30.76536
31.55682
30.7807
31.51857
31.17964
31.1411
30.69461
32.5986
33.37412
32.59802
33.13278
35.21106
35.67195
36.69713
37.27107
38.1547
38.68151
39.34201
38.51736
38.83271
38.0503
38.27954
39.79862
39.96171
38.85142
39.22224
38.87415
38.35462
37.96418
39.22164
39.32366
39.39336
37.85053
37.16897
37.52467
37.51884
38.47013
38.03907
38.24655
38.52174
38.29357
37.32513
37.63682
37.24412
38.52647
38.09268
37.32014
38.19073
36.31417
36.58229
36.67498
36.2956
37.79983
37.94423
35.88641
35.43287
35.29962
36.42618
34.92055
34.47658
33.15616
33.94336
32.54166
32.08831
32.73998
32.74112
33.67298
32.00663
33.02173
31.88117
34.70354
34.4548
34.75337
34.09774
33.69737
32.83746
34.00092
33.11939
33.25157
32.19988
33.70865
34.67116
35.54986
34.09224
34.21294
33.60445
34.69658
35.51748
34.83292
34.15657
35.18636
35.89575
35.7411
36.57999
35.47998
35.40114
34.8842
35.3899
34.9224
34.08717
34.56074
35.28155
37.59076
37.73668
39.81866
38.45084
39.10724
38.54903
37.56604
36.90519
36.58954
36.7536
37.65449
38.12007
37.23471
36.58793
36.63739
37.71695
36.58565
35.12245
35.16062
34.92278
36.13273
36.41559
37.6414
37.79247
38.31744
35.63592
35.97419
34.84275
35.82089
35.26872
35.08816
33.67097
34.07193
33.88581
34.45097
35.08634
34.74588
35.03813
36.17198
37.53397
36.63917
36.50494
36.54043
35.43371
34.54818
35.00824
36.56291
35.69018
36.00538
34.7163
34.59807
33.44431
33.62483
32.39952
34.41267
34.42762
33.78172
34.76498
35.54264
37.2182
37.55596
37.49155
37.39269
39.30816
39.16436
39.20531
39.34299
40.49833
41.61718
39.87698
40.71757
39.8798
39.53976
40.18611
40.37456
43.85858
44.85985
44.8897
43.59246
44.34631
44.99499
46.39928
46.25957
45.984
48.34323
45.16228
46.31615
45.57544
43.57815
44.8723
43.37321
42.32523
42.43633
40.8691
39.62489
39.45354
40.19184
42.51598
42.2259
42.68732
43.40391
41.40641
38.144
38.16359
37.62565
38.10932
38.01739
36.43859
36.24621
38.30907
37.66009
35.51948
35.46546
34.85342
35.45668
35.95818
35.48497
36.21471
34.79816
35.96839
36.28951
34.87465
35.65456
36.15151
36.13327
36.41422
37.26553
38.1972
38.11067
36.58945
36.47611
37.05913
37.11365
35.92309
35.59731
36.60385
35.70052
36.66947
36.88763
37.1498
36.68945
36.48044
36.45416
36.19295
35.24757
33.93634
36.39581
38.7924
39.21939
37.92775
37.7849
37.21292
36.33137
35.97879
35.48802
35.40943
33.59365
35.23727
35.70735
35.21874
34.82387
34.95759
35.49075
34.66654
35.09924
35.58289
35.25856
35.32853
34.18188
34.83657
34.81855
36.29309
37.28573
37.27774
38.42582
38.07863
38.08637
37.73595
36.40178
35.41475
34.81955
35.6367
34.17099
33.81377
33.78454
34.09731
35.62513
37.48179
34.96396
34.4351
35.56843
35.53952
35.47227
36.16973
35.99558
36.34569
39.25895
38.11817
37.02469
36.68352
37.16581
35.98564
36.41473
36.00082
35.90682
37.4905
36.51018
37.5205
37.50629
36.87114
35.82721
36.20688
35.41201
36.67647
37.24236
36.83973
37.02003
37.55684
36.93859
37.59258
35.2678
35.1007
34.92396
32.71227
32.16652
33.72108
33.06157
33.98802
37.0236
37.25712
37.75126
35.47469
36.97692
37.59567
38.72177
39.5531
38.42036
38.71625
39.44879
38.54863
39.66849
39.63022
41.55977
41.50822
39.75059
40.66347
40.22605
39.49914
39.41756
40.08773
41.75767
42.60975
42.49412
41.19102
41.3464
40.69073
41.3768
41.25832
40.20643
39.47663
39.39124
40.5841
43.23946
42.41167
42.85041
40.95612
39.13934
39.42343
42.05876
40.58386
41.13432
40.92124
42.15456
42.35666
41.91643
42.32846
43.38714
42.57928
40.84061
40.95714
41.52004
39.51331
40.08517
40.64996
41.04683
39.91923
39.98881
38.67583
39.3313
38.48275
38.33807
38.43128
38.69622
38.49047
39.47718
39.4943
39.1531
39.25304
39.41846
40.6223
39.67625
40.03483
38.41859
38.08571
39.05663
37.87993
38.12024
38.4274
37.43048
38.00235
37.60838
37.02461
36.62589
36.91557
36.64062
36.37675
35.93783
34.40608
35.20233
34.42274
36.23824
35.92952
35.6765
35.54958
37.46795
38.37636
37.65163
39.2718
40.38497
40.74837
41.43621
43.9568
43.05465
42.91542
43.40393
42.35502
44.10976
44.88695
45.3074
45.58843
45.12119
45.74445
45.58203
47.04163
47.73904
49.06541
49.13579
50.46108
47.04918
44.9058
45.36498
45.53071
48.20799
48.33997
45.0735
46.95912
46.81336
46.75437
44.01703
44.42945
44.07333
42.6984
43.71261
43.74308
43.69816
45.8361
45.2801
42.38417
42.31378
43.26884
43.49423
45.06991
44.48145
45.74503
46.3885
46.8576
47.16699
46.87455
46.08356
47.23261
46.08511
45.98685
46.19805
44.67276
44.65474
44.86835
45.57598
46.91441
48.21203
47.91025
48.39707
47.89634
48.00612
46.89759
48.42489
46.95523
46.86929
46.68135
47.12064
45.50982
44.58206
44.12209
44.16974
41.37874
43.91231
44.51129
44.0385
45.06978
43.73886
42.97981
41.48596
40.6114
40.58639
41.59514
39.62658
40.43939
40.87921
40.09294
40.38986
41.07584
40.6986
41.09633
42.77018
41.43219
41.42256
39.55938
38.49888
39.48975
40.85452
42.36205
41.0274
42.869
43.31742
41.85927
40.99933
39.57244
38.63618
38.96495
38.44853
39.72766
41.15378
41.12312
40.7781
41.96238
41.21516
40.79256
38.56184
39.29209
37.68475
37.3703
36.56214
37.25009
36.02248
36.64165
35.48349
37.99422
36.39338
36.0803
36.79567
37.04352
36.95743
36.53278
37.1416
35.25844
34.30874
37.16885
35.51945
36.31595
39.00404
36.78624
38.08788
36.6763
37.65305
37.71505
39.01792
39.69143
38.85402
38.69907
40.99178
39.95149
40.27136
40.8518
41.9966
41.79081
42.51529
43.47976
45.62979
46.35033
43.66303
44.09625
43.34675
42.89466
42.15539
44.27696
43.93699
44.26859
44.07824
43.53158
42.65097
42.88618
43.53025
43.42684
42.90557
44.22523
43.91735
45.2818
44.75813
44.57349
45.52132
45.75268
44.53328
44.99699
43.28314
42.92113
44.66956
44.18617
44.42047
46.45976
48.92172
47.72727
50.82501
49.10056
49.564
47.5114
43.68921
43.87408
43.32514
42.65649
41.56922
40.57388
39.07544
40.13224
40.91903
41.76628
44.25253
43.34947
40.68324
39.62876
40.17184
40.46932
40.37339
40.51415
42.66817
41.55725
42.87182
41.03766
40.36518
41.56055
40.97915
41.91627
42.3041
42.79295
40.99291
42.31151
43.28437
43.02584
42.24804
40.62316
39.93528
38.55194
39.43609
39.99425
39.04244
38.89038
37.97949
35.62125
34.83442
34.90277
34.3364
33.10845
34.43344
35.29264
35.605
36.20744
36.23746
36.23905
34.54403
33.75819
33.06992
33.17686
32.8842
32.60479
33.83961
32.5149
31.58826
31.47384
32.83487
33.01549
33.73823
34.54245
33.75357
34.56282
34.5744
36.70485
36.81455
38.49231
38.70233
38.35433
38.52632
37.98826
38.00014
37.56614
38.3106
39.41574
38.07918
40.7038
39.64527
38.75937
40.51038
41.33137
40.24094
41.50707
41.0057
39.3399
38.54535
38.63301
38.64843
36.52828
36.5611
36.33302
37.08892
36.32762
36.00825
37.55237
35.70811
34.77904
36.26761
39.2314
38.09063
37.13443
37.26808
36.72884
36.17939
36.60289
36.80576
37.12657
37.56995
38.66656
38.22922
36.95098
36.18971
35.45188
34.89503
36.18329
36.90199
37.8965
35.72362
33.50517
34.77221
33.53143
32.93658
32.7822
33.93053
34.28552
33.43688
33.63011
34.58048
33.34738
33.19232
33.06072
34.55268
35.23876
35.7309
37.10579
36.37652
35.0043
36.10768
36.82001
35.9463
33.8633
35.74051
36.25817
37.20383
38.09691
37.91937
37.71557
36.28913
35.6125
34.85478
34.42025
35.4734
34.04184
33.70652
