315.1434
315.0329
315.568
316.3788
315.378
315.9787
316.116
315.0902
315.3495
316.5536
317.3859
317.274
317.9538
316.677
316.4787
316.2296
318.3301
317.8291
317.5196
317.214
318.048
317.4191
317.8347
318.7425
318.9298
318.8032
318.3939
319.415
321.1403
320.1327
319.7383
318.9645
318.9906
319.6543
319.3787
318.4589
316.6971
317.6954
317.696
317.0964
317.0534
316.3846
317.0499
316.4933
316.6081
316.8462
317.7362
317.2618
316.2526
316.5794
316.5848
319.6477
318.5738
318.851
319.1298
319.6807
320.9241
320.0535
320.1229
321.7583
321.5732
321.7058
322.3992
323.1292
320.6882
319.6154
319.2833
319.2824
318.8113
316.9596
316.6129
317.3703
316.6901
316.3283
316.1056
316.6492
316.1785
317.3145
318.1291
318.6258
319.6098
320.5839
320.7873
320.9032
321.0925
321.4889
321.2362
321.7195
321.1598
321.6794
321.7751
322.7479
321.5844
320.2359
320.4192
321.0969
320.1504
319.5894
319.8148
320.1462
319.6058
320.053
319.762
318.0601
317.8473
317.5756
318.2738
319.051
317.76
318.5006
319.4903
319.7539
320.1947
320.1557
320.7246
321.2331
321.7145
321.3489
321.5614
322.1616
322.1715
321.1374
320.7768
322.6321
323.4467
322.2573
322.7404
323.9471
322.0117
321.3376
321.3077
322.1248
321.9637
321.0337
321.5624
321.1668
321.8402
322.9873
322.8584
323.0326
322.3689
322.423
321.623
321.9528
320.9706
321.2856
320.829
319.9019
319.5487
318.1924
317.084
317.9629
317.6948
317.8094
320.1244
319.4519
319.3657
319.7678
319.9859
322.3723
322.5573
323.0559
323.3481
322.9041
321.4692
321.4366
319.9645
319.0701
318.6718
318.8372
319.9992
319.6288
317.8905
318.7901
317.3214
318.3709
316.7206
317.2114
317.8851
318.5377
317.4187
317.5613
316.9279
316.2403
315.6665
316.8225
316.7526
317.2976
316.2832
316.344
316.8342
316.6071
318.1252
317.94
317.9068
318.7018
318.7334
318.7402
317.8607
319.2411
319.2336
319.7421
319.918
319.7074
321.4563
321.3759
321.4843
321.2685
322.1693
321.7547
321.5006
323.1617
322.4709
322.632
324.0734
324.1899
324.803
325.3572
326.0228
326.7864
326.5418
325.5993
325.7779
326.4825
326.5327
327.0782
327.6703
329.8171
329.0402
330.6482
329.8435
329.2385
329.0564
328.0917
326.5717
327.0054
327.0108
326.2994
325.642
324.681
324.7873
325.5954
325.4294
324.7719
323.5567
322.5238
322.2441
321.6015
323.0815
323.5441
323.4073
324.7396
326.0304
328.0804
328.7981
327.3819
328.4138
328.5109
329.5129
328.9886
328.8063
328.5266
326.4923
325.9536
325.8573
325.2755
323.7148
323.9546
324.484
326.0465
324.9312
324.8297
325.4267
325.541
324.2399
324.112
323.6556
322.6382
323.7224
324.3835
323.7429
323.2071
323.7948
323.8232
323.0695
323.6095
323.9267
323.2536
323.1003
324.0561
323.2481
324.3576
326.6052
326.3714
328.0444
327.3488
328.6573
329.5026
328.8835
328.0335
327.1545
326.8092
327.007
327.7114
329.9367
331.9316
331.9965
333.0393
333.3476
332.5018
333.118
332.749
334.1576
333.9088
332.6466
333.0523
334.0701
335.354
335.7236
335.7065
336.6789
335.6948
334.4848
335.7675
336.3061
336.0428
336.6822
335.9998
337.1895
334.7573
334.2088
333.8917
333.1531
332.8444
333.1785
332.8196
332.792
332.9355
334.7608
336.0756
335.5007
335.1558
334.6567
334.4428
334.1031
334.8863
335.1198
334.945
335.4804
334.8117
333.9356
332.9927
332.5764
332.9461
332.1153
333.6524
334.3992
334.219
335.1864
334.5153
334.9435
336.6542
336.7482
338.5693
338.535
339.0024
338.2706
336.4973
336.3429
335.8953
334.8956
333.8646
334.0364
332.0378
333.8505
333.7731
333.7498
335.0311
335.1344
333.4715
332.4507
332.8523
332.2319
332.4788
331.2034
330.3407
330.9283
330.8407
331.861
332.7058
332.8071
333.6305
333.2451
332.2408
333.9891
332.9437
331.3674
332.0502
332.8047
334.7491
334.2674
333.6594
333.3566
332.5238
333.1561
331.9017
332.6584
332.166
331.3391
332.9264
332.8361
331.4306
331.9451
332.5176
331.9997
331.0154
330.8134
329.5422
329.9561
330.4202
330.1472
331.3753
330.9257
331.7516
332.7373
333.575
333.2132
331.6934
333.0982
334.7669
337.1301
337.4386
337.2217
337.4049
336.4573
334.5761
334.0383
332.4599
332.2485
331.4719
331.7683
331.9395
333.1064
334.7467
333.2706
332.5336
332.1896
332.2139
331.5825
330.9273
330.5119
329.2762
329.6078
327.8066
329.4717
329.9441
329.352
329.5718
329.1757
328.2863
327.9711
328.2871
328.7916
329.7877
330.139
330.7147
330.2804
329.4695
328.5615
328.4865
327.8862
328.8824
329.1
328.9772
329.4527
329.0846
328.9478
328.6955
327.5924
328.1084
327.6829
327.921
327.0487
326.418
325.417
324.7221
326.3146
326.4205
325.8241
324.9943
325.8937
325.4391
325.8211
325.959
326.2612
324.5257
322.3524
321.2879
320.9647
322.3337
322.3642
322.7397
323.6051
324.3052
323.8666
324.077
323.15
323.1138
322.8965
323.9452
324.2354
324.8099
325.818
325.0619
324.5875
323.9827
326.2751
327.8429
328.1543
326.917
326.6017
325.0397
324.2972
322.7077
323.283
323.9129
322.6747
323.3286
322.7514
322.4272
324.0509
324.811
323.358
324.7954
324.2907
324.1655
324.5825
324.2199
324.7686
325.1475
323.137
322.7862
324.1709
324.7078
325.8464
326.3825
326.291
325.2398
325.0301
325.0021
324.851
325.4825
326.3215
326.6677
326.5584
326.0728
325.5575
325.9798
326.2251
326.4849
325.8878
326.4037
325.146
323.9605
323.8757
323.8206
324.3587
323.3845
322.5241
322.9564
322.4847
321.9382
322.781
323.1915
323.0589
323.995
323.9952
324.6592
325.4076
326.2398
326.2932
324.8674
325.3193
326.225
325.1767
325.8584
326.0586
326.9063
325.4142
325.4619
326.0027
325.711
324.6084
323.5123
323.9023
322.6259
322.7473
323.2651
323.1021
323.0281
321.8275
322.2923
322.3731
321.4543
323.3341
322.1559
321.7447
322.6893
322.9435
321.821
321.8315
320.4795
320.6657
319.727
320.8987
321.8658
322.5254
322.602
323.3096
323.305
323.7572
321.8572
320.2984
319.5474
318.5662
318.4218
318.0138
317.5066
317.5047
317.9783
317.1512
317.8878
317.8401
318.4261
317.2566
317.8813
317.8656
316.2675
315.9396
313.7968
314.3453
315.4373
315.1969
315.53
314.6181
313.7244
312.8718
312.4314
311.8846
312.0306
311.44
312.1537
312.3079
312.2934
311.1392
311.7359
311.7574
312.8753
312.5067
314.108
313.3101
313.1325
313.9744
312.3689
311.6166
310.9388
310.0662
310.501
309.5415
308.3353
308.7564
308.9947
308.6743
308.0148
309.1309
309.2441
308.9722
307.8323
308.43
308.3573
307.805
308.6054
307.2207
307.8733
308.8643
310.0722
309.237
309.0664
308.848
307.3608
308.1316
309.2129
310.1525
309.4732
309.1571
309.5795
311.8116
310.7606
311.4387
311.7931
311.9424
312.0882
311.0238
310.7498
309.9564
311.2303
311.9936
311.0218
311.7113
311.5154
312.2266
313.2329
314.2874
313.9011
313.7658
312.6694
311.9392
311.3184
310.5995
310.9212
310.2244
308.2818
308.3064
308.2761
308.4907
310.1253
310.2939
310.6053
311.0649
309.4274
309.3453
310.3
309.7474
310.6206
310.5448
311.549
312.2567
312.4797
310.577
310.4037
310.9742
312.4281
312.0497
313.0068
312.8159
313.9531
312.7573
311.0948
310.8088
312.0596
313.2321
313.841
313.2434
314.0714
313.4582
312.1659
310.8519
310.2909
311.1775
310.2254
309.9965
310.715
311.5611
311.588
311.7297
311.3595
312.0905
312.7181
313.126
313.8406
314.1485
313.812
312.7624
313.319
311.3491
312.7305
312.5041
312.7271
313.3977
313.2523
313.503
313.8726
312.7993
312.7337
313.5629
314.098
312.9557
311.9453
311.144
311.6202
310.9359
311.2193
311.5702
311.9894
312.922
311.8018
310.0036
309.2769
311.3526
313.3994
314.1821
315.2112
315.4014
315.0403
316.3475
315.6477
315.7731
316.5579
317.1273
315.0317
313.7746
313.9599
314.4291
314.4315
315.4199
314.7349
316.3778
318.0775
316.8491
316.7044
317.2558
318.2345
317.4601
317.2923
317.5496
318.6942
318.0864
317.0727
317.2024
316.1647
316.1546
316.6472
316.6926
317.1662
317.1726
316.5249
317.2409
318.7316
319.3577
320.4923
320.3354
318.9417
318.9076
320.1863
318.7115
318.4237
318.1882
317.7789
318.4898
318.8389
318.8524
318.8428
320.5942
320.9005
322.4168
322.6693
323.7961
322.7935
323.0831
322.8123
322.6303
322.5054
322.6018
322.9641
322.5347
322.8396
322.2314
323.9051
323.9061
324.9724
327.1301
327.0776
326.8128
324.9119
325.1494
325.906
325.8975
325.8604
324.2049
323.4662
321.3716
319.5959
318.9927
318.6325
320.0005
320.5625
319.9398
318.9566
319.3589
319.2909
319.6717
319.9917
319.78
320.0369
319.4061
318.6377
318.5955
319.6211
318.8291
318.8979
317.7006
317.0421
316.7797
317.7374
316.1492
318.0788
318.9032
318.4066
317.2595
317.9987
317.9361
317.8982
317.6016
319.3939
319.5552
318.9132
318.4954
318.5408
318.4955
318.3722
316.8963
315.7862
315.8982
316.2288
315.8789
317.76
317.8821
318.0959
318.75
318.229
316.6658
317.2397
318.8373
318.3227
317.0605
318.7057
317.5819
320.1753
320.1178
319.8838
319.7235
320.1044
319.147
319.6797
320.7364
319.8091
321.5277
320.7127
321.3665
322.2061
322.7575
321.4569
322.1575
323.0389
321.3408
321.6799
320.7524
322.0871
321.1208
321.1558
321.0185
321.0411
321.3477
321.4763
321.9376
321.5945
321.211
321.3076
319.9762
320.1092
321.1398
321.9825
321.1556
321.1675
322.4496
323.1926
323.3975
323.3919
323.1013
322.656
321.0206
321.7155
322.0313
322.1307
322.7028
322.9318
322.4284
323.6415
323.9137
326.4655
326.0326
325.0508
325.5094
325.1193
326.0182
326.6493
326.8915
326.4272
327.5715
325.8981
324.379
323.9959
323.2751
324.0352
324.6416
324.1025
323.0371
321.2513
322.0448
322.1756
321.2302
321.8654
320.6916
320.7394
321.3628
322.038
322.4606
321.873
321.6996
321.2219
320.7537
320.1347
320.9629
320.5009
320.543
319.502
319.4735
318.3658
317.268
317.5915
318.3192
316.758
315.9027
315.6708
315.8665
315.8405
314.6529
315.788
316.56
316.5039
316.7544
317.3438
316.2403
316.6142
316.391
315.8997
315.7452
315.9873
316.1303
315.3722
315.7851
315.1971
316.506
316.9395
317.7226
317.6241
317.4101
315.6503
314.9501
315.5295
315.4492
314.405
316.1121
315.1929
313.8133
313.6365
312.4261
310.5274
311.3001
311.7698
312.2784
311.7428
313.0404
311.6696
310.1992
310.4222
309.7402
310.837
311.5562
312.0163
312.1537
311.5385
312.1804
312.0603
312.5639
313.1498
312.9307
312.595
311.4899
311.7378
313.2177
312.6134
312.7328
314.2055
314.5668
312.4596
313.1087
314.015
313.3449
313.4485
312.4561
311.8163
314.3236
313.7543
313.5347
313.4539
313.7264
314.4366
313.5949
313.1441
311.4341
310.1147
310.6825
313.7081
315.3935
317.1296
316.181
316.9829
317.4137
314.7315
314.9388
316.3286
316.5612
318.7032
317.3699
318.2856
318.106
317.7947
318.2585
318.773
319.0962
318.6838
317.4942
317.2308
317.4028
316.7285
318.9398
317.1585
317.8724
318.874
318.3963
317.2968
315.2047
315.7283
315.543
316.7406
316.1424
316.0853
315.9314
316.0342
315.638
313.6046
314.4035
316.5862
317.2886
317.3647
317.0263
316.0259
316.0734
314.376
314.0748
314.4151
314.0302
313.0515
311.9281
311.624
312.5986
312.2059
311.8805
312.589
310.7923
309.1522
307.9026
308.0959
307.8381
307.2016
307.2388
308.5865
309.7114
309.5046
310.206
311.5968
312.1606
312.7888
313.2097
314.2858
314.4957
315.3139
316.0616
315.4106
317.2131
316.3558
317.5316
317.4316
316.632
316.8648
317.2309
316.6377
316.2101
315.7858
316.0455
315.6302
318.2186
316.5143
316.4524
316.4777
317.553
316.5979
316.683
317.2088
319.0571
321.1675
320.2393
321.3278
321.8592
324.1848
323.8981
322.9664
322.4688
322.0304
322.7188
322.0377
322.4058
322.9215
323.1343
321.317
320.4391
319.8255
320.8655
320.9843
320.2248
319.4271
320.0611
320.4528
320.1007
319.7201
319.6566
319.5364
319.9398
318.5457
318.9394
320.1016
318.7847
319.266
319.8071
320.8078
321.708
321.4634
320.82
320.8457
322.3076
321.6079
320.1219
319.8193
318.1907
317.6886
318.7497
319.795
319.5265
320.5584
320.4924
320.9229
322.3444
323.1492
322.254
323.081
321.9121
322.6214
320.9849
320.6428
320.7323
320.4034
321.663
322.1815
322.7574
323.3507
323.5492
323.9525
323.4091
324.3692
326.0187
326.3182
325.5668
327.368
325.9284
324.608
325.4248
325.6795
326.536
325.7713
326.021
324.9291
326.4987
326.511
325.9221
326.9853
326.8278
326.4056
326.3177
325.8795
324.8668
325.1646
324.6016
322.9357
322.8094
322.764
322.8471
322.1535
321.7994
322.2952
322.0218
323.3016
321.8937
321.8908
322.6453
323.2554
323.7941
324.2553
322.8196
322.6537
324.5547
322.9729
323.6676
322.8408
321.7464
321.4805
321.3065
322.2197
320.8706
321.5326
321.3236
321.368
322.1851
322.6838
322.6216
321.9062
320.9544
320.9228
320.1655
321.9502
322.4801
321.9633
321.28
320.9225
319.7711
318.8259
319.2971
318.4042
319.2411
317.8297
316.4082
315.9104
315.4614
315.6563
313.5459
315.2731
315.0352
315.4011
314.5449
316.2484
318.0302
318.2929
318.534
317.8485
317.0295
315.8253
315.7833
316.4351
317.6918
317.7185
318.2542
316.4141
317.8587
317.5262
318.7046
318.3351
319.3873
320.4234
319.4961
318.8517
320.1731
320.6066
321.3756
322.0379
321.2315
320.3415
320.5399
319.8679
321.6937
323.0482
323.5884
324.8084
324.3629
324.8191
323.0552
323.5327
323.8696
324.0778
323.9523
323.5015
323.2562
323.314
323.916
322.7871
323.927
323.7685
323.9662
324.0199
324.1844
325.2038
325.5236
326.1059
326.9355
326.8044
327.6084
327.0982
327.0224
327.0882
327.6352
327.6426
328.3405
329.3067
329.1811
329.6546
328.5622
326.6265
327.4796
327.7399
328.5751
328.2171
325.7902
327.7766
328.5812
329.5067
329.0447
329.3649
327.4667
328.3222
328.5574
328.3467
327.6518
328.413
327.8565
327.7563
327.5411
327.1861
328.0198
329.1118
329.1949
328.6942
328.3212
326.8918
327.3386
327.8376
329.1244
328.3881
327.546
325.7334
326.3877
326.7842
326.4677
327.2647
326.2733
326.2958
325.2844
324.5408
325.6202
325.2925
324.6682
324.7249
325.669
326.7382
326.2549
324.3913
325.1255
324.6349
322.2663
321.5783
322.3747
322.8234
322.1867
321.8463
321.7608
322.0578
321.3731
321.0203
321.631
321.3644
320.3289
323.1092
320.6387
319.5171
319.7414
319.4945
320.6318
320.3563
321.0908
320.7932
321.879
322.632
322.8138
323.8218
323.9157
323.0242
322.2091
322.5763
320.9867
320.3562
319.7671
320.4092
320.7682
320.4128
321.1091
322.1616
321.076
319.8701
320.4825
320.1079
319.2113
318.422
317.7443
317.1366
316.6866
315.7815
314.5898
313.9945
312.6317
311.8113
310.218
309.6087
309.2179
309.1085
309.8052
310.88
309.8127
309.6959
310.1731
310.3711
309.7908
309.402
310.1462
310.2626
310.2053
309.2748
309.3919
309.6246
309.3969
309.8188
309.3131
309.4887
308.6207
309.2045
309.1028
309.6566
309.621
309.5693
309.8006
310.707
312.2613
311.569
312.1874
310.1114
310.0381
309.689
309.3109
309.6652
310.9192
310.1048
309.397
309.2692
310.4792
310.5226
311.3828
311.4374
312.6517
313.1945
313.1771
313.6635
313.6688
314.9295
315.7403
317.0451
316.9779
317.1522
318.5187
316.3396
316.9657
317.1206
317.9686
318.709
318.4402
318.1363
318.4956
319.4246
319.2659
318.7587
319.5094
320.5567
321.4189
319.0217
318.2808
320.2496
320.6874
321.9551
320.3632
319.6258
319.9854
320.1112
321.297
320.7697
320.5263
320.8417
319.9352
319.6687
319.5971
321.9707
322.324
323.2123
322.4564
322.1194
321.5047
320.9843
322.3755
321.7952
320.5017
321.3386
321.7568
321.5699
321.1355
320.4267
319.9747
321.5969
320.6124
321.4861
320.3608
319.884
319.3907
318.4561
318.261
318.2814
316.8688
316.0986
316.9611
315.5199
315.7732
315.5515
314.8687
314.6786
315.0638
314.8047
313.678
313.5644
314.1705
313.0245
313.321
313.3331
313.4077
313.7136
314.6424
314.4776
313.8598
314.4999
315.1536
315.939
316.7697
315.819
