31.86273
33.55243
33.52561
33.20333
33.99546
34.26913
33.85452
35.21037
34.61305
37.39518
39.14995
41.09915
40.7748
42.40386
42.32717
42.83491
43.30805
42.78179
41.3308
43.51305
42.47414
43.69989
41.40969
40.37233
40.71941
41.13381
41.26709
41.31412
39.96287
39.51315
39.83074
38.64809
38.22666
37.29559
38.13082
39.72002
40.63079
39.30271
38.26406
39.61198
40.37623
40.47974
39.99946
39.10574
37.90645
39.87708
39.59935
39.55636
39.52342
39.59187
40.55203
40.54277
41.18912
40.23634
41.04279
39.47365
40.30788
40.57566
36.82638
39.65793
38.47439
38.62684
37.68977
37.72249
37.75104
37.22421
35.52472
34.43673
34.53802
34.17747
35.2691
34.76371
35.42542
34.91207
32.89035
31.50126
31.33294
31.68345
31.19217
32.4043
33.09003
33.89475
34.03091
32.56559
34.72013
33.19693
33.99221
33.81219
34.08374
33.88329
33.78725
32.8802
32.90309
32.65014
33.85444
33.29186
33.82606
35.34716
35.91005
36.02306
36.70275
37.30213
39.71969
39.38135
38.70756
39.18354
36.98101
36.62311
36.79879
37.11923
37.70987
36.91854
36.29795
36.75704
36.82427
35.87418
34.19092
35.9183
36.30149
37.22428
37.65789
38.32467
37.63496
37.33796
38.71899
38.06115
38.92338
39.27154
40.94927
39.488
40.29537
41.04347
40.17115
40.79653
40.38124
38.02828
38.83005
37.73929
37.17616
36.75714
37.01682
36.18613
34.43283
35.04376
34.29196
33.05378
32.64124
33.04356
31.90572
32.08166
32.75943
32.1708
34.39448
34.77568
34.09174
35.00984
33.98762
34.97899
36.24987
34.85307
34.12347
33.34514
33.02273
34.61893
35.14144
35.20802
34.26698
36.05087
34.78712
35.23196
34.68746
34.49889
35.12928
34.76647
33.54693
33.64077
34.36363
35.30522
36.49986
35.36423
36.4656
36.77568
36.74407
37.28251
35.76407
38.44614
37.46951
37.28705
37.49447
37.52022
35.75835
36.58826
36.95282
39.73654
38.46405
38.15415
38.91101
37.66805
36.55304
35.57694
35.78368
34.2893
35.07571
34.92327
36.19177
35.52972
36.16594
35.75783
35.8916
35.4401
38.39848
35.44058
34.2609
34.31065
35.72782
34.42755
33.63463
33.75498
34.52177
34.14289
34.77068
34.65801
34.13565
35.13894
36.8124
36.64254
37.01722
38.2298
38.0699
37.85561
36.7625
38.13873
37.05576
36.02709
35.37225
34.73491
35.26167
36.89325
37.91759
36.35841
35.91778
36.68772
36.52405
37.9612
35.61449
35.43574
34.70886
35.29534
34.72689
34.77505
34.31082
34.09399
34.79486
34.79508
35.26787
36.20259
35.30742
34.99087
34.51103
33.37971
33.47845
33.87326
33.5889
32.53853
31.88637
30.8335
29.60083
28.92726
30.07569
29.7933
30.29627
31.20227
31.0148
30.39297
31.9211
31.6305
31.41608
30.88837
30.6476
30.27294
30.25826
29.60919
30.44405
31.21208
32.02719
33.31298
34.03959
33.43622
32.03108
31.05951
32.26792
32.21788
31.51135
30.20474
31.40886
31.27305
31.34723
31.96253
30.31304
30.58788
30.08805
30.04012
30.69099
30.73422
30.5456
31.33679
30.49065
31.1645
30.31544
30.34119
30.20884
28.1786
27.80208
28.07996
28.08095
28.32288
27.19864
27.16056
26.94549
26.67322
25.76741
25.44458
25.59911
25.5199
26.12723
25.26655
24.80417
25.88085
25.4737
24.14557
24.64764
25.45876
25.84613
26.68223
28.31738
28.14461
28.76763
29.15762
29.4376
29.43592
28.459
28.97621
29.64702
28.797
27.42067
27.69467
28.1463
29.02808
28.3346
27.80518
27.46716
27.68173
27.26589
27.3409
27.60264
27.94697
26.87551
26.38492
26.22953
26.50374
26.53885
27.17752
28.00011
27.93904
27.122
28.18578
28.53574
27.78667
28.6746
28.00767
27.90907
27.93028
27.78141
26.76749
27.7571
27.22113
26.87032
26.79473
25.68679
26.84381
26.69086
26.62376
25.70524
26.47406
27.14889
27.28066
29.01799
29.19536
29.27099
28.23003
28.22725
28.33722
28.78107
29.4241
30.43271
30.57789
30.97969
31.34365
32.52651
33.13657
32.97904
34.95287
34.52714
34.44194
34.48855
34.5788
35.36423
34.20906
32.93336
33.32983
32.1053
32.67165
32.28331
31.80394
32.28257
32.65246
32.05087
33.44948
34.42359
34.18012
33.88266
35.29055
34.21149
33.5107
32.99361
34.45169
34.66228
34.86057
33.88567
34.1246
34.65689
35.72364
34.78336
34.54924
34.7666
34.88877
34.16612
33.02005
32.69811
33.12264
34.16623
33.76373
33.78873
34.00718
33.75319
32.92249
32.48841
31.95805
31.06026
31.21274
32.2823
31.979
33.10762
34.43248
33.20015
33.25138
32.83497
34.32371
32.36953
33.26692
32.8771
32.04235
31.90278
30.47397
29.39498
30.95873
31.43453
31.08235
31.33031
31.78053
31.54858
30.6581
29.66152
29.15907
30.64355
30.3441
30.03707
29.90347
28.69077
29.51809
28.30967
27.83645
28.29962
26.37955
25.93724
26.9105
27.05155
28.5246
29.54534
30.47568
29.20316
29.22188
30.64162
31.06459
30.32277
29.88172
28.75963
29.45875
29.8383
29.60104
29.25718
28.1452
28.20709
28.25165
28.09445
29.26346
29.3862
28.88881
29.99275
30.91529
30.85497
31.48649
31.02966
31.65369
33.7701
32.15328
32.73813
30.19258
30.42075
28.84393
28.72847
29.4
30.03815
29.45181
30.01565
29.07951
29.1714
30.38215
30.88911
32.19106
31.12296
31.95877
31.83128
30.9186
30.67524
31.87187
30.9062
30.98245
31.03
30.76372
31.19614
30.35717
29.90774
30.99664
31.92007
30.6087
31.40268
30.67578
30.42419
28.86409
28.48906
28.80903
29.67218
29.00402
28.20194
27.58001
26.91064
26.49354
26.49268
25.56104
26.44226
25.61857
25.35192
26.28298
27.29554
26.46689
26.73648
25.80113
24.9348
25.86323
25.11643
25.63714
27.08119
28.41954
29.19844
29.70149
30.41377
29.86305
29.32903
29.79112
29.5026
29.49874
30.89306
29.79795
30.37638
30.43187
30.77064
29.507
28.25655
29.95265
31.23597
30.44361
29.12806
29.63743
28.56645
28.75629
28.85222
29.56725
29.19459
29.17402
28.94014
28.8089
28.78597
29.04045
29.9654
29.20483
28.06845
28.65602
28.95855
30.14196
28.14744
28.24125
28.34816
29.80674
30.22773
29.18455
29.20328
29.32662
28.97166
30.15536
30.43746
29.76947
28.69301
30.4659
29.69644
29.98547
31.18742
33.40541
34.61556
35.86218
35.66459
33.8716
35.00173
34.01059
33.85862
33.77875
32.54318
31.51475
31.36224
31.36793
32.18953
32.15121
31.37572
30.49347
31.01633
30.12104
29.02761
29.87408
29.43918
29.28883
30.47589
29.93192
30.08052
29.74765
28.77194
28.92338
27.43994
26.68536
24.79597
25.04625
26.56825
26.20797
26.52929
26.04772
26.35965
26.42342
27.34298
27.45828
28.7842
29.28464
30.588
30.25962
30.00684
30.27931
30.3475
30.67552
30.29931
30.07712
32.21129
31.95852
31.19039
30.5825
31.34958
30.16475
30.85341
32.02775
30.60763
29.30214
29.3539
29.08791
30.31631
30.58691
29.98399
29.76099
30.41965
31.34406
30.38228
29.00031
29.92925
29.5462
29.87875
29.74139
29.71805
29.73942
30.81812
31.16287
30.62744
31.00667
29.84478
29.96801
28.70651
27.88643
27.71426
27.90905
27.82529
28.05022
27.40788
28.14952
27.32775
27.74078
27.63175
27.78322
27.47759
26.243
25.209
24.94558
23.93318
23.16993
22.96393
23.91296
24.25771
24.57873
24.73606
23.74199
23.8461
23.12434
23.52265
23.32352
23.23473
23.63457
24.59163
24.33828
24.52777
24.23287
23.89234
23.24593
23.148
23.65309
24.88423
24.88364
24.59984
24.99201
25.0546
25.07854
26.02258
27.52989
26.78521
28.10689
27.01603
27.33637
28.33914
28.65255
28.40896
27.96678
27.90724
27.7922
27.92474
27.91439
27.13217
27.39593
26.39647
28.00763
28.19718
27.48531
27.6715
27.16836
27.46995
25.77963
25.83889
26.7506
26.62062
26.05728
26.68464
27.46431
27.34919
27.57897
28.49058
29.09034
27.72974
27.93426
28.62337
26.7494
26.22775
27.09814
26.80718
25.73335
27.02915
27.40343
28.90083
29.3845
29.08192
30.34432
30.55257
29.4233
31.42123
32.03739
31.67898
32.24921
30.748
31.52708
31.3969
30.87551
30.63363
31.00791
31.50311
30.11016
29.26358
28.8496
28.02741
28.00693
28.18352
27.83227
27.73578
27.32435
27.71988
27.41638
29.27864
28.02735
28.62629
28.30549
28.50471
29.73222
28.50177
29.08316
29.86938
30.2927
29.5173
29.93103
29.62254
30.11388
29.66484
29.29346
29.85328
29.45965
28.80579
28.95723
28.08166
28.05891
26.90874
27.53951
28.51253
29.12502
29.16941
29.72529
30.07326
28.76041
29.43939
30.5912
31.24812
31.30855
30.2185
29.40105
30.62204
30.45786
30.71656
30.45471
30.39462
29.99823
29.82758
28.99012
28.86781
30.37615
31.53606
31.63394
32.26958
31.74251
31.04535
31.15043
29.78948
30.0381
30.77676
30.03214
30.58281
29.28589
28.72047
28.492
28.01842
28.04708
27.82801
27.23489
26.90084
26.82366
27.03429
26.44053
27.27433
27.07999
28.37422
28.37754
28.32548
28.50191
27.69216
27.16822
26.10865
26.48822
27.30383
27.30008
27.38337
27.1665
26.36309
27.89415
26.74591
26.42947
24.89801
25.74425
26.25313
26.20264
25.12119
24.99162
24.84487
24.5099
24.18345
23.53643
24.29351
24.96076
26.18904
25.7568
26.8299
26.24486
26.26269
26.60327
26.41216
25.8349
27.01509
26.81386
26.02337
26.80674
26.29792
25.3292
25.49934
25.23025
25.03813
25.2638
25.73049
25.81763
25.73804
24.85906
25.51295
25.03473
26.06161
26.39621
27.0201
26.33778
26.73002
26.27398
26.29253
26.27309
27.95747
26.06759
24.0687
24.99795
24.75893
25.99787
25.39579
26.03881
26.69253
26.5891
27.17281
26.77878
26.20294
25.21208
25.35536
24.40946
24.19603
23.34435
25.11858
25.68252
24.71658
24.10299
23.99737
24.03173
23.06945
23.79555
24.11286
24.08131
24.67015
24.13463
24.27001
24.41408
24.50196
25.42749
25.41238
25.22302
25.33969
24.15786
23.09858
23.352
24.19524
22.90737
22.9759
24.22127
23.75588
24.6851
24.73666
24.67307
25.63657
26.28418
26.7779
27.86434
27.18308
27.39521
27.98585
27.57833
27.59016
28.05259
28.10622
27.29693
27.91701
27.82444
28.86713
28.42185
27.471
27.98724
26.74188
27.38836
27.94762
28.35279
28.39079
28.42194
27.9133
27.92113
26.92306
26.5409
25.54793
25.73487
25.3944
25.14283
25.74855
25.75854
24.69288
24.33319
25.34824
25.05306
25.2573
24.24642
23.55239
23.65025
23.09299
23.78517
23.36809
23.03462
22.98967
24.0155
23.55623
23.50992
24.03065
25.07487
25.37989
24.97159
25.45313
25.79711
25.73225
25.96688
25.76577
26.05127
25.24954
25.4533
25.04415
24.67356
25.42004
25.98853
26.08301
26.58779
27.1008
27.45395
28.73942
30.07572
29.58062
27.92985
28.77465
30.65759
29.84059
30.28909
29.98151
29.87658
28.99475
28.86937
29.26673
31.01077
30.84148
31.09812
31.28589
31.29088
30.13802
31.12273
29.5247
30.05382
30.14405
29.34662
28.57332
27.24438
26.94518
27.92855
27.8107
27.75919
26.8311
25.96281
27.04068
27.9531
27.07694
27.74797
27.26815
27.75129
28.09024
27.44659
27.41136
28.36409
27.31131
27.18749
26.76225
27.42521
26.83573
26.13595
26.73353
25.67217
25.41432
26.12122
26.87325
27.49756
27.20046
27.62263
25.94672
25.7231
25.83675
25.74502
26.25793
26.59041
27.29684
27.38039
27.26166
26.70398
26.82137
27.53689
27.34783
26.83067
28.02734
26.87356
26.89925
26.22866
25.88729
26.22186
27.33383
27.42556
26.87173
26.72496
27.50974
26.86298
25.81708
25.5673
26.42249
27.96713
28.20853
27.24662
27.84369
26.33306
27.28273
28.09019
27.85415
27.73122
26.8518
26.99142
27.75323
28.4741
28.16563
27.78762
27.88284
27.52294
27.94251
28.10695
27.73378
27.82928
27.08532
28.4944
28.03633
27.54451
26.79022
26.46292
26.64723
27.79989
28.35447
28.20731
27.35266
26.73918
25.89752
26.50141
27.41462
27.75548
27.96065
27.78833
27.97672
27.60925
28.87587
28.32309
28.41285
28.18266
29.04591
29.59705
30.49031
31.28492
31.7837
33.10624
33.75057
34.68695
33.5805
32.42522
31.70735
31.12998
30.54
30.80838
30.15939
29.95754
29.34252
29.78552
29.17508
28.98575
28.76385
28.94825
30.13521
29.6394
30.81364
30.55983
30.04949
29.38886
28.49282
29.64101
31.13991
29.82923
29.77963
29.40781
28.3046
30.63339
29.72567
28.97084
29.20257
28.37487
27.89883
27.72261
26.5332
26.2531
26.65861
25.94804
26.55184
27.32441
27.51512
26.34979
26.13123
25.13592
25.45658
26.23976
26.14356
25.85211
25.90151
26.21323
25.96431
25.25554
24.3892
25.16355
23.612
25.01425
25.768
26.06652
26.98395
27.48063
26.9901
27.38637
27.78287
27.46906
27.58084
28.1037
28.08543
27.7696
27.49496
27.56154
27.8856
27.96589
27.93728
26.94444
27.19587
26.80227
27.57705
27.64302
28.17991
28.58466
27.15788
27.3645
28.52929
29.21504
28.17661
27.74605
28.48849
29.55139
30.6983
30.23136
29.93158
29.65038
30.90708
29.90117
30.62462
31.59035
31.86382
32.37671
31.07461
32.1885
31.90053
31.76726
32.31422
32.13093
33.78466
34.25206
34.52275
34.097
34.5723
33.96094
32.41535
32.24248
33.51704
32.61056
34.03894
34.0961
31.46022
32.19368
32.20564
32.75015
32.88911
33.16317
32.45071
32.2022
31.8843
32.28098
31.59443
31.39122
30.41063
30.08236
30.17926
29.11892
29.50203
28.95178
31.08004
29.572
29.75414
29.33369
29.47452
29.07639
30.08307
31.14342
31.59111
32.31402
31.33442
32.21036
31.33237
30.89303
30.51459
29.3224
28.0842
27.88664
27.62634
28.83383
28.97854
28.27668
29.46065
26.9084
27.43694
27.59407
26.80272
28.35317
29.57272
28.95563
30.13548
30.00076
29.54158
30.2816
29.91725
30.02817
28.72714
28.73452
28.10964
28.02406
28.10741
27.62906
27.58124
28.62119
28.18134
27.54051
26.86772
27.06683
27.55984
28.20702
27.2922
26.97865
26.79102
26.86314
26.79981
27.70599
28.39889
28.50652
28.79065
28.09516
27.80921
26.87012
28.9922
28.82649
28.76349
28.13153
27.21777
28.02839
27.28629
27.92838
28.17522
29.37712
29.40311
30.65677
32.01396
31.21355
32.33514
31.33265
32.57856
31.71138
32.28303
31.38468
31.94171
30.22015
29.74051
30.855
30.57731
31.40188
29.72699
31.70108
31.42068
30.91213
31.05375
30.94857
30.56702
30.21
30.69878
31.64573
30.33817
31.24674
32.67355
33.16532
32.50274
32.70592
32.62308
33.71141
32.97532
32.28782
31.7552
31.9902
32.33383
33.00993
32.63836
32.76885
32.73219
32.21024
32.35801
32.65159
31.41308
31.72389
32.58971
31.84081
32.45387
33.31763
33.6455
32.1324
31.62139
32.78261
32.39166
32.10884
32.45961
32.22622
32.25069
33.31426
32.69999
32.28098
33.87376
32.55316
34.08204
34.39432
36.04464
35.29466
33.99226
33.2839
34.04385
33.50181
32.55549
34.66271
34.65123
33.18005
34.60951
34.65211
36.02485
34.30085
33.88729
35.42168
32.00289
32.83238
34.451
34.37952
35.1579
34.52339
34.38969
33.47212
34.48829
36.66839
35.84379
36.00263
35.4673
36.14503
36.4952
37.63543
36.90183
38.74988
38.77944
38.58707
37.51939
36.63059
37.05096
36.9041
37.29823
37.87216
38.0125
37.29824
38.61099
37.32238
37.76909
38.35434
39.2753
37.91549
38.07393
39.53419
38.95981
37.30938
38.36657
40.33111
40.86667
38.55633
37.65799
37.62402
38.26842
39.11851
37.22505
35.73725
37.68652
36.26449
35.95579
35.30169
37.84762
38.24114
38.59327
40.10808
39.30111
40.05817
38.16844
37.86623
36.91652
37.23891
35.81553
35.12153
34.90732
34.55097
34.20212
34.81345
35.66054
35.31994
33.74243
32.18726
31.60907
30.9528
30.65256
30.62217
32.95879
33.43473
33.16558
33.30684
32.86715
33.70613
34.10038
32.86164
32.71325
33.6938
33.15179
32.57609
33.73046
33.81181
32.6711
33.95461
33.76711
33.11006
33.51877
33.47951
32.75054
32.33758
32.76674
31.87156
30.70053
28.36578
29.10851
30.46859
30.23556
28.87128
28.12136
27.28661
27.41468
27.42704
27.46972
26.89418
27.59881
27.48248
28.76628
29.57281
29.45624
28.72577
28.82456
29.73203
30.16694
30.28524
29.3714
30.29954
29.65768
28.52046
29.9548
29.92513
28.44122
28.91561
29.90764
29.61644
30.11992
29.39268
29.7104
31.3875
30.4272
30.7695
29.51399
29.14858
28.978
28.86992
29.7744
28.31097
28.33695
28.91869
28.6037
30.30122
28.88599
28.6041
28.70386
27.4134
27.20892
27.81175
28.1744
27.42006
26.73325
28.36066
27.8706
28.1342
29.67519
30.05315
30.21174
29.58875
