0.04931408
0.04245639
0.04071856
0.04162919
0.04364461
0.04046876
0.04073476
0.03945168
0.04206093
0.04632765
0.04183778
0.0380214
0.04479844
0.04268065
0.03970132
0.04180897
0.0384971
0.0359588
0.03751686
0.03794041
0.03553143
0.03383404
0.04056713
0.04572291
0.04301384
0.04119248
0.03585842
0.03635016
0.03772385
0.03869862
0.03819859
0.03870379
0.03937653
0.03758675
0.03341015
0.03060496
0.03202533
0.02999552
0.02964571
0.03233878
0.0320912
0.0313013
0.03371782
0.03684614
0.03805139
0.03926732
0.03804029
0.03461303
0.03611086
0.04113719
0.04246465
0.03525203
0.03422238
0.03285697
0.02723719
0.02959764
0.03245255
0.03053576
0.03546476
0.03125648
0.03352921
0.03411369
0.03724622
0.03795827
0.03961406
0.0374799
0.03828361
0.04292608
0.04652039
0.05091477
0.04684479
0.05019974
0.04800467
0.04604383
0.04698168
0.04175627
0.04942074
0.0596097
0.06078092
0.05772956
0.055465
0.05569111
0.05171477
0.04652287
0.04969476
0.04898545
0.04657152
0.05300457
0.05184325
0.0599164
0.05428411
0.04899657
0.04929085
0.05181195
0.0533493
0.0519092
0.04738799
0.04984504
0.05277882
0.04867754
0.04334305
0.03918904
0.04527284
0.04686827
0.04383132
0.03559125
0.03385984
0.03007029
0.03300367
0.03291185
0.03280626
0.03447566
0.03758338
0.03952918
0.03768222
0.03823027
0.04249461
0.03741866
0.04073619
0.03706484
0.0370303
0.03715541
0.0384931
0.03633324
0.03667249
0.03785001
0.03488582
0.03583521
0.03624201
0.03242287
0.03382412
0.03180076
0.03075514
0.03302271
0.03343195
0.03048152
0.03159445
0.02942809
0.03066636
0.033865
0.03250254
0.03400094
0.03522652
0.03626521
0.03572495
0.03826764
0.03821231
0.03915881
0.03617588
0.03098016
0.03169529
0.03326829
0.03543064
0.03364843
0.03681378
0.03869732
0.03315335
0.0356898
0.0383387
0.04354438
0.04769503
0.04193403
0.04005929
0.03892235
0.04070288
0.03940443
0.03626486
0.04703104
0.04383582
0.04563976
0.04742383
0.04187186
0.03987908
0.03693213
0.04017858
0.04129385
0.03948505
0.04165977
0.04081243
0.0443301
0.04981208
0.05398187
0.0543364
0.05834419
0.05052544
0.05154084
0.05320595
0.0535727
0.05152772
0.04862522
0.04262678
0.04214659
0.04021257
0.03888284
0.03942428
0.03934565
0.03711304
0.03826876
0.03957514
0.03740548
0.03734816
0.03621749
0.03116348
0.0394253
0.03984834
0.04283901
0.04525047
0.04618563
0.04877593
0.05030946
0.05159596
0.05106668
0.05142082
0.0459432
0.05073437
0.04483547
0.04565602
0.04872328
0.05414332
0.05213893
0.05486931
0.05137159
0.04797487
0.04820887
0.04980282
0.04421074
0.04594744
0.0475655
0.05200754
0.05176506
0.04869511
0.04716549
0.05062406
0.04852714
0.04657216
0.05088659
0.04911113
0.04833695
0.04843325
0.05359895
0.05658522
0.05464784
0.06382701
0.05717059
0.05352617
0.0602839
0.05292742
0.05017966
0.05245345
0.05517216
0.05046108
0.05327105
0.04520596
0.05287929
0.0547738
0.04871505
0.04538373
0.04614752
0.04041097
0.0362893
0.03304904
0.0351209
0.03589637
0.03572802
0.03807047
0.041212
0.03987327
0.03875831
0.03665818
0.03842818
0.0369113
0.03898613
0.03974503
0.03225143
0.03048829
0.0319739
0.03556101
0.03727857
0.03852721
0.03996115
0.03755954
0.03635047
0.03840458
0.03747835
0.03739992
0.03991561
0.04079691
0.03849073
0.03589446
0.03565733
0.03287221
0.03116872
0.03378753
0.0368422
0.03707923
0.03564118
0.03424844
0.03233164
0.03465195
0.03386555
0.03595829
0.03657552
0.0422711
0.04329372
0.047115
0.04104648
0.03885463
0.0366481
0.03538512
0.03240575
0.03386802
0.03435121
0.03944761
0.04192631
0.03838079
0.0384832
0.03936737
0.04501314
0.04529693
0.04419697
0.04151715
0.04057036
0.04559107
0.04274374
0.04622832
0.0486968
0.05016064
0.04508764
0.04609794
0.04999591
0.04565944
0.04631411
0.04363924
0.03995187
0.04370808
0.03968071
0.03808285
0.03846155
0.03712838
0.03442394
0.04182927
0.03673909
0.03384176
0.03513059
0.03585072
0.03864869
0.03804844
0.03909384
0.03812289
0.03639667
0.03540383
0.038116
0.04110223
0.04249978
0.0403248
0.04107829
0.04248145
0.04271615
0.04030221
0.04742932
0.04610478
0.04323492
0.04866737
0.05622872
0.05932059
0.05203177
0.05039997
0.04862362
0.04801029
0.05319677
0.053177
0.05435606
0.05151645
0.05023176
0.06122277
0.06086951
0.05685607
0.04958198
0.04622347
0.04338687
0.04190768
0.04253596
0.04324199
0.04265889
0.04322357
0.04443826
0.03896548
0.04237417
0.04241607
0.04244915
0.04387362
0.04081477
0.04037578
0.0399309
0.03865658
0.0442895
0.03964768
0.03946262
0.03772646
0.04026474
0.046032
0.04537379
0.0441803
0.04336548
0.0496312
0.05916212
0.0559552
0.04950935
0.0504547
0.04902104
0.05309423
0.05026441
0.04834731
0.04450644
0.04272896
0.04049078
0.04612785
0.04544002
0.04310771
0.04279879
0.04477938
0.04510306
0.04580507
0.04558073
0.05520668
0.05035165
0.06106134
0.06086551
0.05909326
0.05170477
0.05703013
0.05498481
0.05584129
0.0573947
0.05381895
0.04751487
0.04816417
0.04545177
0.05341169
0.05000496
0.05870869
0.05830186
0.0523933
0.05521675
0.05841949
0.05498222
0.05059411
0.05345148
0.05401413
0.05487147
0.06211985
0.07097838
0.0673235
0.06473518
0.06731106
0.06015653
0.06449773
0.07364879
0.07114229
0.06402408
0.06559698
0.06271527
0.05822481
0.05290447
0.05157952
0.04785369
0.04285954
0.03960878
0.03679645
0.03269212
0.03291128
0.02969864
0.03376082
0.02939405
0.02835972
0.02955579
0.02780602
0.02496556
0.02688505
0.02858844
0.02862834
0.02532264
0.02674417
0.02630094
0.02812328
0.02787183
0.02764372
0.02701276
0.02993347
0.02967967
0.02903553
0.02677839
0.02887765
0.03427682
0.03166302
0.03004451
0.03274277
0.02765081
0.02847248
0.02965503
0.02831529
0.02746206
0.02781549
0.02605527
0.02409144
0.02401214
0.02283716
0.0229307
0.02437869
0.02391359
0.022883
0.02443672
0.02666682
0.02241597
0.02223946
0.0229439
0.02309132
0.02095219
0.02307281
0.02486667
0.02220925
0.02329641
0.02496668
0.02871768
0.03009218
0.02869057
0.03221515
0.03070671
0.03224388
0.02929287
0.02821852
0.02931809
0.03182881
0.03232372
0.03263688
0.03190053
0.03588609
0.03268894
0.03233786
0.03519298
0.03373181
0.03113666
0.03417032
0.03852111
0.0421811
0.03991322
0.03814958
0.04546874
0.04512
0.04327257
0.04464356
0.03925178
0.03997257
0.04281846
0.04183984
0.04147398
0.04041161
0.04308909
0.04415563
0.04324689
0.04071377
0.04643893
0.04411836
0.03691725
0.03196541
0.031907
0.03668425
0.03611666
0.0373709
0.03477917
0.03857211
0.03690602
0.03129134
0.02841946
0.02928447
0.02788496
0.03084237
0.02756069
0.02796699
0.02742488
0.02602853
0.03088724
0.03040574
0.03076259
0.0297912
0.02997959
0.03024683
0.02918158
0.02982785
0.02821384
0.03227561
0.03447128
0.03600539
0.03451283
0.03487033
0.03645613
0.03810131
0.03664409
0.03669936
0.03732832
0.03516858
0.03493097
0.03623004
0.0422867
0.04367649
0.04493685
0.04634894
0.04418329
0.04440366
0.0441595
0.04138073
0.03962139
0.04372375
0.0376489
0.04031118
0.03246616
0.03212307
0.03536585
0.03382984
0.03579146
0.03509172
0.03365704
0.0346446
0.03850483
0.03666319
0.0377447
0.03536128
0.03911105
0.04271683
0.03362999
0.0364742
0.03434613
0.03534882
0.03215729
0.03049142
0.03481899
0.03936972
0.0412408
0.05021989
0.05260976
0.05441099
0.0652487
0.05782149
0.06588573
0.05951896
0.05875797
0.05598889
0.05407142
0.05306465
0.06068534
0.05931207
0.05875782
0.05657811
0.05081822
0.05576209
0.05189877
0.05306307
0.05758799
0.066156
0.07061579
0.08297661
0.07023107
0.07572623
0.07081732
0.06310042
0.06213961
0.05949253
0.05355637
0.05785156
0.05111699
0.05045305
0.04449695
0.04157097
0.04470335
0.03940931
0.04088423
0.04005669
0.03734478
0.03981864
0.03568292
0.04324156
0.04443074
0.04027565
0.03997917
0.03814402
0.04227664
0.04213712
0.04168706
0.03635141
0.03506029
0.03798238
0.03676264
0.03609237
0.0352072
0.03699234
0.0362997
0.03098116
0.02875812
0.03072156
0.02844794
0.0286776
0.0290657
0.02641413
0.02478425
0.0248556
0.0250439
0.02523011
0.02582892
0.02533516
0.02621036
0.02578148
0.02912966
0.02764202
0.02731573
0.0253036
0.02762794
0.02946298
0.02686925
0.0254427
0.02725918
0.02530062
0.02249207
0.02238817
0.02314208
0.024844
0.02460149
0.02514659
0.0260971
0.02487318
0.02325103
0.02332358
0.02354582
0.02596035
0.02755665
0.02833748
0.02775398
0.02582317
0.0251172
0.02539222
0.02653552
0.02180792
0.02412556
0.02645094
0.02529858
0.02691104
0.02817676
0.02910898
0.03003351
0.02976491
0.02601418
0.02893101
0.02578017
0.02762568
0.02913239
0.02631038
0.02906017
0.02642241
0.02485868
0.0241322
0.02482746
0.03044095
0.03344855
0.03146057
0.03312024
0.04078242
0.04195476
0.04103243
0.04032344
0.04658931
0.04652948
0.04624504
0.04709086
0.04785399
0.04871931
0.04840547
0.0460782
0.04839549
0.04428731
0.04451812
0.04545296
0.0464822
0.04716568
0.04545769
0.04331593
0.03805587
0.0394236
0.03841936
0.0320517
0.03185404
0.02657451
0.02578405
0.02834699
0.02724941
0.02565534
0.02751106
0.029433
0.0285368
0.0346409
0.03555834
0.03340944
0.03919371
0.03747439
0.03801189
0.03673229
0.04332784
0.04195926
0.03972645
0.03878519
0.03970794
0.03661728
0.0383321
0.03806462
0.03924187
0.03515675
0.03353307
0.02987149
0.03731323
0.03438751
0.03328729
0.03810122
0.03453688
0.03303138
0.03384263
0.03446441
0.03773721
0.04055135
0.03979911
0.04005592
0.03826324
0.038226
0.03716812
0.03851571
0.04032856
0.04248531
0.04239269
0.04364706
0.04716069
0.05044903
0.04655666
0.05402325
0.05017193
0.04889694
0.04790185
0.0424476
0.04263321
0.0499517
0.04750685
0.05054459
0.04496232
0.04614277
0.04536465
0.04623236
0.04675241
0.04320207
0.0442789
0.04221978
0.04424618
0.04430075
0.04691842
0.04662733
0.04353886
0.04260165
0.04090929
0.04255994
0.04151523
0.04168726
0.04271954
0.04526941
0.04540124
0.04340029
0.04703207
0.04620397
0.05674626
0.05921368
0.05522963
0.05787815
0.05968662
0.06255827
0.06795347
0.06710946
0.06970958
0.06900168
0.07211954
0.07641608
0.07543963
0.07407361
0.06825598
0.06812104
0.0714651
0.0760339
0.07074026
0.06955438
0.06663692
0.06672581
0.06997093
0.06442022
0.06820865
0.06567568
0.06243034
0.05610892
0.05060913
0.05092846
0.04830504
0.05028219
0.053016
0.05145184
0.04806434
0.05351768
0.05874987
0.06067526
0.05880009
0.05243093
0.05222694
0.06223529
0.06985349
0.07197218
0.07098559
0.08077449
0.07643441
0.07452449
0.06827538
0.06304889
0.06192005
0.05973727
0.05306908
0.05260582
0.05802498
0.06073503
0.05945894
0.05399035
0.05329768
0.05201109
0.05582024
0.06220247
0.06588994
0.07115689
0.06381788
0.0662355
0.06477311
0.07190771
0.07237551
0.0767228
0.07478594
0.07336389
0.067887
0.07260883
0.07009359
0.0667356
0.07044673
0.07952754
0.08208299
0.07892388
0.08158724
0.09196081
0.08211146
0.0807207
0.08798995
0.09557069
0.08591578
0.08614528
0.07952062
0.09128627
0.09457761
0.1006621
0.0901859
0.08921505
0.09125682
0.1085501
0.1045449
0.09968317
0.09539693
0.09367503
0.07905545
0.07479031
0.07418053
0.07720649
0.0706902
0.07597078
0.0772678
0.07756052
0.07927371
0.08569494
0.08340341
0.08449961
0.08785667
0.0908261
0.09271583
0.1030014
0.1074543
0.112173
0.1152456
0.1173785
0.1230378
0.1073006
0.1089809
0.1142524
0.1152724
0.1277622
0.1463118
0.1452522
0.1137228
0.1148344
0.1272365
0.112144
0.1065212
0.09087163
0.09189051
0.08840774
0.08997197
0.08472084
0.07822358
0.07060221
0.07332373
0.07373444
0.07137827
0.06966322
0.07359562
0.07428631
0.07550158
0.0735779
0.07167522
0.0704856
0.07859172
0.07717232
0.07855152
0.07862073
0.08330217
0.0940175
0.09289646
0.09304447
0.09327036
0.0839132
0.0793738
0.0993661
0.1024602
0.09450969
0.08488433
0.09053258
0.08762876
0.09313433
0.08838695
0.08965375
0.08027556
0.08160688
0.07340058
0.06908699
0.06305521
0.07018713
0.06675775
0.06735731
0.07482205
0.07524684
0.07881186
0.07669132
0.06659769
0.06929067
0.07661274
0.06604847
0.06848997
0.06398192
0.0749512
0.07203627
0.07111741
0.077163
0.08055835
0.08865872
0.08270449
0.08650732
0.07203743
0.07000658
0.06471344
0.05626039
0.05637533
0.06003437
0.05598352
0.05453113
0.05204377
0.05605042
0.06208321
0.06730286
0.07081411
0.07244123
0.07570543
0.07589277
0.07525443
0.07456605
0.0625096
0.06262086
0.06013181
0.06287785
0.06221117
0.05919269
0.06061654
0.06982063
0.07446961
0.07005842
0.06665881
0.06592878
0.0621123
0.05992599
0.06066401
0.06064935
0.06032873
0.05565973
0.05355502
0.0562876
0.05667217
0.05562646
0.05345613
0.05251149
0.05639864
0.0491974
0.0451688
0.04405948
0.04350657
0.04532107
0.04935652
0.04780938
0.05193034
0.05363621
0.05685415
0.05022235
0.04928113
0.05573346
0.0529646
0.06248504
0.05521876
0.0576975
0.05592331
0.0495944
0.04220946
0.05075945
0.05285053
0.05526878
0.05019849
0.0488535
0.04951895
0.04562493
0.04526822
0.04724312
0.04729608
0.04720491
0.04575854
0.05377202
0.05185786
0.05046445
0.05458957
0.05160392
0.05092118
0.04520741
0.04948997
0.04440542
0.04890226
0.0423169
0.04197301
0.04624028
0.04716857
0.04809891
0.04578373
0.04954696
0.05244309
0.05000481
0.04454114
0.04215823
0.04498735
0.04834483
0.04744006
0.04766698
0.04261401
0.04227918
0.04355624
0.04740193
0.04397339
0.04705667
0.04287338
0.0388439
0.03655302
0.03395493
0.03410674
0.03017669
0.0292052
0.02552989
0.02531479
0.02628855
0.02799988
0.02746365
0.02922024
0.03005492
0.02410813
0.0241357
0.0251948
0.02245846
0.02064273
0.01989403
0.02199045
0.02270849
0.02313164
0.02338271
0.02295741
0.02315405
0.02297704
0.02384485
0.02350206
0.02683717
0.02854512
0.02682193
0.02579518
0.02383504
0.02578497
0.02589638
0.02624835
0.02355487
0.02336281
0.02248806
0.01926502
0.02042966
0.02259459
0.02416937
0.02398138
0.02452717
0.02435545
0.02744208
0.02580536
0.02828749
0.02592548
0.02645901
0.03676541
0.03666335
0.03343722
0.03076599
0.03252667
0.0314124
0.03325726
0.0332804
0.03363326
0.03073105
0.03316662
0.03309576
0.03575968
0.03271754
0.03371609
0.03406159
0.03775805
0.03497243
0.03164529
0.0324499
0.0331144
0.03559894
0.03571653
0.03473858
0.03485191
0.03855251
0.04074189
0.0407851
0.04029052
0.0404569
0.04118763
0.03703539
0.0343213
0.03913452
0.04066896
0.04651342
0.04421389
0.04118279
0.04587662
0.04554015
0.05588732
0.05455524
0.05341678
0.05337947
0.05050928
0.05066498
0.04989748
0.0493614
0.04746054
0.04073275
0.04153187
0.04220842
0.03825904
0.04012188
0.04692575
0.04346542
0.04583141
0.04830772
0.05232886
0.05603453
0.05562311
0.05212726
0.04691082
0.04156324
0.04265811
0.04457356
0.04338498
0.04255459
0.04290353
0.04355061
0.04348573
0.04402085
0.04805851
0.04438317
0.04281323
0.04385195
0.04256151
0.04725868
0.05241916
0.04809479
0.04881689
0.05151019
0.04743842
0.04444548
0.04717597
0.0437807
0.04790321
0.03693994
0.03680139
0.03876345
0.04214153
0.04627031
0.04571953
0.04094832
0.0441392
0.03998943
0.04273534
0.0318254
0.03273649
0.03580666
0.03497852
0.03825247
0.03630592
0.04103774
0.0389683
0.03824437
0.03525881
0.03677004
0.03853589
0.03758921
0.04060466
0.03579904
0.03926692
0.03652841
0.03875969
0.03315219
0.03483612
0.03277356
0.0308059
0.03220997
0.03229668
0.03127231
0.02907264
0.03000795
0.02831831
0.02511588
0.02497503
0.02481635
0.02699784
0.030664
0.03129438
0.0325626
0.02894815
0.03381431
0.0345829
0.03394535
0.03690622
0.0390855
0.04648192
0.04462805
0.04002857
0.04499876
0.04255727
0.04739099
0.04667679
0.0522323
0.05226725
0.05541553
0.06256825
0.06117682
0.05891018
0.05463469
0.05444784
0.05198552
0.05988565
0.05172027
0.04822356
0.04184417
0.04409751
0.04051873
0.04472662
0.04615863
0.04675837
0.04222588
0.04379013
0.04492917
0.04190749
0.04704241
0.04643797
0.04947433
0.04646189
0.04530329
0.0392288
0.04333901
0.03951492
0.03976221
0.0388698
0.03561319
0.03688384
0.04331837
0.03909255
0.04485581
0.04526881
0.05048908
0.05103029
0.05768352
0.05619448
0.05696279
0.06240617
0.06546895
0.07383641
0.07319808
0.07273749
0.07045088
0.07488695
0.07276613
0.06946214
0.06224706
0.06410319
0.06850923
0.06365942
0.06042933
0.05804824
0.06434149
0.06436789
0.06931602
0.07261232
0.07398172
0.07512518
0.07141081
0.06966666
0.06198205
0.05508155
0.05467399
0.05609952
0.05942744
0.06459396
0.05698973
0.05878449
0.0631134
0.0561715
0.0565633
0.06184211
0.06376728
0.06220118
0.05865188
0.05701168
0.05963959
0.06457663
0.05712859
0.05160863
0.05312154
0.05011986
0.05354944
0.04915871
0.05581885
0.05953872
0.06147569
0.06043523
0.05440734
0.05868791
0.06171254
0.05804714
0.06401456
0.06218775
0.0593256
0.0539336
0.05774367
0.05942974
0.05854241
0.05905643
0.05666865
0.0694858
0.07602921
0.06902177
0.06814914
0.0747293
0.06641889
0.07294153
0.07397297
0.07683729
0.0673696
0.06827059
0.07215109
0.07559297
0.0694196
0.06673628
0.07279757
0.06871544
0.0691545
0.07145774
0.06827193
0.07306528
0.06732641
0.07235955
0.07126449
0.07048864
0.06598144
0.06626375
0.06956648
0.06402755
0.06448247
0.06468293
0.07343968
0.07648641
0.07297399
0.07075926
0.06633886
0.06251651
0.06255973
0.05773959
0.05954141
0.06225103
0.06239008
0.05388122
0.05883842
0.0588514
0.0557213
0.06553363
0.07021889
0.06382845
0.06497385
0.06159184
0.07206695
0.08500298
0.08577807
0.09003321
0.09292042
0.08812398
0.08492679
0.08382913
0.08033706
0.07556025
0.07159074
0.06555816
0.06783754
0.07175372
0.06803346
0.07230241
0.07400005
0.07707639
0.0776621
0.07262931
0.07218959
0.07197657
0.07823039
0.0774168
0.07091841
0.06995911
0.07714434
0.07985271
0.07238619
0.07771267
0.08625912
0.08338675
0.08083743
0.08754448
0.07721251
0.07582391
0.06992829
0.06193967
0.06013756
0.0726641
0.07341757
0.07388557
0.07566158
0.07246552
0.07774565
0.0718114
0.0709315
0.06698033
0.07310513
0.0717609
0.07329725
0.08046694
0.0722859
0.07238033
0.073186
0.06646444
0.06990958
0.06819806
0.06462657
0.06123991
0.0547454
0.04691782
0.04824111
0.05103541
0.05766133
0.05752738
0.05663191
0.06290926
0.05701742
0.05344207
0.05646308
0.0548921
0.05446588
0.05320077
0.05045563
0.0527592
0.05475967
0.05098021
0.04887849
0.04339932
0.04330361
0.04707615
0.05115113
0.05041205
0.04920943
0.05219573
0.05262535
0.05190269
0.0543921
0.05367794
0.05127673
0.0635873
0.06486244
0.06824131
0.07127059
0.06781871
0.06569473
0.06339557
0.06020199
0.06064635
0.05531905
0.06471038
0.07323758
0.08413867
0.0750602
0.07905508
0.07949404
0.0725261
0.07615477
0.08000788
0.07888895
0.08932371
0.0834943
0.08608325
0.08655625
0.083322
0.07752411
0.07495807
0.07498073
0.07204281
0.06827225
0.07100521
0.06533666
0.07543457
0.07797454
0.08219065
0.07808752
0.07523654
0.07364145
0.07234193
0.06901943
0.06451626
0.06368002
0.05820224
0.05696561
0.05074728
0.05158433
