47.04315
45.95483
45.82601
46.12501
45.88503
44.9604
43.19181
43.61143
43.29609
43.27696
44.56675
43.69622
44.24011
44.75101
45.64895
47.13027
47.19819
47.46682
46.53598
47.61809
47.56051
47.58228
47.82979
47.2668
46.36525
46.0135
47.04232
47.38526
46.62234
47.91647
47.25709
48.60017
48.86419
48.64455
47.82174
48.85906
48.56034
47.8189
47.73445
47.77311
47.78264
48.14302
46.08573
45.3371
44.58171
45.55824
45.64348
44.86854
45.22832
44.25031
43.91234
44.24641
44.15889
44.30945
45.75907
44.24391
45.30585
44.94857
43.53141
43.4733
42.06517
41.54703
41.8777
43.30159
42.72183
42.58498
42.29203
41.87948
40.81566
40.66036
40.62218
41.48123
40.78394
42.20204
42.39304
41.83212
41.92077
42.58078
42.21319
44.18005
43.7249
43.84757
44.72934
44.47664
45.40622
44.71208
44.70925
45.23158
46.05884
45.33324
44.73533
44.64311
43.87581
44.4505
45.25609
44.26877
44.36731
43.26664
43.50807
42.89376
41.48935
41.94313
42.06151
42.29383
42.55034
42.34974
42.97304
43.34237
42.55149
41.56032
41.8704
42.44456
43.87589
44.59814
45.25265
44.19663
43.5485
42.88015
43.02854
42.22255
42.90343
43.23372
42.28424
41.52669
40.7911
40.17434
40.06537
39.43117
39.81085
39.64592
40.69619
41.25989
42.09463
40.93567
40.09964
38.61466
39.287
40.85022
41.25424
41.33018
41.54192
40.93018
41.35566
40.84496
40.36348
39.92347
39.63642
41.08212
41.28142
41.82381
41.48233
41.00683
40.6328
40.30603
41.6754
41.81223
41.49455
39.83465
39.87736
39.08738
39.05801
38.29723
38.38156
38.04823
39.016
38.56241
38.80205
37.48631
37.23602
37.55606
39.12332
39.44267
39.19568
40.43699
40.68469
39.76538
39.83882
41.1357
40.14983
39.45216
40.53113
41.65328
41.67406
41.89898
43.47687
44.46123
44.36657
43.33419
44.63274
44.21647
44.27347
43.69857
43.28222
43.1354
43.16707
42.55216
43.85581
42.87859
42.82848
43.79648
44.56843
45.01439
43.99728
42.76069
44.05089
43.45044
45.41442
44.74929
45.08133
45.78956
45.38269
45.34288
44.97262
46.57754
45.61667
46.6612
48.64825
48.52946
48.04715
47.0681
46.99564
46.67236
46.80313
47.03105
47.86088
47.026
45.86353
46.13519
45.56042
46.4837
45.26797
45.00143
45.42427
44.95289
45.55262
45.10517
46.86062
47.34022
47.6559
48.5383
48.36591
48.58388
48.61008
48.06571
48.65292
47.73228
48.41003
49.76178
49.96193
50.1268
50.28147
50.55986
49.46846
49.97335
50.51696
49.66859
49.29609
50.82002
50.77173
49.65068
49.28874
49.28353
49.99448
50.11554
49.65885
49.4258
48.099
45.97682
46.2647
47.33699
47.66692
48.49623
47.55034
46.9386
48.93685
49.60143
48.58667
47.27719
47.48258
48.39439
49.03331
48.46156
48.41898
48.83421
49.43121
49.63106
50.19197
51.27709
51.40872
51.92194
52.64203
53.19126
52.96677
52.82626
52.92046
52.53091
53.22147
54.18171
53.48001
52.12551
52.112
51.59567
50.70932
52.7641
53.26962
52.79497
52.62754
52.48105
51.60417
51.85782
52.52366
52.34007
53.15642
53.70778
53.96494
53.60149
52.40672
51.52437
51.01994
51.10946
50.73415
50.39396
49.26546
47.9847
47.42406
48.43107
48.6432
49.55047
49.7353
49.99233
49.93009
50.29141
50.21266
48.28094
49.15735
49.87599
49.61312
49.38444
50.35686
50.59217
50.75198
49.40441
49.8213
49.88946
51.25929
50.32554
49.10193
49.47035
49.17507
50.62793
50.06934
49.46853
48.3872
48.78793
47.88781
48.12885
47.69325
49.2221
48.33486
48.35908
47.82381
49.1657
49.40545
49.43467
49.18994
49.03516
47.97298
48.97642
50.58719
50.2362
50.17989
48.90261
47.90711
48.86605
48.71474
48.71726
46.90508
47.85262
47.56154
47.37498
47.59909
49.51447
48.70973
47.76328
48.7354
49.36981
47.98955
47.02996
47.16902
47.51252
47.09924
47.23753
47.82325
49.33679
49.9284
50.65596
50.54293
49.80409
48.68944
48.52381
47.8544
49.01125
48.58575
48.84231
48.82536
48.53191
49.9483
49.55811
49.65852
48.58881
47.72707
46.77096
46.04006
45.42145
45.30144
45.40905
47.88922
46.01349
45.38624
44.95528
44.63784
43.52183
43.76206
43.45296
42.72613
41.75041
40.58764
42.01166
41.84892
41.82991
43.40806
43.36869
44.12134
43.84308
43.64795
43.22609
43.75087
44.1671
44.91406
44.35218
43.70664
43.68807
43.30803
42.68559
42.62381
41.49669
42.3173
42.27037
42.54653
41.60729
41.2462
41.50452
39.42495
39.10543
39.11807
38.36226
39.47673
38.88241
39.01302
38.92827
38.09434
38.80495
40.30889
40.65446
40.51566
40.06589
39.17591
41.56708
42.83562
43.07995
42.27885
43.49904
43.63515
42.19765
41.49802
40.7533
39.57603
39.98991
40.51946
41.74932
40.48155
41.00198
41.40651
41.77252
42.26003
42.48734
40.71904
40.42672
40.6045
40.74049
41.26637
41.71611
41.3167
41.4035
41.58414
43.18506
43.37268
43.57197
42.74511
43.46672
43.07698
43.52798
43.23568
42.54473
42.37206
42.96843
43.06558
42.5339
41.20003
41.11861
41.03627
40.16327
40.14033
38.90546
38.93335
38.29824
38.15837
38.52054
38.06542
37.42592
36.77975
37.46644
37.16632
38.89814
38.71814
37.57493
38.75727
39.18904
39.27387
39.35639
38.7172
39.57326
39.50273
39.94954
39.81043
40.40491
40.45555
40.25501
41.44017
40.40206
40.04188
38.41006
38.42027
38.27134
38.13696
38.8286
38.84381
39.10941
39.30073
39.47096
40.30445
40.30669
38.58709
38.505
37.73072
38.31467
38.18581
37.428
37.96789
38.95677
38.42576
38.38396
39.39229
39.48204
40.53635
41.32743
40.60994
40.11672
41.29218
40.58018
40.75018
40.47093
40.96362
42.07463
42.07199
42.34949
43.74553
44.6619
43.9694
44.72003
44.73749
45.38687
44.90778
44.19666
43.63751
43.27535
43.78521
43.41778
43.61021
44.34883
43.86399
43.93444
43.79316
45.57609
45.88803
45.91141
45.80593
46.40029
46.74163
45.47761
46.19082
45.80288
46.29541
44.85511
46.14095
45.78326
45.65349
45.7425
44.2285
44.29812
45.5587
44.19342
44.56334
43.37784
42.96692
42.76173
43.69264
43.78023
43.61408
44.62477
43.86422
43.45233
43.72386
42.80368
41.39389
42.22593
42.4375
42.24684
41.68577
42.75328
43.79098
43.26703
41.50278
41.53033
41.45604
42.163
42.30247
42.61711
42.84854
42.89873
43.30622
43.38753
44.19435
44.89986
44.69671
45.54298
46.1252
45.92555
46.06398
46.55998
46.28336
47.19197
46.8036
47.0653
48.04209
48.52731
48.98588
49.98326
51.19808
49.94667
50.68123
49.37146
48.32115
47.73546
47.05283
46.69861
46.80265
48.03251
46.64263
48.44671
48.99462
49.8252
49.06415
49.19146
47.6794
46.39194
46.88382
47.6702
48.9451
49.15715
48.10099
47.07018
46.51341
44.78901
44.62549
43.8298
43.52071
43.42436
43.78345
44.44098
44.68298
44.44144
44.44908
43.68678
42.87177
42.99853
43.43003
44.37281
44.82329
44.7387
43.27194
42.14063
43.54793
44.82142
44.38256
44.85592
44.94729
45.43104
45.69386
45.88122
47.27714
46.44694
46.59666
47.18519
46.4867
47.42703
48.40196
48.15589
49.59405
48.48048
48.91283
50.14063
48.98309
49.9212
51.92902
52.05943
52.2923
51.38424
52.58084
53.07163
52.90785
52.4594
53.38033
53.81965
54.36825
54.96648
54.77925
53.27352
53.5136
54.99665
55.46396
57.12201
57.96894
57.78138
59.00856
58.72183
59.64305
58.75604
59.22122
58.76155
58.92029
58.60037
59.19993
57.71791
57.72627
57.73627
59.95351
60.18276
59.74108
60.37356
62.14104
61.78082
61.37849
60.11762
60.35558
60.48344
62.8146
62.40381
62.04102
62.12147
60.94023
61.61101
61.38017
61.18335
60.58567
59.24922
59.88772
60.17617
59.75548
58.5016
58.19467
57.83752
57.49349
57.66502
58.3376
58.75414
58.04756
58.02928
56.54829
56.787
58.07182
58.04727
58.13486
57.67404
59.15645
60.62051
60.26902
60.94934
60.64149
60.16748
59.52244
60.65691
60.79946
60.9797
60.26575
60.02033
58.96282
59.70506
60.04
60.43221
59.3435
59.56281
59.92702
59.32065
58.70299
59.85721
59.42532
57.79251
58.63875
58.51188
58.60379
58.43647
58.44326
59.84267
58.4048
58.98012
59.6565
59.75427
58.65757
59.52505
59.0701
58.8503
58.94577
58.05444
58.28339
58.77925
59.0998
58.36667
58.77776
57.75774
58.47097
58.81518
59.0907
59.85273
59.74759
60.60941
59.07672
59.01895
58.47194
58.61138
57.98001
57.91231
56.93644
57.04915
57.06265
57.09568
58.38089
57.89358
59.48041
59.48593
60.64685
59.51565
60.76869
59.56007
60.6089
60.166
60.1314
58.88816
57.912
57.33502
57.43131
56.80495
56.4146
56.71129
55.48577
55.40004
55.45117
55.43208
54.98139
54.177
53.14057
53.20602
53.31481
53.38867
54.36168
52.39432
53.568
53.88376
54.07389
54.81253
54.10095
54.53435
55.02858
54.89645
54.17006
54.48346
54.64602
56.30284
55.87155
57.19463
55.67882
54.56089
56.37851
56.51068
55.62955
54.42651
52.43321
53.01732
52.82549
52.55712
51.50636
51.34301
51.59145
51.81873
51.46766
50.50198
50.60196
49.26881
49.78381
50.01775
50.40617
48.54295
48.06684
46.41547
45.66197
46.39403
46.93326
46.85606
46.41104
45.82431
45.2525
45.58695
46.07692
45.81213
44.65034
44.48626
44.37799
44.36333
43.13323
43.25599
43.67481
44.07754
45.06064
45.79085
46.05295
46.5342
44.86102
44.91342
44.98264
44.71865
45.07987
43.64959
43.61858
43.3999
42.55931
42.95645
43.18949
44.19101
43.04266
43.07253
44.07322
45.41625
45.74645
45.79234
44.57905
44.15695
44.44665
45.0495
46.00847
45.22409
44.97531
44.27091
43.59177
42.84165
43.12944
43.52463
42.7967
42.40562
41.98787
40.41805
39.61647
40.73358
40.32509
39.61215
39.33593
39.01428
38.59041
39.51338
38.53746
38.78721
38.54666
39.49573
40.22058
38.6459
39.47465
38.04562
37.58485
37.37005
38.35808
38.11684
37.22955
37.3536
38.68816
39.09311
38.69107
39.74769
38.91354
39.7963
39.2703
39.03021
39.55555
39.74431
41.24807
40.53736
40.9959
40.21056
39.80357
38.87159
37.08786
37.121
36.00612
36.80096
37.15727
37.43537
37.03749
37.28164
37.31926
37.29224
37.89555
37.17373
37.1528
37.6355
36.89062
36.23176
35.10967
35.30729
35.73799
36.78521
36.89806
36.49958
37.10328
38.70074
38.40934
38.24622
38.66716
38.58865
40.13482
40.40636
39.93241
41.91369
41.07338
40.70492
39.05176
38.51353
39.35405
39.50013
40.12629
40.16052
41.3662
41.85209
41.72641
42.95878
42.68914
42.31241
41.42341
41.91112
42.61092
41.43213
42.16029
41.97118
42.79013
41.33714
41.85064
41.64895
41.0449
41.86687
41.5761
41.34845
41.78428
41.83387
43.06476
43.00645
41.76587
40.37812
41.08489
41.63865
43.48676
44.36933
46.02218
45.76419
45.61072
45.76833
45.5919
45.28832
44.6472
44.5362
44.6234
44.22709
43.93492
44.12498
43.55441
44.44048
44.78321
42.58359
42.69765
41.97492
42.40278
42.74254
44.28187
45.53391
44.74418
44.03876
44.22896
44.62339
44.26043
43.89627
44.03544
43.84423
43.49225
44.31009
44.0883
43.35304
43.26701
43.95414
44.57565
44.78516
44.76262
45.05846
45.72661
46.30425
47.71001
48.49662
49.04868
49.23281
48.40524
48.87751
47.88149
48.32595
47.22831
47.52805
47.75188
47.75267
48.17521
48.56563
47.59421
46.16184
46.68771
45.75229
46.60636
46.71034
47.52647
46.95622
47.20263
46.94045
46.73397
46.14283
45.96497
46.06808
47.26986
47.98207
47.885
48.66399
47.19467
46.58343
45.68413
44.66921
44.20163
43.92385
43.74237
44.30891
43.88826
43.57186
44.21129
45.0157
44.73188
45.75058
46.37942
48.12599
47.68208
47.59726
46.99664
46.89332
47.75099
48.47321
48.83328
49.55777
49.06549
49.46124
50.60259
50.1078
50.58426
51.05558
50.8101
50.84187
50.81368
50.99737
49.91157
50.3628
48.14034
48.0177
48.92001
48.53093
48.67743
49.269
47.68155
47.32199
46.036
45.18822
44.58906
45.44386
45.78515
45.39954
42.94821
42.19002
42.66476
42.1397
42.95164
44.12615
44.43241
45.0649
44.77304
45.92266
43.56443
43.82427
43.67279
42.5181
41.90353
41.46672
42.13441
42.86613
42.48989
42.75994
44.03845
43.34589
43.78537
44.04411
43.99774
42.96511
43.34737
43.96053
44.43514
44.27155
45.86269
45.46052
44.06783
43.70383
44.21588
44.22244
44.93124
44.51997
45.23403
45.48247
46.45945
45.55795
43.821
43.28922
42.95985
43.68347
45.20451
44.50057
43.90996
42.81214
43.81291
43.17206
44.07295
42.95528
42.81892
41.9469
40.89166
41.20778
40.72705
41.76638
40.87489
41.38098
41.35859
41.58081
40.64678
40.99442
40.32603
39.11272
39.15288
38.17421
38.45184
38.58871
39.65628
38.85723
37.8216
38.37877
38.53015
39.52074
39.44421
39.93917
39.87742
39.64205
39.11398
39.68614
40.64431
41.40871
41.46547
41.17721
40.16019
40.51877
41.07513
42.20688
42.13713
42.30775
41.97289
42.87981
43.20247
41.94461
41.98006
42.18604
43.0128
43.57997
43.0748
42.06583
42.51619
42.42253
42.65987
43.05802
43.43836
44.81168
46.95511
46.13626
45.67556
44.04592
44.12368
43.46251
43.72335
43.50893
44.74525
45.38304
45.79276
45.33214
45.83129
46.49902
45.05577
45.54889
44.97958
45.04374
43.91997
42.9581
42.75514
42.50661
42.39832
41.82576
41.04321
40.87627
42.42555
43.75483
44.45594
44.81697
45.23811
45.85175
45.36564
46.70002
45.87997
46.90638
46.98521
48.99076
48.2217
48.32299
48.93094
48.83327
49.59217
50.53683
50.6357
52.39059
53.46759
53.20158
53.96084
53.66905
53.76025
55.25892
54.29848
52.3685
52.1916
52.35458
52.08299
51.53032
51.14996
50.08344
50.72922
51.60554
52.15486
52.05996
51.75051
50.96226
51.67035
50.76555
50.51193
50.76081
51.28658
51.84607
52.1666
50.00274
51.02874
50.80172
49.77983
50.73035
51.90223
51.76714
51.50328
51.14422
51.10049
50.63174
49.35842
48.89146
50.03738
48.22582
47.63334
49.06134
48.71772
47.78027
47.11145
47.6574
46.68174
48.45149
49.55225
48.55597
47.94096
47.24328
47.29847
47.59279
48.30152
48.038
48.75035
48.80226
49.32017
48.83341
47.54983
47.84561
47.07942
47.65328
47.50765
46.99801
45.91065
46.00346
47.00057
47.03435
47.68561
48.56073
48.34199
48.48346
49.95936
49.66038
48.47935
47.82665
47.29729
47.0021
46.52345
47.43545
47.22676
46.85826
46.94151
46.79999
47.6945
47.13546
46.25178
45.95532
46.01121
45.64337
47.1492
46.92565
47.38624
48.6625
48.44903
48.14996
48.66475
48.19227
47.12489
47.20159
48.54324
49.24302
49.20963
50.05595
49.78743
49.3202
50.74018
51.45054
51.49611
52.2286
52.37693
50.24523
49.10282
48.79082
49.87126
50.4802
49.59288
49.8242
50.4816
51.10132
50.24353
49.38852
48.54906
47.86539
47.75526
47.08862
46.84905
46.62758
48.67513
48.6107
48.13777
48.23081
48.1259
47.87928
49.01167
48.58436
48.37062
50.14658
51.07604
50.18753
51.08202
52.07721
53.12708
52.49897
51.05403
51.97581
51.60838
50.73926
49.92185
49.25752
49.01874
47.85885
45.56419
46.57457
45.53033
44.81662
46.15179
45.65951
45.23582
45.10037
45.49387
45.25292
45.98484
45.50719
45.82351
47.08671
46.39555
45.76954
44.35566
44.47655
43.59866
44.06173
43.75735
44.51819
44.88674
43.90821
44.43801
43.35199
43.1587
42.39007
41.83039
41.09509
42.53863
41.44607
41.50818
40.90631
40.21006
39.58324
40.36364
40.05428
39.51916
39.25997
40.4349
41.60798
41.59238
40.78017
40.56658
41.26014
42.49565
43.06316
43.90647
42.85597
43.08564
43.75216
42.96785
43.53717
41.96378
41.51346
42.00091
42.97776
43.49617
42.96822
43.72636
42.90801
43.74608
45.47773
44.72672
43.308
42.79163
41.30267
41.38616
40.9247
41.13431
41.36717
43.23875
42.45012
43.23065
42.89453
42.49452
43.38164
43.26501
44.88872
44.60945
45.28542
45.15344
45.65356
46.29125
46.82334
47.67527
47.08439
46.84786
47.13991
47.85463
48.34995
47.56063
48.07335
48.64597
49.68485
49.87045
49.67958
48.50994
48.30321
48.33616
47.682
46.54732
46.12149
45.06036
44.22672
42.83096
42.4409
42.18089
42.5491
42.29201
42.97147
44.81405
44.89497
43.85603
42.28254
40.49742
39.41305
39.45095
38.14725
39.99202
40.75838
41.25546
41.87352
40.93395
40.69584
40.32869
40.25571
39.80901
42.03848
40.9445
40.39008
39.81821
41.16165
41.45452
40.53209
41.20376
42.76818
43.19648
44.87418
44.73491
45.28954
