probIn scale
0.02499393 7.276774
0.03429055 7.506117
0.02810155 7.246688
0.02306039 6.670036
0.02094936 6.761592
0.03854178 7.111755
0.01399791 7.457277
0.02334525 7.527655
0.01953892 7.457447
0.02242392 7.738211
0.02321673 8.040821
0.01439116 6.911098
0.01561306 6.303533
0.02042133 6.907419
0.01827431 8.029029
0.01889295 9.171139
0.01360451 9.836807
0.01457938 10.10678
0.01820045 10.88929
0.02543007 10.48927
0.01921777 10.17629
0.02426569 10.28536
0.01757018 11.29203
0.01751623 10.18999
0.01904158 10.80169
0.01218646 10.83697
0.009129852 10.71601
0.02351799 10.52795
0.01711827 10.6885
0.01621052 10.09359
0.01375079 10.4265
0.02584017 10.37925
0.01148957 10.16712
0.01275303 9.597855
0.009538361 9.558278
0.02414491 10.35214
0.01696114 9.813478
0.01710757 9.820803
0.01967401 10.14634
0.01614129 11.27845
0.01132446 12.45973
0.01816356 12.59487
0.01764025 12.63537
0.01348395 11.59775
0.008453463 11.15574
0.01272287 10.41337
0.01390112 11.81818
0.01261061 11.88314
0.009715262 11.05673
0.0186675 12.06392
0.02036628 12.65464
0.0105315 15.10935
0.02042656 13.85839
0.0203989 13.7797
0.01086665 13.68033
0.01376459 13.83527
0.00926501 13.34917
0.01224356 13.74471
0.01397339 13.48553
0.02002081 15.40371
0.03089178 16.34944
0.008720591 15.49435
0.01880088 13.88535
0.0123536 14.13844
0.01287874 15.19139
0.009897378 14.88262
0.01378417 14.73338
0.01210225 15.8476
0.0131953 15.96524
0.01104564 17.68397
0.01086909 19.12152
0.01262302 18.65017
0.008889525 17.41533
0.005933676 17.52446
0.00897196 17.84841
0.01617787 15.99283
0.00721084 15.27944
0.009122605 14.64374
0.01641647 14.94638
0.01071982 15.61764
0.01452595 15.59434
0.01628423 15.31854
0.01122811 13.93006
0.01072601 14.11526
0.01272682 13.83993
0.0121505 14.42884
0.009540463 14.9896
0.01331885 14.33761
0.0186578 12.89621
0.008319485 11.91684
0.01376837 11.31519
0.009408332 10.568
0.01035832 10.60891
0.01230085 9.821139
0.006415701 10.99215
0.02098995 10.44113
0.02701327 11.68751
0.01206425 11.79729
0.01139431 12.64139
0.0235203 12.25591
0.01194015 10.92079
0.02077313 10.52
0.01112084 11.94998
0.02101842 12.77203
0.01589379 12.67422
0.02141829 14.18907
0.01659013 15.55049
0.02065536 14.1763
0.02191543 15.15836
0.01480139 16.07659
0.01551428 14.91485
0.02489895 15.38599
0.01661683 14.09912
0.0179772 16.61363
0.02071657 17.13654
0.01537962 16.13152
0.02071487 16.00418
0.0167072 16.04944
0.01686124 13.97685
0.01229048 15.83385
0.02095915 15.94229
0.01835058 14.89421
0.02600331 16.90032
0.01803152 15.35984
0.01919419 15.91868
0.01769021 16.53513
0.02242798 17.09071
0.01655208 17.37092
0.026284 18.42507
0.0237904 19.83524
0.0166467 20.00344
0.01762693 19.21074
0.01519616 22.48888
0.01340544 24.43689
0.01697217 25.36398
0.01213256 24.56356
0.01456941 24.55619
0.02314728 22.71803
0.01341212 21.23353
0.01773596 20.68175
0.02036538 18.67402
0.0171402 19.33238
0.01560235 20.54524
0.01979602 19.70418
0.01963643 18.36607
0.02699924 18.6496
0.02265683 18.75725
0.01629966 19.07649
0.02613653 19.06842
0.01580652 19.27758
0.01884335 19.62846
0.01736757 18.60561
0.01179578 16.36688
0.0253455 16.92831
0.02640888 18.23626
0.0316567 17.48731
0.01986274 17.14939
0.02248768 16.46268
0.02766937 16.16539
0.01954346 13.33043
0.02199682 13.16228
0.01698309 12.51158
0.01972306 12.55992
0.01993219 12.48842
0.02716575 12.16368
0.02647426 11.92628
0.02513226 12.93184
0.03031566 12.42405
0.02278456 11.35247
0.03390353 11.38252
0.03651456 11.00884
0.02457103 10.04352
0.03122976 9.716002
0.0334749 10.2361
0.02029865 10.0573
0.03671848 10.07763
0.04248366 9.884047
0.02610995 9.729837
0.03147968 9.852378
0.03733977 9.240969
0.02668947 10.51072
0.02546278 10.7946
0.02422062 11.53078
0.03003875 11.40073
0.0273966 9.93598
0.02928814 10.47084
0.0219567 11.80746
0.0194886 12.74711
0.02207708 11.92355
0.01560881 11.50266
0.01306751 12.50773
0.01394694 14.14902
0.01376474 14.11042
0.02017549 14.17486
0.0131718 14.0912
0.01816598 14.98858
0.0139213 14.2987
0.01449005 15.10919
0.02568901 14.65184
0.01969508 14.60538
0.01261794 16.41101
0.007619984 16.01939
0.01402229 15.37211
0.009045581 14.22958
0.01255093 13.32737
0.01325682 12.79861
0.01695693 12.36291
0.01709431 12.07502
0.00926948 12.31238
0.01380159 13.1122
0.0131312 14.30945
0.008856328 14.14812
0.00551324 15.31363
0.0110054 13.56628
0.01042886 14.67073
0.009557434 14.66621
0.01166081 14.43351
0.0112212 14.27113
0.01276365 14.45132
0.01350134 13.28664
0.01428501 10.7125
0.01727098 11.80523
0.01245967 10.25568
0.01889804 10.61559
0.02025208 10.22851
0.0179947 10.60722
0.02540394 9.291995
0.01604259 8.490336
0.02481802 8.75353
0.02952343 8.872598
0.008860094 8.614186
0.009662329 7.776033
0.01441631 6.972232
0.01573689 7.117528
0.009357053 7.074708
0.02030599 6.614172
0.01914212 7.118294
0.02967658 7.574742
0.02662894 8.238617
0.01858682 8.13717
0.02056671 8.244858
0.02456116 8.380942
0.01932281 8.912624
0.02403758 8.973259
0.02385403 9.192927
0.02396516 8.580822
0.01363903 8.916553
0.01825485 8.379065
0.01218009 7.974706
0.01939777 8.449527
0.01774111 8.027043
0.0450742 7.330416
0.02905872 6.892018
0.01877915 6.704678
0.02873258 7.124071
0.03257978 7.003141
0.02865375 6.805113
0.03522196 6.706097
0.02310271 6.99781
0.01006931 7.029195
0.03363353 7.010438
0.02761991 7.106171
0.02022808 7.159055
0.02194661 7.039236
0.02628115 6.272351
0.02369552 6.634761
0.03060677 6.77085
0.03915455 6.70275
0.02725022 6.413808
0.03837313 6.450817
0.02816527 6.915655
0.03041018 7.482916
0.03063229 7.357737
0.02527734 7.784302
0.02120439 7.719401
0.02594173 7.517453
0.02065093 8.570552
0.01251973 8.265025
0.01386625 7.741546
0.01291217 7.680328
0.03025576 8.576037
0.02329041 8.586937
0.01712182 8.8267
0.02188038 9.024551
0.0225335 7.732533
0.02871695 7.360292
0.03049561 7.515672
0.02739406 7.803835
0.03702025 7.802755
0.04596357 7.565294
0.02602167 6.587442
0.03646839 6.443975
0.03964391 6.264056
0.03443174 6.094282
0.03304307 6.512567
0.03163333 6.374879
0.03430352 6.383686
0.03825927 5.786453
0.03733044 6.045406
0.04397571 6.176035
0.0244807 5.959662
0.02843179 5.401416
0.03530836 4.940864
0.02356933 4.414985
0.02745268 4.54141
0.01975168 4.167465
0.04151635 4.444425
0.02246036 4.478555
0.02454044 4.799244
0.03661627 4.434217
0.03051868 4.552918
0.02356237 4.914726
0.04011732 3.748302
0.02103013 4.300383
0.02311369 4.665457
0.0284668 4.178855
0.05279312 4.234948
0.03539029 3.918126
0.03774602 3.74655
0.0394643 3.465781
0.04905223 3.273145
0.02974102 3.106143
0.04770113 3.163003
0.04670972 3.247174
0.04559443 3.306422
0.04593842 3.548537
0.027372 3.563514
0.04951574 3.654148
0.04444247 3.444997
0.03493109 3.278224
0.03756671 3.391622
0.02997114 3.548289
0.01870366 3.414363
0.03276404 3.332113
0.03392886 3.459858
0.02689287 3.696214
0.03229276 3.916414
0.03989043 4.023371
0.04634171 3.836695
0.03618939 3.825458
0.05255099 3.965763
0.04627535 4.243806
0.04098973 4.094265
0.03556355 4.204958
0.04522817 3.904973
0.03736679 3.775694
0.03048685 3.194408
0.04318713 3.180589
0.04692259 3.120591
0.0368498 3.120715
0.06355815 3.390833
0.0469256 3.200197
0.02947447 2.890131
0.03501333 2.914811
0.06409801 3.019871
0.0396526 3.022245
0.0651012 2.769005
0.03538682 2.645975
0.04604387 2.631234
0.03657632 2.38701
0.05728196 2.246793
0.06940268 2.157627
0.0545421 2.1854
0.05259321 2.126776
0.05824715 2.154683
0.05359513 1.977225
0.03580096 1.706665
0.06478739 1.768624
0.05723989 1.761976
0.04640798 1.840617
0.06116884 1.806455
0.07210923 1.913211
0.08229653 1.982208
0.08596966 2.059462
0.07560159 1.927297
0.07797405 1.927893
0.08491905 1.990979
0.08533291 2.040252
0.06920084 2.179251
0.09719013 2.508516
0.08590426 2.495806
0.06432138 2.524492
0.0642393 2.485047
0.06535967 2.143981
0.08398112 2.333037
0.07434534 2.129711
0.1153551 2.021617
0.1426229 1.880754
0.07851801 1.893784
0.1053584 1.898959
0.1015891 1.879338
0.06502878 2.046408
0.0887835 2.226436
0.07325943 2.197822
0.08109815 2.331641
0.0630657 2.468058
0.05385419 2.561541
0.07781689 2.551598
0.05649745 2.492146
0.0606772 2.763111
0.04681048 2.623534
0.04978396 2.686802
0.07751536 2.552403
0.05532568 2.679146
0.09442466 2.686912
0.08823344 2.773518
0.07519999 2.548952
0.1008414 2.437899
0.0985827 2.505356
0.09267076 2.384473
0.1119694 2.399346
0.08714315 2.516836
0.09563655 2.915905
0.07156066 2.819894
0.1176825 2.87851
0.09829222 2.803243
0.08862643 3.059754
0.1082373 2.912144
0.09468555 2.615577
0.09411547 2.805569
0.08162022 2.58433
0.07357998 2.354382
0.08985441 2.323539
0.06260387 2.15769
0.1031285 1.921999
0.08353737 1.877027
0.09584599 1.738405
0.09832122 1.715363
0.1270059 1.681706
0.1060562 1.715146
0.07737201 1.806491
0.07108565 1.754092
0.1007907 1.786674
0.1038366 1.74734
0.1076869 1.87774
0.09558032 1.726982
0.09338698 1.715654
0.06771759 1.599887
0.1226855 1.593084
0.1237736 1.520728
0.1148135 1.510417
0.1118929 1.650045
0.1033887 1.771917
0.1044513 1.752754
0.09241096 1.539062
0.1022367 1.844713
0.0640837 1.744744
0.08641468 1.725252
0.06326238 1.686411
0.06091915 1.776457
0.05930743 1.874134
0.07375393 1.851669
0.06049803 1.673843
0.05866418 1.649078
0.07487438 1.655234
0.06309958 1.761061
0.08729344 1.769035
0.09291087 1.87302
0.1080648 1.703705
0.09418667 1.649267
0.09806309 1.65118
0.1034341 1.528404
0.092369 1.315003
0.1435636 1.248185
0.1482951 1.390516
0.1496873 1.432408
0.1442641 1.309006
0.1635708 1.283329
0.1551015 1.341205
0.1306363 1.294806
0.1039901 1.321256
0.1352434 1.367245
0.185534 1.25751
0.1638739 1.161006
0.2141442 1.127628
0.1702597 1.174862
0.1653689 1.188148
0.144228 1.167878
0.2036177 1.192798
0.1862531 1.083404
0.1345218 0.9984102
0.1395892 1.02763
0.1368092 1.09992
0.1165904 1.024071
0.1233467 1.137461
0.115901 1.007782
0.1282271 0.8673763
0.131309 0.8446498
0.1487993 0.8128311
0.1817426 0.8081376
0.211928 0.800158
0.1261741 0.7977127
0.1483226 0.8025539
0.2010707 0.7674304
0.1675969 0.9183949
0.1609323 0.9456455
0.1189909 0.881845
0.1575366 0.8954207
0.1853589 0.8549346
0.1538552 0.9134268
