16.22903
16.01596
15.31514
14.96401
14.61136
14.48812
13.81375
14.26424
15.74707
15.4963
16.24872
16.09963
16.46918
15.01583
13.37631
12.71627
12.92453
13.24115
12.00155
11.12818
12.19181
12.71166
13.55395
14.00073
13.79755
12.91387
13.41904
13.18021
13.61967
15.1458
15.01909
14.66371
14.64473
14.85616
13.57529
12.58353
11.89835
11.51886
11.57984
11.50054
11.58168
11.2443
11.67277
11.68597
12.60133
13.55707
13.0288
12.11387
12.17714
13.38395
13.83521
13.44529
13.3684
13.86943
13.15896
12.39411
13.99399
13.76801
13.24274
12.76195
12.47109
11.56521
12.16848
12.94838
12.35221
10.93767
11.08237
10.84073
11.01963
11.64187
11.79501
11.61313
9.566375
8.329655
8.375881
7.213838
8.116979
9.306284
9.530187
10.30302
10.44099
11.26713
11.08883
11.67954
10.42981
9.7735
9.476377
10.87675
11.4481
11.35668
11.86808
11.67641
11.71622
12.51537
13.58965
13.41532
13.23436
13.64346
13.50431
13.04549
13.75844
14.7053
13.60789
12.72203
13.95814
13.85834
14.13002
13.15711
11.40607
12.53507
11.62186
11.70597
11.0536
12.07705
12.3967
12.03174
11.83873
11.72303
11.52064
11.46954
12.09314
12.822
13.2046
12.98307
11.1545
11.80574
12.42856
11.80511
12.46321
14.06261
13.65677
13.04765
12.06047
12.73078
12.28368
11.82898
11.78066
11.48572
11.07264
10.71549
9.655136
9.069436
9.216491
8.640731
9.273095
8.941194
7.674249
8.031853
7.477077
7.935448
7.805238
7.873996
10.08326
10.39143
10.16732
9.960799
9.847018
11.13565
10.64681
11.74761
11.56093
12.93208
12.32949
12.69888
14.28887
13.47351
14.95688
14.38577
14.52209
14.41687
14.10118
13.58311
13.40749
14.54719
14.12608
14.51549
14.6676
13.62044
14.53983
14.61593
13.32612
12.21586
11.48364
10.90288
10.62965
11.37201
10.52351
11.26628
11.57701
11.84619
11.09276
10.58268
10.12166
9.691752
10.16351
11.14634
12.51053
13.40555
14.14499
14.84222
15.10392
15.38726
15.74538
16.19947
14.68155
14.40048
14.19978
15.2091
15.41047
16.63651
16.05612
15.10338
13.39132
12.03268
11.55386
12.02168
11.7848
12.03469
11.51382
11.0187
10.07929
10.21521
11.03189
11.07474
11.69367
11.61369
11.40462
10.54037
10.9309
9.971059
9.849472
9.150013
9.623515
8.651789
8.283895
9.645535
9.37807
10.19424
11.20064
10.35935
10.76908
12.07597
12.64145
12.8293
12.83449
12.25358
12.80222
12.3782
11.23082
11.35859
10.86076
11.40804
11.94939
12.58537
12.66288
12.58765
12.43742
13.35105
14.04568
14.86589
14.07047
14.33974
12.76562
13.17828
13.00166
12.49124
11.04457
10.29352
10.30295
10.58129
10.57622
9.805182
11.19893
10.68665
9.792283
10.85144
9.751117
10.5334
10.40911
9.952889
11.0287
11.19425
11.3294
11.17228
11.4873
10.80436
11.17165
10.55795
10.42984
11.05353
12.43248
12.12845
11.7844
11.30224
11.58905
11.37608
11.30742
11.46828
11.13852
11.94676
12.75225
13.5815
15.30414
15.14058
17.09126
17.06348
17.63451
17.06477
17.72189
19.13289
19.94494
20.4784
19.08877
19.66859
19.33715
19.03247
19.66799
20.12177
20.8192
20.39554
19.73628
20.46763
20.08768
20.15409
20.76826
20.66008
20.18972
20.09302
19.71177
19.20306
19.1834
19.13834
18.89581
19.54621
19.42969
20.47623
21.03234
21.05704
20.98793
21.69698
22.10685
21.64287
20.04237
19.47756
18.98454
18.61646
18.12378
18.3757
17.6958
17.60411
17.52315
16.66656
17.1261
16.15979
16.82525
17.71105
17.89541
17.00079
16.89127
16.66594
16.80983
18.12966
16.95726
15.96823
15.96785
14.90381
14.26793
14.0264
14.3622
13.24722
13.91321
12.50419
11.8591
13.08697
12.80774
12.17508
11.24616
11.68853
11.79171
11.15501
11.92502
11.97654
11.32932
12.66131
12.7109
12.0127
13.30926
13.00742
12.15354
11.35745
11.89703
11.76642
12.33166
12.17963
13.52705
13.34399
13.53269
13.17079
12.47931
12.58918
11.69866
12.88567
14.13994
13.73101
13.59941
13.10263
13.22323
13.58735
12.7284
13.42944
13.14333
14.44892
13.2016
12.8271
12.57292
12.25665
12.80738
12.58241
13.71375
13.27591
14.13206
15.18777
16.82655
15.90765
16.19726
16.08493
16.04387
15.16766
15.02771
16.18237
16.75927
16.41308
18.72995
18.17316
18.66569
16.96869
17.28944
16.14966
16.29761
15.90273
15.31111
15.35563
15.25384
14.46471
14.43922
14.71725
15.04642
15.30587
15.13023
14.76278
15.6052
15.90479
15.50606
15.4834
15.34133
14.01785
14.18021
13.97948
13.23191
13.86731
14.77353
13.78734
12.79938
11.95691
11.74871
12.21032
12.27716
13.11913
14.06529
13.36859
13.59559
14.07572
13.51855
12.39498
13.18642
12.89943
14.20811
15.67553
14.88271
14.59954
14.81751
14.9719
13.60793
12.0932
11.44829
10.54127
10.6936
11.22323
11.00722
10.3843
11.03178
10.82104
10.98923
10.83091
10.76942
10.99938
12.72795
13.28065
12.6845
14.07893
13.58302
14.38697
15.12529
14.29254
13.7183
14.37909
13.77469
14.05317
14.16772
14.90042
14.69724
13.82291
13.85013
14.90391
14.76786
15.13268
15.82485
14.4894
14.26679
12.82399
12.07475
11.27258
11.45107
10.26573
8.876224
9.955494
11.42081
11.38381
12.29943
13.12565
12.78736
12.97185
13.44707
13.78275
12.74088
13.26568
12.86592
12.14911
12.16997
11.51987
10.94888
11.28698
12.05314
12.33041
11.69084
11.37501
11.80212
11.8143
12.18154
11.23764
10.9071
11.53
10.32062
10.47973
11.05507
10.41086
10.8997
9.934701
9.435667
8.779241
8.614159
8.571051
6.845797
7.408328
7.292608
8.31193
8.833025
8.468786
9.015566
9.620237
10.71301
10.396
11.80645
12.24699
12.43141
12.14303
11.94534
11.46518
12.7193
12.44111
12.42826
13.12371
12.22825
11.56744
11.40915
12.64727
11.41143
11.24343
10.91869
8.954749
9.409894
9.675487
10.6367
11.33347
10.86812
11.92367
12.59332
12.1198
12.65222
12.94522
11.92583
11.29195
12.09873
12.23892
12.53361
13.94861
14.36761
14.69697
15.82072
14.89156
15.49513
15.46832
16.64407
16.18599
15.86487
16.57782
15.45298
16.34731
15.88945
15.56165
15.65584
15.60037
16.02102
16.75529
17.46497
17.07441
17.67631
17.30498
17.77162
16.68309
17.39033
16.60909
16.84837
15.02446
14.15616
14.15914
14.00196
15.34213
15.65508
15.822
14.22925
14.48044
13.81473
13.47716
13.42566
13.66602
14.26753
14.91344
16.23141
15.73574
15.8616
15.54741
15.59219
14.35918
15.71995
16.46269
16.61577
17.07248
16.40762
16.99551
16.94266
16.31627
15.93114
16.23679
16.07623
16.58487
16.55124
16.60979
17.3639
16.83374
16.37528
15.43357
15.78613
16.18546
16.07256
15.9782
16.73406
17.09379
16.86641
16.08947
15.55854
14.7155
15.16136
15.02969
15.15259
15.09291
14.51474
13.68838
13.29132
13.30924
13.46472
13.78017
13.3459
14.24731
14.00833
14.25429
15.09959
15.63349
14.65687
14.03806
14.02911
14.02895
13.26568
12.69523
11.81747
11.99271
11.88563
12.77937
12.71753
12.33699
12.16079
13.10237
13.58505
12.21017
13.36928
14.32934
14.04198
13.0367
13.19721
12.32542
11.64224
11.89208
12.09772
11.78701
12.30921
13.42659
12.61244
12.78926
13.96833
13.33428
14.53368
15.07543
14.5946
15.44657
15.43247
15.43147
16.37992
16.88259
17.67562
16.91939
17.87189
17.82483
17.78989
18.7188
18.72359
18.1578
17.49928
17.00398
17.55054
17.84152
17.3189
17.95605
17.36977
17.53032
18.16783
17.17535
17.8119
17.78053
18.19489
17.78484
17.07321
16.48236
16.60924
17.87251
17.12647
16.91105
17.45861
17.54133
17.66801
17.23406
17.70672
17.95529
17.79474
17.94606
19.19356
20.43372
18.89009
19.07536
19.06573
18.28468
18.21186
18.03382
18.07721
18.5343
17.85675
17.66175
18.40058
18.40221
17.75057
17.31279
19.41746
18.61474
19.01718
20.65645
21.24585
20.89506
19.7169
18.75036
18.51902
19.01768
17.87635
17.43822
18.05105
18.56707
18.09099
18.15804
17.87364
16.63649
17.15474
16.83441
17.54468
16.69134
16.859
15.9815
14.89359
13.8767
13.38407
13.13708
14.2876
13.96538
14.36726
14.554
15.23622
16.22806
16.31648
16.97907
17.6353
19.03413
18.27009
19.27283
19.306
19.38198
19.38437
17.95445
17.73393
17.20837
16.896
16.21055
16.18531
16.69309
16.16696
15.79866
14.95618
15.87644
15.73414
14.86922
15.54986
13.93193
14.13813
13.75099
13.12345
12.21358
10.69886
10.00991
11.16618
10.22344
11.05734
11.739
12.59731
12.42866
11.98992
11.10797
9.98587
9.164575
8.340026
8.05078
7.203394
7.788168
7.907046
9.519396
9.681887
10.76797
10.92746
11.04519
10.14081
8.948339
8.766375
8.691484
9.813281
10.11861
10.58384
10.68764
12.02889
12.04795
12.88921
12.74283
13.86201
13.80724
13.7246
14.3288
14.41079
14.95133
14.78885
14.45994
13.93071
15.01314
15.59252
15.18445
14.7185
14.49999
15.35132
16.86145
17.72824
18.46509
18.87498
18.02707
17.08526
18.55593
19.04567
19.52674
19.1001
19.66989
19.72617
21.44296
20.44083
20.18664
18.42563
18.33776
18.17544
17.92929
19.65429
19.885
19.62276
19.41819
19.70664
18.6679
18.59357
18.42905
19.019
19.08964
18.85609
18.13772
17.24984
16.80723
16.32207
16.79685
17.6608
17.59138
16.87171
16.26357
15.02915
15.70162
16.06645
17.17274
17.67486
18.32021
18.62157
18.49751
19.68954
20.00792
18.93669
19.18175
19.59304
20.07459
18.51519
18.18254
19.21366
20.42025
20.03714
19.15891
19.86207
21.4747
21.02075
22.33021
23.49858
22.65835
22.9222
21.95888
21.83222
20.37154
20.12915
19.4574
19.68697
20.31311
19.50595
19.42121
19.4641
20.37239
19.58394
19.81137
20.37356
20.9058
20.54691
20.56496
20.03472
18.86424
19.5566
18.73887
18.04297
17.97695
19.11947
20.02472
19.00486
20.56203
22.30497
22.63747
22.26962
22.69712
21.91139
22.06172
