48.03874
46.01442
55.32422
51.33517
57.54556
56.06565
51.17779
49.31508
54.16601
51.92154
46.17205
46.69915
53.05154
54.29172
49.30764
55.23025
53.05292
48.99665
47.87243
53.26973
50.30147
49.75001
53.04584
46.01114
45.70105
58.96781
51.69851
47.27079
56.55931
54.45652
43.0611
50.12269
56.82468
48.75065
48.14957
62.45032
50.34081
49.48721
50.0141
45.15235
50.22082
42.75113
43.50362
42.28197
44.61444
48.05547
46.22208
48.47613
45.4606
55.88526
51.36539
42.41105
45.3251
49.50539
55.4595
47.50153
43.29735
46.21879
45.5337
44.03042
45.63056
48.31636
48.93588
54.37669
47.39291
53.17967
47.5475
45.69746
44.62328
49.29334
47.97912
48.57273
54.24382
46.6065
44.63836
47.69258
50.5536
42.01921
46.859
51.62743
49.43369
45.25822
48.45368
47.79706
49.91037
50.93453
51.27806
43.24312
50.0211
49.37818
50.61399
50.6203
46.45652
49.99346
41.92469
47.83584
48.208
47.5116
46.55991
50.62907
48.39331
44.52513
52.36904
49.32815
49.85458
51.28104
49.18876
47.51554
49.40241
46.03548
42.94616
46.69632
45.4156
57.53433
47.87057
49.89443
43.51368
56.36124
46.81113
48.07075
50.2191
56.65553
54.05956
59.80424
56.56867
49.00677
45.4187
46.82873
50.49751
51.61362
48.57289
57.68925
50.5484
43.85429
47.08643
51.31464
55.79663
41.09331
50.40992
49.37747
63.85791
45.62195
48.80215
44.34455
47.84893
43.57797
42.94337
47.84971
49.25793
48.12897
46.43107
49.09537
53.04567
49.46359
37.39116
47.63065
53.08627
53.98545
43.9474
43.37798
40.71848
51.28628
44.32743
49.0041
47.30658
52.28854
45.37638
51.79949
48.55734
48.88997
52.26444
51.25613
57.97054
55.59752
47.96438
51.17555
48.4873
55.42728
53.02004
48.98413
47.75213
50.60303
49.75056
56.3949
47.11308
54.78093
49.87683
48.02399
50.24487
52.46929
51.10126
52.25528
47.04413
48.46058
48.95665
56.11018
54.25781
48.30814
45.67995
45.56153
42.10679
54.93973
51.78917
43.85315
58.51344
54.79639
49.59253
54.15557
49.08508
47.6147
45.43753
49.52073
58.02913
48.28484
44.21233
48.57581
45.78096
46.77767
51.02854
47.93224
49.54874
51.82878
51.62615
50.39544
48.42324
48.01022
50.65809
43.60885
50.63438
49.88366
48.42639
48.27149
48.08197
50.579
43.54513
52.59073
49.40323
45.03546
43.74079
42.96041
53.15595
48.44084
50.65168
49.64999
51.20611
45.44784
47.43272
46.79188
52.34324
55.551
43.00854
49.87835
46.37106
51.64275
41.71226
51.16139
44.36989
52.60013
52.13259
50.60439
49.78985
48.16297
51.89491
52.91759
45.1775
47.14033
42.14914
41.94762
50.04576
44.31273
46.69656
49.01057
55.4621
50.26481
50.99101
46.5824
48.22939
43.47183
52.38172
46.68699
57.64217
51.75176
57.31151
50.12677
59.47855
47.23773
60.99425
45.61907
50.5109
58.47016
52.0023
52.6886
49.5794
44.30972
53.82341
46.67045
51.29106
47.70962
48.11308
46.42306
51.81155
47.02552
48.38754
45.37412
44.56702
52.49271
43.77291
46.33863
45.20079
46.31075
48.84093
55.37483
56.15129
48.1279
45.76773
44.33011
46.73094
44.75237
47.73562
53.97402
41.33047
51.8931
54.62834
41.67838
44.54254
47.86309
49.16166
52.97897
49.20502
45.67222
51.71698
45.89886
45.58613
51.67715
43.30619
46.36022
52.11722
49.78285
41.85167
46.80747
54.32513
47.04569
42.97397
44.07047
48.77138
53.06617
55.73544
44.36015
48.26708
42.78597
44.59236
48.50986
44.19637
50.543
53.08957
54.86086
51.89786
49.90511
55.75112
51.7266
45.04588
49.20754
43.35016
48.74582
51.88787
43.48388
47.23379
44.93872
43.78036
44.0076
51.20388
48.56708
49.38967
39.0063
48.4618
44.75955
53.27043
51.10922
54.61341
49.35249
53.92523
48.66988
50.00284
51.38332
42.87671
56.39056
44.86902
47.99256
46.54682
48.43585
52.03732
46.59027
49.28438
49.54808
40.00298
43.32141
44.56883
44.93855
49.57233
46.3895
42.04633
49.84563
56.48888
49.45105
51.90997
48.07087
44.92489
45.93058
50.08791
57.41559
44.88287
44.80431
44.81679
50.63646
51.45533
54.35699
49.099
54.87344
56.27812
42.6742
51.50621
43.03447
53.97036
45.11296
48.64573
44.82519
46.76571
51.32652
46.05399
49.51463
47.96426
48.02875
48.63947
45.40564
52.97837
46.35142
47.07017
51.56407
52.15743
55.18
44.10598
44.03468
45.56414
47.58748
51.7557
46.08392
49.63378
47.74094
47.8384
46.99316
56.00282
45.13059
45.41747
42.93619
45.59007
48.28272
48.08724
49.66757
58.38653
54.13801
53.80292
44.8048
47.39652
46.40028
42.83225
48.0744
51.27459
54.7869
58.05037
51.98759
47.67584
44.59573
48.45125
51.68156
46.87202
45.72228
48.17192
47.68363
51.4158
48.98209
51.5778
50.19654
48.78512
46.56925
47.86225
51.41057
43.70478
45.65353
57.72633
60.30526
49.64219
49.41361
50.40746
46.98099
52.07928
47.10589
52.17108
57.32258
51.86478
46.95784
49.46397
47.38493
44.10545
49.89168
46.59301
47.85181
46.85202
49.16951
49.65377
47.48817
45.21143
49.74325
48.74373
45.45392
51.43679
44.99865
52.84435
42.81876
56.50187
45.12078
43.16848
52.76175
46.94376
46.72477
46.57705
47.30069
47.30425
50.06761
50.98571
45.13557
44.61756
46.29037
43.78284
46.35572
42.51948
48.01478
43.70455
47.68987
55.2134
43.64433
59.92808
53.73691
53.23915
47.68947
47.66235
45.05573
46.51728
49.66923
47.73496
50.28633
48.83717
50.41252
47.61328
50.27009
49.84159
54.50386
47.03807
47.33093
53.58005
57.70809
48.11946
51.16052
47.53439
47.76704
50.6599
48.53344
53.71953
48.12552
47.48603
53.02236
44.85741
46.43544
45.77537
46.43527
42.98335
42.98537
52.85094
44.43042
47.0919
50.32731
47.08364
46.44433
42.37657
46.88862
48.2055
50.2366
53.49175
52.47773
51.50238
47.46645
52.30117
49.86938
49.06812
47.36789
52.48408
56.97978
39.44515
39.99927
43.80579
42.66904
49.29188
49.06787
45.04328
47.73615
51.54603
53.19798
44.34951
40.18524
41.55049
43.95196
47.34467
51.76762
46.6231
45.00352
49.5348
51.58392
46.58242
49.9506
49.36338
50.48623
46.44949
45.2871
49.25527
47.00417
51.73343
46.76418
52.11104
49.05931
53.38024
56.62
55.22382
48.65727
46.15903
51.47582
51.0488
48.76038
48.53487
46.0411
49.27733
52.42201
49.94855
49.1892
45.2444
50.57954
46.06038
53.92872
41.98494
50.57456
46.24538
52.66288
53.01881
49.88482
44.82825
51.15259
48.18456
45.33931
49.84338
45.95215
47.8484
51.30788
50.30062
51.04379
55.30108
60.1817
53.83234
51.71689
45.6173
43.48683
45.41797
46.32269
49.04768
46.88045
53.19723
47.75122
50.83743
46.24325
43.62089
42.09338
45.02887
41.07958
50.63574
46.7453
43.86372
52.06516
50.42563
47.68585
45.38395
50.68474
47.46388
46.99635
52.8425
56.97006
43.75685
45.6655
47.6729
49.71154
51.72936
48.78714
41.77838
47.3434
53.45574
52.24719
54.07109
45.50127
43.8625
50.49987
47.01861
53.23799
47.50723
49.18185
43.94984
47.74582
51.36
49.65021
47.0282
47.03834
44.04465
41.44558
37.63132
50.48743
48.65987
51.09706
46.29197
42.61604
45.0185
46.39649
55.40587
44.71833
50.45283
54.16594
51.47123
47.79561
54.33007
51.44887
50.36758
44.59327
42.56439
49.50144
56.68661
57.8694
49.2395
48.94777
52.75374
49.08316
52.47357
46.6048
40.99133
41.68883
56.2858
52.06347
51.89294
49.96026
45.3346
43.46761
45.49138
46.35988
48.1186
44.01255
43.9251
50.65806
51.11343
47.35658
42.7022
49.52619
47.28748
44.85294
42.97643
46.50833
50.06703
52.72594
52.27283
47.98075
50.33237
49.57708
54.67848
53.17421
49.66121
48.12587
50.43269
43.67511
50.27191
49.24167
49.27111
49.92839
48.0625
57.76375
49.90388
45.56825
47.7695
47.42401
44.24208
51.60669
54.30252
51.09823
46.72048
52.86883
51.47014
47.61879
43.02057
52.36957
51.42155
46.03307
44.81364
46.25388
48.68602
56.52592
56.08036
50.8293
50.13018
49.11061
48.21708
42.92156
48.30988
51.90617
48.60558
56.844
53.57192
49.66031
54.60159
48.57633
54.84735
47.07283
47.23518
43.48466
41.83707
41.44173
42.60073
40.44828
49.98521
51.39655
47.64856
40.90376
53.49692
53.02713
50.7705
52.77593
47.18487
48.80516
45.86747
52.36357
46.83981
50.01905
54.16409
51.10859
45.60695
49.81653
53.61114
44.43181
54.70835
55.10344
53.34415
49.32578
50.84042
49.06522
51.79303
41.5458
40.93569
52.50224
51.17529
52.69243
52.12091
56.25173
52.12321
56.06323
46.00151
39.83153
42.8748
50.87688
52.16506
53.91221
51.16904
41.88904
50.4199
49.36548
51.17336
52.64433
53.7047
50.34146
45.93923
47.24899
48.59072
45.32551
44.93508
45.47649
47.60681
50.89911
44.12805
44.16227
46.74909
46.73879
45.26873
41.98047
42.63504
42.59134
51.92674
49.90563
47.20874
48.68625
47.0257
52.66968
46.55934
47.4449
46.93463
48.78024
52.58657
51.19351
50.90945
48.08576
49.29646
46.53251
51.47956
43.66432
47.09932
48.62583
49.24668
54.58526
48.2724
50.69669
52.45249
51.14102
48.37761
48.13279
54.79658
45.52923
46.89958
45.35076
49.74854
46.25903
45.77453
49.36152
47.9071
46.93188
46.7265
52.51084
47.38112
50.63405
44.48503
47.95917
49.4499
47.67781
46.20035
49.93926
48.27119
38.65936
44.37508
48.22885
46.55548
48.32507
49.56624
45.77884
46.30772
38.87264
43.59566
43.98907
54.92066
51.09983
44.05658
50.02096
49.04317
44.10473
48.48962
52.40204
52.8932
52.75943
42.63814
49.029
50.10538
49.0365
52.5724
62.31679
48.67935
47.16821
50.10703
46.021
47.97653
52.43387
44.10189
48.84095
50.29336
41.88042
47.95694
47.51068
48.64188
47.62068
50.43346
51.27103
52.63853
56.7038
44.25343
44.80107
46.20759
50.33579
42.23301
48.03561
52.64837
51.50502
49.94648
48.42369
44.01158
43.93429
