94.20918
126.3431
126.7828
133.5785
135.7894
122.9661
129.1339
154.5415
131.0744
128.0171
130.1851
125.6599
115.9349
117.3747
101.9971
107.317
110.7581
129.7733
158.1745
157.1333
178.8285
199.2989
195.1253
193.8335
213.3525
246.1367
211.0653
226.0372
240.0385
256.3344
248.2443
266.8831
261.2455
213.8105
238.7067
202.7057
175.2957
164.8398
158.6471
150.9587
147.9616
138.3294
138.3846
125.366
122.62
119.5887
107.4906
128.1898
129.0463
163.0438
132.0436
114.4438
130.651
118.5269
114.6007
109.7209
102.6781
102.9575
103.7305
93.74195
89.17445
83.52338
69.51465
74.66398
74.31423
88.54678
90.83265
71.13413
65.82604
70.95807
72.91422
75.87101
85.6268
81.47384
70.41367
71.0681
74.8183
82.1483
74.22633
75.55292
70.8568
73.7536
66.85325
68.72415
66.36891
68.65196
68.76664
61.24079
57.75281
47.5785
43.99688
42.70146
50.79743
55.74415
66.06267
64.03359
57.82726
66.71208
79.30535
81.51241
86.17806
91.88776
97.9271
89.18652
92.27664
88.91847
82.43694
69.51365
66.24789
74.66914
76.41158
83.614
94.91034
107.7226
110.1893
92.41837
106.8292
94.12881
85.64805
98.2298
86.44457
90.02287
83.54352
83.73756
90.15708
105.8003
104.8633
103.4428
103.3964
94.92038
98.59077
115.8521
127.9346
93.998
87.64054
80.787
101.787
109.3038
94.04569
98.49548
84.72491
90.41162
83.55468
85.85897
87.45848
93.97174
100.2996
97.90448
92.71036
92.12796
94.53184
94.23088
95.25465
84.26328
94.07191
110.7071
109.1725
136.9181
109.2115
108.305
118.6046
115.6514
114.2984
104.7282
97.02073
90.33494
84.93306
79.78823
77.51122
83.01175
100.9774
88.16552
80.06941
69.57082
56.98875
60.48384
61.14636
59.69754
59.13607
68.07599
59.87872
58.8019
62.84168
63.18122
66.6815
69.82451
62.26955
58.28175
63.27102
51.42015
55.09772
63.182
63.23464
67.19809
77.43579
92.04688
86.2749
86.44004
88.69285
78.66757
69.32458
63.96409
72.28996
76.94635
71.13931
85.23473
81.29204
86.94738
90.46945
93.21712
104.2692
88.18478
103.6993
114.4076
101.2502
114.6125
110.105
97.49407
84.77109
89.07568
84.3633
80.92767
79.67535
69.71006
62.77986
69.83588
66.58089
64.91498
63.6716
66.05651
72.20167
77.79912
69.53528
64.58967
72.56605
66.76967
57.96959
58.35275
51.39195
56.34611
59.68287
72.38961
69.65245
79.71013
69.06319
76.69683
71.05125
65.65501
68.50201
71.53937
76.59467
69.38127
82.93972
78.27996
95.00707
95.58026
96.16461
108.4403
111.6604
88.71285
78.90353
88.93073
81.43243
73.1936
60.19506
66.65393
71.49377
66.66017
68.73839
82.08578
79.23414
102.0356
95.71133
86.67478
77.39487
88.87078
109.2499
120.6785
104.7597
82.28698
73.85357
80.57642
75.32708
66.64983
64.89863
64.94052
64.28922
56.22535
65.51105
53.06071
49.60552
46.18081
52.87847
56.26447
58.76337
61.4136
60.59958
53.41859
64.7549
64.38924
71.7306
74.35092
63.69716
66.74681
68.19604
89.12494
90.65287
85.01286
84.3534
79.17572
88.21934
100.8223
108.213
96.85325
97.71889
97.84014
87.95859
96.70569
107.8493
118.0464
125.9703
145.1747
134.5897
135.4016
145.3057
144.6613
145.1508
141.5197
138.5592
118.3707
100.1522
123.539
117.8516
114.3646
154.8362
143.2578
120.4677
109.6138
111.2694
102.1855
91.11359
85.90764
77.40446
85.22673
99.59559
85.89853
80.17241
76.05818
71.9339
71.49858
68.50221
56.08509
59.16795
73.80382
78.58363
78.7447
74.90175
82.12365
82.43413
80.22217
81.70927
69.87336
74.0648
74.73925
73.13188
75.39519
69.28191
75.19214
66.64224
58.34588
60.28748
62.50095
51.54391
47.78915
44.78584
46.56859
55.57904
59.64845
71.52593
71.54657
72.21864
75.51127
74.8103
78.52428
91.29522
120.9852
109.7988
107.8406
108.1308
104.0186
102.316
117.7311
106.1182
89.63439
98.47711
114.7623
102.2344
92.73843
104.3223
116.7706
110.809
104.4581
100.0067
95.63688
106.8627
104.3094
86.58636
85.67412
87.08971
81.06528
92.02358
83.61953
76.01698
69.88979
78.48069
79.46922
76.43717
75.90722
70.85704
74.78749
72.038
60.60621
53.12894
58.36616
64.62229
67.8865
67.93335
94.31275
87.89898
81.60513
97.05277
97.16523
88.67992
69.72
95.40123
97.77222
82.97541
85.20142
83.54405
80.52478
72.92061
47.18248
53.3218
52.92057
60.63168
60.32682
61.13984
50.44953
50.34505
52.73201
55.01912
55.10171
55.39809
46.42536
45.64351
43.60829
53.55793
57.63088
46.41203
39.54738
46.00631
52.04475
62.77963
64.99353
82.0041
83.91503
80.30078
85.78315
98.44706
89.13959
79.1891
77.75439
88.38277
81.75052
90.29082
101.7697
103.972
103.6087
94.15079
93.56125
88.11027
71.9445
77.55671
68.22838
55.09766
69.37763
56.83706
54.38649
50.34281
44.99926
43.81909
52.25534
54.6446
52.94961
55.12198
62.61579
61.25862
60.8213
69.61929
69.63059
72.24216
63.97468
60.68782
67.36258
65.26324
67.77082
70.41336
75.48783
83.60304
82.75766
103.3005
90.60853
108.5271
102.7597
92.18416
99.22364
89.76736
84.34267
101.1916
82.95938
70.11948
68.75426
67.4287
68.65414
71.13814
71.24851
69.15309
84.13677
100.8021
100.4812
93.60971
99.51323
95.5511
98.56727
73.76024
71.01193
61.31977
73.53153
87.51493
64.29854
56.99
51.49511
47.92158
49.47189
50.77664
49.74263
51.19206
46.65545
40.09074
45.98162
49.57437
46.48186
70.92414
78.94226
64.2513
65.11749
61.21987
66.58485
61.63976
59.23733
67.25939
57.60928
52.16655
45.23727
45.44192
50.21054
62.02627
59.33879
56.6462
53.62007
52.92134
52.90232
57.78076
63.73892
61.92801
67.99146
61.62847
59.79924
62.57598
70.88312
71.55488
64.93519
66.31945
72.92216
76.73129
92.28194
101.424
109.843
134.7068
115.7119
127.728
123.5914
126.7995
103.0427
119.4337
118.2072
105.4662
136.6378
113.7465
110.9631
131.0751
102.8768
111.4903
162.4464
161.9469
181.3106
181.2908
151.2428
141.7072
135.3269
125.4768
130.8368
113.8487
104.6322
120.1039
130.6295
118.9073
132.0481
141.3261
134.7148
160.8052
152.7368
172.6037
153.4675
137.9093
112.5876
98.43214
105.0446
91.44995
100.0816
99.80944
105.9731
92.26599
106.9085
107.4056
91.15258
83.55987
75.41981
77.60372
82.14292
87.72138
95.4461
83.8152
90.33577
83.2379
76.72028
85.95088
92.19532
80.81312
73.28879
85.28431
76.5425
75.64572
77.25634
78.96921
91.56615
98.93318
100.5379
91.10372
82.58353
82.50212
78.55273
73.32613
73.07496
64.27304
66.20241
73.70042
70.66214
79.35067
74.27152
88.18935
77.97116
74.97677
74.09043
73.28297
64.22445
66.89344
76.0078
75.25621
73.81048
69.64956
74.04804
75.33492
65.71649
71.00571
60.40242
58.60125
57.82938
62.80501
58.36474
64.06507
58.05264
65.83273
68.55924
76.1827
68.6267
65.35642
63.76817
58.61979
62.05991
70.00637
66.46409
83.7291
101.4315
99.12226
85.22336
81.49445
67.4875
58.64595
61.75715
66.33266
55.8007
54.90426
65.32967
67.89582
56.13088
69.09637
58.06131
64.90602
86.45958
96.96467
81.71586
92.53257
111.605
121.8355
139.4673
155.0121
148.0601
143.4672
113.9304
120.7747
104.9591
99.68923
118.0693
105.0334
116.7281
104.4212
93.79777
85.82967
103.3916
91.95992
89.52706
74.20082
57.01151
56.31717
47.0337
49.80142
67.88632
53.9283
50.91259
49.08038
45.90549
38.13093
40.63677
44.31486
58.41636
61.87621
75.61165
76.55196
86.4303
75.355
78.50483
82.74945
80.45035
80.71869
74.47165
67.63588
64.41311
60.52975
65.31056
62.39039
60.03868
63.55943
68.06021
59.70745
57.72847
76.30651
75.60875
77.66535
73.14173
71.23809
75.81698
86.40603
95.10434
96.26994
94.67158
117.9746
119.666
113.3922
113.9861
134.8783
140.6232
121.3084
131.4792
143.0317
166.0546
147.9959
128.3758
100.1561
95.5959
96.61585
89.53876
92.44958
104.5732
100.6677
106.0525
107.6348
104.9991
120.8327
98.56951
99.33698
120.8804
130.9294
142.0256
126.6352
120.2461
145.8817
108.1758
119.141
111.111
118.3717
106.2486
88.72728
90.15597
86.67078
107.4332
105.2551
100.4216
83.24423
85.71772
101.189
98.99888
93.26332
102.1198
103.8425
132.3357
113.9799
143.0124
146.6115
145.4631
140.7501
169.2204
157.8306
144.5706
142.9441
142.7908
141.6586
142.0165
178.1625
175.9341
189.0219
170.6256
152.245
139.5653
130.409
124.0726
118.5677
131.2948
143.2737
179.7453
180.6916
159.7071
151.4334
171.43
164.9341
159.3892
146.4534
181.0265
197.9056
206.3476
181.3096
155.4498
130.1473
130.9275
129.1594
146.8309
158.983
162.3934
141.3949
127.6105
172.7145
160.3407
163.6734
120.6114
133.8242
120.5739
120.6523
98.57017
103.4683
89.17578
112.8301
100.36
89.16851
83.13436
73.81967
72.19375
75.20893
62.70899
74.65207
77.68161
74.2944
77.13388
75.29991
66.41868
71.25816
74.62366
75.48147
76.41057
97.50583
106.0688
114.0303
112.3157
109.7985
119.4397
101.9305
105.5224
95.26201
107.7524
113.3567
111.8884
111.5076
96.26993
106.4106
108.938
116.4283
129.3066
141.1415
148.0769
167.9401
144.1157
142.773
116.9066
120.7638
117.6356
108.224
101.0125
109.3025
128.7398
141.8794
137.0908
150.3566
126
136.3126
147.2604
149.7174
131.2004
140.7492
127.5392
144.8739
136.0271
149.6649
138.7526
142.9111
158.0996
169.3102
183.6214
154.8888
139.3551
121.9462
113.0419
116.6023
98.99715
91.92853
100.4327
92.90316
91.44073
107.6936
115.6869
131.3305
135.9192
133.0859
149.7744
131.3775
120.193
110.4109
111.7334
106.3747
93.37578
88.65718
84.3933
72.04858
78.14563
80.46191
87.07753
93.12538
91.74154
112.3676
97.74217
107.7036
110.667
98.52079
100.2901
81.35088
84.61789
90.95035
85.03805
84.20908
84.06554
94.92992
94.56853
112.5263
112.9839
106.78
99.56674
103.369
92.67743
97.26412
83.96927
82.92219
94.24896
97.93688
87.17084
60.79662
59.82822
60.8231
53.51698
58.16332
49.08388
53.23675
64.07987
75.55124
77.16872
73.5206
78.42834
77.09572
65.76202
56.66259
55.09815
72.29126
70.19078
70.01095
58.37479
61.44322
63.40838
68.39405
67.57939
56.15176
70.10838
66.10196
68.51901
71.61444
81.09443
85.16063
81.00662
68.64451
77.20127
76.48707
90.68712
87.55881
87.22322
85.95508
81.31422
99.09618
109.2157
99.37831
104.9573
110.8125
97.94449
93.91999
96.19355
87.31779
80.59266
85.75021
82.03458
94.12109
90.48793
103.221
115.4777
148.2611
152.1864
155.2088
121.7149
104.0551
93.44305
90.90432
77.43479
67.14555
70.04506
66.88261
63.59814
77.32474
69.12043
83.24884
76.64091
89.87478
97.42533
94.23665
78.62642
82.01427
81.73801
81.93459
98.9235
97.03813
111.9253
86.79589
94.09374
83.99717
78.75783
68.56213
72.15941
66.49306
78.44396
78.32955
82.83102
77.21432
88.06821
75.15795
68.84651
78.77821
94.12406
109.0567
127.773
128.7885
113.3473
117.1025
125.2715
108.017
136.329
106.7405
83.99013
78.84808
85.85953
97.97488
101.82
89.2199
86.19603
93.63908
80.58399
80.27989
72.9814
67.30887
76.33088
87.03028
71.35355
82.18147
91.50499
96.58883
99.736
102.6887
88.48328
82.58289
88.01133
77.61646
85.95461
86.19855
76.7102
76.25913
71.46598
78.40302
78.54399
69.41127
68.74836
73.64294
62.07602
66.20289
76.40255
78.34765
73.75032
70.21516
70.85656
78.18576
74.45242
68.53768
79.1757
87.08458
85.7256
83.88139
84.41868
65.5021
56.99043
57.02245
50.88755
55.97173
53.40475
54.30046
59.42268
51.38802
56.82998
55.08197
55.19209
64.65103
75.27687
85.11905
98.45468
89.05112
85.14627
91.89124
86.30565
100.3193
107.8148
119.7268
130.7589
116.3447
119.0514
122.2508
127.717
115.3804
155.4141
159.6603
151.4799
166.4521
149.6781
147.1901
121.3632
107.2089
118.3813
125.4332
134.9007
139.9147
145.6216
128.561
117.6128
117.5244
124.3169
119.7938
120.7008
128.7215
147.1552
138.2338
149.065
127.4908
133.5002
132.8957
136.1155
123.0051
114.536
108.72
80.68875
73.36669
62.0457
58.6267
63.67812
60.12799
51.85227
50.27713
57.08166
64.85598
54.95299
45.31501
43.20301
48.25417
57.56403
52.40998
55.38039
70.20341
64.95592
54.45905
44.22897
55.65673
59.42453
64.78273
70.11182
63.67918
64.31376
62.35005
71.42582
69.00633
66.99201
63.62387
63.58541
79.5079
86.22631
85.32768
82.58377
81.58289
86.64768
77.71344
66.56128
67.5632
71.98375
73.8275
68.90838
66.36537
73.58176
70.1889
73.69056
73.85111
76.61665
69.32127
63.015
51.97093
55.64212
52.00257
48.88982
42.31982
44.77336
46.44675
46.61052
51.54505
50.82278
45.81526
48.53643
43.19749
46.88433
50.46801
49.74548
62.9742
75.42598
80.54334
83.70369
77.66467
88.8425
94.0448
91.60953
81.93934
73.38277
82.29176
89.66872
87.88642
77.73609
89.04867
81.80537
79.8505
79.02394
94.8584
87.0643
88.0374
76.60587
86.14833
90.39688
102.75
122.0769
112.3001
118.5483
132.3038
130.5866
115.4259
144.1523
120.7601
128.1552
139.8678
139.401
122.4221
120.025
123.5445
150.878
147.4384
132.3464
140.3298
127.7915
115.1936
124.4184
119.864
103.4605
115.5233
116.6686
121.9014
119.2995
119.8456
109.1336
109.2334
104.9428
100.4204
95.67354
80.53003
58.98563
61.93641
69.87794
83.11019
85.49169
87.76618
95.08177
101.6806
91.77731
97.50351
94.46527
103.6891
96.62082
86.45177
90.53662
99.47658
107.8724
109.2516
103.1723
97.50684
97.81265
105.2572
130.8175
116.3253
104.6197
123.2608
106.7295
84.05708
80.66694
86.54685
79.07894
75.84749
86.57369
92.83794
94.43605
94.8779
121.3613
124.6751
144.9205
136.263
122.526
135.5452
146.3271
133.5471
108.6364
109.042
110.7966
91.29304
90.46265
85.76522
98.44768
101.9904
94.18058
114.6829
106.2873
81.29417
70.33368
68.35633
75.60935
86.58332
105.9716
94.31328
122.4896
109.4806
134.5028
117.4203
123.1618
135.6699
101.748
92.91668
97.18437
102.2649
112.8975
136.531
105.7461
107.1308
105.4525
94.80126
95.35195
75.28979
83.48798
93.28761
85.28368
94.14453
95.85083
103.8843
93.39214
102.5513
81.23273
76.68681
74.0546
80.45956
88.55105
101.6822
110.1317
122.7571
145.5016
144.2098
147.6273
121.1353
104.9866
140.7227
136.7266
126.5192
121.9133
117.9177
116.576
113.0818
95.21003
96.56255
95.80379
85.78369
83.62117
74.16701
91.17559
86.92641
76.86311
76.5467
75.57589
91.58426
94.80909
104.3161
96.89468
111.2715
110.6319
109.209
89.61665
107.8397
97.93282
78.78307
76.069
70.83869
70.17545
74.19001
68.24618
67.38137
70.46106
72.79135
54.23084
59.91879
65.03364
62.72825
74.45164
71.28762
87.22366
89.79333
73.03056
83.02787
74.02939
70.7705
84.38475
95.40516
83.91815
85.05191
98.97329
100.4051
110.5475
106.0665
106.4318
98.10723
97.35149
93.49209
75.02061
81.66972
82.56987
94.00741
114.9213
120.0993
102.2729
92.62482
83.80408
80.18417
83.95485
84.5061
82.35016
81.23011
83.19518
88.21169
82.87244
81.15805
85.19651
89.11447
81.57189
83.22196
88.98814
85.99617
81.1982
67.05637
53.61132
50.88087
51.15186
63.09832
64.14604
65.56198
57.1624
65.73148
92.8357
98.64796
95.50857
105.1459
99.49093
80.7982
85.94557
90.80027
91.11499
100.2763
79.59399
86.57812
84.87901
103.1796
88.60666
75.18388
69.39962
78.53468
90.27298
90.23976
76.47297
85.45084
68.49277
64.42743
64.09522
72.39081
80.39274
90.55103
96.3045
104.855
101.4837
105.5456
99.80034
92.11083
72.00816
76.02493
95.60751
89.05912
94.93654
80.47533
67.02601
71.36545
71.36087
64.43522
60.66975
66.10105
77.28359
62.76561
67.08377
61.93454
61.68234
62.20728
61.10736
49.38562
51.62043
64.65928
54.18508
57.63911
55.97672
75.29654
84.6432
81.0486
84.78086
71.38723
73.42651
98.19448
97.55346
106.6021
101.9838
108.0996
95.94802
115.1858
109.5188
110.0393
110.2488
112.5333
113.3798
129.6257
137.1303
149.8514
128.6763
108.9432
110.6098
101.7737
91.74983
114.7893
106.0157
106.0876
118.7291
96.51356
109.0895
99.0072
106.8965
124.2559
138.6571
132.3645
128.1925
134.2445
141.7189
123.7763
134.9787
138.0424
113.358
134.6834
122.0332
119.6281
111.7545
118.4779
101.427
114.2324
133.8006
169.3274
149.1322
137.7214
113.0901
