108.275
145.3903
110.0697
117.8708
189.0244
230.6283
208.9531
203.0264
206.4128
283.5137
303.5872
384.4399
320.2462
387.4372
306.0213
263.128
288.5111
240.4181
265.709
218.2038
206.5255
266.8537
298.8836
240.2869
205.1801
199.9597
200.1839
261.8879
290.5695
250.137
255.7434
326.4411
298.4597
247.7029
252.2298
215.5573
183.4362
184.5482
207.9359
161.3044
156.48
164.4099
202.3639
244.73
161.9077
139.5251
169.744
155.779
123.7747
151.7328
119.0201
128.1743
136.4189
180.4541
168.0814
181.1232
151.6297
166.2431
175.4976
218.5437
209.4582
194.2399
208.0545
224.2924
273.7616
223.6541
177.8201
254.15
215.5314
190.4667
189.6629
160.0355
136.015
136.6325
144.4145
173.499
278.4984
212.4933
199.3786
188.8793
215.3936
232.2356
272.8709
221.8013
190.5518
178.2987
185.57
175.2644
174.5044
154.5123
155.115
188.7798
155.5074
175.4122
234.3333
187.6887
187.1191
212.5178
258.7662
263.5545
319.1098
229.3315
182.5293
188.4179
291.308
273.55
284.5581
253.1734
317.5782
283.5498
280.1405
234.0535
161.568
187.8233
282.6771
366.1542
266.8462
245.5927
327.5438
291.0474
189.7255
209.3627
152.8267
145.4924
165.6562
191.1657
228.0215
182.7171
193.1345
188.2744
157.5853
146.3719
159.1166
172.3407
189.7412
206.4876
164.8168
225.4292
152.8043
186.6268
253.5127
208.7418
242.9368
209.9952
224.9523
254.9001
237.125
230.5874
240.7277
219.1769
272.0623
259.3389
313.0443
296.1529
239.1002
194.7183
194.6699
213.2296
395.7079
372.2434
304.0083
286.515
218.6284
250.6902
348.7097
351.8356
333.0069
303.5792
274.4517
203.469
256.0602
283.6324
240.4395
255.325
214.9842
136.6314
139.6699
158.8589
182.7627
176.2719
202.1745
242.478
237.0496
245.3285
144.4568
124.4455
115.702
76.46738
69.2326
66.14843
110.7874
99.30642
133.7589
147.5382
156.109
157.7663
178.927
181.1194
163.6382
245.8102
256.2849
295.0458
262.5571
167.8705
216.3096
196.0026
194.6328
193.7089
155.3697
164.7543
205.8886
150.8114
148.3123
152.307
142.2434
148.4743
178.2411
220.9339
239.9117
275.6349
266.9984
289.5847
301.1623
357.807
285.4568
281.6572
218.5313
228.3315
206.4847
252.0513
258.2344
288.371
294.905
286.6574
240.7332
300.732
299.7932
270.7894
232.1109
227.3425
143.571
146.6898
137.9011
242.34
298.2965
258.211
238.1641
241.6753
274.519
225.732
169.5635
180.1428
265.5861
229.3549
275.8536
291.0297
282.2254
246.9491
339.2722
302.4516
284.2259
269.3739
198.2984
162.0213
166.7357
145.2507
149.3045
131.172
141.578
142.8015
166.2379
169.9616
216.7163
287.8127
243.7476
232.3461
192.556
228.2049
235.4203
255.7176
213.086
231.5387
169.7479
191.2667
179.4015
131.1434
108.3514
152.3304
121.3672
145.6454
235.647
254.7751
239.8055
211.7338
213.4366
260.3592
218.5011
239.842
198.3577
180.2679
199.086
164.4739
148.4882
166.018
160.0665
170.0498
173.0021
166.1772
205.8556
242.6427
228.3354
280.1437
202.8974
142.7317
126.3134
123.668
112.5973
121.9234
127.614
117.8238
136.0476
207.1428
223.72
248.772
255.6611
255.5815
266.0748
257.7055
225.2742
239.3013
161.6137
146.1331
172.4021
305.5139
303.1471
251.0952
210.9655
192.8825
199.3003
149.8623
203.5004
209.6692
229.3326
195.065
175.2638
180.5422
131.5453
158.3528
214.9491
167.0771
222.3422
160.8787
226.3131
218.7701
269.6093
217.7088
157.399
170.9138
228.396
141.3092
124.1993
146.6315
140.2044
174.3145
250.9551
330.2424
242.4614
272.7579
236.307
197.773
176.7706
195.7887
170.9364
158.5229
152.6095
157.2611
160.7587
172.0639
198.7929
177.6534
202.7935
195.6009
206.4317
154.0918
140.2127
170.4712
166.8409
239.6816
188.1729
214.2507
171.34
194.5573
174.3957
209.1538
265.385
221.661
189.9479
204.0187
259.5291
218.7407
207.0674
275.871
278.9815
387.472
316.3809
359.4425
270.7576
246.1405
267.6437
265.2723
224.3544
244.2568
291.9632
264.2608
166.2497
171.9668
123.1497
136.5622
129.1029
183.3531
183.5486
186.8318
189.8743
180.8322
145.9473
155.3614
212.1375
200.9235
211.23
293.2731
212.5842
278.167
221.0478
190.4497
234.2431
247.2953
194.5865
188.7954
196.9617
226.8318
339.0123
438.7734
468.2763
447.0469
494.1853
386.5645
356.4927
367.5925
304.2882
322.7434
297.9013
238.3751
151.0268
139.0266
136.6375
128.9589
147.1902
180.3724
219.1239
220.0593
172.5945
132.2335
153.9809
180.1003
141.5757
115.1573
145.2154
136.7633
131.7544
218.2935
339.4567
283.6352
283.9003
204.6244
176.3874
156.3698
121.6108
110.77
110.8683
113.8145
165.0573
143.8591
136.2248
143.6745
166.7213
215.5667
186.2643
212.2225
251.5807
224.6439
253.5812
215.8665
224.4458
182.4459
201.687
190.9981
222.7254
196.6186
170.4601
147.6725
138.9035
119.2199
129.2827
143.0502
113.1923
197.1345
210.5587
216.0431
259.2733
288.8941
252.0772
278.1061
341.6488
347.8708
284.7126
291.1157
201.089
213.8873
194.9221
172.5899
170.1211
204.9236
170.634
183.0938
177.2726
175.5343
199.5898
179.8363
205.5374
176.7985
173.1478
205.7773
216.1024
151.6146
169.1363
174.297
150.9195
141.7492
172.6554
217.9695
271.63
395.3398
280.734
271.9199
311.6236
201.6195
172.2379
172.7514
192.2806
175.9785
115.3114
131.2558
155.3819
178.7942
182.5473
193.5235
222.1155
194.6579
187.0788
218.0837
208.5611
174.6598
166.8586
210
199.0743
210.1656
253.9603
198.5475
252.8901
237.6524
277.1861
281.0962
320.7856
276.7475
275.6665
296.0354
257.7573
293.7599
202.0275
173.7692
179.1705
180.0828
181.3156
198.2876
197.1672
186.2316
156.4213
149.8678
183.9524
181.5685
147.5688
147.5664
155.0668
123.2476
126.084
134.4287
101.7747
137.9817
165.4572
228.1992
232.771
207.2077
216.713
187.3575
206.8299
188.6608
168.8846
151.4878
219.6707
213.5475
194.315
174.9453
138.6457
144.6128
154.7553
133.3496
105.2922
108.7879
147.85
168.9495
182.9583
157.2701
144.2527
160.1204
249.0831
175.2166
142.348
203.5
202.1138
243.5587
271.7968
232.5988
181.106
174.1189
236.8463
200.7843
219.97
222.5811
235.6379
268.343
239.8073
189.367
269.0032
341.6737
209.5828
159.9761
156.2327
179.1309
193.9405
190.8264
169.2525
205.0024
181.2122
181.531
226.4816
296.5475
311.3424
316.0137
228.4714
266.3209
222.9468
244.6392
165.4218
134.7343
159.0407
199.0449
193.206
185.2127
208.6477
159.9422
261.1204
221.7663
200.4991
213.483
286.2893
289.6359
246.3414
297.2839
280.727
254.9723
279.0762
236.0891
238.6536
191.2855
188.2374
151.3834
121.7298
176.4873
231.2714
260.2132
264.3956
190.936
158.529
187.2468
195.0078
242.8804
176.8379
202.8048
201.705
242.1827
212.8148
224.6104
252.6178
220.4976
264.0394
312.8787
215.9615
199.0678
253.2637
287.2787
269.8752
340.055
258.1795
286.777
322.9604
314.4219
245.0014
234.2736
215.1699
255.4678
280.3444
200.6745
185.7505
162.7432
232.442
220.6912
248.4004
359.2078
412.4739
390.8114
407.0079
370.9221
324.9588
244.6064
253.7397
257.1141
275.9958
304.2918
188.7138
224.1605
190.1001
228.0035
215.1014
172.1979
191.5718
198.1327
233.4378
238.7501
174.1275
223.6598
209.3045
223.199
202.2871
178.7741
177.6216
169.1686
152.299
131.0909
127.8886
124.3596
180.8321
132.7593
140.7808
144.9746
211.6718
193.9478
161.5838
143.2112
145.8895
204.6875
191.6663
210.0839
273.6604
206.324
209.7881
196.5182
161.2387
139.3768
171.3862
153.9817
199.056
199.0117
176.2461
204.7983
210.8767
247.1969
202.9144
247.3259
188.4863
145.6205
107.6732
150.7586
135.949
99.76341
136.259
138.2282
134.3942
162.2255
136.6619
183.5156
176.7134
218.6409
174.1457
224.2863
259.5907
229.4278
259.3284
203.1036
226.3501
172.1616
191.3658
178.1282
167.6791
137.3427
111.081
165.2332
177.3596
199.8059
267.8143
171.4681
165.4958
233.7929
156.5601
194.0563
219.1637
230.6268
289.4002
262.6381
217.4516
209.6624
225.3958
220.6546
252.5612
243.5325
192.2333
187.0209
193.2459
159.2536
140.6707
150.968
159.0278
143.0714
137.5381
178.7231
132.0707
120.125
161.9711
192.9005
185.1234
180.5231
206.858
161.9017
212.6588
202.0855
280.8121
248.917
236.7989
207.0766
226.5599
290.7531
320.8676
258.4547
209.9796
224.4385
169.8467
157.243
223.4136
170.5972
222.0936
224.4241
252.3363
212.9902
253.4089
223.3002
251.5953
242.8642
231.378
180.0058
205.0899
259.3541
279.1341
337.0339
247.1918
236.3558
193.683
165.1701
165.9634
206.4149
200.4681
217.1689
227.411
276.7153
254.5665
252.8991
213.2189
180.8301
196.4071
184.7919
143.5474
172.1383
219.2428
206.2157
234.1137
227.656
256.9821
225.5741
177.2449
191.7838
199.8606
162.5995
142.8855
122.0805
140.4525
163.884
187.7325
141.0674
166.1915
195.332
142.5253
112.9984
145.5875
165.704
115.699
105.2981
117.3172
86.30971
107.5988
101.2802
98.73302
82.97076
115.5573
149.2594
182.4144
147.1259
141.4903
214.1551
199.1391
205.163
187.3653
165.764
192.8369
197.8175
168.9338
200.0793
260.1006
225.9723
239.4822
197.0676
212.5748
211.4152
249.4069
220.8082
187.4231
187.8644
216.6057
157.6334
171.4356
170.9454
179.2613
198.1468
179.145
223.4192
219.0405
222.1098
199.1676
158.7446
175.5321
160.1496
203.8144
151.7724
158.5171
186.3816
198.0565
266.4499
209.1218
198.2704
187.0412
161.2369
146.3389
141.3736
108.5872
113.1981
128.0537
154.7123
126.4798
135.8424
150.5263
159.9347
169.4828
189.1639
211.1281
164.6494
257.1693
292.4131
240.2374
317.1152
296.6846
249.6657
250.0686
271.4471
