1.336107
1.235019
1.080486
1.01974
0.985037
0.913734
0.9110484
0.9124644
0.9755287
0.9774737
0.9759279
0.916767
0.8724877
0.9380793
0.9139802
0.8918691
0.8727563
0.874541
0.8630417
0.8279531
0.7902593
0.7667732
0.7771371
0.7643008
0.7582281
0.8147581
0.8018795
0.7803963
0.7545992
0.802831
0.8253657
0.8137719
0.7575029
0.741444
0.7074239
0.6971561
0.7081853
0.6896542
0.705075
0.7008982
0.7204392
0.7045122
0.6780227
0.6374652
0.669845
0.6548014
0.6404016
0.6272097
0.6062783
0.5826656
0.58593
0.618071
0.5831135
0.5919203
0.5949798
0.6168596
0.6221538
0.6217929
0.6580662
0.6967856
0.7419774
0.7611384
0.7807897
0.8147218
0.8628629
0.8908841
0.8813399
0.8841742
0.8672397
0.8735215
0.8640859
0.9211872
0.8918443
0.917926
0.9333749
0.9244887
0.9290166
0.9359083
0.9441374
0.9819914
0.9786875
1.001028
1.006435
1.026889
1.048275
1.075607
1.059923
1.031903
1.087957
1.04784
1.155164
1.199565
1.125809
1.085431
1.071111
1.038083
1.102027
1.118413
1.127227
1.157673
1.091243
1.097038
1.071904
1.065693
1.055311
1.004472
1.001645
0.9771078
0.9400558
0.9146117
0.9207934
0.9380681
0.893294
0.7907809
0.7609617
0.7832244
0.776714
0.8046943
0.7638759
0.7323158
0.7397142
0.6872568
0.6695891
0.686782
0.6774414
0.6728071
0.6784376
0.6563873
0.6542613
0.6280918
0.6218476
0.576472
0.5684703
0.5835424
0.570223
0.5619753
0.5707501
0.6047434
0.562963
0.5574714
0.5827779
0.5779249
0.6003201
0.619686
0.6055427
0.5914995
0.6367432
0.6850798
0.7245076
0.6900309
0.688235
0.6738653
0.7145315
0.7645097
0.7682563
0.7388701
0.7071915
0.7085331
0.702503
0.7258039
0.7106525
0.7544044
0.7307946
0.7675745
0.7770166
0.7680137
0.8431652
0.9046763
0.9029237
0.8699901
0.8264944
0.761359
0.7366143
0.7721472
0.7518773
0.7655162
0.7786503
0.8114234
0.7960241
0.7800491
0.7877921
0.7951031
0.7882635
0.7568645
0.7659719
0.7552978
0.6982428
0.685627
0.7226615
0.7279869
0.702929
0.7001299
0.7152886
0.7216702
0.7260927
0.7349243
0.7595767
0.7503177
0.7447258
0.764995
0.734194
0.705966
0.7063065
0.7118652
0.7101322
0.6865397
0.7194283
0.7225781
0.722249
0.7493452
0.7672243
0.7604481
0.7764085
0.7778533
0.7402461
0.71594
0.6827267
0.745146
0.7023379
0.6894165
0.6966858
0.6561034
0.6508796
0.644972
0.6453714
0.6683425
0.64483
0.6424777
0.6207873
0.6285016
0.635884
0.6518889
0.6904721
0.7258672
0.735192
0.7422642
0.7454329
0.7609486
0.7944911
0.8335488
0.8540193
0.8047245
0.7786244
0.8160306
0.8541593
0.8302216
0.8308453
0.8522656
0.8484561
0.8439703
0.8118306
0.7687239
0.7547922
0.7744989
0.7873436
0.776278
0.8067011
0.8148299
0.8524423
0.8212354
0.7789902
0.774366
0.7918541
0.8235509
0.8436412
0.8141154
0.8326913
0.8109701
0.7593198
0.7812743
0.7682921
0.7963768
0.820025
0.8131144
0.777541
0.7818686
0.7421598
0.7445828
0.7586528
0.750169
0.792035
0.8204962
0.8612248
0.9032294
0.8532462
0.7941726
0.8000326
0.7634987
0.6949094
0.715515
0.7295161
0.7845413
0.7413387
0.760255
0.7440864
0.738292
0.7286276
0.7620204
0.7431237
0.7398474
0.7138808
0.6768053
0.6871504
0.6905094
0.6900411
0.7164416
0.7117877
0.6842946
0.6930824
0.690775
0.7009946
0.6908918
0.717185
0.7226707
0.7787414
0.7656288
0.7872521
0.8507695
0.8901333
0.8767049
0.8928905
0.8637081
0.8699891
0.8872403
0.9122893
0.8701335
0.8889251
0.8660612
0.8500805
0.799001
0.8267946
0.8621462
0.8648385
0.8775879
0.8592429
0.8655368
0.7889437
0.7762574
0.7906222
0.7633117
0.7527854
0.7945416
0.800728
0.8291994
0.7942496
0.8101658
0.8675403
0.8724495
0.9004219
0.919619
0.9164345
0.891621
0.9144982
0.9023743
0.8889568
0.8139835
0.816033
0.8340283
0.8659048
0.8701966
0.8296471
0.7808434
0.8303962
0.8159811
0.7885166
0.8092344
0.7862254
0.7996294
0.7909428
0.7576827
0.7747631
0.7797315
0.8069742
0.7743241
0.8045062
0.8523666
0.840487
0.8415064
0.8616842
0.8253666
0.8180482
0.8149089
0.8217385
0.7976578
0.8258338
0.8180445
0.8898969
0.8918091
0.887412
0.8833501
0.9026008
0.8692662
0.8917571
0.8929132
0.892157
0.8460878
0.8297042
0.8035086
0.8138955
0.8141705
0.8203526
0.8509294
0.878214
0.8631896
0.9015348
0.9561135
0.9609868
1.00615
0.9487261
0.9134462
0.9263217
0.9799317
0.9572409
0.9618854
0.9306844
0.9245185
0.9641749
0.9871632
0.9584683
0.9325973
0.9358409
0.9428092
0.9014179
0.9348357
0.9676367
0.9908853
0.9517457
0.9549785
0.9410998
0.9224253
0.9394321
0.9383131
0.9018673
0.9036146
0.9115935
0.8437422
0.8741568
0.8758205
0.8396894
0.8141637
0.7856019
0.8076908
0.7983726
0.7791262
0.7587463
0.7596381
0.7708006
0.7545348
0.7672075
0.7991481
0.7854385
0.8264204
0.8592102
0.7864364
0.8162588
0.7664678
0.7556442
0.7860359
0.7411645
0.7468841
0.7511182
0.7618499
0.7738592
0.7501967
0.8007865
0.7908321
0.8044724
0.814913
0.7737216
0.7926077
0.8207478
0.8807993
0.8918978
0.8757385
0.936075
0.9012296
0.9239957
0.9167638
0.9264521
0.9393342
0.8946107
0.9259451
0.934935
0.9006473
0.8954731
0.8864046
0.8616937
0.9345126
0.967331
0.9233269
0.9158557
0.9502967
0.9723869
0.9540648
0.9375074
0.9077066
0.9051396
0.9144224
0.9158603
0.9215969
0.9596681
0.9416101
0.9577252
0.9262921
0.9038863
0.9029509
0.9084181
0.8443842
0.8708914
0.8776257
0.9051384
0.9482382
0.8985915
0.9016906
0.8534694
0.7982537
0.8022034
0.849382
0.8875903
0.8832782
0.8689126
0.8968699
0.9096933
0.9229475
0.8876784
0.8774636
0.8926545
0.8864451
0.9099015
0.9138598
0.9277259
0.9655972
0.9470197
0.9535581
0.9460195
0.9292341
0.9086194
0.8908753
0.8924103
0.8880062
0.8730574
0.9277604
0.9285324
0.9912575
1.020536
1.010324
1.001601
0.9673825
0.929528
0.9257912
0.9184654
0.9755299
0.9326699
0.9269816
0.9379917
0.9041613
0.9453659
0.9776933
0.936751
0.9276296
0.8942113
0.8706235
0.8456857
0.8150812
0.8172866
0.7979213
0.8103782
0.8622831
0.8691222
0.8372434
0.8304321
0.8668349
0.8339806
0.832853
0.7936707
0.7580309
0.749269
0.7862619
0.7715942
0.8027821
0.7854524
0.7671621
0.8051298
0.7901325
0.8161256
0.8049759
0.7877
0.8094824
0.838189
0.790647
0.8050582
0.7902798
0.8378995
0.8418908
0.876879
0.901198
0.8901051
0.88861
0.8717505
0.839896
0.8613133
0.9037246
0.9314582
0.890253
0.9409999
0.9123908
0.9088085
0.9488672
0.9193866
0.9179197
0.9496469
0.9888208
0.9468387
0.9017933
0.9414009
0.9780945
0.9567649
0.91386
0.988956
0.9796412
0.9740238
0.9845545
1.015329
1.06941
1.100218
1.047056
1.063781
1.047892
0.9737629
0.9513201
0.9572436
0.880636
0.8855297
0.8748642
0.9216071
0.9152286
0.9117148
0.9400355
0.9794349
0.9450658
0.9621351
1.019501
1.008183
1.014849
1.041852
1.004997
1.049108
1.052446
1.006074
0.9822038
1.048133
1.012216
0.9308382
0.9394176
0.9154086
0.8823823
0.9209727
0.8902516
0.8833586
0.852954
0.7697839
0.7855075
0.7942418
0.7717455
0.7420716
0.753321
0.7536372
0.7655159
0.7661013
0.757842
0.7688399
0.8066924
0.8075207
0.8000517
0.8007091
0.8004026
0.7750098
0.7880433
0.8419032
0.8384424
0.862382
0.8440669
0.8041518
0.7765382
0.7646424
0.7539887
0.7426444
0.7698172
0.7651623
0.7397548
0.7331205
0.7532456
0.7498171
0.7790899
0.8028893
0.7880308
0.8288364
0.8507555
0.7898357
0.8250036
0.8617531
0.9190717
0.9198283
0.9384873
0.9386837
0.9193554
0.8871164
0.830308
0.8202868
0.8349777
0.8016085
0.8053148
0.8020104
0.8099089
0.8244604
0.830469
0.8556776
0.8478054
0.868238
0.8811745
0.9242813
0.980044
0.9743472
1.021953
0.9984882
1.015156
1.030397
1.046398
1.015513
1.024191
1.038099
1.067862
1.076684
1.104665
1.082449
1.126414
1.080713
1.04743
1.085661
1.086123
1.100699
1.05234
1.070901
1.084395
1.091245
1.07249
1.062477
1.082921
1.111744
1.085642
1.113045
1.0809
1.123488
1.125953
1.151547
1.093691
1.091331
1.133834
1.171369
1.135861
1.060205
1.092553
1.081474
1.042514
1.012616
1.057648
1.124645
1.131209
1.151955
1.124579
1.125938
0.992481
1.073356
1.042607
1.057102
1.090293
1.080456
1.046797
1.00924
1.031338
1.043167
1.057935
1.047244
1.089366
1.099899
1.075443
1.129859
1.113974
1.129632
1.147842
1.180201
1.176935
1.111297
1.14881
1.073852
1.021833
1.048709
0.9901128
0.979411
0.9602448
0.9529175
0.9889706
1.009145
0.9775561
1.009273
1.056822
1.054578
1.031728
1.056797
1.072098
1.062698
1.037765
1.011715
1.064037
1.050696
1.03689
0.9888058
1.000341
0.990436
0.9803284
0.9791887
1.038737
1.045123
1.074345
1.065594
1.117667
1.108175
1.110591
1.106172
1.139471
1.18774
1.123182
1.170376
1.114556
1.107588
1.166333
1.172441
1.206485
1.179758
1.136314
1.177928
1.141931
1.198161
1.221516
1.224176
1.291658
1.268537
1.298813
1.266828
1.288461
1.239037
1.228224
1.167082
1.16032
1.136311
1.122682
1.119672
1.137953
1.147635
1.17418
1.211109
1.268056
1.28988
1.238181
1.225042
1.16472
1.184868
1.124682
1.149939
1.170064
1.211107
1.188977
1.207157
1.18808
1.264298
1.256286
1.229568
1.259175
1.237799
1.230142
1.235175
1.251667
1.245895
1.319676
1.290273
1.290751
1.302205
1.255524
1.325559
1.372966
1.340931
1.241025
1.275859
1.305679
1.224261
1.199611
1.180115
1.199315
1.174096
1.172727
1.183042
1.14431
1.106312
1.157536
1.104086
1.084339
1.103057
1.134639
1.098846
1.077288
1.089657
1.16097
1.148338
1.115161
1.100578
1.079706
1.108472
1.110417
1.15858
1.157405
1.116556
1.165593
1.13977
1.132566
1.065607
1.087141
1.089211
1.06947
1.064568
1.091677
1.095159
1.123005
1.136789
1.140675
1.166016
1.160183
1.101057
1.085028
1.12779
1.140078
1.204824
1.132027
1.141222
1.128628
1.118155
1.074761
1.135439
1.030087
1.041861
1.005714
1.068578
1.034391
0.9735
0.9961344
0.9924524
0.9656467
0.9696292
0.9923644
0.972362
0.9265269
0.9862719
0.9366704
0.9353588
0.9638451
0.9623819
1.021763
0.9359473
0.905893
0.8827822
0.8472198
0.8583117
0.834075
0.8260967
0.8277806
0.7769183
0.821267
0.8298229
0.8704999
0.9025855
0.9263804
0.8545293
0.8495354
0.9157044
0.9617411
0.9430334
0.9218099
0.9250652
0.9047483
0.9189941
0.947366
0.9506555
0.9114959
0.9156731
0.9196812
0.9433762
0.9866583
1.005289
0.9941084
0.9605108
0.9722903
0.9723641
0.9601436
1.010942
0.9898493
1.003183
1.001677
0.9843326
0.9875294
1.020542
1.010152
1.043834
1.047023
1.070048
1.004776
1.012665
0.9831192
1.020667
1.042325
1.004991
1.008892
1.023508
0.9787395
0.9714517
0.9394186
0.8858037
0.8932734
0.8902076
0.8345119
0.8308621
0.8072514
0.8464821
0.8282805
0.8262144
0.8474164
0.833549
0.8828513
0.8162239
0.8270772
0.7763211
0.8357795
0.8240468
0.8350798
0.855286
0.7890405
0.8046515
0.7936379
0.7890977
0.7953292
0.8094249
0.8077045
0.7701687
0.7954005
0.7988572
0.8180002
0.7602568
0.764807
0.7516813
0.760597
0.7471784
0.7766191
0.7902369
0.8000308
0.8081894
0.8092175
0.7956652
0.8329016
0.8401909
0.8659157
0.8846591
0.8373815
0.8366031
0.8892624
0.9185978
0.8871002
0.8839445
0.9106137
0.9085748
0.9242346
0.9213254
0.930404
0.9501217
0.9148559
0.9903897
0.9453634
0.8899054
0.9216282
0.9739087
1.004617
0.9822675
0.962391
1.03572
0.9698986
0.9709196
0.9885431
0.9700095
1.013034
0.9618412
0.9461815
0.9682912
1.000175
0.9260893
0.9541494
0.9293014
0.9012535
0.9189007
0.8993149
0.9668222
0.941081
0.9229044
0.9008767
0.8844396
0.8848281
0.8865697
0.9833617
0.9629498
0.9394998
0.9835716
1.010826
1.009162
0.9937379
1.007787
1.051227
1.04926
1.042348
1.009819
1.088339
1.055154
1.095272
1.036786
1.048655
1.032986
1.066453
1.132479
1.094722
1.095942
1.168864
1.18218
1.147578
1.093677
1.182118
1.169278
1.180828
1.109945
1.168745
1.136902
1.134532
1.132313
1.107022
1.123121
1.126043
1.095079
1.101435
1.072858
1.059054
1.082048
1.085976
1.056734
1.058145
1.021194
1.028632
1.040926
1.125666
1.143554
1.145259
1.247996
1.189438
1.143978
1.135383
1.11613
1.081132
1.158092
1.101075
1.148733
1.134059
1.101693
1.135219
1.216201
1.224539
1.266142
1.231341
1.224012
1.182055
1.221441
1.237577
1.262102
1.207454
1.150034
1.134792
1.206085
1.22103
1.2755
1.32501
1.281251
1.215835
1.182124
1.136475
1.149254
1.087804
1.058579
1.042361
1.024618
1.036964
1.070999
1.028728
0.9504855
0.9307162
0.945755
0.9590359
0.9330191
0.885793
0.8851226
0.8832105
0.8689246
0.8644582
0.8766759
0.8562694
0.8361363
0.9156666
0.884508
0.8580866
0.8558207
0.8666859
0.8317517
0.8495766
0.8477077
0.8306149
0.8246653
0.774183
0.812024
0.799376
0.7622109
0.7704447
0.7711854
0.830989
0.8315682
0.7814312
0.8259222
0.8235128
0.810039
0.8152791
0.8190692
0.7473729
0.8276739
0.827532
0.8429931
0.8000137
0.7723064
0.7478241
0.7268633
0.7109855
0.7095966
0.709037
0.7105658
0.6690771
0.7170503
0.6848647
0.6176878
0.6304603
0.624929
0.6788677
0.6474482
0.6361499
0.6490565
0.6361327
0.6414728
0.6415691
0.642659
0.64429
0.6063247
0.5988456
0.6173922
0.6067446
0.6192334
0.6316848
0.6363488
0.6132147
0.6158861
0.6098147
0.6776828
0.6603834
0.6666524
0.6787894
0.6592906
0.6621884
0.6852171
0.6090379
0.6329269
0.643302
0.6416838
0.6610554
0.671859
0.6596382
0.6737715
0.6660234
0.650264
0.6471617
0.6352611
0.6838148
0.6694649
0.6812444
0.6965825
0.7014738
0.7090355
0.6960677
0.7000474
0.7076306
0.7660294
0.7599028
0.7607793
0.7960522
0.8539323
0.85505
0.8284607
0.83375
0.8828032
0.9020336
0.8761002
0.8864347
0.9447442
0.9270747
0.9331689
0.9015278
0.9027715
0.911674
0.9202583
0.9994197
0.9885961
1.018312
0.9685345
0.9747677
0.9996586
1.019955
0.9767973
0.9209827
0.954552
0.888328
0.8603693
0.8817668
0.9225425
0.9658728
0.9231767
0.8886717
0.8952815
0.8984409
0.9711933
0.9486573
0.9982214
0.9562701
0.940504
0.9047815
0.8957649
0.8828273
0.9038548
0.8708898
0.8282644
0.7628793
0.7631681
0.7574467
0.7984419
0.8295774
0.7979066
0.7686527
0.7676072
0.7501028
0.794948
0.8396665
0.8211421
0.7893572
0.8162992
0.8246543
0.8451454
0.8010562
0.8352758
0.8020662
0.7957012
0.8200288
0.8383752
0.8336347
0.8187058
0.8202472
0.8371434
0.7917773
0.799753
0.7845199
0.800033
0.7788416
0.8111311
0.8196837
0.8254216
0.8226361
0.8062111
0.7637764
0.7585078
0.8324868
0.8553408
0.8965983
0.9034773
0.92225
0.9125559
0.919704
0.8769612
0.8846045
0.8991292
0.8261799
0.8265862
0.7912359
0.7758975
0.7860638
0.7975085
0.7689251
0.7601797
0.7786784
0.7534295
0.7375998
0.7533697
0.804375
0.8195599
0.7666453
0.7425754
0.6661852
0.6360627
0.6420581
0.6476603
0.6707933
0.6840507
0.693385
0.6491522
0.7094584
0.7108241
0.6942426
0.6967811
0.6863295
0.7179664
0.6746894
0.6374059
0.5972586
0.5867786
0.5924643
0.6220058
0.611329
0.5973263
0.5770788
0.5615998
0.5853762
0.5671534
0.5230079
0.5282733
0.5633687
0.5620019
0.5680478
0.5486002
0.5426132
0.5501598
0.5461021
0.5851056
0.536143
0.543922
0.5868559
0.5873705
0.6004447
0.6245492
0.6339081
0.6488248
0.6643065
0.6905312
0.6860615
0.6544361
0.6814447
0.6471308
0.6653817
0.6801062
0.6383417
0.6739018
0.6788681
0.7064227
0.7571144
0.7198582
0.7620985
0.7852816
0.8038585
0.8091973
0.8083159
0.8263676
0.779561
0.7849627
0.7686106
0.7864836
0.7724974
0.760233
0.7521778
0.7673428
0.7508404
0.7062916
0.6806143
0.7003951
0.6732566
0.6859706
0.6570397
0.6774644
0.7203437
0.7006174
0.7350801
0.7509865
0.7909478
0.7444381
0.7090195
0.7083681
0.7078325
0.7025236
0.7303984
0.7292036
0.7303232
0.700975
0.7275397
0.7068833
0.7099702
0.6614751
0.6638081
0.6460413
0.6680927
0.6813163
0.6808559
0.7122851
0.7665996
0.7653234
0.8154242
0.7941833
0.7543874
0.7343891
0.686086
0.7137909
0.7080464
0.7076515
0.7264072
0.7351704
0.7274472
0.7218886
0.7404102
0.7591546
0.7944997
0.8414933
0.8068682
0.8395106
0.8968472
0.9004792
0.8937824
0.8683163
0.8815168
0.8766798
0.9089198
0.8936846
0.9109668
0.8943569
0.9021284
0.8824792
0.8497833
0.8417171
0.8417006
0.8728396
0.8830126
0.8912714
0.8373451
0.8548189
0.826634
0.7806386
0.7560609
0.7224395
0.6704552
0.6633253
0.6166738
0.6726873
0.6643275
0.6487865
0.6949261
0.7223427
0.7304015
0.7292645
0.6989077
0.7288086
0.7661065
0.7669944
0.8383452
0.8314145
0.8341725
0.7781916
0.8111748
0.7946117
0.8409962
0.8375839
0.8127968
0.7525101
0.7707648
0.7265468
0.7169061
0.7108652
0.7077093
0.6742319
0.68649
0.6739748
0.6822976
0.7320097
0.7519059
0.733328
0.6885279
0.6721535
0.6723003
0.7036517
0.7438706
0.7803076
0.7862854
0.8008609
0.8287778
0.8066395
0.8086043
0.8261618
0.8131949
0.765803
0.7522041
0.7357866
0.7522359
0.7034757
0.6692653
0.6638135
0.6644232
0.6618998
0.661726
0.6591381
0.6447758
0.6731647
0.6630971
0.6488639
0.602655
0.5826525
0.5783699
0.5911087
0.6204539
0.6075146
0.6247337
0.6509997
0.6266038
0.6255076
0.613244
0.6329796
0.6472806
0.6844346
0.6752167
0.6745933
0.6867239
0.6889889
0.694648
0.6501898
0.6451006
0.6675861
0.6764834
0.6917444
0.6739312
0.6777641
0.6914831
0.697495
0.6818864
0.6545592
0.6610461
0.702419
0.7089419
0.6731676
0.6491675
