64.26263
63.95402
62.85807
63.81134
63.03575
63.10057
59.67508
60.70821
59.41104
60.74654
62.6952
62.47284
62.14917
65.17501
66.17335
62.68637
61.90385
64.24336
62.95191
62.98771
65.98887
63.75717
63.51939
58.21243
58.17398
56.48891
55.40271
56.36461
53.6388
55.93564
57.97593
57.16906
56.41446
56.92301
57.38592
56.7487
57.78818
59.4513
57.10049
57.49146
59.43817
60.2705
58.26728
57.02458
56.75941
57.58701
57.65019
55.80934
55.84023
55.04062
56.03393
56.81862
57.68864
57.13586
56.49122
57.66042
59.13518
57.48781
59.18475
59.01225
59.12204
58.74917
58.51097
58.98452
63.4543
66.34442
66.08402
67.2083
65.56732
66.15065
68.82185
68.46439
66.47002
66.39146
66.76849
68.72312
68.61944
67.29673
66.26196
65.17897
60.30751
61.90693
63.96384
65.12064
65.03408
63.49347
60.47943
62.00405
65.36766
65.68797
63.80363
61.28265
59.27338
58.92373
58.88676
60.83797
59.3234
57.75234
59.9692
57.80774
60.68236
61.37553
59.78516
57.03433
58.66341
60.53889
61.91586
60.50427
60.79735
62.22915
59.46182
60.29787
61.30554
62.01349
61.30903
60.7058
63.1996
64.41158
65.55456
64.82215
65.51802
63.98495
62.19174
61.68748
62.17622
60.61832
58.68553
56.79299
56.78534
56.88406
59.91303
58.71734
58.95148
61.09989
59.99692
60.8332
61.74751
61.40528
61.08719
62.38129
63.82508
66.48287
67.64289
67.27606
66.3632
66.13538
66.85582
66.03836
65.01656
62.27902
60.12676
58.74245
62.42955
61.72222
59.86819
56.74059
56.58967
53.40639
55.45025
57.22857
54.70417
55.36927
54.758
56.09322
55.68024
53.56935
53.95113
53.52116
52.80563
54.44849
54.15877
55.29271
55.29179
56.25689
55.72976
56.41572
59.82013
58.48038
59.21804
60.34124
59.7468
58.05373
57.63507
57.01573
57.33329
58.11846
58.78126
58.49443
59.10109
57.61302
55.82942
51.95838
52.57354
53.71004
54.34724
56.9431
59.82447
58.02974
55.07672
55.09809
54.37876
58.13287
55.37639
56.93848
57.26517
61.57484
61.66915
60.27308
58.71776
58.55262
57.51678
57.26965
54.4895
52.47987
52.63693
49.82514
53.16757
55.10424
54.14427
55.27726
56.42488
54.59389
54.68659
53.6742
56.49653
55.23367
55.92493
57.6806
57.04745
58.424
57.18148
55.70333
55.77082
58.81318
57.80439
57.29609
55.61169
56.08205
52.91258
54.59501
54.92759
56.05849
53.1143
53.91369
56.38159
55.08471
56.23302
59.49109
57.39573
56.40503
55.06782
53.89071
54.80332
55.65631
54.85989
54.11589
54.97709
55.72055
57.4446
58.6997
60.45782
58.95888
59.10532
58.20163
61.82898
64.79232
62.40291
62.53397
64.72124
64.20655
63.59842
62.4836
60.91096
58.21177
57.76425
56.99141
58.77144
57.99636
57.15069
54.41229
53.3668
55.61693
56.28683
54.92771
53.65372
53.06026
54.12459
53.13181
52.15388
51.61755
50.74029
50.43532
50.04606
50.42328
49.64537
50.85792
49.84812
51.29629
53.1523
54.50758
55.47416
54.14713
54.39544
53.3242
49.85664
51.44135
51.95584
50.29419
47.07663
41.55691
41.85921
44.03205
44.94252
47.97803
47.64708
46.47424
47.24207
46.55407
45.68078
45.30466
45.6406
46.64953
45.89397
42.78421
42.49366
43.82218
46.39503
46.05885
45.73112
44.00123
42.85735
40.80462
39.02688
37.7625
39.73528
36.27831
34.66089
35.18781
38.19041
39.89242
42.32266
41.42903
40.6099
38.79697
37.17465
35.75908
33.45476
36.28303
32.85683
32.85284
33.90439
33.0591
33.3833
33.19221
33.8327
34.80809
33.67773
32.4524
30.954
31.12941
31.96138
33.67789
35.15974
35.4221
34.48994
36.69216
35.96282
36.07797
35.60839
35.66404
35.65147
32.5311
32.43868
30.72884
33.7252
32.87891
32.8746
31.94234
29.43617
32.77632
33.2745
32.18496
30.50359
30.1718
30.36886
31.4271
32.22428
33.20137
32.40396
34.19661
33.03075
36.26514
37.82684
36.66435
38.37157
38.07325
38.64479
39.30594
39.74324
40.4597
39.67055
42.17847
41.21425
41.88853
41.98403
42.54527
37.77954
37.22467
39.51764
36.38791
35.53929
35.92459
37.69363
39.74691
39.09091
40.75015
40.67783
38.80233
36.96439
39.1924
40.19403
39.83617
39.53186
40.37843
38.29536
36.70618
38.39614
36.89716
37.76784
36.46389
40.35382
37.97806
37.2822
36.96186
35.6448
32.67874
31.66787
30.89457
33.01755
31.51022
32.05598
28.74814
27.37303
29.05945
28.23664
30.58984
25.96755
26.27269
27.89521
29.75453
31.46871
30.36541
30.59642
29.32716
31.66026
30.91369
30.3145
29.24331
28.2003
26.64891
25.53513
27.71391
26.3846
25.73813
26.24168
27.7725
27.94502
30.03853
29.17336
27.20409
28.07878
28.19493
27.66545
29.72182
26.04498
25.86952
27.72339
29.37834
29.82587
30.90586
31.09702
30.28847
28.82189
31.93944
34.03561
33.45506
33.90853
31.08031
30.84742
31.88837
31.5635
32.53975
33.3516
35.16469
37.64242
39.81318
40.59434
41.35368
40.74534
41.11443
42.82805
44.03119
43.85466
42.35483
42.90707
41.51607
41.69174
40.7391
39.26242
41.35892
42.539
41.752
44.73163
47.59646
45.71994
45.18579
44.59321
44.72388
45.53311
49.09516
46.63807
46.71761
45.71867
46.53336
47.21513
48.80714
49.79851
49.75959
51.21798
52.16408
53.72004
55.13709
55.38421
54.25119
53.74576
54.07033
53.49541
50.95416
50.46796
50.18533
50.9197
50.7879
50.01666
46.96884
47.87417
47.92424
50.47716
50.97329
47.88864
49.55284
50.44643
53.32542
54.49514
54.88366
57.70723
58.07399
57.42199
61.17155
64.27476
66.28762
66.12227
67.70934
69.47985
69.93849
69.76215
70.0928
70.35434
70.24804
71.50159
72.47435
72.50283
72.12467
71.76362
72.9162
74.37357
74.77723
77.69187
80.30468
81.70333
81.33734
82.37004
82.03987
84.34706
84.97818
85.9306
84.37761
82.3848
86.51281
87.04144
85.31636
82.81204
79.64634
78.67738
78.97215
79.81266
79.75247
80.90742
78.46149
80.77672
79.9682
79.91948
77.8507
78.52434
79.8324
79.45203
79.77857
80.40715
77.31016
80.85749
76.82879
74.00445
74.95961
74.77648
76.03236
74.1555
75.83364
75.04228
72.97569
75.30739
76.38161
76.86485
79.7083
82.24016
83.84551
81.97539
80.49885
81.22184
81.92437
82.08289
81.85663
81.08405
80.49231
79.44247
80.75016
77.45902
76.19002
73.68534
74.36808
73.69356
74.37515
74.42019
70.95289
69.29487
69.94539
69.30846
68.01965
69.10364
66.31249
67.51765
66.46051
67.53076
68.12307
67.53656
67.00153
65.22375
64.84396
65.55406
65.31398
66.07328
63.84022
65.19497
66.71778
66.45855
65.70398
64.388
64.68455
64.43742
63.73621
64.99614
64.11633
63.90289
65.39287
66.6422
67.69552
68.13978
68.2259
67.88156
69.97696
69.65829
66.06235
66.38332
67.1783
66.76272
64.77051
65.3113
63.03369
64.29557
62.27215
61.76156
57.68063
61.43536
63.28649
64.34017
62.72147
62.01881
64.41542
64.10356
63.40225
65.89794
66.9061
68.37531
69.97994
71.13091
72.4152
72.45379
73.16346
74.67105
75.18279
75.61104
75.28133
76.73545
76.67537
76.22799
74.82236
75.05615
74.50216
75.11108
75.17633
76.07143
75.36683
70.97036
70.52052
72.67646
73.8559
74.18065
73.68606
76.12365
74.6269
71.55893
73.19452
73.14221
71.55459
71.02102
69.22481
71.71642
67.73462
66.2458
65.98245
65.97133
65.87958
64.81018
65.88829
63.55664
61.98832
62.90942
63.88667
64.31877
63.58572
61.64812
61.44779
64.49693
63.63986
63.50269
64.46836
66.39881
69.10807
69.11142
68.12967
68.74704
67.18267
68.42627
69.35934
71.08303
71.87379
71.72199
72.97144
71.66755
69.03397
66.39586
67.31772
65.15175
65.42616
64.9141
63.99375
67.50224
64.2359
65.27966
69.13475
66.47579
68.14457
68.65766
71.70258
69.53705
69.85188
71.1696
71.01284
66.05159
65.203
63.95666
67.18672
64.23075
62.66628
63.36634
62.53195
60.48875
60.02606
60.23531
57.71755
59.8565
60.75207
63.92234
64.57344
63.37515
64.93502
65.27833
63.63527
63.80516
61.53814
59.85352
60.22324
61.62074
58.394
57.21108
55.86672
53.61879
54.70744
51.81409
51.53686
52.18574
52.91801
55.62743
53.09126
52.65717
51.21731
51.52404
52.30701
52.40176
56.37266
55.74045
53.06062
54.31695
52.84971
52.6074
53.13403
51.18403
50.15775
50.5853
49.47439
50.85764
50.75182
51.409
51.00939
52.12785
52.79955
51.90512
53.03254
53.96734
52.4538
54.35969
52.84453
49.08328
46.78847
45.66621
47.40758
48.30409
47.70016
46.92961
46.68124
48.24419
45.66417
45.21166
45.87839
44.02841
41.02248
39.47135
39.04083
38.90447
40.15829
38.20389
39.25847
37.28831
36.82769
34.8688
33.5613
33.79349
30.18145
31.02421
32.56637
35.01282
35.34343
35.06403
36.28376
36.20429
37.00465
35.7887
36.28431
36.37972
36.98217
38.29504
39.25538
41.17643
43.24569
45.14476
43.83116
43.12397
46.72674
49.28461
48.99929
48.31084
51.93505
52.04823
51.55306
48.61873
49.65576
50.43487
50.17181
52.63636
51.98486
52.32556
55.50668
54.85115
54.68235
52.91922
52.3607
56.22743
59.48395
58.8774
58.15837
59.05513
56.28348
56.94197
59.68632
57.94251
59.66086
59.88159
62.19474
62.36213
59.08377
58.40273
57.61809
60.9789
63.1942
64.70975
65.1496
65.15085
64.94269
65.61254
64.66582
64.18015
63.71204
63.03662
62.0026
62.84784
66.06645
66.02169
65.08212
63.83812
64.49984
65.44556
64.45682
63.84619
64.44106
61.93022
62.09766
61.92823
62.50759
61.65315
63.36554
63.90076
66.08467
66.98884
69.6002
69.38875
70.9144
67.63538
69.65347
70.26061
74.97029
72.80753
70.5734
69.19488
68.72895
69.0331
64.99814
64.02917
64.53387
64.01417
61.25356
62.20005
61.37137
61.21141
64.26528
64.35505
62.15426
62.06791
63.42594
62.26122
63.37517
61.76807
61.97789
61.58798
61.06708
61.99851
62.68951
59.17645
61.27444
60.17623
61.89529
59.31993
57.87276
60.60689
58.63782
56.99274
59.57437
59.49776
59.23741
58.03713
58.69936
59.42268
58.50689
57.54434
56.20173
56.8954
56.97517
58.28667
55.63916
57.07573
55.10406
55.92056
58.02523
58.2946
58.51832
59.75715
58.96297
60.57972
60.4131
57.28732
56.31354
56.51753
56.09338
54.27194
53.66846
51.37568
52.08635
49.69617
51.2438
55.52655
53.64383
54.14696
54.43
54.22
56.02602
54.37999
54.59688
52.66892
51.23365
48.80142
48.78233
51.72516
50.53991
52.72855
56.59562
58.11475
58.89785
59.70129
60.4915
61.69086
61.79303
62.29749
63.55269
62.78513
65.40124
65.48416
69.96625
68.02147
68.96192
70.35302
67.40485
66.70572
63.78671
62.69732
63.70142
64.95344
63.62645
62.77915
61.80857
63.71555
64.88736
64.69291
67.3324
66.91674
69.13684
69.03694
67.28535
68.20787
70.39912
69.79542
69.23902
70.32182
69.38045
68.92277
71.06564
71.37862
72.68996
71.77001
73.55848
71.0392
69.16058
69.28162
67.85336
66.79507
67.8183
68.92457
69.40709
69.63199
67.98723
68.22471
68.17335
67.47144
67.01667
68.61132
67.77478
67.64819
67.63589
70.62261
72.25517
69.29133
72.54117
71.11827
71.75354
72.93875
72.07086
70.94765
71.12337
72.665
72.76758
72.19372
73.41683
74.29945
72.02945
70.63839
73.89738
75.08947
73.41241
71.47297
71.77006
73.0181
70.26633
69.57263
71.07726
70.5493
68.4615
71.15578
69.87139
69.3456
67.23158
67.79554
67.32676
66.0943
63.56356
63.94099
65.80269
64.94523
64.51506
66.58745
65.86144
65.61394
65.20117
64.65313
67.98371
69.28395
66.20366
64.64624
63.41873
67.839
69.16676
68.28647
69.49319
70.77391
72.66268
74.51993
73.76561
73.98877
71.71337
72.13808
73.56751
74.09416
75.97877
76.72372
76.3215
74.54378
72.25812
72.0364
72.34868
73.52743
77.43288
74.24903
75.47558
77.67462
72.51202
71.86305
71.50025
68.67582
67.13023
66.0527
65.47842
63.01767
62.88939
64.72105
66.81501
66.96955
66.8508
67.89478
67.55216
65.88748
66.20558
66.74558
69.05196
67.05065
67.82947
70.19607
68.58902
67.60461
66.60507
66.83941
66.12233
66.44649
63.85074
61.35078
61.92266
60.56922
60.25747
60.97511
62.51877
61.60319
59.12089
59.66681
61.54466
62.66781
65.86062
63.74172
63.68236
64.56225
62.37072
62.85435
59.33499
56.38832
59.73659
58.82243
58.87008
56.79043
60.1735
56.61058
54.71119
56.72663
57.41518
55.44686
57.37103
58.66102
57.49273
57.43377
58.59292
60.30974
59.58586
58.07999
59.69678
61.05118
60.78559
61.73608
59.50395
60.98307
60.57885
61.19605
62.61018
62.76033
62.87017
62.16194
64.5167
65.52221
64.40508
67.54264
67.84663
67.50637
67.08954
67.00564
68.18608
65.27194
66.8537
65.24106
68.28941
65.93381
64.47477
62.83068
62.59918
60.44428
60.83703
61.58907
60.73958
59.24209
58.10745
56.37139
59.95458
58.30568
57.06801
57.40308
58.75076
54.73397
53.7941
54.67137
55.42662
51.7976
50.37868
50.14313
48.65385
48.50747
48.77294
50.92351
49.59387
49.83001
50.29615
48.89066
47.10101
49.70877
49.87771
47.33178
46.63026
46.75037
47.84913
48.82762
47.7982
47.84353
46.89006
49.35441
51.85893
49.51153
48.79841
49.73276
50.82564
50.81361
49.74327
50.6109
53.65243
52.06211
52.32683
51.54775
51.33122
54.68614
53.77007
52.54944
52.25378
50.49579
50.30911
51.67545
53.23787
50.59305
55.4066
58.06171
56.55766
54.40316
54.82946
52.80185
53.42358
54.80571
56.60577
53.72153
52.8486
53.75134
55.21484
54.49146
53.77908
52.26484
52.7206
51.13248
50.63454
54.98652
58.32869
60.14573
57.37573
58.46255
60.72926
61.06696
63.59058
63.92147
60.45504
61.52271
64.0108
63.14784
59.42679
61.48402
62.68824
65.73003
66.35751
68.09162
65.933
66.15593
65.99116
63.82523
64.14796
64.32814
65.41739
65.59593
65.52162
66.32374
65.96915
65.9683
65.54596
67.31199
67.46695
64.48444
63.22202
61.30881
60.9125
61.16761
58.53456
59.82498
57.20493
53.11022
57.22257
56.70983
57.27016
57.88135
54.64205
52.91522
53.2284
56.36098
57.89297
57.02825
57.82388
57.48782
59.07838
61.80335
63.2052
64.13712
63.75266
62.81226
63.63965
60.71786
61.90999
62.17927
63.09232
61.27929
60.40444
61.51502
62.068
62.97337
65.4043
67.92728
68.03741
66.00494
64.54649
65.62853
69.57446
67.29232
65.566
66.92035
68.48657
67.17334
69.57026
68.70321
69.60728
69.23854
68.27797
67.80833
64.58992
67.95977
70.47494
69.84663
68.26351
67.92565
64.78804
65.7087
63.95223
64.39102
63.68862
64.38877
62.74671
63.94329
62.85974
62.46076
60.55973
61.01453
57.54264
60.43654
61.33615
58.91749
60.77112
61.83424
60.76245
61.29759
62.17188
64.50552
65.64259
66.40196
65.09969
64.81186
62.35841
63.11576
63.33539
62.37866
63.41392
64.5339
65.73614
65.05159
65.07401
63.14462
61.23659
62.28632
64.12592
66.23045
67.2244
69.97275
68.15534
67.03139
67.69652
69.90706
70.46564
68.17447
68.53178
63.93466
64.42059
65.32126
63.98073
62.58675
63.93579
63.66831
63.06625
64.10445
65.4684
62.27784
62.50359
64.37561
66.98115
66.37787
64.84731
67.37253
67.78007
67.92687
67.78109
69.70624
70.77544
70.68339
70.59961
72.3126
71.11876
71.22413
71.61428
70.75346
74.10924
73.73831
74.32232
74.66879
73.58206
75.3302
73.69954
73.77006
73.63453
70.78294
67.4271
68.02916
67.80563
66.05531
66.40565
68.31834
68.00822
69.35775
70.71301
71.05285
70.07246
72.32756
73.59585
74.58376
71.23971
73.20889
73.05712
76.5843
78.75598
76.64655
78.64963
80.05368
74.76364
72.97598
73.00828
70.48206
69.85468
71.03935
69.2571
67.90341
67.48773
69.3885
68.27867
65.59376
65.31345
65.59948
68.89611
67.56348
67.39935
65.71358
65.08775
66.35261
68.23653
66.13722
67.28536
70.00218
71.50744
75.89493
76.17325
75.39535
72.99214
71.24197
67.83546
67.2516
66.88051
67.37986
68.55915
68.72034
69.45784
71.39697
71.96616
70.9431
75.227
73.91672
76.84151
76.90806
74.83198
76.61966
74.97824
76.84934
76.88435
76.08918
75.30429
74.49197
73.21772
73.45333
72.56812
69.95282
70.42125
70.16403
67.4868
65.57378
67.80704
68.18687
70.62917
68.64345
68.06495
66.09908
66.27528
68.11461
70.96661
71.0626
72.05353
73.20237
71.74353
68.48659
66.65912
67.56652
65.11184
65.61695
69.39938
67.46059
69.15618
68.75333
68.47311
68.72425
67.30828
65.36495
65.26762
63.90781
64.05292
62.68971
61.28461
59.5959
60.42414
61.62131
64.83873
68.28229
67.57923
