4.9779
4.095244
4.200023
4.64576
4.365614
4.378369
5.366377
5.248688
5.864081
6.953857
6.20737
6.47588
6.369565
8.128411
7.023979
7.122645
7.863936
8.973469
7.477737
7.952729
8.684469
9.639834
8.908384
9.949177
10.48987
10.67972
10.13841
8.672457
8.427399
9.257499
8.067249
8.747354
6.9259
5.903814
5.149709
5.062904
5.642129
6.00322
6.268565
6.052711
6.435422
5.511629
6.555525
7.523044
7.426943
6.856485
6.519116
6.458151
7.244744
6.535324
5.843568
6.580906
6.78416
7.370369
7.077272
6.893001
7.408562
7.734101
7.617544
8.185711
6.965905
7.082118
6.08818
6.703043
7.077869
7.192775
6.401483
5.525191
5.743798
5.498277
6.893742
6.532075
7.269543
8.833871
8.750364
8.363846
7.850785
8.265142
8.166539
8.524497
7.903088
7.048549
8.050515
8.935352
8.049876
9.133471
9.381778
9.763933
8.728469
8.435468
8.318921
9.481232
8.115447
7.182267
7.515621
7.647843
6.426518
6.020208
6.648157
7.671851
7.932621
7.551005
8.501144
8.494287
7.953439
8.280915
9.478832
10.54927
9.165322
8.041987
8.829816
7.820547
5.844865
6.696771
5.613375
5.908989
4.983223
6.011726
6.459006
7.21453
6.629145
5.434191
5.094386
4.806312
5.658392
5.608443
6.004636
6.989713
7.928326
7.699762
7.561511
7.261147
6.524536
6.968516
5.887719
6.130435
6.742161
6.290737
6.591427
6.506214
5.337435
5.205886
6.030657
5.644691
5.340607
5.360943
5.26077
4.127052
4.555148
4.75453
4.306656
4.516016
5.365171
5.001951
5.248961
4.04892
4.623465
4.1494
4.113534
4.72164
4.739628
4.528964
4.95223
5.026625
4.919551
5.05243
6.098283
7.725753
7.309168
7.808924
6.510481
5.879067
7.226137
7.753767
6.631406
6.906344
6.284382
5.835612
6.14328
6.952453
7.318736
7.689502
8.471705
7.336898
8.025978
8.401636
9.073461
7.272564
5.8165
5.545692
7.373137
9.266468
9.911538
8.965131
10.78321
12.22567
11.85326
8.970212
8.800748
9.426428
8.802809
8.027736
6.093537
6.043249
5.187296
5.132774
4.778306
4.143932
3.966992
4.480333
4.231231
4.574439
4.141029
4.212715
4.306342
5.013197
4.589048
4.917635
4.89517
4.725256
5.057737
4.812486
4.771478
4.141521
4.644228
4.97299
5.796515
4.861249
4.481371
4.208914
4.103514
3.402638
3.315388
3.35981
3.198522
3.549797
3.951586
4.225862
4.692448
5.51246
4.583392
4.079568
3.966925
4.725734
5.353387
5.782785
5.628949
4.7847
5.358306
6.017571
6.596741
7.885707
7.999976
6.729407
6.425958
5.632168
5.532124
5.26717
6.279175
5.961834
5.419109
6.052019
6.925146
7.323361
7.218935
7.787052
7.652456
5.452469
6.233412
7.688129
8.00619
6.969271
7.793778
6.870139
7.050161
6.209901
6.39641
5.006244
5.024957
4.951665
5.424597
6.394924
6.060466
6.795823
6.863783
6.430345
5.470003
5.32758
5.877198
5.573883
5.7109
5.368668
4.798417
4.771518
5.201688
5.970182
6.501064
5.506784
6.220264
5.523102
4.734258
4.163096
4.742665
4.939075
5.423059
5.740282
6.534287
6.889187
6.206078
5.131019
5.522739
6.679868
6.484819
7.553449
7.688647
7.800865
7.992656
8.244526
6.151566
6.613414
6.166738
6.404638
7.679696
6.465658
6.054542
5.37011
5.555702
5.594353
5.608092
6.047878
4.465489
4.485057
5.632769
5.243205
4.806362
4.338054
4.209758
4.602717
4.933997
4.774377
5.013976
4.785895
5.078023
4.966667
4.201705
3.973676
3.590901
3.367997
3.143272
3.412949
3.240765
3.170422
3.185138
3.255125
3.754686
3.717751
3.998354
5.027034
5.72255
6.138944
5.641676
4.973411
4.777723
4.773177
4.932009
5.22155
6.405411
7.19129
7.292204
6.261444
4.757941
4.295611
4.419139
4.728147
3.503143
3.238195
3.204171
3.579278
3.392191
3.786244
3.881622
4.359569
3.898456
4.736614
5.146174
5.316189
5.659407
6.292957
6.979569
7.440883
6.476897
6.479929
7.619701
7.846814
7.504258
6.493955
5.357608
4.505268
4.937643
4.715171
5.096417
5.533856
4.12007
3.630611
3.228229
3.37133
3.039734
2.887964
3.731644
2.99109
3.149603
3.22292
2.889026
2.666698
2.795546
3.531246
3.955237
3.883104
3.593337
3.862984
5.10283
4.925038
4.737109
5.044482
4.994161
5.350019
5.100547
4.332883
4.228322
3.186205
2.986331
3.177991
2.638596
2.429757
2.159306
2.232398
1.760059
2.195893
2.579556
3.087242
3.163977
2.914641
2.769879
2.616148
2.61064
2.973187
3.042156
3.137619
3.368607
2.872191
2.662497
2.421244
2.720726
3.361051
3.634848
3.116046
2.571379
2.647027
2.501905
2.529286
2.394455
2.411793
3.110428
3.657365
4.732623
4.458054
3.946932
3.462804
3.768358
3.257654
4.327883
3.905364
4.440506
4.227812
4.159663
4.198637
4.447906
4.7237
5.675467
5.67547
6.791303
6.417297
6.418026
6.625432
7.483517
5.942701
5.951315
5.911824
5.241495
5.812854
6.413945
7.323881
7.008667
5.496845
4.804696
4.894311
5.848217
5.060754
4.593459
4.93379
4.187053
5.007407
4.39245
4.10124
4.33198
3.810463
3.85714
4.945778
4.965014
4.400391
3.519896
4.350039
5.694611
4.878321
5.124015
4.198026
5.441968
5.733998
5.074704
4.292363
4.442088
4.311567
3.884866
3.611265
3.500824
3.834039
3.943408
4.160161
4.513827
3.676359
4.594212
4.618178
4.496594
4.589645
4.395997
4.540932
3.786931
3.819482
3.428768
3.651326
4.610358
4.551895
4.89461
4.625605
4.334049
4.683759
5.604904
5.670829
5.391878
4.576854
4.03272
3.314752
3.52847
4.496308
4.572271
4.90788
4.786027
4.323605
4.453196
5.01923
4.434449
4.997604
5.526109
4.844028
6.428676
6.209645
7.424271
9.14081
8.944231
9.337477
8.662373
9.008584
8.350716
7.068964
8.314149
8.107835
9.286143
7.645132
8.781369
7.778545
8.194123
9.378167
9.409614
8.269103
7.38709
6.587487
5.734458
5.874112
5.597132
5.094341
4.705217
5.605139
6.657562
7.090019
6.418402
6.691908
7.094371
6.793363
6.414544
6.511257
6.042851
6.813474
7.265429
6.299408
6.176026
5.378965
5.548352
5.684643
5.635432
5.686853
5.749195
5.068431
6.113194
5.505819
5.301861
4.766965
5.004493
5.520783
5.391016
4.360196
5.105608
5.219804
5.161238
5.017144
4.886954
4.159148
4.698537
5.482869
6.86267
5.235699
6.129326
6.159257
6.20929
5.632957
5.229376
5.533772
5.265504
4.420022
4.640545
4.553661
5.270304
5.612754
5.702942
6.21884
6.90874
7.192541
5.835491
5.965737
6.901998
5.61469
6.179519
5.747839
5.695449
5.251414
4.687467
4.537452
4.954918
6.150169
5.795023
4.659358
4.93982
4.295715
4.719587
4.375218
4.415771
4.156274
4.419247
4.486809
5.366098
6.7189
6.996553
7.57117
7.333906
7.016414
7.39634
5.732973
6.233542
4.635286
5.14092
5.767556
6.570442
5.673185
5.309773
5.581333
5.214761
4.659624
4.673135
4.196173
4.710098
4.150324
4.602788
4.913905
3.884523
3.034086
2.576108
2.31522
2.569396
2.484095
2.577497
3.645364
3.166546
3.20584
3.60023
3.107519
3.246571
2.98673
3.260311
3.691645
2.95967
3.320372
3.328621
3.145733
2.758223
2.803239
3.007186
2.880755
3.667799
3.543941
3.079149
3.740654
3.367826
3.248129
3.029803
3.083047
3.100067
2.451536
1.838742
1.953323
1.729341
1.713782
1.776369
1.670664
2.156535
2.414328
3.14172
3.214005
3.575943
3.986895
4.171755
4.694887
5.288139
5.275824
4.994974
3.76487
4.362131
4.749961
4.258417
4.210612
4.099318
4.249859
4.329457
4.919335
4.382825
4.765658
4.955203
4.70154
4.779457
3.928434
5.307136
6.122297
5.570439
5.409944
5.171124
6.062996
6.54918
6.829882
6.047616
5.8319
6.655749
6.076278
6.427301
6.594914
6.590797
5.767408
4.798088
4.008446
3.515663
3.659126
3.598434
3.530221
3.095452
3.414982
3.486012
3.328197
2.998029
4.437732
4.41505
4.256697
4.297773
4.088838
4.228363
4.538982
3.811382
4.413267
4.380048
4.018997
3.927884
3.270926
3.53889
4.198836
5.148075
4.165258
3.531692
4.704812
5.188932
4.982751
4.041236
4.034029
4.151537
3.525943
4.316498
4.733825
5.358454
4.299432
4.476468
4.89451
4.872081
4.877519
4.61009
4.169556
4.457341
4.10934
4.425713
4.923412
4.305971
3.981085
4.075652
4.071109
4.097355
3.751862
4.034825
4.381479
5.29149
5.238392
5.421233
4.928318
6.202788
5.299534
5.284353
5.649888
5.500945
6.465129
7.083562
6.134976
6.70296
6.329186
6.120822
5.957606
4.991588
4.805448
4.930883
4.853801
5.514265
5.777873
5.665012
5.504648
4.882111
4.054426
3.950171
3.673292
3.779336
3.424867
2.996221
3.004639
2.981081
3.213833
3.199656
3.512647
3.850461
4.195751
3.945115
3.684765
3.206623
3.293183
3.421435
3.050793
3.143343
3.742202
3.430488
3.889763
4.427426
4.980063
4.813733
4.790659
4.975355
5.608064
5.818366
5.772901
4.307647
3.85771
4.144554
4.643636
4.833261
4.624113
4.784154
4.551732
4.546692
4.490037
5.083965
5.201123
4.614078
4.04276
4.155028
3.641459
4.345126
4.476886
4.748539
5.919466
6.244236
6.085742
5.871091
6.004429
5.673147
5.860082
4.698982
4.430852
4.085717
4.884879
3.928185
4.128428
4.33062
4.122113
3.698291
3.544951
3.50537
3.92312
3.954852
3.850479
3.737245
4.344964
4.828563
5.055789
5.947933
5.950904
5.862953
5.798024
5.729227
5.422442
5.703426
5.834655
5.610773
5.804979
5.119122
4.798728
5.214372
4.649831
4.319851
4.499718
5.633044
4.657695
4.381429
3.726871
3.114785
2.796886
3.533133
3.663971
4.461106
4.84163
4.71219
5.36596
6.005276
6.186797
6.645256
6.938912
7.405117
7.680142
9.02261
9.445937
7.312943
7.283536
7.631558
7.436357
7.869101
7.783494
8.297776
8.045507
7.926458
6.972813
7.837283
7.788937
7.080931
5.653018
6.229682
6.619518
7.586439
8.044868
9.364882
9.771234
8.334235
7.293613
7.816756
7.306226
7.264821
6.041029
5.943954
5.59016
5.569086
4.998631
5.503423
7.189811
8.035848
8.131046
7.723714
7.371998
7.410269
5.886174
6.807142
7.675204
8.222509
8.391088
7.588046
7.639456
8.191592
6.21211
6.087856
6.414707
6.097167
5.929249
6.428551
6.397371
4.761276
4.454999
4.113004
4.059768
5.197526
5.35758
5.253461
5.031169
4.558115
4.104818
4.360584
4.876064
4.569272
5.553283
4.632592
5.071269
5.318408
5.428694
5.502043
5.405987
6.756659
6.781524
8.017182
9.081179
7.37213
7.183694
7.102421
7.146632
6.796385
8.546848
9.492695
9.000939
10.12513
9.811092
10.43449
8.903581
10.79681
10.81208
11.25474
10.88003
8.293
7.31592
6.842146
7.175182
6.668051
6.243082
6.413623
6.441322
6.651072
7.184104
6.854533
6.538961
6.546174
7.061102
7.239289
6.503834
6.402209
6.744176
6.526428
5.737379
4.854845
4.49538
5.652663
5.449145
6.42871
5.980878
5.22525
5.387872
5.428804
5.844085
6.715036
5.658289
5.498194
4.594764
5.123397
4.278909
4.625695
4.390318
4.571063
4.607638
5.276399
5.822958
6.30315
5.16133
5.793534
4.997773
4.837171
4.680006
5.349835
5.339389
4.992004
5.053708
5.500187
5.658416
6.425889
6.358695
6.911077
6.709892
6.896265
7.370733
6.329077
7.487255
7.836991
7.577894
7.956109
8.446654
9.753032
9.152879
8.307997
6.613789
5.835017
5.972281
6.51241
5.879873
5.470889
6.379569
6.038897
4.90542
5.414553
5.455789
5.661931
6.123489
4.932572
4.983842
5.558941
6.700334
5.905865
6.237877
5.757442
5.092711
5.467626
5.095834
5.125045
5.603539
5.607882
5.880875
5.444263
5.277239
5.30178
7.295464
7.239251
6.898651
7.058674
5.76651
5.879854
5.088553
4.10682
3.28962
3.781744
4.464144
4.612743
4.45689
4.408832
4.965581
4.919031
5.971507
5.654972
5.118731
4.631088
4.759285
5.45192
4.986424
4.253964
4.498943
4.683133
5.759166
5.493776
6.755974
7.815345
8.095888
6.896968
6.926904
6.291781
6.197538
6.229208
6.120958
5.157907
5.451147
4.761731
3.9046
3.414392
3.265228
2.935625
3.433635
3.218334
2.864246
2.979642
3.255463
2.967057
3.130978
3.802421
3.230302
3.350208
3.822598
3.812166
3.412063
3.02381
2.906377
3.59522
3.524018
3.46928
3.688446
4.002104
3.69141
4.417109
4.225522
5.390121
5.443118
4.997528
4.696884
4.426473
4.51271
4.499838
4.147353
4.013811
4.17346
4.021381
4.554337
4.602917
4.575469
4.488974
4.338845
3.742325
3.828605
4.04558
3.781313
3.644494
3.907491
3.297143
3.111733
3.428801
3.296282
3.710793
3.887029
4.138806
4.626227
3.675945
4.617915
5.183702
4.476279
3.688231
3.530458
3.962383
3.878969
4.358267
4.47888
4.104124
4.755558
5.165115
5.796272
5.87663
5.196118
4.881222
5.297066
5.629081
5.144621
5.437624
7.864131
6.40528
6.441022
7.695879
6.821284
7.251007
7.788515
7.429992
7.288925
6.359268
6.831918
6.736826
5.501328
4.797496
4.967534
4.743147
5.6299
5.6361
6.483757
5.358007
5.561455
4.810844
4.240062
4.450646
4.843832
4.692692
4.174091
3.757163
3.742008
3.9322
4.323246
4.224305
4.436313
4.239126
4.274076
4.953795
3.891531
3.850456
3.561986
4.31134
3.957655
3.987117
4.052065
4.907621
6.021337
6.36008
5.097288
5.440477
5.840529
5.468264
5.211165
4.502439
5.098019
5.598805
6.87522
6.277889
6.594267
5.586529
6.492072
7.040426
7.998643
7.00154
6.505799
6.065191
4.950374
5.189174
4.826449
5.254277
5.483064
5.280571
4.517698
4.450655
4.825655
5.166973
5.636146
6.10605
7.398524
7.463031
8.218338
9.085949
9.637464
10.57915
10.28585
9.266823
11.49993
9.032224
8.220236
8.6054
7.850972
7.71681
9.001128
10.04826
9.782464
8.218015
9.564593
8.741482
7.671135
7.939009
7.252906
8.985716
8.726705
7.809803
7.721515
6.801057
7.021185
7.636993
7.756426
7.360221
7.30482
8.15456
8.393021
6.714199
6.964181
6.056824
6.871835
6.690739
6.198579
5.379899
5.750905
6.540323
7.03774
6.527326
5.377072
5.146057
4.554121
6.022845
6.15198
7.56961
6.430852
5.827385
5.423699
5.580931
5.309531
5.198424
4.352294
4.275027
3.980858
3.996374
3.647879
3.839389
4.697032
4.740818
5.316942
5.47771
4.831315
5.532246
5.41569
6.383037
6.719505
6.496667
5.903745
6.324739
6.615939
7.593357
7.362038
6.798651
7.601152
8.241148
7.97248
8.332449
8.826888
11.77691
9.188261
9.04812
7.205215
7.519421
8.414213
7.182711
6.55714
6.76834
7.614068
7.657897
6.933438
5.782605
6.437831
7.265392
7.583472
7.692632
7.41287
7.833974
7.556376
7.562138
7.432739
6.654689
6.103171
5.921676
7.095459
6.906416
6.559229
6.999917
8.504434
8.603944
8.349694
8.316107
8.592485
10.0883
8.537826
7.48093
7.555364
8.167459
9.697253
10.65366
9.551716
10.06087
10.51806
9.256939
10.00761
8.676711
10.69543
9.680232
8.680324
8.015477
9.391043
10.33433
8.877672
8.593172
6.698474
5.641123
5.478678
5.624454
5.77362
6.29299
6.174223
4.588199
5.270598
6.567576
8.327737
7.743255
8.390961
6.752786
7.156256
6.602261
8.415331
8.708761
7.168002
7.558867
6.453825
5.907778
6.070915
7.073885
6.180656
5.888953
5.625544
4.951741
5.504148
6.258444
6.062669
6.334008
6.705311
7.800562
7.291904
6.406975
6.842513
6.446949
6.79217
7.44319
8.836211
9.314703
8.917484
8.135072
9.282614
11.13981
10.06921
9.213616
8.294525
8.751032
9.648163
7.28496
6.327448
5.875718
6.423822
6.563767
6.363566
6.333698
5.985943
5.662508
4.505944
4.835555
4.741483
4.174338
3.372656
3.350423
3.651763
3.379043
3.61397
3.253163
3.939923
4.126426
4.353274
4.601418
5.47496
5.494707
5.666843
5.886283
5.980427
7.66569
6.809722
7.251166
7.483412
6.715345
7.408458
7.347339
7.22
6.961574
5.155531
5.263155
5.711067
6.123019
4.891471
5.116255
4.632323
4.958216
5.098202
5.591505
6.460642
6.600816
6.181325
6.11484
6.478004
6.935231
7.605261
6.231958
6.336444
6.751886
7.365457
6.143331
5.948838
5.677221
4.088619
4.317578
4.686249
4.771682
4.868112
5.65224
6.440769
7.104537
7.96816
8.148921
8.155844
8.532291
9.045387
9.683549
11.20732
10.8526
10.51921
9.157333
9.71322
9.085857
8.926259
9.01882
10.02838
10.21807
10.70492
10.22291
10.43222
11.08727
11.17171
11.18802
13.25617
11.68683
10.27491
9.693678
8.076671
10.50352
12.26153
10.36615
13.51618
13.1754
13.08023
10.33527
9.983239
9.640216
8.708656
8.079096
7.003637
7.787474
7.781023
6.339995
6.608424
6.232523
6.09074
7.480329
7.968305
7.368154
7.366492
8.051186
8.223108
7.593312
6.351748
