86.97277
86.70133
87.32557
87.32868
87.37912
87.41878
87.24443
86.99958
87.50694
87.04382
87.77142
88.50571
88.3219
88.07663
87.35814
87.40731
87.1482
86.93525
87.62136
88.10854
87.35986
87.14308
87.39392
87.3473
87.91583
87.95847
87.19904
87.0154
87.18523
87.3236
87.54404
87.59926
88.02677
87.69462
87.04862
87.10753
87.24003
87.85499
87.65297
87.69269
87.60857
87.6408
87.54139
87.59681
88.08929
88.32414
88.32785
88.24435
88.319
88.57563
88.94698
89.37743
89.39102
89.09589
89.01261
89.4798
89.18133
88.56083
88.8376
89.07354
88.85143
88.16138
87.78189
87.87089
87.64326
87.7717
88.1076
88.21072
88.16743
88.38012
88.94393
89.25045
89.30051
89.28014
88.63537
88.43531
88.07471
87.69104
87.49153
87.51959
87.92319
87.86625
87.66541
87.49528
87.43624
87.88692
88.05111
87.68565
87.08037
86.50739
85.80012
85.43288
85.85561
85.63939
85.93824
85.93739
85.73801
85.64137
86.3545
86.62773
87.1748
86.62918
86.75202
87.30332
87.46918
87.11063
87.23217
87.51471
87.35864
86.96647
87.62942
87.66353
87.45365
88.08925
88.00437
87.828
87.81475
87.8958
87.99911
87.78919
87.93151
87.71366
87.66045
87.39904
87.24665
87.05419
86.69929
86.60578
86.76922
86.83581
86.74817
86.41075
85.61332
85.12814
84.67306
84.69048
84.398
84.6824
84.22306
84.64885
84.29564
84.27426
83.97569
84.47246
84.78903
85.18107
85.37344
85.82142
85.75752
86.22005
86.08369
85.78203
85.65615
85.72484
85.7521
85.97801
86.41306
86.4495
86.24069
86.14225
86.59288
86.26207
86.28017
86.25636
86.05594
86.31484
86.58971
86.87083
87.04399
86.66585
86.86624
86.90217
86.90735
86.96415
86.46869
86.4047
86.74305
86.47987
87.38753
87.34178
86.56152
86.59673
86.6121
86.37285
85.75995
85.64614
85.76118
85.25783
85.1647
85.30483
85.16239
85.45395
85.01827
84.89681
84.66298
84.85343
86.19335
85.75079
85.9601
86.83644
86.95735
87.95418
87.97258
87.95078
87.66213
87.86126
86.96273
86.02554
85.62482
85.84097
85.77282
86.12338
86.68051
86.86524
86.35758
86.02736
86.33688
85.99316
86.14253
86.24859
85.77162
85.63675
86.2528
86.18604
85.55746
85.67479
85.56451
85.691
85.51924
85.4077
85.4368
85.77011
85.69803
85.7412
85.50329
85.67269
86.39342
87.14279
87.273
86.79562
86.34107
86.30662
86.34501
86.29488
86.93987
87.30936
87.04212
86.8515
86.6584
86.46263
86.18786
86.19411
86.4232
86.56954
86.86731
86.92285
87.20174
86.84684
87.29867
86.89582
87.72832
87.61126
88.05208
88.18398
88.26906
88.62315
87.8543
87.82748
87.76621
87.57197
87.98146
87.2414
87.36959
87.67808
87.97727
87.69685
87.07343
86.9429
87.19665
87.38559
87.38941
87.40172
86.95387
87.65827
87.81421
87.79404
87.69685
87.87922
87.70804
87.23155
87.96208
87.81881
87.41523
87.49081
87.46552
87.45321
87.59248
87.2079
87.05586
86.73206
86.38715
86.31387
86.33833
86.08709
85.03945
84.59136
84.52974
84.80695
84.67233
84.61992
84.37774
84.61725
84.636
84.9343
85.09475
84.41398
84.05353
84.2064
84.57093
84.62169
84.66156
84.60986
84.58809
84.48083
84.52811
84.07134
84.67095
84.96525
84.89646
84.89537
85.04592
84.70021
85.6767
85.27667
85.21306
85.92771
86.16167
85.98768
85.63904
85.13931
85.05178
85.06673
84.85856
85.11399
85.51616
84.89205
84.61215
85.00615
84.93318
84.99443
84.71391
84.50012
84.61882
84.81247
85.44581
85.37337
85.45057
85.15188
85.61787
85.27315
85.51482
85.49625
85.25465
85.1679
85.43505
85.55531
85.57294
85.92019
86.02937
86.42883
86.19507
86.80424
86.85261
86.80378
86.98758
86.67
86.84973
87.23807
86.8642
86.1326
85.60665
86.16584
86.09474
86.18033
86.47123
86.22155
86.35767
86.09906
86.1183
85.99821
86.33368
86.44939
86.76089
87.20512
87.12904
87.69786
87.38883
87.4772
87.13233
87.42105
87.84342
88.16502
88.4006
88.8494
89.07613
89.3502
89.02602
88.68103
88.48342
88.47932
88.46409
87.79727
88.16586
88.09406
87.88451
87.91715
87.96423
87.67416
87.82723
87.48437
87.14421
87.19074
87.02238
86.87608
87.35925
87.10492
87.5138
87.84533
87.58375
87.34224
86.91536
86.88266
87.01952
86.79412
86.1934
85.82774
85.54807
85.33272
85.43369
85.52575
86.09402
85.1128
85.25774
85.7914
85.50039
85.2965
85.67893
85.75262
85.84775
85.7363
86.21761
86.04634
86.14035
86.95248
86.81077
86.86688
86.59917
86.83868
86.61211
86.98094
86.8272
86.29045
86.21174
86.59873
86.935
86.44634
86.83621
86.87106
86.69312
86.19838
85.99699
84.96647
85.0405
84.97374
84.82923
85.43264
85.59399
85.78485
86.11107
86.39965
86.55204
86.67718
86.25716
86.43232
86.80142
86.4351
86.74952
86.89876
87.20572
87.9584
88.20721
87.67796
87.47797
87.65581
87.45418
88.09709
88.42378
88.5801
88.74686
89.26104
89.61475
89.21233
89.84047
89.85539
89.7934
89.77619
89.4904
89.1325
89.25793
89.64184
89.74371
89.67947
89.64212
89.88626
89.77365
89.82992
89.20233
88.57685
88.35495
87.97466
87.79079
87.51886
87.80775
87.38271
88.19145
88.04798
88.63979
88.61254
88.64277
88.3806
87.8868
87.94115
88.31837
88.18059
88.50304
88.60237
88.64188
88.20892
88.86126
87.95092
88.50756
88.25178
87.73203
88.24272
88.32932
88.39328
89.42994
89.60211
89.69025
89.50134
89.10922
89.51194
89.3203
89.51969
88.93618
89.05465
88.68368
88.31733
88.05118
88.26336
88.40425
88.34986
88.60711
88.57285
88.46747
88.76123
88.42207
88.35455
87.98624
87.70541
88.08324
88.24212
88.12506
87.73412
87.96267
87.47474
86.67183
86.92868
86.67881
86.29985
86.69554
86.69207
86.02134
85.58952
85.53422
85.24968
85.10491
84.75338
84.72456
84.74206
84.57639
84.8819
84.58176
84.86394
84.79813
85.12114
86.05231
85.73359
85.33676
86.14452
86.00533
85.75872
86.31672
86.57729
86.55601
86.4447
87.42471
87.40699
88.13739
88.07282
88.08716
87.50317
87.33383
87.94598
87.85718
87.92992
87.88521
88.37611
88.22659
88.26111
87.91682
87.35725
87.48813
88.23751
88.30661
88.36005
88.31385
88.51449
88.334
87.66174
88.39532
88.67544
88.60274
88.72158
88.32611
88.36794
88.74699
88.4513
88.22384
87.48463
87.88103
88.0111
88.3626
87.96974
88.17972
88.44017
88.04373
87.41853
87.13416
86.88349
87.11669
86.9056
87.32557
88.1465
87.98272
87.63049
87.94872
87.97243
88.00176
88.24024
87.99193
88.0467
87.38912
87.19208
87.02391
87.01315
87.50893
87.69026
87.71505
87.57576
88.07447
88.97395
89.55577
88.96596
88.63413
89.04031
88.62571
88.93236
89.59903
89.33445
88.81018
88.89395
88.91275
88.67078
88.49209
88.36329
88.55914
88.28315
88.66545
88.74052
89.19769
88.91959
88.62007
88.24217
88.70559
88.40295
88.63198
89.00615
88.59302
88.70099
88.11377
88.38391
88.04866
88.4406
88.18549
88.13032
88.05653
88.30358
89.00046
89.53805
89.21694
89.46725
89.87599
89.38951
89.50357
89.32735
89.04749
89.06386
89.35615
89.434
89.10723
89.34128
89.19904
89.73187
89.49135
89.39776
89.5468
89.34738
89.11528
89.35927
88.67819
88.66341
88.38999
88.20388
88.10612
88.02953
87.98693
88.65304
88.60081
88.67688
88.25293
87.88177
87.85813
87.84273
87.8281
87.64962
87.77383
88.21741
87.97248
87.25753
87.38822
87.64732
87.47674
87.47481
87.47347
88.06551
87.79089
87.5648
87.44922
87.42054
88.13719
88.4256
88.3738
87.96548
87.79175
88.44814
88.18019
87.90995
87.48037
87.06448
87.21918
86.95829
86.67461
86.85925
86.23763
86.26426
85.9194
85.26234
85.44439
85.28546
85.44767
85.79878
85.07344
84.84427
84.16207
84.26015
84.27355
83.89297
83.93646
84.11919
84.60906
84.55123
85.16671
85.18337
84.96825
84.85102
84.54443
84.77476
84.75933
85.10743
85.12834
84.52222
85.20319
85.19923
86.07465
86.1941
85.69352
85.6843
85.81406
85.94539
85.99039
86.62949
86.71294
86.31779
87.18762
87.63848
87.64423
87.44213
87.7242
88.12537
88.25936
87.9198
88.02758
87.90939
87.59696
87.76935
87.31413
87.72634
87.40813
87.60093
87.27542
87.09
87.38746
87.75741
87.69986
87.89365
88.72823
88.88609
88.63664
89.01619
88.8442
89.16434
89.71617
89.96761
89.86669
89.75619
89.49186
89.72855
88.88488
89.0028
89.09234
88.85239
89.10233
88.87146
88.54209
88.59532
88.02553
88.07476
87.87586
88.17798
88.09887
87.75415
87.59559
87.86343
87.89542
88.17276
87.42658
87.49392
87.70476
87.96029
88.16523
88.31315
87.68581
87.41578
87.32522
86.99244
86.94089
87.3841
87.28872
87.18456
86.66338
87.37918
87.48818
87.54961
87.40886
87.77654
87.39453
87.1055
87.04688
87.32773
87.44663
87.75883
87.85963
87.7972
87.48978
87.12847
86.84547
86.7403
86.90143
87.01823
87.19798
86.52901
87.2101
86.93976
87.17631
86.52264
86.77752
86.98604
86.85222
86.53298
86.60472
86.45903
85.78632
85.52553
85.37672
85.64971
85.41793
85.59704
85.11027
85.57037
85.38127
85.74225
86.09327
86.19949
86.39897
86.53144
86.97929
86.70431
86.6531
86.42138
86.39998
86.05306
86.64225
86.94033
86.31774
86.35206
86.10736
86.02546
86.12856
86.1098
85.59205
84.91192
84.99722
85.34066
85.87222
86.05303
85.97298
86.38884
86.43775
86.76415
86.991
87.14981
87.09406
87.10615
87.53655
87.52595
87.24444
87.41778
87.38871
87.35414
87.086
86.74151
86.94773
87.53247
87.64251
87.36238
86.94108
86.99642
87.53274
87.97151
88.26888
88.17394
88.31656
88.4189
88.58373
88.19141
87.70178
87.89666
88.06446
88.06294
88.05275
88.84664
89.13118
89.17179
89.31539
89.00213
88.44648
88.44433
88.48326
88.65442
88.55493
88.62792
88.25681
88.85393
89.02312
88.97831
89.2759
89.11973
89.7184
89.54564
