30.49215
31.8063
33.16558
33.01964
34.32449
34.03208
36.21575
36.08004
37.25256
38.30229
38.44968
37.65825
38.18877
38.4725
38.94662
36.12126
36.81586
36.07641
36.76244
36.3267
37.20533
37.6015
36.51022
35.89743
37.17592
35.64616
35.79695
35.99497
36.40005
36.15053
36.03181
34.8411
35.86525
36.83559
37.07455
36.64274
36.77933
37.17165
36.33895
35.44765
36.78342
36.22185
36.48367
36.25009
35.55437
34.69179
36.35824
37.35296
36.65673
36.86463
36.34513
36.59076
35.28427
36.05454
35.88783
36.30647
35.0507
34.72055
34.4319
35.82638
35.49593
36.10499
36.73122
35.72062
36.30078
36.13423
37.85796
38.8556
39.45392
39.83636
38.31852
37.41451
37.21009
35.70878
33.741
33.68653
33.89327
35.58487
35.70981
34.89375
34.41791
34.56832
34.46626
35.35951
34.85342
34.77113
34.18953
34.74868
36.26001
36.42986
36.92757
35.49459
35.54161
35.4864
35.5565
34.72137
33.95279
34.71356
33.85329
33.7925
32.80576
32.5305
32.63374
32.42364
33.39818
35.29457
36.03608
36.28647
35.9609
36.07092
36.53243
36.38923
37.00656
37.59274
38.63763
38.80792
38.85085
38.62205
39.13868
38.20433
39.79705
39.0994
39.43594
40.3461
39.3233
38.01154
38.56
38.79413
39.3206
38.91297
40.14899
37.44626
37.73477
38.92836
38.14724
37.5516
37.66183
37.38787
36.87518
36.58458
37.25363
36.71941
36.4971
35.23545
36.51224
39.68883
39.89331
38.97052
38.74797
39.97046
39.39532
39.72504
40.18098
37.77854
37.37636
36.71121
36.76157
34.84578
35.8338
36.83152
36.3417
34.47271
32.8668
31.63691
31.52651
32.31809
33.4353
32.64806
32.93148
32.17649
31.63719
33.61313
33.24742
31.98834
31.23731
33.65944
32.6864
33.06022
34.15332
33.67156
34.0309
36.84191
36.20801
37.40767
37.60806
37.62319
37.87647
36.81144
36.68746
35.89808
35.47872
34.8785
35.05213
35.12361
34.64297
34.71541
34.39028
36.64943
36.84412
35.19131
33.37067
31.93838
32.48421
30.2196
28.99205
29.41375
30.02901
28.96877
29.83383
31.23766
32.87435
33.07591
33.60008
33.19692
33.28829
35.22158
35.35477
35.54904
35.73048
34.91677
34.32229
32.50719
32.82374
31.46282
32.61429
33.32875
33.57988
33.13571
32.58361
31.4255
31.01484
31.3584
31.13847
31.3032
32.63725
31.58658
32.45482
32.5343
32.29986
32.29797
32.46236
33.15511
32.63786
32.62958
33.99016
33.56981
32.34563
32.84541
33.36806
33.03143
32.98033
32.89367
32.77028
35.043
35.68227
35.07877
36.15195
36.31002
34.70677
34.41737
34.10519
35.60335
34.57561
34.13889
33.16161
32.27924
30.82351
30.83338
30.25093
30.42723
30.63307
29.74647
29.96061
29.6584
28.49731
31.16197
31.02053
29.88612
30.57277
28.91701
29.65357
28.72512
29.56984
29.64134
28.92389
30.05591
29.22901
30.08919
29.03424
28.89587
29.67009
29.60799
29.53038
28.97417
28.57833
29.24615
27.84005
27.20646
26.86061
26.59834
27.16351
26.66151
26.62854
28.26045
27.66474
26.9381
25.83746
27.03211
26.78939
26.18369
25.54833
26.06355
26.14164
25.67863
25.90301
26.5918
25.78812
26.2505
26.31009
26.1819
27.44925
26.72914
26.37248
26.1305
25.52363
25.13385
25.16594
25.10156
25.12096
25.20954
25.57773
26.96078
26.62136
25.56694
25.68309
25.2014
26.10434
26.08022
25.01032
25.47407
25.75069
26.07202
24.87327
25.09604
24.51556
25.34031
25.06583
24.60877
24.64727
24.7123
23.96868
24.46341
24.64453
24.16803
24.27496
24.06227
24.16803
24.48179
23.43429
23.51885
23.76844
22.88282
23.56845
24.5342
24.52767
24.63499
25.55169
26.17413
25.86034
26.94101
25.5004
25.59169
25.44274
26.04092
25.89506
26.52885
27.11206
26.73613
27.09647
27.02376
27.23397
25.8059
24.60798
25.48752
25.38235
25.46293
27.05184
26.97658
26.99368
26.56919
26.47015
25.6069
25.39499
25.05718
25.48028
25.201
25.00636
25.72152
25.33861
26.03401
26.88334
26.89695
26.51538
27.5831
25.67515
24.8322
24.24044
25.54941
25.04001
24.76745
24.61363
24.72002
24.74342
24.99858
25.90616
26.34385
24.88149
24.97592
25.52233
25.61768
26.71839
26.46442
26.10731
27.16326
27.61408
28.77675
28.31354
28.39323
28.13283
28.92962
29.53856
28.59728
26.94302
26.49806
27.64368
27.07257
26.93289
26.95209
27.25402
27.97526
29.45613
29.2267
29.49565
28.38874
28.28525
29.15116
29.03673
28.09347
28.03114
28.48052
28.62495
28.72309
29.29358
28.24395
28.60107
29.02542
29.37453
29.52058
29.95351
30.77925
32.74543
32.1435
33.94572
32.53704
31.77844
30.28738
31.15968
31.62415
31.82705
31.50257
30.25802
31.58442
31.81022
32.21032
31.91165
33.01992
32.25793
32.66625
32.83014
32.23045
29.9451
28.84589
29.93989
28.34181
29.39004
28.21628
27.00883
25.81206
26.59857
26.62257
26.05336
26.17851
27.74881
27.74658
27.75675
27.82269
28.50232
29.18253
27.95438
28.59069
28.97329
29.78548
28.63752
29.15491
28.66326
28.30335
27.52431
28.66979
26.81558
25.92111
25.6567
25.64717
26.01772
25.31671
25.77251
26.33397
25.90087
25.94868
25.98791
26.51991
25.57582
25.36727
23.8706
23.31993
23.42742
23.48891
22.26226
22.14879
22.67143
21.51884
22.40015
22.49804
23.02265
23.98515
23.88231
23.53709
22.99086
22.94009
23.86294
22.25725
23.18682
23.92719
22.57994
22.82694
22.51488
22.64033
22.594
23.10461
23.22753
22.84239
23.43972
23.25156
22.64779
23.72867
24.15588
24.12327
23.44568
23.96449
24.625
24.15276
25.67103
26.12258
26.04006
25.63857
25.39497
25.51304
25.90688
26.72768
25.91813
25.80525
25.09875
25.53456
25.18623
24.96457
24.09094
22.8393
23.41401
24.29444
24.63756
24.70042
23.65571
22.89838
22.14562
23.68804
24.51602
24.22836
23.87408
24.85143
25.14695
24.9542
24.1825
24.39731
24.27754
25.44413
26.27339
25.68558
25.52944
26.80017
27.73712
26.50561
26.42224
26.54438
25.82168
25.63223
24.58334
24.85792
25.99627
24.91735
25.60729
26.11971
25.78213
24.98258
24.50633
24.57162
24.76897
25.58753
26.08361
26.20295
26.70795
26.03768
25.32608
25.03545
25.06681
25.64563
25.72378
25.12472
25.09691
24.64713
24.2407
23.95386
23.83304
24.60833
24.56663
24.48435
23.96747
24.16754
24.82384
25.90893
26.05933
25.94895
25.89267
26.06284
26.66663
26.18664
26.79307
25.26606
25.87363
26.37038
26.35403
26.15414
26.62232
26.51442
27.57975
24.92734
23.96314
24.41047
23.91828
23.8728
24.88618
24.69871
24.28406
24.00413
25.50118
25.631
25.75051
25.48732
25.23364
25.29764
24.92335
23.03915
23.01557
23.65408
24.84165
25.1859
26.03088
26.35701
24.90389
23.81523
23.60554
23.03377
24.73464
25.25312
24.83563
25.12562
25.67877
25.69069
25.88515
24.86498
24.8673
26.34894
26.35624
27.18615
27.52187
27.38362
26.99574
27.92575
27.98045
27.75707
29.34102
28.40644
27.67613
28.98821
28.08163
27.78353
27.28266
27.54321
27.40164
26.48101
26.26207
25.97894
26.12393
26.173
27.8475
26.39901
23.74328
24.43663
24.40914
24.02756
23.32415
23.28027
23.73995
24.62309
23.82855
23.61103
23.85969
23.96681
25.42295
24.56563
25.67307
24.83419
24.13542
25.35365
24.58673
24.08547
24.66615
25.29391
26.23049
26.49988
27.22585
27.29745
28.52503
28.26205
27.77533
26.70379
26.73926
25.60831
26.04789
25.22639
25.26736
25.12932
25.50257
24.98689
24.21439
24.0414
25.24701
26.18359
26.1061
25.1556
23.9907
25.92543
25.6488
25.619
25.75918
24.79836
24.70036
23.7734
24.11683
24.2272
24.34683
24.89851
24.65446
25.0734
23.9509
24.95755
24.22213
25.69506
26.08533
26.46773
25.85412
25.08806
24.63662
23.78148
23.66015
23.67409
23.38744
23.8261
24.45318
25.38866
24.67
23.95082
23.40045
24.76513
24.80596
25.46146
25.35186
25.04568
25.3159
24.26463
23.66885
23.02078
23.74191
24.0458
24.58298
25.06801
25.85304
25.37273
24.84875
25.96869
26.19991
25.29917
25.46034
24.07989
24.76282
23.82118
24.36342
23.30822
23.78668
24.71489
24.58932
24.61835
24.23942
24.02052
25.07581
26.67633
26.52491
27.65412
26.72443
25.86798
25.22731
24.54167
25.58338
24.90825
25.4896
25.63079
25.21436
25.22919
25.18575
25.25481
25.31812
25.30861
25.99511
25.56285
25.31608
25.3983
24.15802
24.99566
24.90935
24.39568
24.67383
25.11491
25.62444
26.70181
25.82997
26.69565
26.06361
26.40839
26.37331
27.03361
26.56582
26.53259
26.57817
25.92713
26.92899
27.90918
27.92079
28.21984
28.06705
27.50744
29.20969
28.80765
29.21062
28.37269
27.84601
26.45516
27.54985
26.97443
26.56299
25.87842
25.63653
25.30413
25.9504
26.32207
26.475
26.55935
27.09389
25.79631
25.55104
25.34788
25.23489
24.92927
23.31408
23.88356
24.63287
23.40053
23.58027
23.39262
23.28329
23.20198
23.24285
25.15355
25.35322
24.65992
25.33334
24.83766
25.6228
26.00343
26.0118
25.54819
27.27674
28.45118
28.51798
28.23963
27.43918
28.41081
27.56408
27.91269
28.58233
29.13329
28.90799
29.3541
30.09087
30.05014
30.355
28.78772
28.39397
28.84151
29.70922
29.12113
29.45529
29.89379
30.49961
30.3669
30.35912
30.53882
29.35888
28.15475
29.05959
29.86544
29.35313
29.31078
29.83176
29.73729
30.72001
30.11614
30.37507
30.79578
31.22007
32.22509
32.10619
31.47799
31.71314
30.94091
28.90483
29.87323
29.33298
28.78681
28.93387
28.76602
30.14066
31.35368
30.73875
29.39491
29.72459
29.55534
28.95806
28.05736
28.5172
28.15484
27.41153
27.09431
27.64093
27.87753
27.82858
27.79531
27.02707
25.84796
25.7191
26.16385
26.72201
26.87934
26.42574
25.54587
25.62426
25.01623
25.70919
25.23304
23.56923
23.9717
25.57555
25.46526
26.07549
26.73373
27.21749
26.22567
25.97401
26.23481
26.1631
26.79118
27.15569
27.97454
27.82459
27.74817
27.78785
28.20463
28.06603
28.24925
27.51506
27.78988
27.05625
26.50662
26.94741
25.49132
25.05788
25.19988
24.61242
24.93295
24.44574
24.14335
23.82852
22.9761
22.61804
22.92998
23.41486
22.47877
22.66647
22.25908
22.893
22.98896
22.96025
22.52198
23.04724
23.35503
23.22696
23.43573
23.77015
23.92992
23.20912
22.67263
23.09019
22.59428
22.60165
23.55853
23.39894
23.48875
23.95421
24.12058
24.86126
24.60739
24.74421
26.02734
25.42835
25.92787
25.89718
27.60653
27.2106
27.14428
27.21667
27.44399
27.90487
26.87166
26.11249
25.43455
25.04477
24.51787
23.82558
23.69837
24.56406
23.56746
24.04812
24.11937
24.56182
23.06964
24.6096
24.71071
24.22781
24.93714
24.70972
24.44535
23.94917
24.88189
25.38524
25.11318
24.58811
25.09464
25.31431
25.81295
25.27634
25.83898
26.66236
26.20489
27.09883
28.37507
26.42639
26.28152
25.71174
25.54568
25.35015
26.05068
25.19971
25.45487
25.98259
27.31487
27.65471
27.76678
27.31204
27.10516
27.05536
29.1159
28.34579
28.37377
27.52487
27.32021
26.6032
27.27387
25.69664
24.59687
25.60295
25.67105
26.3732
25.43863
26.32637
25.43237
25.62405
25.89916
25.66471
26.11372
25.44963
25.88898
26.26258
26.30564
26.72211
27.86972
26.848
25.6335
25.18718
25.78729
26.64338
26.43494
25.92859
25.15453
24.55325
24.29881
25.29809
25.70767
24.38287
23.87566
24.43889
24.1502
23.88501
23.43735
24.41167
23.68804
23.65002
23.71194
23.24631
23.39261
22.91183
22.75187
23.57789
23.63033
23.27697
24.07045
23.43245
24.76657
25.83496
27.43211
26.66479
24.94925
24.38946
25.53877
25.81301
25.76088
24.91747
24.40984
23.75676
24.46932
23.77685
24.179
23.00166
23.91712
23.70186
24.19882
25.23688
24.22071
23.45792
22.63443
22.30437
22.81204
22.66606
22.62204
23.02175
23.16536
22.23912
22.39582
23.03747
23.47284
23.04265
22.91196
23.70111
23.14704
22.24868
22.77058
22.96703
23.71372
23.57176
23.46941
23.32921
24.0389
25.64667
25.44671
25.40807
24.47349
23.76943
23.52444
23.70074
24.14891
24.21684
24.72751
24.89298
24.38407
24.43624
24.46208
25.10689
23.49621
22.94428
24.3612
24.31272
23.49814
22.6429
23.41124
23.24765
23.6813
24.40027
24.38188
24.19441
24.16875
23.92969
21.74342
22.36881
22.14915
23.74553
24.06537
22.50117
21.94178
23.11629
22.67887
22.71026
22.49132
22.19372
21.41075
21.93861
22.04574
21.14873
20.77381
21.08823
21.02253
20.84358
21.21919
20.72298
20.87241
20.86879
21.40391
22.50227
22.28602
23.00329
22.46674
23.84322
23.04974
22.98163
22.62072
21.8221
21.44847
22.11197
22.20715
22.55823
22.07627
21.66656
20.53497
20.64892
20.3431
19.78427
20.43304
21.27678
21.58092
22.09882
22.4404
22.67097
21.79556
22.12517
22.5476
22.33702
21.88692
21.67001
21.47314
20.71071
19.79556
20.32903
20.57777
20.64999
20.51339
20.39504
20.67297
20.79539
21.43595
21.09304
22.12613
22.07599
22.08577
22.37217
22.21885
22.93972
24.06435
23.01064
22.45535
23.0529
23.84504
24.52412
23.63367
23.92772
23.00914
22.20065
21.84188
21.59987
21.43381
20.4048
20.05278
20.2535
19.9289
19.58021
20.20229
20.8228
20.04396
19.81177
19.95285
20.52981
20.65103
21.01027
21.97643
20.58683
20.35339
19.68791
20.39861
19.63962
20.2105
20.39533
20.68824
20.81454
20.62895
20.79068
20.66635
20.99078
20.64041
21.16035
20.93776
21.40159
20.49537
21.36882
20.94158
21.28137
20.44438
20.70901
21.24268
21.33605
22.76566
22.58596
21.40893
21.9595
22.35426
22.15447
22.90775
22.67396
22.47239
22.08393
21.40177
21.02291
20.98846
20.35826
21.45108
22.31478
21.66088
22.81198
22.53257
22.73629
22.99956
23.6169
23.28828
23.36182
23.06366
21.36271
21.47505
21.66231
21.06845
21.29723
21.50697
20.54983
20.34151
19.60937
20.19735
20.20277
20.70179
19.96923
20.07423
20.52375
21.43349
21.17912
20.36518
20.2641
19.84111
20.03418
21.63849
21.20677
20.8619
21.32081
21.39707
21.25814
20.39624
20.10593
20.89077
19.64471
19.06925
19.7727
19.85437
19.87441
18.60613
18.47616
19.1245
19.56961
19.30776
19.11771
19.03114
20.01952
20.70503
20.67891
20.51839
19.87827
20.04835
20.57559
19.7105
19.1764
19.33317
19.49965
19.5407
19.46996
19.42901
18.65264
17.76541
17.84661
18.39655
20.01838
19.14208
19.27831
19.01204
18.8334
19.78065
19.53262
19.06308
19.00545
18.93089
19.22599
19.68596
19.24709
20.05276
19.61275
19.18759
20.78563
21.14845
21.88946
22.05312
22.33899
22.64949
22.21055
21.26754
21.53922
21.28135
21.71752
22.36716
22.12876
21.85138
22.05985
23.63225
22.68885
22.30145
22.04079
22.56503
22.80755
22.83001
22.42984
22.35641
22.51269
23.44966
22.44581
21.76185
21.17778
21.10427
20.82592
19.95537
20.87646
20.3123
21.06704
21.61781
20.44451
20.4494
20.22709
20.61945
20.82267
21.83747
22.63739
22.38531
22.58247
22.43435
21.507
21.38701
21.45028
22.36016
22.98808
22.80013
22.61451
22.06031
23.24334
23.22146
22.74024
22.45522
23.4867
22.49522
23.36684
23.19367
23.27851
22.69583
22.07354
22.77413
22.62501
22.46348
22.28025
21.7982
22.44465
21.55628
22.14306
21.87001
20.97246
20.55362
21.04307
21.96532
21.52417
21.20062
21.0678
21.08531
21.01456
20.8499
21.02772
21.04566
22.09473
23.02042
23.10415
22.84096
23.34444
23.46141
22.73495
23.20797
23.24756
22.94721
23.18132
24.60859
24.29768
24.84987
25.33327
26.05691
27.08703
26.65369
25.02513
25.10213
25.53093
24.36605
24.60817
24.56386
25.74067
25.36489
25.43723
25.63438
24.84336
25.4666
25.38832
24.49027
24.44707
25.05032
24.76428
25.48991
25.62053
25.79898
26.87848
27.80852
27.82933
27.55061
27.7543
27.50924
25.86115
24.81982
25.29021
23.75305
23.86427
23.19203
23.7918
23.73528
23.17846
23.61908
24.70669
24.84738
24.67874
23.96805
22.86325
22.19392
22.39109
23.20286
23.80825
23.77982
23.40373
24.03582
24.06312
23.59813
23.44568
23.87399
25.15419
26.19914
25.60183
25.66267
26.04255
25.70375
24.59647
25.44208
26.10742
25.51382
24.19469
23.75065
23.15843
23.83565
24.96366
25.14897
25.19551
25.37177
25.61704
25.92316
25.96712
25.0277
26.23731
24.57805
24.28785
23.48902
24.02891
24.09771
24.61409
24.21586
24.25955
24.84412
24.61285
23.207
23.34791
22.60307
23.76633
24.06721
24.59085
24.14883
24.33407
24.76368
25.57206
24.55364
23.92692
23.35
