39.19591
32.68754
38.12786
35.19178
35.89148
34.88296
31.4818
34.22753
35.6257
42.01288
42.49304
45.75289
58.8898
61.78242
66.92923
76.6998
72.67535
65.39423
76.7618
74.02862
61.16974
74.52673
70.15161
68.45279
67.39044
61.39146
57.444
57.05613
49.43413
54.77199
51.0678
56.60854
61.32428
58.54343
58.04377
68.9907
68.70703
70.76525
61.63838
47.04564
45.91693
49.09623
38.91343
32.06894
29.82356
29.25048
29.40159
28.18042
28.74855
26.14688
30.33867
30.31943
41.21512
38.41294
36.02806
39.94863
40.78084
37.90419
34.46366
40.46266
53.19314
50.79622
55.33481
46.49374
43.38578
54.4875
51.76995
60.87306
73.0265
52.87445
58.54937
61.10835
49.91811
61.93645
54.40048
49.17091
58.29926
46.17536
54.99161
59.12637
65.60081
52.03246
61.07404
49.15367
44.41212
53.0436
52.11594
53.56337
55.97957
66.91866
69.22313
58.65972
73.8634
75.72655
69.65778
60.29812
58.45831
58.68937
52.09154
44.95246
42.66668
50.06649
46.27112
53.26947
56.4318
67.59471
64.60483
68.83085
66.31465
68.45941
60.45392
68.16832
59.14397
56.00605
49.38772
56.96902
50.57753
52.54256
49.61945
52.88782
60.26707
65.45423
67.89212
83.55015
84.44638
75.85306
79.13757
69.37059
75.63346
67.87353
66.63382
64.71753
60.22808
64.74397
76.66311
81.70907
76.45025
78.79751
66.9174
68.55731
69.23849
89.26182
78.79526
81.26437
70.51231
67.63443
63.67718
57.95635
62.35802
71.64369
81.81364
82.00213
75.93525
65.65065
56.08304
59.67997
54.47314
53.6241
51.20539
47.13277
56.65264
52.49186
46.47594
42.50174
47.01164
44.23135
40.12163
44.51924
46.74245
44.78477
49.37744
43.04076
39.45034
38.54761
32.89876
35.47045
41.22924
38.9702
39.39249
32.28327
30.50392
37.58913
37.0485
41.37211
41.92909
46.97294
42.97089
46.24509
46.92002
47.64229
61.92951
62.92664
69.37651
65.77926
71.11347
74.24935
58.30674
53.59949
70.3471
69.48541
61.60145
62.31641
67.12479
47.75838
42.53225
42.62293
47.25297
52.08553
48.93609
50.82887
47.2057
40.29593
45.58586
52.28434
49.71074
53.50588
58.22578
61.03104
56.90995
66.35789
65.78494
62.4012
55.84258
56.10454
54.72433
58.63382
48.91867
47.10452
44.24511
44.17611
49.67908
45.76681
42.62441
49.14576
46.10396
44.65303
45.4955
47.83108
47.20506
48.62162
50.374
40.94289
36.13745
40.29496
36.74852
38.73401
33.58032
33.27229
37.46604
47.72958
47.9938
46.79359
46.63126
45.11187
40.61008
41.68438
35.90323
27.91001
32.98821
32.70336
32.33526
30.20184
27.74652
29.82793
33.53927
34.10597
33.33101
32.06525
27.64102
31.43368
34.88346
32.0105
29.99579
29.35898
34.65853
31.13129
31.35201
31.34085
33.15903
32.54955
31.27181
31.46174
29.69897
27.02408
25.09134
24.56873
25.5192
23.05754
25.0387
24.68506
28.19743
32.6413
33.40385
26.23085
23.90702
24.03793
24.60085
28.16646
37.37301
38.40639
40.86468
42.74436
40.53343
42.8105
37.61721
35.68108
28.72955
30.79704
26.75872
23.81436
24.43328
28.69789
25.38492
27.1351
30.51691
29.64951
25.17191
23.61158
23.32068
24.05422
25.23898
27.10401
27.5631
25.08008
24.11052
20.52423
28.41987
27.91796
28.19576
31.67616
31.28387
34.87184
38.45623
39.17986
41.59937
35.82939
36.95947
42.77232
39.08379
39.70831
33.03715
35.05618
31.74108
36.52351
32.6863
26.44068
31.33133
27.97751
28.28078
27.2686
27.83269
27.07651
28.23252
27.8733
28.19885
29.05222
27.10097
23.69945
21.71501
22.80957
27.10469
19.26272
19.17788
18.4635
16.58
15.56534
16.29396
20.25407
18.47696
22.66154
18.68693
18.70466
16.828
17.67516
18.8788
16.09947
16.89855
18.47826
21.8533
23.64374
23.54695
22.86847
23.1942
22.08886
21.6426
23.80789
23.61285
22.74181
24.82688
26.8572
26.39211
26.50547
27.84292
23.77062
28.24127
27.51742
27.24294
26.93282
27.77376
27.48936
25.97457
23.90346
28.13974
27.87499
27.24082
25.06617
24.51949
27.1482
26.97588
28.28138
31.92281
30.82461
29.86556
29.52426
28.34647
23.4469
22.63354
27.4859
31.05794
35.37064
32.69418
32.34966
32.02187
31.78262
30.23476
29.82103
25.0235
23.84619
27.19115
26.95651
24.62661
27.42315
27.49113
25.65324
22.25622
20.12667
24.61216
25.88571
23.18145
24.26967
26.66215
28.49787
27.09242
26.1165
23.80527
25.84102
25.21654
23.07557
29.39975
23.09488
22.93728
20.94531
26.5159
31.32539
30.23448
23.2471
21.06748
18.57473
18.01028
19.50072
19.73091
22.71745
23.02474
23.88803
23.1321
24.61172
23.05459
20.23259
19.77784
17.49403
16.38087
16.90335
16.78051
17.59669
19.20157
18.20133
15.96279
16.25569
16.31042
15.57781
17.45548
23.00136
22.58784
26.7998
27.80637
34.52676
33.17979
41.96821
36.86194
36.10544
39.72226
40.0971
36.83682
32.23727
30.4114
31.21198
36.41274
36.59578
40.58762
40.69392
36.76186
34.03408
32.57988
35.07552
28.49877
28.22796
24.81633
21.86311
21.84248
22.34263
22.09186
22.32908
23.60845
23.93632
20.83192
19.90253
20.79623
21.28633
23.92884
23.29385
23.14633
26.2892
30.84756
26.33873
30.36423
28.72436
23.45436
20.49931
18.44961
19.22738
22.29602
27.07596
28.77104
37.99733
39.88957
41.70409
41.24211
41.55458
40.33483
44.72467
44.31774
47.00719
45.17734
39.12643
33.06069
27.48217
30.06401
27.74625
30.28805
33.38988
34.08989
37.14564
34.86908
41.63719
39.88462
37.88407
41.53922
33.12627
32.8763
29.24347
28.69876
27.42733
35.08445
34.05473
34.89396
33.45704
31.71571
27.70052
25.76719
28.07181
26.01603
26.01276
25.37354
22.93168
23.15338
22.23447
20.37698
21.4456
23.23839
22.02175
21.84867
21.88707
22.74173
21.34487
16.37749
17.91858
18.12829
19.1472
23.55096
23.60107
21.81463
24.36646
25.91599
22.47877
20.71164
18.87377
22.15925
26.94942
25.952
25.63535
25.7182
22.74318
24.29574
22.46513
22.06648
23.12243
24.38102
27.3035
34.87983
43.5483
44.52712
44.24504
39.75588
40.19787
42.61092
49.12729
60.89961
56.86692
61.93722
63.13249
61.0829
67.12872
62.81437
69.30086
67.13198
57.44129
50.69401
52.30817
56.37367
48.21056
59.7547
56.19234
60.98716
58.70012
56.55634
44.23031
45.98447
40.83082
42.03798
37.31232
31.00773
32.43378
26.92876
25.19816
22.60444
20.50342
19.75752
18.74394
17.51051
15.46595
13.78966
13.95377
16.64639
16.95862
20.24132
21.45772
19.78626
27.00974
24.21243
23.97539
21.0698
25.35154
23.18536
20.18693
21.43641
28.34973
23.75789
21.54616
20.81869
22.19566
19.6994
18.32807
19.46721
17.64939
16.71639
17.42748
18.49976
18.73055
20.48083
22.13017
20.87461
23.6665
23.88477
24.71538
25.31122
27.11092
31.09105
31.81099
28.14883
26.02812
29.55217
30.46289
31.50013
33.61587
32.66118
32.2355
40.75122
42.63439
36.74864
33.81357
28.12432
29.64149
25.15921
25.94909
29.17656
28.61428
28.15739
25.03922
24.24801
26.06223
34.72105
32.65621
27.58881
28.85192
23.63241
24.52981
27.12174
21.78954
21.87626
25.44873
24.64719
24.7408
26.17177
25.71501
31.64042
32.1576
34.55556
37.21678
31.36585
35.33264
34.00406
31.04616
26.35132
30.03241
27.52685
29.03996
26.09556
23.98782
28.82982
25.51017
30.43351
27.67382
25.40226
25.22405
25.85764
35.18488
32.07736
30.9551
30.33144
29.90817
31.68808
36.25953
35.71419
38.17281
36.68545
38.44875
36.47907
35.43562
31.02093
30.82375
35.03506
29.36429
29.57913
28.7685
30.29294
31.70585
27.87339
32.35635
33.31235
31.71884
32.96684
38.01021
32.50048
31.98831
35.72361
37.82836
40.8786
42.01364
32.44369
37.29546
35.37526
38.9632
34.6902
31.48051
30.22202
29.17555
27.85808
27.5924
26.24642
21.43209
24.66157
26.40959
26.61324
29.15411
37.11578
34.14029
33.31069
29.75842
32.95405
31.25382
29.52321
30.44003
25.72901
26.63261
31.52064
36.56456
40.41238
36.90548
44.70959
44.46369
45.07905
42.78353
42.94026
46.91038
48.13041
41.49574
41.36082
45.29482
36.58788
38.78552
43.50013
44.68329
43.57282
45.84743
48.25019
55.46183
58.53273
57.61113
53.72344
48.78918
49.9555
42.81
41.10536
38.90963
40.6401
43.74465
38.21865
30.69575
34.89386
40.01058
33.65348
34.56019
39.76822
42.90137
49.05646
50.935
45.95267
42.31322
40.44025
41.21708
38.12173
40.25768
32.9017
32.68907
29.91269
30.83838
28.57646
29.78281
38.65523
43.82492
35.85737
38.65072
37.46849
37.57606
34.80297
40.17174
38.54131
44.66661
40.57652
37.952
33.70324
32.30807
25.86691
25.69098
27.42781
26.51282
22.96565
31.12019
28.56432
29.50176
28.38554
24.35633
26.15888
24.44428
23.60407
21.12277
22.43719
27.5211
28.80548
34.14492
26.79232
21.69702
22.87482
25.85213
29.46007
28.91475
31.3648
34.68803
27.73501
30.48155
34.58211
29.71971
33.74234
40.05116
35.64622
35.87323
32.55165
33.38422
31.76824
29.94498
36.36188
41.2655
36.34994
26.95167
28.50318
23.9325
27.45271
27.30782
27.52343
29.33891
30.0987
35.95529
36.28173
29.36397
33.55182
36.00013
30.94747
32.51351
32.55651
30.14534
26.14333
24.65799
24.34584
33.20897
34.88899
35.89374
40.08881
42.31042
43.79103
41.2292
43.66897
39.99751
42.3218
37.26712
43.61679
39.16758
42.89387
35.77756
30.70054
34.11883
34.0567
32.2547
35.16927
39.56203
39.82622
37.80435
35.68861
32.21634
29.77294
30.1375
37.38919
32.62416
33.83204
33.66514
34.12998
35.48163
38.42234
32.88991
30.28953
33.96288
30.9394
33.00055
41.35644
42.70413
47.07187
49.02628
56.22649
64.6409
57.13168
48.4134
50.69179
52.96187
48.24381
56.16474
53.68184
51.9989
43.88572
52.02648
47.29465
46.49707
42.14855
47.98171
55.36123
59.04251
61.78026
59.74577
62.91282
63.05379
71.57153
67.2741
66.17084
64.80576
62.89403
73.20971
70.74278
62.34947
69.92165
86.0085
88.92546
85.47528
87.23322
65.29739
65.06169
64.37667
53.28423
42.35945
39.82285
41.9444
42.00956
47.56732
47.49508
52.7756
49.64543
47.0713
43.04523
39.04873
44.8602
53.86435
43.80285
46.01652
45.73206
40.10667
37.8327
39.71497
42.31676
41.84452
49.58113
59.10339
59.86779
59.75104
62.51211
72.2403
81.736
76.83223
86.57612
71.80326
67.33796
79.04676
88.17751
86.53373
97.29735
89.06406
76.92799
69.09076
70.51033
57.34568
48.16463
46.19781
40.98996
35.36733
40.54529
40.70831
51.65573
52.98651
56.38428
58.07968
57.4364
55.65919
57.14556
49.99286
53.54955
46.08685
50.2603
45.43166
41.2889
40.08298
44.27837
42.71341
52.01728
48.57929
46.68172
37.12236
38.69232
34.05093
28.98422
23.77514
28.8128
33.00149
32.92666
39.26018
37.99061
43.88973
40.27568
33.20847
31.3118
27.73261
33.02646
27.86597
27.50008
27.60346
30.31257
28.91395
28.91113
28.48388
25.83837
27.33232
25.41223
28.03775
26.4609
31.70251
32.47357
31.21924
30.12247
35.28127
33.05326
35.19401
31.94632
34.03633
37.83579
37.49429
35.47344
36.29449
37.01169
42.00632
39.41617
41.58405
38.24296
42.8935
41.13859
42.86639
36.67877
40.38041
44.07754
37.70355
36.06917
32.89424
32.35539
28.32352
26.57448
28.06322
30.0351
34.2613
42.83568
39.03084
40.87219
36.59358
38.95183
44.36776
42.1041
37.07114
43.51106
45.45177
37.99221
43.48629
39.70206
43.14153
41.52646
38.99144
42.90138
35.45073
35.37998
28.38606
30.86176
23.32122
20.28979
19.04691
19.33
19.55794
22.18948
23.31522
26.89366
31.09453
27.00991
23.71648
21.45901
19.56246
20.2855
28.78467
31.57585
30.15763
29.2459
31.14792
33.51995
25.47783
24.76931
23.84783
28.10699
32.79719
33.59477
33.94431
30.71999
32.51692
34.13916
31.28788
31.40354
28.81959
25.58303
27.666
25.54691
23.95261
23.36515
27.23895
25.21584
23.19402
23.45965
23.24843
26.32754
23.30721
27.13495
27.70754
30.55023
25.84273
28.18114
27.89509
27.39013
33.73654
31.23489
36.53613
36.62976
45.93837
46.70629
39.8574
37.88769
39.89122
30.48249
32.61635
33.76474
38.75059
37.50559
34.36223
34.34017
41.15534
42.49023
44.59676
45.60405
46.24136
41.01948
44.0102
40.34733
34.97132
35.52358
36.56176
32.42387
32.32913
29.86107
29.53059
23.53274
22.83905
21.28422
21.83535
20.4813
19.75818
26.03034
23.33389
27.61635
26.03569
28.94823
37.91405
36.66069
32.2255
30.68563
33.77522
28.35597
26.72342
25.35683
25.93394
29.64156
34.67949
29.46402
27.21329
24.15877
23.79984
23.00594
30.14344
28.27963
26.56295
24.90732
23.00449
22.59
17.33563
20.36841
17.80117
18.02043
21.63078
16.02928
15.05658
16.43801
16.58718
15.98701
15.63333
14.86685
16.50477
13.32152
12.69814
11.33081
14.12974
13.29271
16.54636
14.83338
15.66867
13.45155
13.64793
12.53087
13.41826
13.85608
13.31745
15.11179
12.41979
12.84202
12.20005
13.10502
10.87651
12.10615
11.3195
11.00678
10.19187
10.2568
11.33618
10.97773
10.63426
10.45346
12.30388
14.54571
14.89046
15.05877
13.77518
15.43936
16.78843
23.20838
25.97509
26.02837
27.3755
30.48773
31.86429
33.86582
31.92859
40.48497
37.2571
37.90527
42.63857
41.85958
37.0829
43.22642
42.797
45.13248
42.97566
45.74957
42.50407
35.31695
31.26998
31.28564
32.50939
27.9973
28.04222
25.45651
22.37791
21.79215
30.64492
35.34004
35.40417
43.46821
38.19258
43.47742
43.71336
46.38529
48.99444
43.23027
49.90421
52.10203
48.43634
50.60112
49.32883
55.43521
53.20081
49.04467
51.91137
50.5679
47.04832
43.66405
38.91071
39.67894
43.3547
41.10789
41.33003
44.40207
46.87754
48.22177
46.78803
57.77085
44.10548
41.22331
46.42675
42.08483
38.90951
37.61462
39.89537
36.18162
40.02962
38.49698
37.32245
32.71781
27.6376
31.93876
28.93447
28.43143
26.89434
26.36978
24.44085
20.99195
22.06929
23.94939
23.0991
24.76084
26.98681
24.25955
26.18939
23.51611
28.60007
29.58581
29.172
30.54871
26.70443
24.6491
24.68164
23.95989
27.78775
26.29632
28.08332
33.78229
31.53061
30.40186
33.5345
34.82914
36.62839
34.355
33.33093
37.75264
31.54146
30.02904
33.42733
34.36605
37.01083
29.70217
30.55225
34.44748
33.43691
33.20296
34.1151
38.04844
38.41878
34.16024
35.3293
36.56019
46.57619
44.62853
55.19694
42.09297
42.52454
45.24676
44.01863
48.12265
54.33114
50.38996
45.75561
46.86373
48.83949
38.32964
36.60163
41.74054
40.14438
41.87016
41.11431
46.70943
47.16527
41.14352
43.17173
45.46208
36.04768
35.18518
36.96973
34.66406
33.14856
39.6969
45.12732
45.53387
49.16393
46.65464
34.58929
33.74859
32.86914
37.9005
35.76154
26.14614
33.60845
34.50275
34.12042
35.92342
30.88504
30.69108
36.15666
36.81566
38.58254
38.25641
36.91348
43.11426
44.89547
44.34044
41.87699
40.45897
33.65492
35.31363
29.48151
35.03672
31.40549
31.57939
37.54639
42.43369
46.29111
41.77111
44.93207
47.14879
37.55582
45.68059
44.58537
42.40888
39.52957
39.17442
41.30818
44.29647
40.99796
31.57513
31.67617
30.15631
28.79392
27.22827
25.2329
25.12503
28.22754
27.48047
28.73684
29.64117
25.62879
23.48042
24.09418
24.39827
24.80745
26.56959
31.26912
34.22361
33.27167
36.91043
33.62561
28.78319
32.26358
34.22351
35.7893
34.36192
46.5326
43.21201
43.33161
37.54375
39.88877
38.02296
39.32342
34.14664
36.48595
43.23595
43.99062
46.89533
44.82851
43.87104
39.33198
41.20421
43.41488
45.67816
40.1464
34.27615
34.35494
36.66967
33.96456
38.17629
35.49455
29.60749
29.25328
24.63157
20.9177
18.42065
21.60767
20.53585
19.81854
16.63042
16.55033
19.25974
19.19663
20.22885
22.67037
24.68322
27.96475
27.47502
25.99342
28.5421
28.36476
31.88412
27.53565
29.70426
28.88233
31.74025
31.39868
30.87747
40.86835
40.37874
38.66384
33.65881
34.39764
40.65872
43.05438
37.74659
40.14552
44.2496
46.55182
61.68139
51.17362
49.29172
48.3543
42.32358
44.63735
46.76895
43.56182
52.2802
49.49487
44.2125
45.55103
40.4003
35.89237
40.58742
51.97824
49.3214
47.1308
44.70376
48.20164
50.44479
50.33655
56.41918
57.56685
48.48387
42.85817
37.37634
44.96191
49.13426
50.74328
46.43725
44.2059
41.55815
39.30865
39.79275
34.66716
37.77696
32.67813
26.80562
27.16228
29.76779
31.15725
24.74736
22.42536
20.30781
20.06594
