0.5338567
0.5173553
0.5059638
0.4734345
0.4240835
0.3873763
0.3724621
0.3818793
0.3887205
0.3566784
0.3551887
0.3571891
0.3599829
0.3755527
0.3900176
0.4144236
0.3913936
0.369503
0.340102
0.3492036
0.3382399
0.3339784
0.3382897
0.354169
0.3301728
0.3271979
0.3235415
0.3014834
0.3107521
0.3087228
0.3036419
0.3108149
0.3076594
0.3017028
0.312603
0.2918551
0.293978
0.3077898
0.2968473
0.2856648
0.2784671
0.2927211
0.2984791
0.2776527
0.2683374
0.2621558
0.2768892
0.2769175
0.2681882
0.2643666
0.2900763
0.2850873
0.3126456
0.3058305
0.2957004
0.280036
0.2970767
0.2863753
0.2687987
0.2716983
0.2701363
0.2743427
0.2748437
0.2673851
0.2664945
0.2495065
0.261332
0.2641241
0.2644437
0.2573128
0.2697255
0.2819372
0.2944308
0.2894071
0.2917356
0.2822988
0.2786716
0.2709395
0.2698364
0.2654492
0.2638461
0.2779877
0.2747213
0.2974948
0.2926444
0.3050808
0.2981413
0.3002867
0.2916171
0.2797692
0.287026
0.2782146
0.2917405
0.2955609
0.2949209
0.2929738
0.2918988
0.2656163
0.2671691
0.2692707
0.2840663
0.2642343
0.2737285
0.2701334
0.2614164
0.263656
0.2510734
0.2539001
0.2422435
0.2580188
0.2683602
0.2736254
0.2674963
0.2696955
0.293058
0.3087205
0.3180278
0.3097154
0.3049265
0.3037845
0.306343
0.3191047
0.3189324
0.3168047
0.3166204
0.3105641
0.3059679
0.3230502
0.3293443
0.3333576
0.3291751
0.3228349
0.3303744
0.3216977
0.3315947
0.3103273
0.321904
0.3166806
0.3076763
0.3079176
0.2879604
0.2907439
0.2887918
0.2932787
0.2859729
0.3024944
0.3009593
0.2974511
0.3313156
0.3471247
0.3491322
0.3368921
0.3371086
0.3408035
0.3295731
0.336422
0.3201497
0.3316488
0.3471431
0.3546054
0.3525063
0.351238
0.3409796
0.3426721
0.3419163
0.3437392
0.365186
0.3883888
0.3785123
0.3971143
0.3551952
0.3612257
0.3722587
0.3804919
0.3691869
0.3657392
0.3740912
0.3828857
0.3702209
0.3672155
0.3569037
0.3551496
0.3461811
0.3406042
0.3655833
0.3472047
0.3491682
0.3478315
0.3167797
0.3167662
0.3336323
0.3256862
0.3045217
0.2862452
0.3064419
0.3066237
0.3147954
0.3017628
0.3092003
0.2996014
0.3024203
0.2912978
0.290451
0.2756242
0.2615593
0.2713848
0.2605243
0.2595323
0.2637868
0.2822876
0.2817545
0.2970401
0.2862495
0.2899014
0.2824312
0.2881389
0.2880132
0.308633
0.3219676
0.3301332
0.3154746
0.3015937
0.3169937
0.3185874
0.3385299
0.328373
0.3494681
0.3461899
0.336942
0.3311882
0.3152999
0.3091166
0.3183516
0.31948
0.3382243
0.3450697
0.3408192
0.3336556
0.3470571
0.3509915
0.3571195
0.3542662
0.3516997
0.3386283
0.3271627
0.3245726
0.343382
0.3532639
0.3314655
0.334047
0.3421768
0.3637519
0.3712391
0.3589088
0.3339888
0.328923
0.3128431
0.3043018
0.3125541
0.3079841
0.3091623
0.3108555
0.324787
0.3286296
0.3253146
0.3250793
0.3195877
0.3246566
0.3349476
0.3166778
0.3257388
0.3251989
0.3176354
0.3240131
0.3189241
0.3341336
0.3395985
0.3371792
0.3237298
0.3285568
0.3213126
0.3301406
0.3077781
0.3059443
0.320918
0.3524762
0.3537172
0.3536703
0.3412607
0.3692688
0.3470165
0.3632575
0.3744667
0.3943755
0.3978238
0.3945624
0.390973
0.4152339
0.4073025
0.3965631
0.3989499
0.3771912
0.3780793
0.3666751
0.3863442
0.401198
0.3837574
0.3607882
0.3657714
0.3836058
0.3631289
0.3711274
0.3674643
0.3543825
0.3462869
0.3718504
0.3650998
0.363078
0.3628288
0.3774437
0.3834918
0.4131268
0.4129408
0.4212092
0.4029392
0.3828616
0.3783484
0.3628372
0.3660271
0.365792
0.3474019
0.3542351
0.3511751
0.3548603
0.3575016
0.3526413
0.3637348
0.3678559
0.3621654
0.3684549
0.3771487
0.3769631
0.3611538
0.3691256
0.3565729
0.3694993
0.3809967
0.4145292
0.4199687
0.4008969
0.4106889
0.4388945
0.4373812
0.4342569
0.4414346
0.464078
0.4639571
0.4726008
0.498289
0.4690281
0.4509118
0.4229348
0.4294261
0.452125
0.4541637
0.4608616
0.4714907
0.4599824
0.4545578
0.4674004
0.4855991
0.5081129
0.5196799
0.5092826
0.5073094
0.5303003
0.5206707
0.4814818
0.4869546
0.499071
0.4937191
0.4673336
0.4492152
0.422338
0.4453124
0.4561916
0.4543987
0.4674747
0.467926
0.4631624
0.4717727
0.477262
0.4839157
0.4761032
0.484983
0.4905977
0.4787854
0.4904504
0.5048143
0.480386
0.4775992
0.4631017
0.4805622
0.466726
0.5006577
0.4993745
0.5033846
0.4992734
0.5107863
0.5156756
0.5012319
0.5089855
0.5253642
0.5392289
0.5266606
0.4874926
0.5014207
0.5221551
0.4920197
0.4747291
0.4791253
0.4796132
0.4594902
0.4480811
0.4467079
0.4643775
0.4545518
0.4457347
0.4201112
0.4226242
0.414631
0.4197957
0.4173517
0.4472925
0.4310433
0.4333815
0.4473463
0.4430579
0.4456547
0.4710241
0.5041801
0.4918704
0.4755712
0.4308468
0.4123693
0.3935397
0.375948
0.3794947
0.3538381
0.3732026
0.3636143
0.3674535
0.3653455
0.3873834
0.3690491
0.3759608
0.362106
0.3506933
0.3506645
0.3586612
0.3745009
0.3796379
0.4010859
0.4079957
0.3982716
0.3785682
0.3910272
0.3908732
0.4161956
0.42416
0.4123481
0.4042072
0.4025565
0.4288496
0.4231021
0.4397254
0.4321155
0.4327654
0.4569173
0.4951578
0.4711521
0.4534943
0.4615338
0.4532184
0.4586797
0.4556238
0.4490002
0.4518554
0.4616569
0.4824541
0.4664333
0.4329192
0.438102
0.4212998
0.4294473
0.4349668
0.4227677
0.4248554
0.440754
0.4173201
0.4128754
0.4140389
0.4412603
0.4334137
0.4286034
0.4538989
0.4700905
0.4462249
0.4403493
0.4593043
0.4796486
0.4610212
0.4436564
0.4426712
0.4367456
0.4492014
0.4382033
0.3981442
0.3891452
0.3795093
0.3918963
0.4083083
0.4025662
0.3973859
0.3811351
0.3855837
0.3915927
0.3875069
0.3812821
0.394103
0.4056071
0.4021779
0.3894238
0.3707304
0.3585313
0.3617172
0.3841963
0.3823856
0.3704265
0.3729612
0.3730643
0.3777287
0.3752855
0.3655496
0.3759389
0.3783879
0.3815145
0.3785358
0.3731966
0.3845871
0.4100272
0.4541242
0.4306649
0.4327987
0.4283662
0.4363336
0.4583622
0.4763346
0.5194548
0.5163115
0.5002967
0.4783822
0.4888
0.4695065
0.4583937
0.4722008
0.4600273
0.4551598
0.4453453
0.4477945
0.45078
0.474001
0.4533539
0.4437834
0.452119
0.4772696
0.465595
0.4547763
0.4519996
0.4536128
0.4686607
0.4780605
0.4844548
0.4786324
0.4842066
0.4486903
0.4599
0.4609631
0.476891
0.4712817
0.4697412
0.4593371
0.446295
0.4401362
0.4520888
0.4845071
0.4886123
0.4633374
0.4176535
0.4223979
0.4209721
0.4336883
0.4367988
0.4264141
0.4207152
0.4150361
0.3946106
0.3863503
0.3836542
0.3635463
0.3758514
0.3719714
0.3829006
0.3724943
0.3928328
0.4029334
0.4049532
0.4144956
0.4236122
0.4445649
0.4205319
0.4252591
0.4375216
0.4284162
0.4567477
0.4757524
0.4765445
0.4743173
0.4832443
0.4875509
0.4802772
0.4694534
0.4619249
0.4221527
0.4466695
0.4453148
0.4440752
0.4377493
0.4663494
0.4734532
0.4860109
0.4775575
0.4811887
0.4840993
0.4888718
0.496992
0.5086394
0.5250056
0.5213128
0.5068399
0.5336146
0.4931656
0.4791355
0.4810392
0.4877993
0.5176784
0.5002697
0.4738291
0.5034244
0.5205733
0.5266723
0.5451946
0.5223255
0.5164022
0.4794536
0.4609906
0.4605059
0.4688405
0.4664363
0.4664597
0.4799403
0.4757941
0.460291
0.4916024
0.4884857
0.4600271
0.4571897
0.4660774
0.4697316
0.4844586
0.500082
0.4662959
0.4810752
0.477994
0.5014713
0.5059629
0.5129847
0.5020628
0.5351656
0.5319641
0.5213515
0.5136793
0.487981
0.5208019
0.5255157
0.5274959
0.5255947
0.5224092
0.5102435
0.4867824
0.4880659
0.4838623
0.4953111
0.4975075
0.4920196
0.5062704
0.5103745
0.5183274
0.5168068
0.4995106
0.5065064
0.5146029
0.4559576
0.4637742
0.4351845
0.4571039
0.4698719
0.4395963
0.4655674
0.4665472
0.4742413
0.467278
0.4812643
0.4474772
0.4551432
0.4864815
0.4780196
0.5006588
0.4546327
0.4800875
0.4695398
0.4725525
0.4450295
0.4787339
0.4848474
0.4709169
0.4413548
0.4678288
0.4658918
0.4539618
0.4809644
0.4795922
0.4908586
0.4719331
0.4973018
0.5043719
0.497876
0.4822409
0.4806669
0.4899368
0.494387
0.4969363
0.4748864
0.4715562
0.4908342
0.4658822
0.4889247
0.482008
0.502045
0.5198427
0.5219313
0.4864393
0.4695112
0.4624312
0.4638095
0.476933
0.4684852
0.490723
0.4945001
0.4827383
0.4650066
0.4755134
0.4603796
0.4520891
0.4275844
0.4546385
0.4437877
0.4824728
0.4703967
0.4789436
0.4907458
0.5001204
0.4811174
0.4639628
0.4731133
0.4574436
0.4622936
0.4857354
0.4954948
0.4873889
0.4971032
0.489722
0.4888603
0.4900324
0.4786778
0.4646269
0.4616745
0.4715575
0.4729419
0.4721263
0.4626671
0.4209421
0.4201281
0.4316921
0.447708
0.4583523
0.4830764
0.4873671
0.470745
0.4617359
0.4348645
0.4318579
0.4254223
0.4112745
0.4264593
0.4221914
0.4272397
0.4694068
0.4438689
0.4542452
0.457791
0.4161335
0.4060164
0.3977881
0.3982843
0.4341542
0.4235833
0.4238502
0.4341123
0.4464309
0.4625341
0.4244519
0.4074096
0.4175989
0.4001037
0.3967008
0.4124655
0.4071203
0.3883503
0.3718561
0.374066
0.3580329
0.3597142
0.3624274
0.3600111
0.3652305
0.3520643
0.3620729
0.3468744
0.3582332
0.3533488
0.3332172
0.3397541
0.3362281
0.3433352
0.3360755
0.3192396
0.3285224
0.3310758
0.3445632
0.3302606
0.3209825
0.3359554
0.3482567
0.3785376
0.3761818
0.391831
0.4027113
0.3955313
0.3764694
0.3639101
0.3532414
0.3520736
0.3682603
0.3753588
0.4016992
0.4161237
0.4211472
0.4232427
0.4189791
0.4331279
0.4415296
0.4284052
0.4133113
0.4265519
0.4377413
0.4656795
0.473085
0.4598981
0.4334536
0.4361902
0.4440054
0.4503296
0.4598072
0.4941762
0.4816557
0.4822941
0.4514859
0.4435844
0.4241372
0.4361394
0.4152302
0.4412023
0.4304902
0.4142635
0.4092815
0.4016046
0.3851922
0.382587
0.3537255
0.3600636
0.3312674
0.3510468
0.3843634
0.4096158
0.4064117
0.3832207
0.3623115
0.3900843
0.3673475
0.3404676
0.3349695
0.3262269
0.3237683
0.3125202
0.2976159
0.3092533
0.3126648
0.3129609
0.3095291
0.3157295
0.3191759
0.3110949
0.3066598
0.3306687
0.3375894
0.3469283
0.3273992
0.2983918
0.2971039
0.2885402
0.3161429
0.3156104
0.305187
0.2985924
0.3066783
0.3179053
0.3101062
0.3112341
0.3029667
0.288383
0.2919497
0.304549
0.3065129
0.3002217
0.3026213
0.3268376
0.3243427
0.3115188
0.3259256
0.3196696
0.3157401
0.3313533
0.3328641
0.3316875
0.3486623
0.3171653
0.3209153
0.3247516
0.3186354
0.322744
0.3089098
0.3168183
0.3424257
0.3442762
0.3451542
0.3525335
0.3609396
0.3734096
0.3841267
0.3859833
0.3875744
0.3798035
0.3581928
0.362431
0.3685295
0.3554827
0.3564289
0.3610268
0.3201186
0.3212378
0.3350036
0.3343474
0.3174642
0.325476
0.3373505
0.3297113
0.3536875
0.3581718
0.3499201
0.3485082
0.3508411
0.3532602
0.3677423
0.3908403
0.398293
0.4089622
0.4188147
0.3962949
0.3994114
0.3882199
0.3847518
0.3986607
0.3932812
0.379367
0.3686101
0.3620887
0.3627401
0.339489
0.3662508
0.3693316
0.3566558
0.3628044
0.3951323
0.3876356
0.4084614
0.4370013
0.4614326
0.4981229
0.476419
0.4940659
0.4994902
0.5092625
0.5181957
0.4779972
0.4812691
0.4593159
0.4878421
0.5008055
0.5098049
0.4826855
0.4883965
0.4527597
0.4583793
0.4707089
0.4690564
0.5066822
0.5236178
0.509511
0.4832078
0.4826648
0.4828143
0.5023225
0.4982693
0.5047795
0.5053476
0.5274304
0.5361366
0.5161911
0.5162993
0.5147232
0.5091912
0.4766019
0.4908513
0.5289598
0.5117508
0.5000387
0.5054703
0.5103994
0.5068719
0.5167394
0.5284847
0.5154878
0.5447235
0.5316329
0.5494952
0.5290081
0.5165055
0.5166662
0.5213518
0.5251841
0.5150093
0.5191497
0.5154542
0.5744872
0.5623011
0.5401383
0.5440049
0.5194237
0.5302169
0.5274926
0.5313343
0.5259669
0.5085814
0.4798399
0.4640862
0.4903383
0.5116619
0.4924485
0.4809449
0.4781408
0.4904279
0.4796628
0.4789081
0.4840619
0.5071077
0.5131409
0.523567
0.5059968
0.4998658
0.5044916
0.5239918
0.5401898
0.5028126
0.4909163
0.4685115
0.4694361
0.5128009
0.4915621
0.4899465
0.4960206
0.4730338
0.4578671
0.4681303
0.4529046
0.4575216
0.4543468
0.4546458
0.4683372
0.4831482
0.4828114
0.4752395
0.4655284
0.4662162
0.4535487
0.4564626
0.4339403
0.415688
0.4108846
0.395212
0.3804289
0.3798956
0.3845574
0.3854585
0.3876521
0.4061438
0.4028335
0.3983545
0.4305919
0.3861868
0.4056548
0.4002169
0.3790593
0.3773119
0.3697867
0.3543434
0.3595064
0.3741
0.3931262
0.3724041
0.3725455
0.3919454
0.4089888
0.3950016
0.397083
0.398941
0.4175975
0.4557918
0.4239712
0.3885037
0.3901623
0.389968
0.3862274
0.4075357
0.3999564
0.4069377
0.409867
0.4376701
0.4560437
0.4435649
0.4338975
0.4370716
0.4472378
0.4602579
0.4679476
0.4647724
0.4351002
0.434688
0.4490082
0.4612984
0.4570933
0.4822107
0.5139508
0.4916415
0.4932287
0.4670998
0.4443156
0.4603664
0.4579013
0.4704737
0.4396961
0.4327715
0.4336761
0.4638844
0.4760431
0.4649864
0.4354026
0.4303236
0.4243463
0.4187131
0.412194
0.4199018
0.3973866
0.4053711
0.4019266
0.3997744
0.4021902
0.410808
0.3945777
0.4026821
0.3832847
0.3822734
0.3782554
0.3748834
0.3877097
0.3851335
0.4046037
0.4095697
0.4067503
0.4098562
0.440007
0.45985
0.4596793
0.4497481
0.4551224
0.4458745
0.4491815
0.4466008
0.4377922
0.424869
0.4034137
0.3945375
0.411889
0.3896354
0.3922144
0.3935087
0.4053454
0.3971987
0.4018872
0.392909
0.4156183
0.4123369
0.4806348
0.4711619
0.483996
0.4765196
0.4989358
0.4670263
0.4585144
0.475914
0.474772
0.4731335
0.477639
0.5019409
0.4660245
0.4395434
0.4582257
0.4637905
0.4727003
0.4687143
0.5054026
0.4724682
0.4840612
0.4823678
0.4692481
0.4838492
0.5193675
0.4826941
0.4490017
0.431325
0.4297992
0.4256844
0.4340073
0.4163071
0.4327257
0.4273288
0.4028832
0.3904208
0.4028282
0.4254241
0.4319915
0.4206633
0.4238539
0.4278586
0.4479715
0.4576747
0.4374078
0.4608796
0.4649216
0.4657756
0.4341423
0.4703157
0.4773297
0.5150968
0.5045596
0.4461006
0.422592
0.4199326
0.4157771
0.4202204
0.435433
0.4163902
0.4110692
0.416823
0.4015184
0.4224485
0.4282554
0.4338505
0.4424761
0.4774577
0.4740556
0.4762798
0.475421
0.4637241
0.4872016
0.4727927
0.4904914
0.489266
0.4669167
0.4473234
0.4121727
0.4117366
0.4006787
0.4118774
0.4123756
0.4302697
0.4158206
0.4105252
0.3981932
0.4035768
0.4134471
0.4185204
0.3950215
0.3850561
0.4087433
0.4122939
0.4102817
0.4198759
0.4047725
0.3882597
0.3988475
0.3820092
0.3943218
0.4024285
0.4078449
0.4114972
0.3958587
0.3904196
0.3779956
0.3786822
0.384879
0.3823645
0.3966697
0.3587121
0.3554777
0.3771803
0.3742488
0.3659821
0.3770202
0.3837653
0.3818965
0.3456036
0.3598199
0.3705239
0.3630715
0.3581868
0.3963304
0.381514
0.3855504
0.3884952
0.3912123
0.3893621
0.4130175
0.3978025
0.4012251
0.4033108
0.3822816
0.3873811
0.3903233
0.377504
0.3990351
0.3924461
0.3933393
0.3728149
0.3917075
0.4011362
0.4073427
0.4526815
0.4362301
0.4280421
0.4376909
0.4621287
0.469989
0.4592126
0.4489928
0.4011996
0.4005509
0.3886478
0.3984771
0.3943821
0.3955349
0.3739129
0.3650804
0.3845516
0.3842061
0.3721005
0.3822623
0.3984789
0.4125924
0.3941504
0.3994889
0.4127879
0.3749977
0.3732879
0.358414
0.3781373
0.3768552
0.3721311
0.3935452
0.4149419
0.3831104
0.3877264
0.3867383
0.3935656
0.4164014
0.4367932
0.4081628
0.4342479
0.4377253
0.4594274
0.4222162
0.4275029
0.464329
0.4531091
0.4511815
0.4666663
0.4545154
0.4526139
0.4624955
0.4410685
0.4636246
0.4624404
0.4705025
0.4899712
0.5031142
0.4893172
0.4646851
0.474895
0.4763604
0.4721666
0.4986146
0.5020857
0.5060084
0.4982121
0.4977841
0.4826105
0.4725355
0.4608577
0.4456689
0.43771
0.4688501
0.4622748
0.4564219
0.4369543
0.4708875
0.4873274
0.4709946
0.4905131
0.4773456
0.4727127
0.4426782
0.4722858
0.459667
0.4901804
0.4616361
0.4601062
0.4527394
0.4501695
0.4443045
0.4224633
0.4343023
0.4251282
0.445451
0.4131904
0.427345
0.4163248
0.4201532
0.4214394
0.3917481
0.403972
0.4164448
0.4127734
0.4052993
0.4063623
0.3903389
0.3862217
0.4023149
0.3977194
0.4138075
0.4268318
0.3962013
0.4208284
0.4007522
0.4256786
0.4322626
0.4236631
0.3884243
0.3721972
0.3964304
0.4050317
0.3860115
0.4025426
0.399533
0.3992551
0.4065172
0.3972148
0.4140156
0.417603
0.4180755
0.4319233
0.4151683
0.411085
0.3880526
0.4079397
0.4120715
0.4053909
0.4087786
0.4303475
0.4196639
0.4279581
0.4410109
0.4610412
0.4878388
0.5201571
0.4988188
0.5110392
0.4851346
0.4857962
0.4661561
0.4689334
0.4742966
0.4889747
0.4618084
0.4688299
0.4980115
0.4704797
0.4400706
0.4553002
0.4696718
0.456312
0.463707
0.4748365
0.4575857
0.4406044
0.4281408
0.4040576
0.4007086
0.3932539
0.395384
0.3874324
0.3765946
0.3681597
0.360981
0.3637771
0.3700941
0.3798066
0.3678508
0.3841464
0.3931396
0.4039177
0.4187339
0.4328254
0.4176307
0.4352363
0.4347056
0.4565079
0.4489403
0.4286533
0.4438823
0.439923
0.4254735
0.4025837
0.4114746
0.3795889
0.3861427
0.4083472
0.374692
0.3764894
0.3673051
0.3728422
0.3814268
0.3918095
0.3929142
0.391814
0.3943303
0.3935472
0.3852273
0.3725576
0.3830901
0.3837275
0.4023483
0.3880772
0.3882435
0.375883
0.394701
0.3764999
0.3851254
0.3905762
0.3923603
0.3654365
0.3757461
0.3953363
0.3919797
0.4167803
0.434208
0.4529848
0.4802452
0.503355
0.4895668
0.5026264
0.460914
0.4713082
0.4704423
0.4702774
0.4532224
0.4318913
0.4520029
0.4344371
0.4170445
0.409058
0.4026309
0.4220667
0.4117536
0.4142241
0.4176114
0.4174328
0.4311638
0.4074653
0.4138374
0.4129508
0.4017879
0.4026602
0.4005244
0.4066551
0.4038488
0.4063511
0.3933242
0.3921205
0.387453
0.4084765
0.3822181
0.3832259
0.3537128
0.3379829
0.3781069
0.3916191
