45.74548
46.04633
46.69533
46.32495
47.27738
45.72808
44.7925
43.92993
43.47433
42.78235
42.67607
43.80086
43.26904
43.25369
43.49155
43.46242
43.75736
44.40996
46.24646
46.72294
46.46688
45.79188
47.5401
47.41354
48.10178
47.37034
48.79864
48.88625
49.39044
50.29986
50.85644
50.62919
50.94222
50.76124
49.6173
50.50618
49.38936
47.84695
48.22985
48.56522
48.67897
48.81589
48.13585
47.31642
47.42341
48.93503
49.25083
49.75379
48.96512
48.9476
49.19634
49.29368
49.62034
51.25687
52.07169
52.06477
51.83061
51.6661
51.03843
51.62501
52.28539
52.34427
53.42734
54.22
52.65029
52.9813
53.4867
53.65696
54.5092
54.79319
55.5921
56.25007
55.49058
54.39816
54.85323
55.06814
54.99107
55.80471
56.55275
56.89606
57.87621
57.77513
58.86766
60.44699
59.82392
60.20968
58.69353
58.46457
57.32876
56.86618
56.35979
57.07603
56.45939
55.90679
55.59498
55.86154
55.46857
55.10228
56.62067
55.21496
54.2902
54.83588
55.2533
55.06228
56.90964
57.18663
56.87357
56.64441
57.29017
56.53384
55.52661
54.63504
55.66867
56.40136
57.09568
57.47319
58.11254
56.08699
56.40214
55.84271
55.44288
55.07236
56.34718
57.34342
59.51096
61.33121
60.69977
59.97874
58.37633
58.05934
58.04631
59.0515
59.07633
59.37885
59.30507
59.57373
58.68001
59.17346
58.42111
59.16916
58.7072
60.28193
59.30735
59.24509
59.27601
59.69198
58.72806
57.09156
55.66338
55.99083
55.1821
55.43564
54.8882
54.48864
55.51525
54.99223
55.19018
55.31547
55.89506
57.78398
60.21547
59.88099
59.72847
59.45194
60.29131
62.04651
62.51725
62.84114
62.24036
62.82314
61.75639
61.33888
61.04409
61.78481
63.79268
61.3568
61.47187
61.61785
60.00536
59.51924
60.36435
59.37875
58.2102
59.49216
58.73564
58.82454
59.78754
60.07041
59.86154
60.21639
61.33436
60.29237
58.68623
58.43118
59.80778
58.78385
59.28994
58.76958
58.40873
58.76576
58.57391
57.56204
56.59137
57.50526
57.71358
58.62723
57.40357
55.72659
56.37043
56.59336
56.82857
56.77099
56.78084
56.41041
55.25186
54.63513
54.9176
53.94287
52.71497
53.00723
52.37189
52.22365
52.93738
53.48476
52.9289
54.11766
53.70148
54.2592
55.41265
54.33544
54.30122
53.82533
54.41609
55.35332
55.65444
55.07785
53.91159
53.80477
53.04835
51.66322
50.55754
50.80955
51.77636
52.60268
49.86692
50.07404
50.73844
49.93068
49.33944
49.03714
51.12432
49.91427
49.58745
49.75781
49.93777
49.98765
49.25799
49.5272
49.30059
49.89488
49.46654
49.93597
49.76723
50.40334
49.63841
50.20332
48.69715
49.27752
49.29895
49.46257
50.55773
50.67718
50.45636
51.65322
51.16745
51.48262
51.93133
52.05596
51.70656
52.96659
54.9643
56.2978
55.35063
54.35732
53.92772
53.85861
52.60226
52.15961
51.17396
51.12796
51.29947
51.84745
52.87003
53.60881
53.90233
54.84274
54.45118
54.7142
55.85196
54.62846
53.74696
53.60334
54.50122
53.59875
52.80395
51.59259
51.91633
52.43287
51.19556
51.94013
51.43802
52.74663
51.69529
50.41223
50.14366
51.74305
51.17281
50.3338
50.49157
51.03788
51.27815
49.89329
50.30228
49.79025
51.05223
50.26695
49.13357
49.75428
49.40358
49.92968
49.30288
47.97531
48.06462
47.85293
47.72329
48.53242
48.51259
49.92974
51.98919
51.02401
51.66277
52.23652
52.43002
52.46836
52.09029
52.50807
50.03236
49.16505
47.39553
47.82091
47.5357
48.41364
47.71184
46.87224
46.96732
47.65557
47.81441
47.21469
46.41688
47.19891
46.72424
45.17435
46.82619
48.76269
45.7231
45.74325
46.21214
48.39927
47.9483
46.50924
45.44206
45.43304
44.7904
46.49299
46.75855
46.83063
46.19219
47.62979
46.58006
47.83113
49.57162
50.20835
50.518
50.62182
50.59191
50.5853
49.6206
50.80514
49.46181
50.25304
49.83818
50.1168
49.83254
50.49979
51.64628
51.33868
51.8946
51.27279
51.9176
51.79227
52.4317
53.45296
52.18759
53.03253
53.76403
53.71158
53.92742
54.72606
54.94491
54.89876
53.9505
54.17294
54.03825
54.70136
55.66291
55.72698
56.4297
57.89474
58.35284
58.05804
57.18035
58.54604
56.55699
56.24327
56.63328
54.61899
53.95734
53.23532
52.5319
51.6737
52.04846
52.34377
52.76262
51.31032
51.5836
52.29368
52.59295
53.71094
53.06945
52.03116
51.74254
50.68579
50.23124
50.08451
49.5132
49.80693
50.13066
48.81569
48.40141
48.36435
47.59719
45.89108
44.93019
45.09965
43.94817
43.36171
43.7285
43.74325
43.39282
41.58597
42.53963
42.7814
42.20847
42.90432
43.6005
44.09598
43.46375
44.94664
43.44727
43.6693
43.33173
42.48779
42.96322
43.57808
43.49017
45.8968
45.95973
46.31629
45.58525
46.18499
47.93853
46.85831
47.18553
48.61247
49.03619
48.35191
47.2911
46.568
46.83673
47.59018
49.02185
50.53959
51.04534
49.52961
51.40391
52.41773
51.83833
51.91977
50.2099
48.70673
48.1556
48.01468
48.33488
48.10665
48.84581
49.57067
48.9874
49.51982
48.68811
48.39658
46.48779
46.30781
46.63995
45.99341
46.81109
48.87124
49.14424
51.10786
50.37719
49.26031
48.89421
50.3499
49.88895
49.81115
50.83922
51.55525
52.35023
53.01187
52.87009
52.29338
52.95613
53.69211
53.62048
51.27784
51.91519
51.3778
51.77045
51.03789
50.44624
51.78264
49.14365
50.05795
50.91223
51.02708
48.98866
48.34842
48.45843
49.15742
49.2935
50.15473
50.592
51.39876
52.61041
54.1397
54.72679
54.66752
55.01688
55.84896
54.61582
54.89079
54.64713
52.49863
52.18608
52.03518
53.30185
52.57346
51.72028
51.07558
50.79418
51.30475
50.30779
50.74554
51.3271
52.13597
53.18057
51.81118
53.15502
53.65657
53.23059
53.17437
53.44809
53.05366
53.7093
54.20587
54.124
53.6387
53.69438
53.19027
53.75061
54.36539
53.92849
53.04078
52.05999
52.10561
52.20797
52.36549
51.24399
51.36355
51.71702
51.10363
50.71064
51.81309
50.27958
50.18897
48.49318
48.23229
48.1702
49.86857
48.92925
49.6721
50.06677
48.67908
47.20987
47.47981
48.3391
48.80186
49.26435
49.27086
49.83935
49.58796
48.61649
48.8322
47.92302
48.28329
49.52431
50.24519
50.58184
50.81512
52.24341
52.1437
51.35282
50.69041
49.30403
48.97394
47.4269
47.57888
46.80415
47.65032
49.84925
51.53873
52.41731
52.43495
52.50416
52.19198
52.49997
52.43893
51.39082
52.25861
52.86036
52.57985
51.79642
51.66245
51.86342
51.75738
52.29117
52.36982
51.48998
52.03544
53.1826
53.40003
52.78053
52.7105
51.60592
52.92646
51.78675
51.60953
53.18011
53.76826
53.34558
52.91637
51.84429
52.2999
53.13666
50.78236
51.79919
52.26237
52.1482
52.48101
54.03101
53.60182
54.03664
54.57896
55.23636
55.50975
54.51418
54.57275
54.32434
55.03173
54.76356
55.30104
55.55163
55.16231
55.79157
54.75327
52.4078
53.01869
52.56542
51.04631
51.49312
52.75665
53.49208
53.63259
54.94321
55.71021
54.52797
54.4149
55.27486
56.77924
55.5991
55.62694
55.37381
55.71842
56.07328
56.9287
57.16848
56.10129
55.05273
52.80552
54.0295
56.17095
56.46166
56.78975
56.95647
56.7297
58.023
58.09287
58.49471
59.33636
61.1145
60.68433
60.23676
60.05761
60.15192
59.79487
59.93896
60.11467
58.22069
58.21685
58.68015
59.30202
59.58785
60.71558
58.49771
58.37288
56.73043
56.24415
53.9634
54.69782
54.48134
54.37412
53.18862
53.28311
53.56694
53.95607
54.97087
53.87232
54.39984
54.69817
53.82694
53.33763
52.76734
51.62685
51.46537
51.70167
51.93499
54.01553
53.46163
53.74481
54.13002
54.96285
53.53201
53.39591
54.36131
54.22956
53.41684
52.40626
52.34519
51.9626
53.12859
54.34806
54.10053
53.99629
55.19195
55.27601
54.64797
55.3726
57.1942
57.01688
56.71008
56.15098
56.67404
56.22379
56.00052
54.37103
53.07226
52.78019
51.81946
51.85234
50.74973
52.25218
52.65234
53.37654
52.34604
51.98312
52.35831
51.3181
51.51914
52.1442
52.80434
53.95469
53.40607
53.18171
53.03711
53.61186
53.31289
53.73391
55.46135
55.68165
56.16569
57.65443
58.38005
57.98023
56.85755
56.83446
57.29995
56.6221
55.82681
55.74538
56.19214
57.62832
57.16511
58.45833
58.95268
58.28827
58.64205
57.95795
56.68069
55.05594
55.09173
55.73089
54.85107
53.51672
53.19966
52.19747
51.39459
51.3632
52.81036
53.43428
53.6835
53.86028
53.93438
53.07314
53.7201
53.35393
54.23197
53.66756
52.52698
51.62288
51.25592
50.20474
50.82118
51.58473
51.75769
51.96557
52.25165
53.66429
54.90961
54.16353
53.76269
54.31552
53.95498
54.16178
53.31829
53.06608
53.86063
53.52138
55.45642
53.31254
52.68152
52.82234
52.98596
52.32691
53.21648
54.49062
53.84162
54.24754
53.52914
54.29323
54.14365
54.64799
54.81417
55.85789
55.77682
55.14754
55.21538
56.50071
56.28464
57.19898
56.78573
56.19788
55.74204
56.57093
55.62964
56.41275
56.12629
57.65318
57.8306
59.57873
58.53731
56.90546
57.56491
58.30183
57.04682
59.23486
59.35564
59.36988
58.58211
58.80753
58.60626
58.05742
58.04344
57.51676
57.09564
56.56697
56.52061
57.1006
56.99369
56.40987
56.56998
56.41138
57.13938
56.81049
56.4773
57.02373
57.0605
55.53538
54.70397
57.07508
56.95771
56.67269
55.79775
55.95413
55.06736
54.81946
56.73692
56.55817
56.34586
57.44638
57.46069
58.14309
57.13672
58.70964
59.71475
60.17405
60.84945
60.88058
62.16545
60.97052
61.10793
61.63901
59.49588
57.98382
58.97143
58.2739
59.528
60.15528
59.78856
58.96498
59.09125
59.0075
57.54743
57.92351
56.49795
57.23782
57.36852
56.72583
56.41566
56.54556
58.05096
58.1999
57.60041
59.88775
59.88383
60.19015
59.64861
58.71281
58.98823
58.38615
59.50178
59.0793
57.92418
58.32407
58.72346
58.36855
58.67987
60.26213
60.851
60.71739
60.66794
60.94837
