52.79327
44.1452
41.47644
44.99968
45.56049
44.75267
40.54915
51.24682
53.41261
46.05213
37.86801
40.08721
51.58502
54.23625
45.29739
39.70944
43.28549
46.2571
43.89431
44.8655
48.07299
49.59788
51.88103
45.48374
50.59921
44.45473
38.81935
43.18084
48.64972
36.97037
42.51859
47.05209
44.30522
43.66731
51.58042
46.50742
45.77519
44.57036
50.20764
45.07785
38.04301
49.2038
44.60252
55.32988
40.83181
48.87741
45.38526
48.88426
42.77915
48.05514
48.57156
45.38424
41.4274
43.8302
39.01719
45.23618
50.71531
48.85487
44.65395
43.30219
44.79164
47.08327
46.32252
52.41999
49.63563
44.90148
44.53207
41.77461
40.49334
43.7411
43.0252
42.30057
46.30342
42.3012
46.7398
51.81156
47.32429
41.80903
42.93037
52.58033
38.09723
46.80716
55.93146
47.88116
43.57193
48.00005
43.44975
43.76441
47.05265
42.76001
49.6011
39.32636
47.93752
52.12006
44.99082
46.24043
45.38785
45.61899
48.28948
49.43879
44.91354
52.71631
51.9057
39.91565
41.21587
48.10359
49.4048
45.82715
39.14577
41.7572
47.55241
45.25649
51.13944
41.17983
46.1332
42.43277
49.78699
50.6659
56.10631
42.20777
50.9443
46.83302
43.22496
44.69444
42.96786
50.8893
47.52847
39.23498
46.56788
47.18104
42.68913
46.19083
38.85382
43.93778
50.58036
47.96866
48.68704
56.23262
43.90212
44.9074
44.33393
40.50521
40.1765
52.45643
39.75702
44.20439
43.58423
44.08852
43.86066
48.02312
45.26188
48.3483
49.68117
44.70774
46.10074
46.40308
43.59387
52.73238
47.44836
50.7052
49.71544
45.3092
44.13709
40.52673
42.4083
47.55918
43.11188
44.63693
46.95858
49.10696
39.72054
47.67436
41.71711
45.45886
45.23765
43.44977
49.62382
43.9278
46.05436
45.8702
49.77366
47.2668
40.84602
44.79077
49.44899
44.53808
43.19552
54.5911
45.64941
41.23168
43.81033
46.73355
46.01874
49.25829
46.43145
41.13747
46.37664
47.92135
44.49854
47.86116
46.42529
45.29102
45.49442
46.87815
52.33825
45.43561
49.84126
42.86655
44.15853
45.76345
44.62756
41.66397
43.69913
50.92645
45.22342
43.16833
39.34296
49.66983
46.84985
46.93578
46.48169
49.9147
48.90159
45.60615
49.81197
48.23485
44.3273
46.36991
45.08225
42.93221
45.43295
45.17996
45.80858
40.54237
43.75368
48.92328
44.95214
48.43854
46.77367
44.16037
49.33632
50.68939
47.01276
42.47707
45.08947
42.45956
51.21408
52.72786
44.83164
46.56591
48.25554
46.41709
49.40584
48.73662
45.1946
51.0173
48.98633
43.35998
39.53077
49.68181
48.80502
36.84846
51.88209
40.67877
46.30786
48.03179
43.10193
46.28963
43.83819
43.45379
40.98444
47.18708
46.72422
50.78723
53.51113
43.61449
39.4752
48.56492
48.69062
42.4507
48.95272
49.78749
44.60002
42.0092
48.06239
42.52636
44.61914
43.29144
45.2426
44.93305
41.27727
48.47809
52.01048
47.4798
46.75942
47.85909
41.19835
40.02328
43.42932
41.93642
44.47226
40.9858
38.57112
48.32833
42.63125
40.91513
49.41101
45.75738
46.25511
51.22085
43.42544
45.94654
48.11795
53.84666
48.17669
49.73045
48.105
44.89224
54.34794
45.03351
40.61579
42.49551
43.41518
45.39404
47.88714
44.527
48.55242
43.10098
44.15872
45.00178
38.38768
43.40387
51.54723
45.78942
45.80686
46.87501
42.76286
44.76086
42.31204
49.2814
49.96892
44.57165
51.9298
49.8624
40.84958
48.51184
46.66713
45.11173
42.46149
44.35608
44.80076
46.50366
46.64675
43.46148
48.0977
47.34005
47.30396
43.80123
46.21565
43.47753
47.67259
46.65602
41.82322
43.12266
49.13788
45.34582
46.66551
48.70856
40.92499
43.46523
45.28392
44.80197
47.17499
44.99346
45.4192
42.44478
47.88535
47.58211
47.54248
48.37531
53.23936
44.67501
46.20481
43.78632
45.48404
42.97224
45.91238
42.18073
44.39891
46.65032
44.82536
43.41853
49.00203
49.07222
54.94145
35.75432
48.78329
46.79058
52.77366
48.85304
44.63445
43.65982
38.04527
46.8869
42.02939
44.15222
46.69205
46.28144
41.03127
40.2227
46.57279
49.53008
42.33932
40.32971
38.64234
43.88882
46.97291
43.76543
47.12427
49.82779
43.38808
42.90409
40.56628
47.26421
45.98003
46.34335
41.71215
52.16099
48.89107
49.45473
48.80746
47.03151
47.77781
44.1026
49.48218
42.6639
41.29333
47.75953
47.26364
42.21442
49.51298
49.80274
52.91342
44.13357
46.8193
48.8688
41.2258
48.00152
47.72838
46.86745
38.601
46.81976
44.1133
47.74761
48.33898
39.90005
52.35137
41.95754
43.63093
37.59053
47.26772
46.45363
53.97681
43.85129
46.93529
46.00941
34.49948
50.63994
47.66316
43.64263
40.83661
51.72931
49.18353
44.55703
42.13608
47.37064
43.1378
35.9175
51.62308
42.18551
37.17691
43.01305
42.15906
45.84671
45.72752
44.8478
37.53937
40.01991
41.24863
43.42138
50.2746
43.47538
43.88846
46.56509
45.11963
46.48206
47.37778
53.14044
45.68855
42.70817
50.37145
42.04542
48.10275
44.20157
44.15853
53.77476
46.5198
46.09178
42.3386
51.15147
52.71343
43.53098
42.85144
48.60099
47.44953
50.28495
43.40884
43.75722
42.06245
42.48278
56.51989
44.58257
40.1973
46.34702
45.51908
42.10702
46.28496
38.88063
45.9703
46.5093
47.23616
43.29456
51.84658
40.84664
44.25469
47.75241
40.94411
52.46578
42.47016
45.83552
47.55457
48.50539
43.61171
43.09216
46.26594
41.4065
45.62751
46.55738
36.34293
51.47378
45.52755
44.30014
45.04187
48.35991
45.35571
46.92735
50.0248
43.57328
46.32095
43.10856
43.7165
48.02264
44.5042
47.67902
40.01089
43.19401
41.11713
50.16412
49.79936
49.68952
44.12027
48.29106
44.46876
43.62608
44.44366
50.19199
45.95058
41.40986
46.47649
43.11986
49.871
49.08829
44.73899
48.95365
43.10778
43.16294
50.30862
42.35963
43.8508
46.72549
45.88158
44.12737
41.79296
48.89363
44.51027
45.78416
47.85362
43.24655
43.36374
47.69894
45.82431
46.94927
43.64924
49.4699
48.03264
45.48459
46.72478
36.93539
38.76004
40.37494
45.87518
48.09138
44.4924
40.85755
43.39301
41.58898
46.85345
47.47547
42.94582
43.93379
46.77573
52.71861
52.38941
46.5219
51.4692
43.80174
50.47729
43.8292
47.48374
43.60278
50.01533
45.20841
42.80028
40.72288
47.76729
39.31523
48.91369
45.05192
43.72531
37.99086
45.60183
51.05608
47.12414
41.12177
50.08885
38.55756
41.7403
43.16897
47.69997
48.52854
44.53574
47.48527
43.18282
51.30262
43.97932
39.4769
48.21816
54.2298
37.9557
48.69585
51.56591
48.96486
52.58247
46.16573
43.73529
42.8018
42.04073
46.57613
44.05249
45.62878
50.4988
51.02829
47.88696
42.48291
40.92709
49.57234
44.90751
49.50198
39.68959
45.01756
43.47586
39.98432
46.46482
47.33497
45.81099
42.56611
48.73033
48.8412
49.92329
45.98413
48.5583
50.86928
42.59312
42.85133
43.73967
49.27626
46.21798
40.74849
48.35597
48.44043
45.31771
43.03429
40.04655
54.5374
47.34631
43.38089
47.29689
43.38244
45.30774
42.84106
42.1194
49.69842
42.83672
45.39079
43.20963
46.38249
49.74674
46.07708
53.36682
47.89903
54.15545
41.17367
49.68874
44.19217
43.37985
47.92573
49.17941
42.59474
50.68204
46.42785
46.42069
52.98208
46.56351
53.2152
50.6963
53.95585
42.37851
41.78186
49.21846
46.62881
43.88923
45.88707
44.05774
52.41453
48.93599
44.40164
52.18967
52.31113
38.02552
46.3621
44.37775
44.44381
47.9129
40.56437
44.56385
54.52524
45.82999
45.9382
47.8832
39.96286
45.25369
42.46472
43.66933
50.53935
45.10462
48.22858
41.83286
45.11237
49.53607
44.59725
44.05812
41.78033
47.45927
43.60868
47.21377
48.6055
44.31852
39.18695
44.64486
43.96349
44.50642
47.19722
39.48847
38.86587
44.91916
43.43884
48.38093
51.67314
43.41079
42.32812
43.20951
44.734
51.42668
42.12784
49.57087
44.94802
43.56366
47.71763
44.17426
50.74231
53.67668
47.00204
43.48278
50.04434
45.31884
43.70603
48.76014
52.19659
48.62831
48.09971
45.97875
46.3009
47.66484
47.26239
36.75874
45.34636
45.47828
43.78118
44.07478
51.84976
49.1
48.60618
45.5768
42.88682
45.98577
41.85979
46.76943
50.23865
39.37206
38.69516
54.55057
45.50745
44.27181
52.92598
49.59034
52.34362
47.98581
54.47924
50.10712
52.56497
48.24887
47.49358
41.43149
41.06479
46.87951
44.78949
47.939
39.42617
52.64017
41.46572
42.63555
57.07118
48.86975
39.92869
50.87125
40.89972
40.92081
44.19566
39.19978
45.60605
49.94726
47.67382
46.03856
43.78243
52.34083
53.77898
48.72429
47.89501
52.82108
48.92526
40.35791
51.76743
51.38816
43.18447
53.31979
53.94972
53.64017
39.10303
45.72675
46.30025
46.82493
45.94336
54.20938
43.5194
45.75831
41.92924
44.10071
47.92227
51.43141
42.60151
43.94289
54.45432
42.31097
46.15179
51.02266
41.64564
47.5221
42.51995
43.697
44.71368
41.77672
43.43952
39.89063
47.5298
44.41245
44.82165
41.63927
46.10279
44.07508
45.00847
47.89496
45.26317
43.28522
45.39091
46.53739
44.26345
43.94095
46.50171
44.97478
43.05339
41.87052
49.45479
51.24966
51.89774
46.10986
46.33796
54.51163
49.68134
42.46971
42.96628
49.59236
49.34033
40.71413
51.66897
48.65557
44.45216
46.48581
45.05551
44.77982
42.13505
44.30003
44.24781
44.29509
47.42447
46.03027
42.31989
42.03167
46.47071
42.02549
47.33023
39.26166
44.17748
43.26171
45.89213
46.1318
46.59067
42.46115
50.58825
47.00149
49.30168
46.78308
47.74007
47.46993
42.17564
41.52064
41.4451
46.98818
49.80395
45.71529
42.77506
44.83811
42.32306
45.32443
40.93248
39.40983
40.51872
47.10209
43.7808
42.69106
51.80988
44.31313
46.66787
40.61941
46.90157
49.38415
52.92145
45.24969
40.89767
43.81718
46.51247
41.71026
47.92109
46.15718
45.09913
42.93534
46.96931
47.97981
51.66683
42.48149
45.73447
