0.3872786 11.43448
0.3554628 10.35637
0.3440551 9.666237
0.31928 10.46684
0.340772 10.89405
0.305464 10.55914
0.3088749 10.85697
0.3176016 10.73501
0.3235334 11.12844
0.3169274 10.40327
0.312571 10.93545
0.3377736 10.97915
0.3276098 10.99075
0.3197255 11.32117
0.3246909 10.97732
0.3183383 12.29944
0.3130816 11.07847
0.3342949 10.80673
0.3094175 10.79299
0.3302802 10.83777
0.3671685 10.40157
0.3321356 9.870481
0.3106935 10.05861
0.317073 10.2711
0.3073704 10.44111
0.310733 10.34992
0.3346617 10.28746
0.3539228 9.921682
0.3742184 10.12362
0.3635029 9.398384
0.3382014 10.49593
0.3893102 10.89578
0.353839 10.8079
0.3684876 11.6714
0.370247 10.95835
0.3587689 9.840207
0.3851678 10.13962
0.3832949 10.60959
0.3389937 10.40889
0.3540065 11.90763
0.3631063 11.47246
0.352339 11.80943
0.3611418 11.56635
0.3621058 12.62811
0.3617955 10.90863
0.3499728 10.57534
0.3322942 10.93306
0.3686389 11.54137
0.340804 10.43607
0.3383178 12.13669
0.3416155 12.22333
0.3223711 12.08951
0.3169789 13.35472
0.3007956 12.75754
0.3156327 11.18073
0.2880712 11.37599
0.2914422 13.03026
0.3118762 12.90271
0.2972456 12.70175
0.3114007 12.10064
0.3279983 11.63778
0.3515123 12.40251
0.3258779 12.82631
0.3216096 11.06245
0.3185739 12.04209
0.3144421 10.26335
0.3246533 11.10527
0.3452771 10.36315
0.3253887 10.4777
0.350785 10.51006
0.3406139 10.62328
0.352405 11.17873
0.3264286 10.86664
0.333323 11.92295
0.3340931 11.53401
0.3278145 11.29352
0.3328231 12.22559
0.345843 11.87654
0.361448 10.70308
0.344821 9.422414
0.3812179 10.45828
0.3472716 10.59177
0.3579173 10.96193
0.3528234 11.84051
0.3905479 11.89777
0.3834989 10.3979
0.4000621 11.02311
0.3868853 10.23002
0.406265 11.0759
0.4054619 10.26446
0.3827242 10.56248
0.3928104 11.77085
0.3811067 9.657002
0.3963541 11.44048
0.399724 11.27278
0.3666872 12.30508
0.3747308 11.27737
0.3913219 11.31787
0.3634557 11.84281
0.3602457 13.07511
0.3775557 10.66535
0.3633198 11.05597
0.3784905 12.34801
0.3779015 11.63268
0.3770932 11.56974
0.3478815 12.20353
0.3437172 11.04105
0.3393062 10.16941
0.3518052 10.0435
0.3543108 10.6581
0.3484074 10.13297
0.3613706 10.10199
0.3352172 11.70427
0.3346202 11.64014
0.3516612 12.05212
0.3491747 10.12111
0.3435412 11.62212
0.332118 11.85199
0.3556492 10.12222
0.3163759 10.91316
0.3664905 9.627412
0.365633 10.2094
0.3850507 10.68593
0.3741143 11.38895
0.3742597 10.86482
0.4002999 10.99528
0.3799567 10.53484
0.3736315 11.2188
0.3579196 11.40891
0.3575427 12.11382
0.3905044 11.85647
0.3864587 11.48707
0.3444946 12.28347
0.3404124 13.16363
0.3552854 11.04252
0.370966 11.9533
0.3556685 11.79618
0.3636304 11.95211
0.3184552 13.26283
0.3156825 13.73559
0.3149019 13.36253
0.3311373 14.11816
0.3510919 12.77189
0.3631255 13.43687
0.3805705 13.30065
0.3751465 13.82234
0.3618719 14.29137
0.3397843 12.23551
0.3215837 13.74921
0.3500823 12.68944
0.366803 13.94857
0.3408708 14.13593
0.3473857 13.626
0.3497815 15.12931
0.3697301 14.28187
0.3710866 13.8924
0.354858 14.539
0.3142908 14.78851
0.3320021 13.09969
0.339495 12.44987
0.3355912 13.48979
0.3616058 14.30646
0.3263012 14.94805
0.338599 13.35996
0.3737381 12.96546
0.3577517 14.47288
0.3216921 13.74917
0.3300372 13.01312
0.3372267 13.27613
0.3136561 12.71983
0.3408059 12.65468
0.326027 12.20259
0.3814481 12.28132
0.3763621 10.54849
0.363071 10.74481
0.3692481 11.0664
0.3421084 11.37531
0.3522023 11.45269
0.361011 10.8881
0.3925193 10.11824
0.3544855 10.81181
0.3566733 12.17273
0.3890925 11.04384
0.3498825 10.74641
0.346846 10.38856
0.3841875 11.8228
0.3767953 12.44681
0.3617617 12.40183
0.3498482 12.29876
0.3410968 10.77131
0.3624168 11.04654
0.3707965 10.06039
0.3206622 11.27446
0.3700266 10.82892
0.3837239 10.57449
0.3704293 10.93587
0.3837802 10.66994
0.3799188 11.24088
0.374051 10.32933
0.3523753 11.79895
0.3466614 11.73272
0.3442418 13.04883
0.3527333 13.0586
0.315627 13.16013
0.3327609 12.44959
0.3310008 12.37023
0.3326933 13.51945
0.3244993 13.08473
0.2852889 11.63708
0.2975138 10.83711
0.3243331 12.4738
0.3035089 12.31966
0.2810786 11.33826
0.3135198 11.86461
0.3222039 11.25132
0.3457659 11.30597
0.3455364 11.27039
0.3350843 11.83645
0.3374122 11.83983
0.306834 12.49585
0.3424263 11.76658
0.3520648 10.30301
0.3514627 10.15448
0.3609316 9.913032
0.3553672 10.4373
0.3475723 10.59172
0.3388438 12.34809
0.3684218 12.05579
0.3627382 12.08409
0.3615782 12.18349
0.3414447 12.77549
0.31529 12.9289
0.3400349 15.34818
0.3407768 13.57298
0.3213187 12.62134
0.3312287 14.40011
0.3321212 14.47828
0.337832 12.07897
0.3503299 13.1936
0.3561962 14.1323
0.3397581 13.62147
0.3391176 13.89948
0.3455781 15.48297
0.3345015 14.84537
0.3154408 14.72785
0.3241285 16.09313
0.3180395 14.43822
0.3343712 14.66521
0.3206156 13.85675
0.3254043 15.65009
0.2926437 13.8139
0.3232521 13.98914
0.3016583 17.54136
0.3065156 16.68016
0.3206646 16.35267
0.2797125 17.23535
0.2848116 17.17829
0.3112211 15.50796
0.3004984 15.39892
0.3318349 14.01328
0.3038471 14.79406
0.323939 15.03597
0.3265147 15.0078
0.3174737 13.34599
0.3459231 12.61993
0.3342036 14.19991
0.3382773 14.88695
0.3395805 14.60657
0.331112 14.82191
0.3408267 14.36906
0.3300608 12.70848
0.3314141 12.53035
0.3681042 14.51353
0.3258161 13.25469
0.3178359 13.13512
0.2989872 13.52626
0.3160102 14.50386
0.359977 13.91307
0.3357976 14.6769
0.316763 15.93726
0.3101605 15.43953
0.3282597 13.14879
0.3072732 14.78229
0.2998222 14.74838
0.2855548 15.65538
0.3099961 16.27487
0.3164317 15.32552
0.3101051 15.37605
0.3212403 14.24887
0.3231777 14.42296
0.2967568 15.52334
0.2917994 16.12598
0.284754 17.11855
0.2912838 17.87919
0.2676949 17.40156
0.2567731 18.39081
0.2695922 17.23279
0.2891587 18.22589
0.2909203 18.84235
0.2694973 18.65064
0.263725 18.43935
0.2506359 19.79536
0.2420074 18.54973
0.2595205 19.2647
0.2554527 17.42048
0.2381765 20.11934
0.2413163 18.79692
0.2470874 17.64776
0.2624018 18.28606
0.2692216 18.12951
0.2616632 18.58187
0.2801703 18.2501
0.2863208 18.41557
0.273767 21.15208
0.2624199 21.30867
0.2503087 22.91925
0.2544465 22.04562
0.2576124 22.05237
0.2741492 20.69097
0.2692611 19.78433
0.2471293 19.0088
0.2700371 19.08445
0.2558835 18.22487
0.2506403 18.84842
0.283973 19.03961
0.2393661 19.81044
0.2813597 17.89092
0.2524014 16.64389
0.254643 18.52327
0.2711101 19.8408
0.2791822 18.81228
0.2598315 18.13417
0.2655612 17.98616
0.2887211 17.23242
0.2772793 15.99761
0.27804 15.81946
0.2868623 18.02704
0.272906 18.59102
0.2694887 17.561
0.2710984 17.13368
0.2647833 17.55317
0.2366839 18.53809
0.2626022 19.89273
0.2554484 21.39723
0.2692266 20.65397
0.2646411 19.7461
0.2331976 19.05751
0.2362609 19.5346
0.2449759 19.75798
0.2476057 20.47288
0.2727504 19.83891
0.2657318 16.76415
0.3006247 16.3494
0.2777764 19.57723
0.2756076 17.96569
0.2664313 17.43052
0.2750886 17.24288
0.2603704 18.29526
0.2464024 17.07851
0.2372822 17.81369
0.2597946 17.44719
0.2878823 17.07641
0.2513143 14.9017
0.282117 16.52363
0.2467333 15.81984
0.2359729 16.75862
0.2345854 17.07733
0.2192329 18.33729
0.2151956 20.03469
0.2347818 18.72915
0.2225721 17.93346
0.2181982 17.20096
0.2647727 15.49304
0.2768612 14.71299
0.2640194 14.25396
0.2630255 14.96539
0.2601024 15.80548
0.2881712 15.6329
0.2827294 15.13813
0.2758941 15.87683
0.2877213 15.84429
0.2802119 16.78479
0.2676484 15.81644
0.2809407 14.75729
0.282681 14.115
0.2427775 15.16076
0.2658126 16.17062
0.2879933 14.00691
0.2735093 14.9073
0.270992 15.79004
0.2614487 15.08458
0.2843253 13.88918
0.2811532 13.07294
0.2751928 12.52175
0.257316 14.47459
0.279486 14.55558
0.2454398 14.72393
0.2493585 13.9797
0.2716238 13.9439
0.2723238 12.30437
0.2765117 14.07314
0.2462517 15.29318
0.2350888 14.60298
0.2559861 14.03228
0.2528528 14.87108
0.2571886 14.40155
0.2599507 14.55854
0.2245308 16.73325
0.2383738 15.80028
0.2404022 15.75698
0.2489297 17.63942
0.251035 16.05637
0.2645917 15.07458
0.2589577 14.31161
0.2464683 15.09057
0.2624432 14.39054
0.2878236 14.71748
0.2633042 16.14787
0.2309776 16.1323
0.2637512 15.29359
0.2390239 17.30591
0.2546413 16.39638
0.259378 17.85354
0.2534918 19.23681
0.2412539 19.76237
0.2251236 19.7507
0.2615671 21.92386
0.285088 19.39541
0.2575817 19.5345
0.2519078 17.72808
0.2600977 17.22355
0.2857194 16.27474
0.2920469 19.08512
0.2630566 18.24277
0.2706151 18.14319
0.2734558 18.0277
0.2669133 17.18428
0.2628598 16.58997
0.2382765 18.56537
0.2407703 19.07825
0.2385548 19.22552
0.2134708 18.54859
0.2343957 19.55164
0.2387782 18.72546
0.2464909 19.34211
0.2116352 20.13881
0.2184204 21.80129
0.2103484 18.59175
0.230083 20.74751
0.2186147 21.26636
0.1999921 20.67158
0.2343685 19.69878
0.2202021 20.62232
0.2051612 22.15433
0.2036135 22.27209
0.2118795 22.44088
0.2471352 19.38819
0.2538756 19.0448
0.2560367 18.78033
0.2336604 19.49911
0.2382556 16.88508
0.2529211 16.8551
0.2715069 17.85181
0.2225093 18.26263
0.2512481 18.56077
0.2463311 19.7907
0.21127 20.46957
0.2152304 19.91262
0.2224042 21.93717
0.215333 23.30145
0.2231138 20.81649
0.2001451 20.89495
0.2490011 18.66754
0.2239929 20.50816
0.242814 18.66425
0.2440502 18.7346
0.2085381 17.88398
0.2404604 20.1606
0.2367348 22.87037
0.2269252 19.18397
0.2792915 19.93731
0.2536155 23.66315
0.2547877 22.74363
0.2542251 21.31601
0.2382978 18.67362
0.2480191 19.26448
0.2506165 18.45785
0.2670462 20.09421
0.2523896 20.06613
0.2663562 19.98835
0.2848064 21.46256
0.2811839 21.62768
0.299355 18.71722
0.2998756 18.52981
0.2972464 18.70038
0.2870265 17.71714
0.2823797 18.12017
0.28264 16.40077
0.2903233 16.02551
0.2555538 18.55714
0.2707024 17.58448
0.2751006 17.72956
0.2755568 17.0841
0.2668406 17.21027
0.2936542 20.26432
0.2745058 17.46795
0.2847249 18.66719
0.2805854 19.05124
0.2721094 18.67062
0.2687845 19.64532
0.286478 18.70144
0.2553143 19.0721
0.2726079 18.95971
0.2767198 18.43897
0.2436549 18.5051
0.2562569 18.49112
0.2569506 18.69608
0.2430364 17.28167
0.2496413 16.24977
0.283162 17.8095
0.2440377 17.88905
0.2680882 18.29107
0.2515295 19.53906
0.2588923 19.79908
0.2724412 19.43427
0.2724368 21.87728
0.2687773 21.01892
0.2536947 24.47167
0.2678479 24.34628
0.2358623 25.28916
0.2452634 27.68668
0.2399529 26.45552
0.2224473 25.86853
0.250489 24.60039
0.2344949 22.06629
0.252241 21.81329
0.2419603 22.04602
0.2482463 24.98747
0.2447951 23.76623
0.2611593 25.16159
0.2455273 27.25125
0.2555413 24.99969
0.2581201 23.62098
0.2540438 22.71301
0.2883973 23.45721
0.2274856 23.84967
0.2458878 24.86122
0.2461773 23.89696
0.2544751 25.79384
0.2588618 21.39131
0.2629317 22.25235
0.2800222 18.58959
0.268633 23.0455
0.2525327 22.59552
0.2689455 21.34526
0.2893259 22.68332
0.2793452 22.66826
0.2708947 23.30879
0.2572287 22.74727
0.2828136 19.76013
0.2983301 19.312
0.2817631 20.77714
0.2778315 22.10021
0.2742577 21.31837
0.2295699 21.05432
0.2732246 19.85323
0.2537087 21.89069
0.2574334 22.48679
0.269245 22.8289
0.2467748 24.07136
0.2990757 21.06399
0.2758892 21.51854
0.2745223 21.31723
0.3192131 20.82713
0.2701947 21.66091
0.2907045 19.80697
0.2930286 20.62496
0.3036914 20.27906
0.2831934 19.70045
0.2937097 18.92252
0.2936556 18.95109
0.2805387 18.27395
0.2873793 20.10687
0.2829698 22.07747
0.2855198 21.08466
0.2786805 21.37581
0.296218 19.15226
0.2902459 18.96106
0.3039334 22.42633
0.2806414 21.31114
0.2830044 21.34505
0.2657199 21.26763
0.2939188 21.09347
0.2775193 20.29919
0.2454043 21.68094
0.278242 22.14944
0.2726476 18.9277
0.2694688 19.27821
0.2720159 22.2884
0.2479161 17.24281
0.2605934 17.46421
0.2614743 18.71714
0.2796647 18.26143
0.2712284 20.49705
0.2686043 20.22414
0.2420802 19.5264
0.2568169 21.089
0.2534069 21.55343
0.2621742 20.71288
0.2620774 20.89905
0.2855702 20.74799
0.2708524 20.72778
0.30466 20.36969
0.2740182 26.55129
0.2829067 23.388
0.2415299 23.78182
0.2549857 23.09003
0.2691389 20.46958
0.2554428 20.67027
0.2621383 23.34964
0.2551951 23.40249
0.2912269 22.70367
0.2398993 21.3015
0.2599575 22.91986
0.2824695 21.61327
0.2799326 19.30337
0.3065766 20.40784
0.2731691 21.7263
0.2578419 19.47333
0.2531863 20.20843
0.2560952 21.18376
0.2598032 20.64725
0.2652088 21.09308
0.2621083 20.80676
0.2771806 20.22578
0.2564233 21.32706
0.2560297 23.73384
0.2409974 20.57062
0.2394794 21.49863
0.2510992 21.17873
0.2383248 22.21698
0.2261184 25.15944
0.237201 24.40269
0.2512212 26.22353
0.2360985 22.89712
0.2574222 25.41283
0.2379498 22.09027
0.2688697 24.38368
0.252011 20.92285
0.2631035 21.04821
0.2590952 22.37524
0.2731526 22.82934
0.2801234 21.31254
0.2609812 22.34757
0.2527902 25.81032
0.2452287 25.90665
0.222986 22.64108
0.2324248 22.82506
0.2390869 21.86494
0.2355568 24.35062
0.2448773 26.25939
0.2480235 24.85105
0.2345015 26.70616
0.2295928 27.13668
0.2281419 25.40495
0.2449238 27.05611
0.2548385 25.3328
0.2345304 22.29042
0.2689484 27.82338
0.2458428 25.16441
0.234741 21.52311
0.1946093 20.32725
0.2090558 23.11327
0.2274405 24.89776
0.2394521 21.46202
0.2397356 21.04921
0.2632838 23.21396
0.2383184 21.49994
0.2529627 22.0262
0.2364545 21.49928
0.2142242 23.77678
0.2030004 21.07809
0.2209445 23.09307
0.2350114 20.36606
0.2172451 22.61704
0.2412024 21.54498
0.2383751 21.1474
0.2621688 19.58761
0.2877553 18.99721
0.2714037 20.31755
0.2830115 21.67097
0.2549757 19.10892
0.2724313 20.35315
0.2785656 22.53086
0.264104 20.53784
0.2412236 18.30985
0.2732789 17.10432
0.2712026 18.47994
0.2868361 17.672
0.2751369 15.62588
0.2994085 17.67957
0.2429347 17.41379
0.2556028 17.20843
0.2594928 16.59175
0.2716064 15.60587
0.266309 17.18213
0.2668105 16.83582
0.2553155 17.23974
0.2459223 18.74435
0.2668797 18.93299
0.2804614 17.31399
0.2725923 16.9882
0.2732858 15.53441
0.2266493 15.29383
0.2529848 17.7439
0.2237043 18.49713
0.2510555 18.24568
0.2354566 18.55869
0.2459982 21.77253
0.2591012 20.72244
0.229546 21.29502
0.2400265 20.85578
0.2497103 20.82127
0.2468094 20.03892
0.2403018 22.18804
0.2120921 22.99021
0.2221204 23.96386
0.2283922 25.17704
0.2326749 21.94786
0.2397185 22.96103
0.2300388 20.49893
0.2640664 20.69962
0.2590443 20.76912
0.2619677 21.58683
0.2443425 22.0005
0.2332651 20.37431
0.2574099 20.6247
0.2639093 20.11556
0.2520059 20.06415
0.2336841 19.69133
0.249766 19.4072
0.2371926 18.8919
0.2263838 20.13908
0.2461761 21.23943
0.216179 22.79117
0.2482787 19.96607
0.272679 20.89644
0.2539637 19.75347
0.2474099 22.50332
0.2303819 21.13554
0.2484549 23.48069
0.2441089 25.61575
0.2386784 24.50041
0.2494991 25.02166
0.237945 24.69503
0.2310892 21.71597
0.261298 18.86668
0.2577372 20.24804
0.2730973 20.01485
0.2630247 20.85218
0.2598301 20.62902
0.2605614 21.55763
0.2666575 21.76047
0.2368782 20.17697
0.2542547 20.13929
0.2666314 20.37913
0.294766 19.71501
0.2694037 19.4114
0.262403 22.50978
0.294884 21.39171
0.2519378 20.88484
0.2657112 21.17402
0.2715036 20.06053
0.275914 19.31225
0.2693438 20.29919
0.2659426 18.17985
0.2677422 19.57338
0.3003023 19.08847
0.2913844 19.67466
0.2804687 21.9973
0.2615076 20.68924
0.2416983 20.91892
0.3099604 19.16376
0.302345 19.22145
0.2981102 20.83426
0.2865177 20.08791
0.2953057 19.59607
0.2966405 17.49227
0.3006358 20.40386
0.3008923 19.15262
0.3110949 17.42028
0.3096119 17.63291
0.2985107 18.10026
0.2856183 17.60655
0.2725232 16.55834
0.2841766 15.10086
0.3065496 14.96313
0.2985334 15.2207
0.2615007 15.89112
0.2817656 16.4245
0.2913979 19.18369
0.2762007 19.01518
0.2605964 19.37726
0.2772044 18.61955
0.289136 18.31754
0.2896435 15.25806
0.3116549 17.01327
0.3147333 18.31436
0.3070088 17.16862
0.3069641 15.41539
0.3040597 16.00563
0.3111797 15.67539
0.3287584 14.01346
0.291946 14.41343
0.3090746 14.11733
0.3180954 13.69599
0.2933698 14.94449
0.2817862 13.99336
0.280434 14.36224
0.2874165 13.47188
0.3014997 13.68675
0.3149502 15.07667
0.3102959 14.95885
0.3031794 16.12396
0.303324 15.29086
0.2916907 15.19088
0.309255 15.73757
0.3022218 14.96714
0.3119755 13.49225
0.2923269 13.83264
0.3226585 15.27151
0.3043077 14.79481
0.3030127 14.8282
0.304446 16.40314
0.2977427 14.788
0.294914 14.42821
0.2798854 15.28258
0.272937 16.38936
0.2657453 15.27246
0.248091 14.65827
0.2639099 16.06086
0.260427 15.05997
0.2780839 15.24315
0.2758527 14.44992
0.2733925 14.07822
0.2729076 14.87521
0.2983243 14.61987
0.2703858 16.04002
0.2707738 15.44055
0.2837715 14.8956
0.2583242 15.07001
0.2641283 14.20848
0.272975 14.63876
0.264034 14.71927
0.251442 15.46704
0.2593228 17.22759
0.2424601 17.03622
0.2207757 18.12103
0.2265175 18.08794
0.2109008 17.64695
0.237476 17.11236
0.2389274 17.60655
0.2456114 17.28511
0.2267619 17.90047
0.2144322 16.17956
0.2310344 16.86732
0.2113937 18.64656
0.2296301 21.40111
0.2272538 19.70762
0.2274752 21.5145
0.2417493 19.09457
0.2490632 17.82121
0.2433383 18.30423
0.2424624 19.55079
0.2400684 18.44737
0.2663461 18.46913
0.2617485 17.04952
0.2608077 16.75947
0.2717469 16.95954
0.2688655 18.66975
0.2713833 16.98612
0.2610272 18.07273
0.2621478 19.49669
0.2433015 18.95781
0.2308906 21.29477
0.2469096 21.55457
0.2320912 22.55955
0.260203 22.92048
0.2580755 23.17547
0.2693564 23.0024
0.2550548 21.42663
0.2598473 19.97361
0.2554795 20.18124
0.2533413 20.43078
0.2424495 19.53706
0.2297655 21.01093
0.214919 24.00314
0.2527877 23.26817
0.2275449 21.06008
0.2119663 20.34601
0.2305894 19.32799
0.228467 20.72974
0.2439979 19.86602
0.2267609 19.74603
0.2082111 23.51519
0.2232787 21.09766
0.2491398 20.49048
0.2495524 21.43251
0.2263373 20.04271
0.2606343 20.42483
0.2284921 19.44156
0.2379748 23.14412
0.2216418 21.30665
0.2605265 17.51199
0.2602466 16.3002
0.2593788 15.49232
0.2813458 15.81791
0.278195 18.46768
0.272623 18.50333
0.241514 20.50308
0.2454877 18.90974
0.280254 17.93731
0.2816111 20.0416
0.2528763 17.07534
0.2431463 18.81065
0.2752042 17.62147
0.2713223 16.84086
0.2757726 17.63281
0.2509749 16.97841
0.2653434 17.0327
0.2745268 17.09328
0.2642298 17.45436
0.2805158 20.19796
0.25098 21.50893
0.2465598 21.07092
0.237534 21.8852
0.2354369 20.10791
0.2186496 20.2002
0.2198501 20.02994
0.2333934 19.59604
0.2365768 21.68715
0.2125194 18.30576
0.2470019 19.08438
0.2509013 19.10572
0.2217428 21.66017
0.2429395 19.95186
0.233615 18.9243
0.2450393 18.91243
0.2377318 17.24483
0.2450849 19.47603
0.2271281 20.85942
0.2464699 19.1097
0.24493 20.11345
0.2626027 15.83056
0.2910913 15.73444
0.269489 16.47218
0.2720076 17.73726
0.269943 17.29063
0.2646176 16.72263
0.2506925 16.03691
0.2386751 16.89126
0.2438224 16.85437
0.2304701 17.07652
0.2526762 16.81609
0.2216389 18.7443
0.2512802 17.6124
0.2634671 15.29064
0.2474073 16.22027
0.2463379 15.68007
0.236959 17.04912
0.2402097 18.93328
0.2470153 16.71085
0.2228046 17.33314
0.231622 17.78037
0.2269584 17.77909
0.2269054 19.34218
0.2226614 19.39578
0.2122033 19.83924
0.2055443 22.67776
0.1838438 23.05089
0.1985957 22.14733
0.2046634 21.31963
0.2046141 20.57944
0.20843 21.28959
0.1915098 23.93899
0.1866212 21.1982
0.2319672 21.69648
0.2425465 19.35654
0.2255487 25.18064
0.2326618 25.66274
0.2372879 20.99426
0.2412074 19.95363
0.2355799 22.23207
0.2308646 21.1619
0.2257649 20.25896
0.2037322 20.75516
0.2186135 19.8306
0.2231543 20.96434
0.2348639 21.57741
0.2235555 19.09904
0.2437936 19.08555
0.2606207 21.55291
0.2584869 19.82931
0.2421377 20.5066
0.2447578 20.58988
0.2423964 20.59836
0.2355348 21.61354
0.2343074 20.31035
0.2290628 20.53173
0.2432801 20.91615
0.2519174 23.40903
0.2573248 20.70319
0.2633241 19.37996
0.2630527 20.12928
0.2301604 17.59369
0.2579614 16.13981
0.2568505 15.46567
0.2771494 14.98157
0.2693069 15.22132
0.2516652 15.92318
0.269044 14.5992
0.2490686 15.06181
0.2656008 14.03044
0.2455418 13.91281
0.2615628 13.29898
0.2653395 13.1358
0.2769389 15.32065
0.2670569 13.80642
0.2760832 14.59339
0.2870478 13.66597
0.3009662 13.71084
0.2954802 14.98596
0.2997585 15.80606
0.2767479 15.48888
0.2769338 15.48827
0.2957725 13.5
0.3148058 13.92466
0.2943768 12.94245
0.2829233 13.30247
0.3191455 13.85972
0.2874965 13.82084
0.3005399 15.00676
0.2931519 14.90538
0.2861183 15.75691
0.2755292 15.73046
0.2555423 16.09634
0.2381604 17.06311
0.2355095 16.31566
0.2558166 14.87183
0.2301951 15.0727
0.2771604 14.4692
0.2540707 15.1022
0.2595375 17.01052
0.2431639 19.13293
0.2669115 17.39953
0.2385756 17.43044
0.2473261 17.85281
0.2412025 16.33762
0.2599169 16.73163
0.2320494 19.96346
0.2323112 17.41716
0.2678694 18.94211
0.2483821 17.88243
0.2519372 16.33186
0.2513107 17.17462
0.2584749 16.24245
0.2755291 15.4592
0.2864164 16.59898
0.2787008 15.36654
0.2684723 14.38145
0.2827873 15.96597
0.2619084 16.19038
0.2724999 17.46073
0.2677713 16.39434
0.2605773 16.03425
0.2861051 16.12733
0.2937356 15.55201
0.2627689 14.83359
0.2655879 15.57479
0.2652304 17.24304
0.3035279 15.48436
0.2414724 15.59748
0.2636147 15.38151
0.2754907 15.7683
0.2554485 16.38505
0.2460819 17.2962
0.2714242 19.08583
0.2922845 20.59978
0.3014279 18.82805
0.2849919 17.52357
0.2830128 18.0312
0.2941826 17.69399
0.2926285 18.07628
0.3141928 15.78714
0.2932397 16.80686
0.3113654 15.51639
0.3297004 17.53839
0.3343006 15.15109
0.3403556 13.76141
0.3447719 14.18081
0.3501631 13.20094
0.3079966 12.22615
0.2974194 13.61229
0.3319907 13.60462
0.3429727 14.11241
0.349471 14.96934
0.3343196 13.80405
0.348707 13.73098
0.3422528 13.70439
0.3262215 15.36029
0.298158 14.72782
0.3038196 16.86017
0.3079761 15.06629
0.2953707 16.60442
0.3017863 17.77959
0.277821 16.66052
0.3034859 15.63982
0.3068351 16.65143
0.3007058 16.463
0.2768967 18.2169
0.2751556 16.82925
0.2851232 17.08441
0.2932659 16.62293
0.2580984 19.59543
0.2943688 15.89442
0.2692887 17.03318
0.2923286 18.4129
0.2638348 21.02904
0.2573953 21.50726
0.2693864 19.56736
0.2421731 20.09046
0.2474045 19.74793
0.2479374 17.98072
0.2646409 19.29201
0.2221076 19.56243
0.2432652 18.3849
0.2342203 17.1054
0.2433678 16.97703
0.2181498 16.52656
0.231575 16.56195
0.2698598 16.90473
0.2678762 15.89626
0.2503244 13.76738
0.2257799 16.19641
0.2327433 15.80072
0.2439663 18.23637
0.2503655 15.81775
0.2650916 15.00086
0.2693494 16.00204
0.2634487 17.10919
0.2471005 17.23716
0.2374625 19.42283
0.2398119 19.47263
0.2458021 18.65876
0.2761747 18.0421
0.2741691 20.45496
0.2709236 21.08823
0.2503783 21.19485
0.2789896 21.93497
0.2776909 19.82799
0.2617489 18.89242
0.2805472 19.34366
0.2474465 18.57789
0.2672434 20.10332
0.2809623 18.56564
0.2959846 18.06364
0.2730135 18.58984
0.2981381 18.40318
0.2837878 18.87957
0.2933957 19.1294
0.2736133 19.9723
0.2818306 18.77524
0.2892803 18.84756
0.2741808 19.13555
0.2904762 18.59852
0.2808598 18.09034
0.2652551 18.06886
0.2749328 17.42784
0.2749169 17.3049
0.2613035 17.55828
0.2835847 18.61112
0.245008 16.49521
0.27429 15.5482
0.2905552 16.53431
0.2907186 17.59435
0.2439673 16.72096
0.3235294 18.34376
0.2702879 17.7553
0.2716354 20.22365
0.2846187 20.22496
0.2972266 15.94804
0.3037367 18.44485
0.299719 19.10646
0.2932902 18.8463
0.2737655 19.55636
0.2947466 18.38619
0.2996473 19.25086
0.2852335 21.35764
0.2691251 19.74919
0.2583061 22.85786
0.2797765 21.29756
0.2819032 18.27977
0.2510179 19.9641
0.2571206 20.86702
0.265313 21.98554
0.2865894 19.99519
0.2928315 19.40707
0.2979888 20.28466
0.2762285 21.20535
0.2778081 19.7713
0.2834698 17.35868
0.2957413 19.37308
0.3069363 16.45634
0.285174 18.01485
0.2904641 16.93139
0.2541811 16.66262
0.2792386 16.71134
0.2624085 17.71779
0.2701498 15.3879
0.2988462 17.04495
0.2861196 17.0914
0.2552587 15.9181
0.2940329 16.86717
0.2722265 16.99332
0.2819101 17.74672
0.283653 17.30373
0.2513348 14.41735
0.2618725 14.69885
0.2440464 15.98914
0.2684271 16.69947
0.2553529 16.6476
0.2354688 17.03066
0.2571629 18.44516
0.251257 16.86883
0.2358834 16.5315
0.2395341 17.58792
0.2411473 18.85953
0.2335116 18.5414
0.2203254 18.43521
0.2541244 16.9912
0.256172 17.19951
0.2585051 16.62983
0.2515102 16.21486
0.2723687 17.67457
0.259354 16.69929
0.2776066 16.94416
0.2714538 17.29825
0.2681198 17.71547
0.2693041 18.8721
0.2642338 18.0398
0.2610319 18.81957
0.2476165 18.83329
0.2603062 20.63304
0.2613419 20.8058
0.2457369 18.88337
0.2475999 18.71435
0.269395 18.75823
0.2434067 18.28477
0.2340872 17.62628
0.2383566 18.31305
0.2488969 19.83653
0.2187026 21.0028
0.2381142 21.67298
0.2221874 20.52675
0.208242 22.54992
0.2191089 20.16415
0.2041039 20.26906
0.2248842 19.81304
0.255583 19.44838
0.2375218 18.14677
0.2380375 20.25817
0.2453109 18.67
0.2660764 18.75418
0.2464273 19.39659
0.2587201 19.61937
0.2401245 20.90489
0.2676456 18.2724
0.2361265 18.53919
0.2685904 18.55775
0.2616621 17.22184
0.2722187 16.95876
0.2762955 18.08379
0.267701 19.02203
0.2389524 21.37288
0.2548884 21.67292
0.2676894 19.70134
0.2645691 19.9584
0.2370616 17.35046
0.2442767 17.08068
0.2064814 18.07208
0.2448587 16.5366
0.2310365 20.80162
0.2166857 22.90848
0.2118202 21.78398
0.2123484 22.66706
0.233536 22.00845
0.225276 21.36993
0.2284085 20.98359
0.2336829 19.52027
0.1945116 21.0694
0.2000062 20.10293
0.2210324 19.79517
0.217572 22.56334
0.2169051 22.60506
0.2137197 22.14886
0.2303151 21.7043
0.2044277 20.92783
0.2057694 21.72866
0.2047846 21.17857
0.2074815 23.2793
0.2126879 24.73488
0.2097307 25.11881
0.2030259 26.1989
0.2235332 23.43022
0.1787516 24.53756
0.2071222 24.48925
0.1901558 23.58682
0.1949785 24.78156
0.2014796 26.71742
0.2261289 21.5863
0.2430594 21.92141
0.2062862 22.95236
0.2304941 18.77387
0.2393356 18.88917
0.2346148 17.47613
0.2463015 18.50663
0.2542927 16.48003
0.2664172 17.38257
0.2302686 16.27491
0.23778 18.85359
0.2528606 16.99701
0.2518739 20.20229
0.2435106 18.60291
0.265277 17.01181
0.2547237 17.79142
0.2544861 15.09067
0.247559 17.08652
0.2466829 18.05063
0.2397992 21.05276
0.2248178 17.51731
0.2263682 17.50541
0.2285961 17.40127
0.2465206 15.53595
0.2495025 15.71129
0.2388615 15.83575
0.2207273 16.14079
0.2324894 17.59094
0.2247966 20.5324
0.2356366 20.82604
0.2178028 20.35418
0.2283694 22.38295
0.2525573 20.19999
0.2378778 18.34337
0.2348865 18.32604
0.2392949 19.92536
0.2404762 19.02795
0.2672206 18.32716
0.2498829 20.04282
0.2395857 18.2826
0.2534199 17.18406
0.2613325 16.7235
0.249205 16.47589
0.2659257 16.09668
0.2704241 16.25616
0.2608642 14.55536
0.2449757 15.90619
0.2727794 14.46999
0.2610552 15.466
0.2524606 15.21552
0.2531504 16.36391
0.2992321 15.33209
0.2675484 14.96436
0.2423994 14.73764
0.2572862 15.0768
0.2689754 13.92843
0.2923509 13.36517
0.2846825 14.44917
0.3020577 13.44747
0.2924 12.93066
0.2885768 13.85519
0.3045735 12.14278
0.3122613 11.59621
0.3116319 12.50793
0.3224978 12.85675
0.3227371 13.12392
0.329742 11.99762
0.2845806 12.20437
0.3114959 11.6564
0.3410355 13.34649
0.313531 10.84074
0.3022698 12.57205
0.3122377 12.17665
0.3007064 11.77103
0.2998142 13.1335
0.3265037 13.30894
0.2907709 13.42933
0.3067877 14.84004
0.2875261 14.40801
0.2794967 15.18241
0.2841349 15.02207
0.2490158 14.16576
0.270596 15.7265
0.2963331 13.77906
0.2851844 15.05448
0.2818576 14.48718
0.2824839 13.13764
0.275647 13.71539
0.2621391 14.44572
0.2843992 12.87168
0.2760403 14.19925
0.2632191 14.92152
0.2554379 14.04292
0.2503951 14.92383
0.2538275 16.31838
0.2773126 14.84616
0.2732286 16.83264
0.2556386 16.06204
0.2946634 14.39002
0.2752712 14.27664
0.2809723 15.17833
0.2949297 15.44782
0.2616718 16.75411
0.2705778 15.60901
0.2774228 15.98901
0.2748646 14.38281
0.2718409 15.50706
0.2773227 14.49872
0.2513108 14.73313
0.2480974 14.85383
0.2803512 15.59134
0.2703982 15.85095
0.2666977 15.67561
0.2620982 16.39213
0.2564802 14.11138
0.2571976 14.78018
0.2839055 15.43904
0.2890519 15.16972
0.276217 16.55086
0.2608395 14.56563
0.2472737 14.13017
0.2405236 14.18999
0.2302345 16.34477
0.2399104 16.64614
0.2289396 14.7358
0.2483838 15.26405
0.2741865 17.11456
0.2568174 15.32816
0.2528782 15.86661
0.2421238 18.16149
0.2496214 17.71072
0.2743597 16.60573
0.2716086 15.36702
0.2994864 19.00933
0.2557423 18.64718
0.2681265 18.93171
0.297955 16.08722
0.3133119 15.52586
0.3031501 16.62491
0.2891916 17.47075
0.2746436 19.57349
0.2656209 18.91941
0.264918 16.33097
0.2957974 18.23667
0.2724786 19.46105
0.2818668 19.3027
0.2671478 15.82733
0.3179894 16.12348
0.2791622 13.1555
0.2438665 15.10389
0.2462426 16.50873
0.2577528 16.08212
0.2585967 16.59006
0.2624924 15.74978
0.2638344 15.24522
0.2475782 16.5345
0.2191463 20.29172
0.2243284 20.36742
0.251736 18.99745
0.2642097 21.32428
0.2165608 18.94146
0.2354583 20.0286
0.2343107 20.63943
0.2356535 19.3678
0.2299191 18.16863
0.2223436 17.08587
0.2380837 17.03599
0.2384746 17.85522
0.2165962 18.9436
0.2193534 18.12344
0.233158 17.55121
0.2292635 16.93771
0.2129773 17.94332
0.2269336 17.34176
0.232593 20.66001
0.2148021 20.26016
0.2249683 19.85095
0.2263529 19.45369
0.2390525 18.63823
0.2464359 18.93805
0.2479493 18.97836
0.2342807 19.70994
0.2454043 17.69214
0.2367769 17.78967
0.2317192 17.50601
0.2256961 16.33448
0.24425 17.60113
0.2603689 18.57851
0.2247681 17.17477
0.2459181 16.68441
0.2543619 16.67676
0.2486701 17.64052
0.2617017 16.16685
0.2510347 15.98372
0.2486768 14.183
0.260924 15.41775
0.2639341 16.76626
0.2746625 14.33397
0.2684327 15.88853
0.2470555 15.99262
0.2645452 16.41651
0.265328 16.91232
0.2820304 16.18439
0.2760507 14.67102
0.2470301 13.65727
0.2528924 14.55217
0.2395535 15.66446
0.2267923 16.23022
0.2450616 17.39503
0.22804 14.34849
0.2482515 15.4611
0.2620623 14.47364
0.2723788 13.89938
0.2963591 13.78125
0.2582114 13.15947
0.261275 15.69934
0.2585847 17.51598
0.2652743 16.47438
0.2572849 17.16019
0.2679766 16.25373
0.273482 15.68485
0.2756084 15.59205
0.2541709 15.28537
0.2939253 14.0455
0.2940307 15.42798
0.291888 14.32014
0.2946732 13.71675
0.3016907 14.39973
0.2856565 14.59707
0.304031 14.73384
0.311599 14.78996
0.2981202 16.11041
0.3110876 15.88561
0.2981549 15.67452
0.3060904 16.71107
0.2854475 16.14191
0.2854442 15.00071
0.3010914 15.32245
0.2822357 14.73612
0.2947014 15.32945
0.2972208 14.35431
0.2794818 14.99197
0.2902116 16.81876
0.2911693 17.36222
0.316244 18.02273
0.301149 16.41576
0.2726499 19.38644
0.2956262 17.17821
0.2962536 16.52786
0.2937501 16.47081
0.2855635 16.36613
0.2728245 17.53614
0.2952418 17.05069
0.296752 16.10236
0.2906389 15.1722
0.3252388 14.83828
0.3115329 16.59517
0.2941153 15.02483
0.3011709 14.62249
0.3129034 16.07569
0.3075233 17.85265
0.2968538 15.14808
0.3127221 15.53539
0.3239849 15.44957
0.3285685 16.32957
0.2991755 15.60166
0.306671 16.56174
0.2884921 17.72471
0.331497 17.21323
0.2892975 16.59402
0.3025678 15.85348
0.3076432 13.90052
0.3046745 15.03641
0.3143542 13.94487
0.3090386 14.0014
0.3420444 13.15063
0.3496084 11.81376
0.3561266 13.23381
0.3530246 11.85483
0.3154188 12.26251
0.3266413 12.10876
0.3611418 12.71396
0.3655438 12.8517
0.333812 12.6669
0.3273475 13.38261
0.3427512 13.49028
0.3539142 12.89461
0.363286 13.57009
0.3530388 14.4351
0.351442 13.05857
0.3521586 14.30187
0.350287 13.04711
0.3350357 14.34953
0.3220871 16.17619
0.354059 15.39591
0.3413157 15.07497
0.3472084 14.50274
0.3454818 15.43363
0.3292271 16.45658
0.3235623 16.60312
0.3261982 16.47411
0.3657419 17.92017
0.3583245 15.84528
0.3741715 15.26841
0.3784466 15.7902
0.3925617 16.14112
0.3649525 15.39609
0.3591724 16.79513
0.3671986 14.53818
0.3754482 13.48214
0.3619439 13.8987
0.3646952 14.506
0.364607 15.42832
0.3711908 13.84843
0.3763663 14.83634
0.3866217 13.74005
0.3687703 14.33132
0.3778219 15.39785
0.3947511 15.16448
0.4022042 15.21663
0.3924875 15.03127
0.4062612 15.72261
0.4125045 13.42951
0.3568494 14.00882
0.391558 14.54228
0.4157242 15.38668
0.4250481 13.4728
0.4293298 14.21934
0.4286353 13.88065
0.435441 12.90676
0.4614425 12.32327
0.4744672 12.73024
0.4640961 12.15029
0.4580437 12.92312
0.4645842 11.88467
0.4358681 11.93182
0.4518263 11.31006
0.425826 12.88361
0.431911 12.57471
0.4377092 12.83187
0.4291765 11.15396
0.4148658 12.12043
0.4260815 10.61686
0.4133992 10.50674
0.4247032 10.50743
0.4428027 9.692949
0.4342129 10.76552
