10.50065
9.308316
9.797252
9.334442
9.225391
9.10814
8.693846
8.512612
8.854267
8.863438
8.368271
8.277805
9.174527
9.287129
9.226468
9.256965
8.81593
8.892572
8.83401
9.405971
9.349293
9.477382
9.924539
9.735405
9.686526
9.708454
9.773053
9.063179
9.042313
8.872186
9.974105
10.28873
10.30503
10.26122
10.88498
10.13802
10.26371
10.18503
10.89709
10.54012
10.72373
9.741726
10.16802
10.26447
9.728328
9.935171
9.537472
9.601159
9.574103
9.62643
9.245826
9.36343
9.264563
9.646559
9.527387
9.67014
9.884951
10.44275
10.00983
9.567955
9.66095
9.697507
9.972947
10.693
11.00997
11.35148
12.32911
11.62559
11.92675
12.17033
11.50978
12.30538
12.261
12.06899
11.94346
11.71827
11.41234
11.87203
11.72285
12.17176
11.53184
11.37027
11.30485
11.13185
10.95625
11.20845
11.27969
12.15636
12.10573
12.05779
11.71471
12.24062
11.78802
12.27574
11.60849
12.47792
12.35955
11.59556
11.66006
12.02309
11.88759
12.49319
12.10056
12.71905
13.03663
13.16931
13.10209
13.03826
12.62454
12.86517
13.00814
13.16284
12.9778
13.00389
12.72494
11.58723
11.58064
11.45488
11.17449
10.75408
11.39032
11.29122
11.05959
10.82048
10.70198
11.00781
11.29442
11.43253
11.53461
11.18555
11.20415
11.08438
10.98149
10.68423
10.73788
11.1426
11.04197
11.31958
11.39952
11.99964
11.91163
11.68501
11.1136
10.80551
10.73566
11.6018
12.49979
12.04796
11.65499
10.91255
10.66201
11.36529
11.70405
11.33742
11.10874
11.20273
10.8962
10.40304
10.63496
10.14974
10.09656
10.30276
10.76038
10.45501
10.48947
10.75329
10.38303
10.3533
10.24013
9.985306
10.06178
9.65654
9.849057
10.10204
10.26455
10.02567
10.44951
9.819614
10.29693
9.742319
9.691996
10.27327
10.96107
10.59521
11.13154
11.42309
11.53101
11.75046
11.68382
11.53031
11.09034
11.4865
11.07063
11.09185
10.99079
10.58819
10.06533
10.20377
10.06743
10.29571
10.50434
10.36894
10.55096
10.27821
10.69888
11.08026
11.42525
11.58891
10.99665
11.27634
11.39827
11.96043
11.89945
13.1547
13.31966
12.6893
12.51797
11.96523
12.12063
12.70636
12.45027
12.46223
12.52108
12.93615
12.37616
12.50273
12.40882
12.30998
12.27306
11.52416
11.67807
12.81335
12.8548
12.93693
13.15078
13.45956
13.39728
14.71437
13.86164
14.70776
14.89797
15.32632
16.23225
15.77302
15.43534
14.92228
15.95483
16.0155
15.56467
15.81273
15.86296
15.41017
14.77405
14.55075
15.00654
14.76171
14.44712
15.02339
14.25994
14.36993
14.00292
13.7648
13.14134
14.2751
14.20845
13.7679
14.07861
12.8725
12.79873
13.54333
13.95901
13.29901
12.61011
14.09697
13.89134
13.97891
14.79197
15.18824
14.01185
13.33593
14.77251
13.89875
14.23932
14.85766
14.86967
15.00751
15.20368
14.98027
14.42941
13.55417
14.053
14.1908
14.04697
14.78886
14.10895
14.66687
14.6635
14.31459
13.90897
14.17891
15.0473
14.44619
13.85608
13.39749
12.93106
13.68166
13.87274
13.86915
13.40655
13.65762
13.94805
14.2974
14.07381
14.01282
13.77086
13.66331
13.51663
13.73372
13.99022
14.14209
14.21769
13.74271
13.93615
13.30837
13.04615
13.01399
12.76171
13.10703
12.57938
12.47578
13.05679
13.62569
13.49108
12.77718
13.02687
12.5413
12.16961
12.41457
13.31658
12.62314
12.81231
12.072
13.1383
12.90506
13.11937
12.92756
13.62523
13.38375
13.58164
13.96063
13.79939
13.83138
12.51754
12.55704
13.19404
12.99407
12.9823
13.34319
13.21998
13.27906
13.57628
13.76775
13.88627
13.9002
14.72902
14.47447
14.79268
16.14234
16.17937
16.60765
16.18064
16.39634
16.18501
16.62422
15.54634
16.39503
17.35575
16.54886
16.66824
16.75749
17.39939
17.65625
18.09114
17.16235
16.7654
17.22847
17.714
18.13046
17.40277
17.69456
15.46805
15.2753
15.63376
15.73889
16.19997
16.01896
15.15253
15.30164
15.10345
14.69217
13.79641
13.43791
12.87818
13.58082
13.85446
14.29859
13.36796
13.00821
13.93817
14.23679
14.66407
14.55472
14.2888
13.65989
14.04875
13.49473
13.18964
13.32282
12.87988
13.12726
13.36257
13.79555
13.72665
13.27918
13.76193
13.61258
13.49969
13.05345
13.63973
13.72118
13.13827
13.00524
13.93407
13.79549
14.24437
13.80711
13.9703
14.2097
14.09831
14.36105
14.35445
13.52406
12.95941
13.14699
13.23568
12.81873
13.34887
13.21474
13.68926
13.07887
13.12774
13.08611
13.06324
13.49577
13.49805
13.56855
14.13794
14.20775
13.94312
13.3372
13.33785
14.3339
14.30889
14.38264
14.3097
14.22648
13.60751
13.79888
13.4708
14.35516
14.68342
15.18778
15.39342
14.40644
14.6114
14.86207
14.14633
14.27106
13.72474
14.15547
14.01031
13.01018
13.58999
13.51483
13.10852
13.82721
13.57995
12.97625
12.37659
12.16094
11.24885
11.45221
11.82867
11.85046
11.89495
11.52361
11.45131
11.7946
12.13577
12.40778
13.05634
13.00651
13.35592
12.68563
13.13168
13.26965
13.00123
13.65139
13.95659
13.47264
13.29291
13.11673
12.74477
12.4958
13.30781
13.66711
13.62299
13.23523
13.58107
13.68391
13.63811
13.68069
13.42254
13.31751
14.11451
14.8425
14.62557
15.02114
14.49236
14.02049
14.36307
13.94849
14.09467
13.45038
13.52501
13.71026
13.60003
13.39841
13.84398
14.41885
14.99696
15.01424
13.71152
13.39824
13.86943
13.72993
13.50299
13.76187
13.03114
13.53682
14.1421
13.20738
12.76708
12.78194
12.46769
12.70975
12.90999
13.0384
12.36727
12.64952
13.41031
13.8159
13.47305
14.22286
14.5338
13.91733
14.40113
13.93712
13.62457
14.08545
14.02473
12.71716
13.2881
12.39107
13.0921
13.06766
13.3787
13.63993
13.90713
14.07662
13.59596
13.0245
13.25473
13.28151
12.89445
13.44619
13.84925
13.26336
14.40959
14.38886
14.42694
13.62386
14.26408
13.15162
13.43563
13.75685
13.71062
14.04031
12.66042
13.09081
13.49225
14.145
14.01708
12.95539
13.41474
11.85118
11.75828
10.95703
11.62994
11.59891
12.22933
13.17038
13.68909
13.88741
13.93922
14.11269
14.95332
14.42926
15.28756
15.32615
15.31653
15.58865
15.77019
16.42709
16.19714
16.81064
16.11295
16.7019
15.73988
15.10917
15.1133
15.08039
15.00132
14.65413
14.77458
14.90807
15.35565
15.19988
15.15406
14.94078
14.52498
14.55535
14.10365
14.51512
14.5387
13.27133
13.19035
13.05049
13.45685
13.07503
13.36024
13.7066
13.54685
13.88032
14.02993
13.47239
13.11117
13.28933
14.39403
14.79309
14.20651
14.69645
14.90649
14.69111
15.62019
15.32469
15.19105
14.72323
14.24881
13.56573
13.6941
14.00275
13.55936
13.64093
13.24505
13.29485
13.1132
12.99691
12.82493
12.7293
13.06108
12.86952
12.74585
12.58719
12.5932
12.96542
13.55057
13.81489
13.75063
13.30421
13.0565
13.54828
13.47923
13.81016
13.81774
13.18574
12.56036
12.67376
12.87003
13.37548
13.32389
13.45746
14.24912
13.86199
13.91307
14.65434
14.49811
14.92784
14.42455
13.96497
13.21895
13.09677
13.02882
13.07686
13.05938
13.38968
13.47878
14.16927
14.41777
14.19991
14.33007
13.97351
13.90903
13.93484
13.87977
14.01117
13.9181
15.10044
14.48982
13.56013
13.45553
13.37439
13.0189
13.4385
12.84239
12.23434
12.59061
12.32611
12.00287
11.70401
11.28474
10.99163
11.34679
11.81292
12.06185
11.8815
11.83544
12.21041
11.99692
12.87062
13.38533
13.07058
12.86498
12.53552
13.84971
12.85131
12.88599
13.47695
13.59424
13.18435
12.33327
12.85171
12.70121
12.7391
12.30072
12.11168
11.64631
11.94475
11.51492
11.89099
11.58575
11.26718
11.29324
11.87359
11.47801
11.31641
11.93238
11.72707
11.65933
11.54645
11.77844
11.29921
11.47522
11.12192
11.42858
11.19089
12.03048
11.4727
10.84677
10.76635
10.92667
11.30214
11.93938
12.33029
11.36834
10.53528
11.62399
12.11057
12.26785
12.73258
11.80232
12.21606
12.46181
12.82003
12.58023
12.74623
12.56141
12.51044
12.57657
12.72288
12.67012
12.27216
12.25568
12.2177
12.24819
12.2441
11.85639
11.87604
11.90881
11.92236
12.31877
12.10592
13.01007
12.36384
12.37058
11.94631
11.8017
11.55485
11.81504
12.09888
11.70379
12.17747
12.91244
12.62211
12.92672
13.01244
12.39513
12.75334
12.60118
12.65953
12.19494
11.6017
12.2763
12.09974
11.61716
11.88356
11.83064
11.69045
11.4832
10.87505
10.98181
11.20352
10.8
10.5751
11.07312
10.90659
11.12016
11.51505
12.3267
11.8884
12.29845
12.02471
12.24704
12.44659
12.33135
13.42898
13.19753
12.73223
12.44106
13.02771
14.34496
14.73069
14.12954
14.29166
14.59212
14.32851
14.31784
13.71069
13.9011
13.36216
13.28492
13.352
12.69896
12.46819
12.99769
12.36138
12.60589
12.86069
13.60441
13.7683
13.87454
14.18341
13.54756
14.70856
14.22464
13.59946
14.17941
14.18777
14.62224
13.95592
14.00671
13.70649
13.96886
13.5327
13.09052
13.72883
13.1733
14.35412
14.59502
14.27132
14.04855
13.37563
12.85636
12.57481
12.73979
12.71877
12.59913
12.55073
13.25723
13.19724
13.13895
12.6713
13.10943
12.98595
12.93608
13.80576
14.43996
14.28976
13.07801
13.51492
12.81828
12.47279
12.17235
12.69422
13.05203
12.98984
12.3118
13.02233
12.77707
12.61276
12.84757
12.68165
12.95449
13.46068
14.101
13.87187
13.55989
13.77857
14.35492
14.49193
14.16338
13.80077
13.5211
13.50401
13.34939
13.58092
13.54774
13.90652
14.80455
14.46666
14.95009
14.7846
14.07638
14.45393
13.72902
13.906
12.78869
13.08149
12.91141
12.79586
13.312
13.84471
13.95789
13.4616
13.66056
14.02583
14.69549
14.59638
14.28714
15.11966
14.8121
15.33616
14.85484
14.49571
14.50618
13.96383
13.93226
13.03708
13.21227
12.80817
13.31652
13.54155
12.61276
12.24159
12.77387
12.61511
11.70644
11.16209
10.93627
11.13323
10.58441
10.82488
10.92617
10.4386
10.74812
10.4784
11.11475
10.99102
11.50122
11.25918
11.7468
12.27545
13.13313
13.20586
13.31875
13.7365
13.19821
12.98037
13.14055
13.19963
12.77081
13.84246
14.82342
14.83542
14.21844
13.42736
13.29491
13.67657
13.52354
13.51767
13.42047
13.65586
13.90057
13.25093
13.7167
13.26675
13.83121
13.80667
14.12503
13.34966
13.61578
14.43704
13.75735
13.18977
13.38058
12.66358
12.27397
12.55174
13.22276
13.46384
13.40637
12.88212
13.12608
13.38776
13.0216
12.95084
13.00249
12.79324
12.88672
12.94456
12.85782
12.28934
12.24828
12.89948
12.39773
13.17748
12.70253
12.55389
12.31975
13.00467
13.77063
13.99775
14.33424
13.49858
13.39697
14.49507
13.87204
13.94844
13.93121
14.33211
14.30463
14.55563
14.50948
14.63379
14.77658
14.04928
13.8155
14.25336
14.68579
14.63039
13.92764
13.87133
13.88893
13.64836
12.87846
13.37837
13.93085
13.24362
13.22989
12.91037
13.72159
13.55042
13.35019
13.63098
13.97478
13.45608
13.17508
13.34349
13.83156
12.4874
11.58707
11.88894
10.75326
10.40815
11.08914
11.43596
11.25
10.79958
10.98787
10.67284
10.26888
10.30432
10.62286
10.99082
10.88001
10.71018
10.67555
11.18897
11.21026
11.13732
11.80093
11.76748
12.31072
11.89215
12.74847
11.43166
11.78949
12.01076
10.93529
10.9509
10.44294
10.38757
10.60203
10.45302
10.1871
11.68244
11.76436
12.0224
11.74886
11.22778
11.47353
11.34284
10.90541
11.83687
11.66738
12.40281
12.55735
12.4865
12.13562
12.17711
12.08753
11.77991
12.4559
12.05822
12.14983
11.72841
11.81246
12.0647
11.76873
11.97755
12.1761
11.77129
12.42353
12.89413
12.94481
13.11645
12.89086
13.0521
12.92332
13.24364
13.55407
13.4987
14.20199
13.51785
13.86521
13.86889
13.87709
13.40994
13.56989
14.07128
13.58989
14.55413
13.7092
14.06422
13.52391
14.07604
13.95888
14.00207
13.30888
14.09202
14.88379
14.40193
14.23937
13.45127
13.15893
12.6581
13.51343
12.72998
12.76761
12.51871
12.88225
12.46721
13.101
12.98591
13.06915
13.20992
12.03789
12.27769
12.55854
13.14746
12.74654
12.62399
12.13272
12.37758
12.07298
12.00643
12.60213
12.36359
12.35105
12.98936
12.60854
12.87996
12.29807
11.69243
12.12956
12.11184
12.38499
12.19633
12.20027
12.28001
11.65376
11.58773
12.22893
11.35197
11.23178
11.08944
11.0675
11.47853
12.24498
11.60018
11.24451
11.79998
12.12273
11.64918
12.32638
11.97576
12.00954
12.05112
12.23205
12.25544
12.89646
12.59618
12.92293
13.43883
12.88427
12.62329
12.61585
12.10719
11.68201
11.82785
11.56788
11.26742
11.23661
10.81826
10.87445
11.07633
11.55465
11.59056
12.21827
11.92284
12.07059
11.59913
11.97848
12.06871
11.99619
11.77754
11.87021
11.70982
11.62057
11.75783
11.82786
11.91246
11.0667
11.14749
11.30311
11.21422
11.21925
11.2774
12.16317
11.81134
11.91229
11.93338
10.92889
11.15322
10.92381
11.20793
10.83546
10.86571
11.34345
11.79924
11.79559
11.60752
11.04423
10.56175
10.60973
11.00686
10.38416
10.33549
10.1716
10.34085
10.45454
10.78239
10.52787
10.4012
10.65929
10.74925
11.52258
11.87197
10.88864
10.70784
10.86618
10.82537
11.43529
11.71879
11.50792
11.23234
11.18115
11.20345
11.00407
11.13944
10.45315
10.50803
10.07121
9.901343
9.226759
9.880316
10.01377
9.651403
10.00002
10.41537
10.56253
10.34444
10.11688
10.24078
10.59951
10.27538
10.30607
10.1672
11.01894
10.9599
10.99754
12.14923
11.45785
11.28062
10.49804
10.95096
11.1617
11.25311
11.5119
11.87035
11.31948
12.32941
11.99407
11.76874
11.66542
11.55912
11.80796
11.96793
11.45248
11.6729
11.18581
11.57097
11.38831
12.0831
12.90048
11.76612
11.24368
11.09053
10.784
11.37323
11.78203
11.4632
12.5665
12.96445
12.46543
12.30484
12.5558
12.51895
13.25008
13.88457
13.70119
13.9915
13.59234
14.50692
14.46088
13.67627
12.85559
12.37054
12.45702
12.61096
12.80925
13.10329
13.05368
12.278
12.53543
12.27184
12.77752
12.60143
13.03241
12.97197
12.91915
12.5815
13.22909
13.63902
13.36696
13.10994
12.97608
12.32266
13.40798
13.3441
13.61129
13.30794
12.95573
13.08338
13.22628
13.77323
13.39053
13.54026
13.03336
13.18191
12.23219
12.09376
11.9157
12.11132
11.37075
11.34562
11.27044
11.23547
11.20761
10.82791
10.69115
11.03863
11.15372
11.02578
11.294
11.1555
11.95615
11.93613
12.13141
12.33875
12.04956
11.82722
11.85006
11.00061
12.06108
11.71306
11.76181
11.52224
11.89932
11.76822
11.98858
11.76118
11.37432
11.63381
11.12482
10.84128
10.81637
10.56799
10.85266
10.73805
10.74982
10.4767
10.38993
11.02287
10.50558
10.1084
10.4013
9.872685
9.71472
9.286816
9.658797
10.0896
9.619046
9.94971
10.38433
10.16983
10.39594
10.66056
10.58351
10.56028
10.77229
11.3267
11.30364
11.50784
11.59273
11.26946
11.69292
11.46553
12.24111
12.30234
11.46231
11.89163
11.83662
11.66234
10.92307
11.36449
11.16321
10.83367
11.18762
11.52208
11.06813
11.18092
11.41077
11.90741
12.23176
12.64175
12.56213
13.07135
12.90934
12.71801
13.36182
13.87044
13.49819
13.45989
13.46473
13.92135
13.78994
14.14435
14.20357
13.33026
14.29493
15.18843
14.78973
15.57256
14.95897
13.95126
13.75315
13.828
13.65111
13.35978
12.8903
12.98224
13.0788
13.02186
12.78034
12.22862
12.31325
12.75174
13.09241
12.86826
12.63143
12.52019
12.59936
13.76456
14.38088
13.73103
13.29666
13.28354
13.21435
13.51247
13.35563
12.40562
12.25898
12.14497
12.44313
12.80649
12.78582
13.31207
13.21162
12.87266
12.802
12.72086
13.2109
12.83168
13.21845
12.47771
11.79816
11.58876
11.92748
12.56088
12.51827
12.3967
12.27718
12.78959
12.80924
12.61123
12.33207
11.78645
11.83999
12.38384
12.39053
12.29799
13.54296
14.25494
14.28479
13.59273
14.00132
14.23612
15.06882
14.01092
14.48581
15.12357
14.48069
14.46205
13.68226
13.45506
14.27545
14.43436
14.58679
14.79817
13.64112
14.05897
14.91958
15.03503
14.2449
13.72866
13.99399
12.93069
12.72924
12.8814
12.12258
12.87692
13.19232
13.22942
12.93694
13.38813
12.84143
12.99135
12.68715
13.49488
14.30539
14.44268
15.17806
15.05756
15.52377
15.62514
15.85683
16.23082
16.04965
15.93277
14.80104
14.88315
15.66015
14.52672
14.39064
14.52124
13.95175
13.83265
14.00918
14.21557
13.7364
14.46436
14.39449
14.10485
14.23465
14.03533
