30.43241
31.01776
30.2684
29.8372
29.47786
29.066
26.82546
26.37464
25.66264
24.2412
24.51249
23.87492
22.82097
22.2109
21.70556
21.07501
21.36008
20.67801
19.73744
18.45369
17.83421
17.45033
17.04715
16.92795
16.95332
17.02077
16.84055
15.56028
15.93489
15.7426
15.51993
15.08946
15.11001
14.68116
15.14732
14.73735
14.48942
14.37177
14.28866
14.16935
13.87801
14.01007
14.28944
14.67275
14.65558
14.27244
13.85259
13.40965
13.47328
13.22045
13.66968
13.31628
14.43278
14.00835
13.81908
14.00126
13.90488
12.73453
12.61507
12.72938
12.38735
12.33819
12.1887
12.69548
12.03139
12.49056
12.61454
12.66606
12.14702
12.14636
11.82119
11.82505
11.99525
11.67931
11.92529
12.01949
12.18465
12.0642
11.82184
11.76716
11.92923
12.20066
12.03181
12.23102
12.39228
11.90913
11.90851
12.02372
12.42836
12.49653
12.627
12.08501
11.86534
11.88893
11.5208
11.56704
11.6608
11.70311
12.13846
12.11387
12.3054
12.69788
13.02583
12.8228
12.01462
11.54043
11.5308
11.68708
11.917
11.52775
11.5552
11.58618
11.49489
11.96435
12.08584
12.21316
12.09821
12.63215
12.473
12.29796
12.36408
11.92296
12.6002
12.15136
12.09355
11.32873
11.02
10.68343
10.95768
10.9905
10.8036
10.9044
10.93126
11.01914
11.11146
10.91349
11.23548
11.51846
11.69012
11.6023
10.95399
11.08857
10.9753
11.3665
11.34667
11.19124
10.96975
11.05814
11.12846
11.40483
11.03127
11.26721
12.0091
11.88948
12.25737
12.2386
12.21737
11.99433
11.67029
12.08888
12.42438
12.13297
11.58745
11.88114
11.95155
11.70954
11.51734
11.54205
11.23037
10.49329
10.32313
10.20136
10.13794
10.47723
10.78782
10.47304
10.27464
10.32445
10.30092
10.56539
10.38702
10.34508
10.99036
11.16245
11.03716
11.42349
11.33734
10.8633
11.0295
10.98517
11.32094
11.52851
11.79523
11.38162
11.16792
11.51624
11.64605
11.4835
11.42224
11.22647
11.11645
11.27483
11.45433
11.10619
10.74108
10.42278
10.36297
10.48873
10.74642
10.5704
10.86891
10.48421
10.45951
10.89538
10.47306
10.17173
10.49629
10.69225
10.60319
10.46178
9.984679
9.832389
9.821016
9.870858
10.02669
10.35548
10.36676
10.4954
10.95227
10.63749
11.22646
11.47477
11.55217
12.43365
11.43625
11.37944
11.20231
11.44778
11.39965
11.09138
11.10601
11.49904
11.63464
12.07798
12.18555
11.90905
12.34578
12.20077
11.87492
11.89233
11.69787
11.64438
11.86148
12.08088
12.08531
12.17548
12.07315
11.98207
12.11187
11.96155
11.77288
12.60734
12.62419
12.29679
12.42557
12.49263
11.91055
12.23483
12.00804
11.80458
11.25701
10.71256
10.38803
10.08566
9.983475
10.28729
10.3968
10.82729
10.38016
10.35854
10.85268
10.5452
10.62001
10.84902
11.04587
10.72741
10.89512
11.22165
11.7648
11.50377
11.23604
11.41242
11.52994
11.1274
11.18124
10.9359
10.81426
10.53455
10.48343
10.48489
10.08464
10.0259
10.26086
10.36434
10.4019
10.0634
10.21995
10.31015
9.940004
9.755765
9.973028
10.16245
10.69652
10.55617
10.42985
10.53688
10.34982
10.57327
10.91473
10.74013
10.63409
10.3831
10.48346
10.35855
10.31545
10.50679
10.36627
10.58627
10.1204
9.793254
9.972647
10.04916
9.999577
9.961703
9.943077
9.747101
10.33144
10.29709
10.57353
10.94857
10.71495
10.64187
10.74684
10.86622
10.4787
9.998086
9.658649
9.81377
10.09633
10.18815
10.08601
10.01435
9.749909
9.959431
9.830657
9.331941
9.409629
9.028863
8.809984
9.236017
9.137055
8.922461
8.628629
9.091609
9.329995
9.716951
9.791001
9.890162
10.00267
9.626645
9.360197
9.22532
9.542091
9.701494
9.659644
9.731145
9.609797
9.451352
9.987954
9.939922
9.705358
9.558248
9.922957
9.924233
9.769356
9.577972
9.593071
9.564741
9.151362
9.278055
9.420716
8.962508
9.592094
9.688678
9.583902
9.700439
9.398101
9.561873
9.572011
9.333014
9.208804
9.243912
9.245689
9.470344
9.126225
8.924685
9.262645
9.572297
9.41816
9.643269
10.13597
10.14702
10.20601
9.92601
9.727379
9.465118
9.430794
9.115466
9.440159
9.660609
9.684698
9.595858
9.052013
9.050496
9.436954
9.179028
9.38622
9.557616
9.98554
9.701008
10.0769
10.63436
10.33717
10.4735
10.40804
9.905113
9.570577
9.735185
9.582107
9.720703
9.523
9.387654
9.059131
8.870944
9.267686
9.389691
9.488869
9.494456
9.370685
9.18932
9.661643
9.519176
10.07438
10.38812
10.49207
10.69207
10.45137
9.821973
10.08251
9.552376
9.496588
9.932872
9.823127
9.857671
9.794869
10.10191
10.17401
10.12422
10.19831
9.757488
9.819263
9.852134
9.744846
10.06114
9.679898
9.63917
10.06299
9.934827
9.58151
10.00929
10.01999
9.659976
9.406456
9.166364
9.253282
9.204162
9.299285
9.562369
9.676841
9.442417
9.350744
9.320046
9.465103
9.684011
9.670615
9.837303
10.01409
9.998097
9.968953
9.867683
10.19822
10.37832
10.56369
10.31249
10.07549
9.850075
9.740801
9.861065
10.33462
10.01077
9.830656
10.28242
10.41859
10.58661
10.25691
10.56791
10.2188
10.2945
10.43138
10.57069
10.08271
9.771442
9.924527
9.08417
8.810794
9.063164
9.20375
8.982444
9.177914
9.068256
9.252254
8.999738
9.15509
9.010452
8.986231
8.967947
8.917404
8.829742
8.389758
8.428215
8.717947
8.61681
8.730377
8.648093
8.64606
8.398313
8.62333
8.532008
8.892737
8.821139
9.00465
8.90691
9.022009
8.985087
9.207259
9.020312
9.322414
8.79721
8.997836
9.218696
9.102112
9.254529
9.317895
9.248271
9.34784
9.122874
9.090039
9.693974
9.583398
9.564441
9.521837
9.693169
9.468842
9.131884
9.099972
9.421545
9.220401
9.398978
9.432286
9.281507
9.527209
9.681294
9.867345
9.947543
10.16834
10.30872
10.05513
9.92698
9.883405
9.818335
9.688566
9.603411
10.09124
9.722491
9.61712
9.864047
9.881497
10.26003
10.29249
10.22576
10.07961
9.885865
9.81004
9.889267
10.1872
10.22065
9.481818
9.257785
9.670252
9.167251
9.722343
9.402777
9.718414
9.752479
9.481926
9.689941
9.507495
9.65544
9.897324
10.1317
10.37603
10.38592
10.31137
10.58903
10.46079
10.34468
9.795482
9.696413
9.467792
9.005707
9.381429
9.460357
9.713382
9.423487
9.389525
9.367551
9.248577
8.916476
8.908191
9.007215
8.95961
9.126168
9.058333
8.981483
9.041586
8.953695
9.600073
10.03222
10.11441
10.25492
10.04891
9.602333
9.500612
9.789984
9.936666
10.23857
10.05559
9.991787
10.09091
9.842761
9.879466
9.760867
10.02181
9.548686
9.543525
9.573581
9.64092
9.586094
9.682257
9.568887
9.388666
9.791052
9.577816
9.718572
9.673389
9.718868
10.0244
10.153
10.39696
9.642085
9.509537
9.306028
9.398238
9.042873
9.426987
9.781655
9.673282
9.59787
10.21131
10.42895
10.42178
10.23885
10.30034
10.29674
10.45125
10.68961
10.51875
10.47035
10.48009
10.36824
10.17175
10.04021
10.14191
10.3232
10.1035
9.991697
9.89352
10.03985
10.21125
10.10517
10.09267
10.14014
10.53936
10.23848
10.04303
10.11195
10.46719
10.75559
11.00629
11.03855
11.16573
10.95171
10.56944
10.63871
10.71859
10.75905
10.73547
10.31994
10.33472
10.80957
10.93737
10.99961
10.72299
10.51143
10.32661
9.58541
9.72333
10.29499
10.2594
10.10437
9.757648
9.798288
9.95175
9.871697
9.703305
9.491852
9.189073
8.923154
8.888099
8.89897
8.882884
8.945251
9.001348
9.209985
9.24288
9.349065
9.086759
9.291422
9.130127
9.27043
9.716592
9.924575
9.728274
9.680963
9.666377
9.790838
9.402432
9.792913
9.821983
9.546854
9.377691
9.253738
8.907081
9.171881
8.861109
8.776495
9.337207
8.877347
8.937866
8.973357
8.917822
8.728652
8.644574
8.556762
8.487129
8.809531
8.466627
8.285481
8.706266
8.951882
8.993271
8.957194
8.946923
8.897799
9.203854
9.022254
8.893868
8.848166
8.80369
9.087105
9.094551
9.409468
9.047877
9.175071
9.195043
9.494999
9.188901
9.559093
10.34264
9.971864
9.789913
10.13667
10.09108
9.966401
9.944262
10.22192
9.883832
9.100174
9.250918
9.031422
8.934982
9.085652
9.292397
9.129038
9.048562
9.166442
8.70207
8.722331
8.576533
8.53726
8.650966
9.016862
8.917901
9.183921
9.651505
9.824966
10.11717
9.732467
9.672347
9.655549
9.653398
9.797237
10.2997
10.164
10.13115
9.79734
9.935293
10.02348
10.30006
10.046
9.787642
10.05665
9.930785
10.15798
10.49679
10.5226
11.12211
10.62199
10.31235
10.51675
10.5503
10.19292
10.28775
10.22159
10.05375
9.516455
9.485594
9.159175
9.429919
9.587763
9.814789
9.913187
9.910091
9.992894
9.707893
9.493286
9.742588
9.604946
9.85291
9.690243
9.69916
10.07834
9.874777
10.15315
10.22256
10.61826
10.58206
10.23928
10.29463
10.60461
10.33282
10.00439
10.20631
10.06648
10.05212
10.11815
10.04359
10.11051
10.31609
10.08207
9.924121
9.924744
10.02598
9.503273
9.465414
9.38113
9.774199
9.579881
10.08331
10.1675
9.794363
9.984902
9.672677
9.724446
9.782201
9.56865
9.699218
9.798698
9.51657
9.615433
9.439247
9.083452
9.075576
8.998131
9.349433
9.316306
9.216087
9.623189
9.604213
10.037
9.981969
9.779984
9.535207
9.418583
9.669602
10.21996
10.06608
10.17789
10.02331
10.04061
9.827554
9.800594
9.903394
10.18245
10.30696
10.28017
10.30429
10.84171
10.73194
10.39331
10.07052
10.2232
10.14325
9.978048
9.884821
9.85636
9.630986
9.765609
10.00547
10.04921
9.875222
10.03507
10.45691
10.43096
10.37478
9.978615
9.569696
9.67879
9.481268
9.523173
9.440694
9.395742
8.998862
9.030668
9.052004
8.981181
8.94213
8.69068
9.151087
9.669886
9.805499
9.670355
9.601665
9.63962
9.89546
9.851613
9.560038
9.802948
9.934204
9.507985
9.478623
9.463297
9.680796
9.417458
9.50048
9.103136
9.295886
9.555301
9.831045
9.190802
8.982132
9.237628
9.452165
9.156494
8.888073
8.575457
8.661794
8.648111
8.921337
9.164047
9.445647
9.615944
10.05847
10.04064
10.00395
10.1865
10.37559
9.807648
9.412935
9.270688
9.643207
9.93655
10.2054
9.898765
10.46137
10.35778
10.4937
10.71304
10.91914
11.05792
10.9201
11.49093
11.29901
11.64789
11.44722
10.86527
10.59896
10.35097
10.35016
10.41063
10.16631
10.05068
9.664788
9.415344
9.610734
9.720406
9.696968
9.610487
9.56354
9.093053
8.989967
8.96439
8.712587
8.722638
8.615254
8.84729
8.391675
8.445792
8.676197
8.713401
8.586037
8.818061
8.7901
9.106882
8.614535
8.878981
8.914697
9.010515
9.059508
8.853433
9.09117
9.38564
9.128412
9.412727
9.148884
9.107105
9.411519
9.398398
9.6884
9.547123
9.444066
9.646001
9.986609
9.609006
9.631729
9.271694
9.809578
9.861405
9.539558
9.697623
9.575851
9.662122
9.474141
9.528946
9.708772
9.677939
9.448739
9.973715
9.930576
9.627965
10.19561
9.899185
9.784303
9.489803
9.333814
9.094566
9.430219
9.575197
9.217213
9.086134
9.207072
9.056066
9.537676
9.286166
9.127372
9.100516
8.808674
8.837615
9.104757
9.564654
9.41878
9.151902
9.453673
9.440602
9.347056
9.023729
8.99558
8.856143
9.206172
9.728069
9.579637
10.08597
10.29291
9.978589
10.05773
9.464261
9.267119
9.705261
10.21838
9.962604
9.910991
9.713204
9.826244
9.913829
9.869198
10.01601
10.01236
10.09592
9.865182
9.641499
9.388001
9.611333
9.952466
10.48447
10.61178
10.55092
10.09815
10.04339
10.49203
10.71005
10.3195
10.20372
10.72153
10.29225
10.26768
10.24721
10.18051
10.58538
10.12718
10.35802
10.31836
10.53722
10.28502
10.40645
10.0597
10.29272
10.25975
9.990372
9.915184
9.998244
10.06183
10.274
10.1576
9.949404
10.14416
10.0292
9.994119
9.961204
10.02962
10.11327
10.22707
9.97278
10.37454
9.984125
9.772683
9.675473
9.514043
9.32935
9.161516
9.064217
9.260321
9.227438
8.89882
8.984278
9.226352
9.601076
9.319512
9.688078
10.24075
10.26766
10.70962
10.95579
11.24137
11.83204
11.60928
11.45714
11.4006
11.3283
10.70147
10.92516
10.76562
10.50913
10.5857
10.43553
10.47345
10.1844
10.29343
10.16262
10.10968
10.48313
10.53582
10.6192
10.17928
10.17551
10.34109
10.31135
10.46559
10.318
10.07055
9.959315
10.09637
10.28911
10.17771
10.52009
10.86485
10.49331
10.48069
10.18377
9.947874
9.953229
10.14641
10.23565
10.7726
10.90125
10.46989
10.07708
9.94054
10.12491
10.51645
10.63107
10.88888
10.71182
11.20547
10.88449
10.57717
10.38895
10.28867
10.12068
9.873974
9.873252
10.04448
10.22584
10.7805
11.4031
11.81002
11.45062
11.20796
10.88154
11.00692
10.88349
11.13924
10.93417
10.55167
10.53086
10.41402
10.44002
10.69271
10.47539
10.49882
10.20765
10.50277
10.57974
10.3586
10.52831
10.36387
10.48447
10.65712
10.19832
10.25459
10.41989
10.58769
10.18232
10.59948
10.37682
10.02956
9.849694
9.856972
9.917308
10.29518
9.969069
9.81707
9.730994
9.860032
9.95986
9.961631
10.28264
10.01362
10.1312
10.26987
10.32237
9.894304
9.972119
10.20879
10.45312
10.33434
10.33253
10.15782
10.18648
10.19014
10.28909
10.25307
10.28513
10.10427
10.26798
10.69197
10.40691
10.20732
10.54174
10.33492
9.844771
9.814135
9.807196
9.962692
10.00775
10.26363
10.24204
9.803338
9.858768
9.742121
9.934111
9.811823
9.601314
9.406887
9.156162
9.287104
9.175002
9.23364
9.218796
8.995806
9.413493
9.140029
9.258121
9.43011
9.366285
9.679934
9.401569
9.129278
9.218566
9.352749
9.139724
9.284064
9.624936
9.38462
9.621451
9.525975
9.357012
9.393471
9.639334
9.472175
9.600334
9.526398
9.441098
9.558254
9.389506
9.336084
9.121297
9.277687
8.959075
9.427888
9.902572
10.02041
9.927984
10.39392
10.47959
10.01427
10.05822
9.968891
9.844607
9.329831
9.42711
9.673541
9.574232
10.01615
9.887276
10.30196
9.857512
9.642477
9.708549
9.188006
9.309551
9.107654
9.214891
9.296562
9.363869
9.197829
8.981201
9.282498
9.130074
9.26807
8.835012
9.275148
9.587919
9.594513
8.989533
9.471508
9.72646
9.451043
9.43809
9.383326
9.987864
9.777278
9.903015
9.926464
9.437113
9.619863
9.768888
10.00028
10.19803
9.872616
9.883888
10.09332
9.566395
9.677501
9.969289
10.50811
10.49248
10.42116
10.52386
10.56786
10.27501
10.18963
9.80417
10.1444
9.909278
9.926128
10.15234
9.852951
9.931683
10.46738
10.21853
10.16456
10.37835
9.995251
9.78352
10.13169
10.27905
10.07139
9.952138
9.969919
9.738489
9.768179
9.700655
9.682603
9.866291
10.11074
9.733162
10.11008
10.40168
10.10472
10.87595
11.20956
10.63265
10.84942
11.08919
10.73925
10.62421
10.35192
10.78456
10.77446
10.42757
10.32536
10.1135
10.63549
10.09103
10.08235
9.492556
9.510434
9.586842
9.924131
9.854666
9.268671
9.030859
9.005572
9.524581
9.437562
9.517352
9.509795
9.393305
9.482554
9.651965
9.438704
9.6797
10.063
9.865913
10.37333
9.998066
10.26147
9.608596
9.630816
9.815197
9.696987
9.692346
9.834858
9.864839
10.07859
10.15354
10.05793
10.16679
10.23863
10.11823
10.11366
9.910876
9.801071
9.863631
10.29046
9.993708
9.707461
9.981654
10.07221
10.32804
10.05977
10.18639
9.947246
10.37405
9.951504
9.977842
10.29124
9.918837
10.08099
10.53165
10.92771
10.76162
10.84384
10.9983
11.03858
11.32801
10.91544
10.79612
10.99916
11.0963
11.3712
11.09903
11.56292
11.38158
10.9747
11.13212
11.49896
11.22943
11.28179
11.06462
10.93058
10.58485
10.76909
11.3191
11.23724
10.87654
11.17151
10.78716
10.98322
10.89352
11.00305
11.10959
11.17016
10.7678
10.60759
10.69206
10.62701
11.15034
10.91488
10.91592
10.79991
10.44172
11.25324
10.7041
10.99591
10.86975
10.60419
10.21157
10.09367
9.971618
10.06575
9.73453
10.25238
10.07297
9.958056
9.826343
9.821392
9.895754
9.9453
9.886649
10.04485
10.12526
10.34143
10.76692
11.14873
11.11191
11.1904
11.60822
11.60811
11.76871
11.51927
11.25366
11.23787
11.35387
11.32363
11.29337
11.63873
11.63137
11.46552
11.31034
11.52301
11.35338
11.31352
10.9183
11.11228
11.34999
11.17576
11.56685
11.12451
11.0658
10.70702
10.16225
10.08636
10.3963
10.47043
10.29893
10.47375
10.73273
10.59999
11.11054
11.02845
10.80844
11.13735
11.20168
11.287
10.81676
10.89984
10.51838
10.86683
10.58888
10.64547
11.29338
11.51865
11.33803
10.95046
10.36958
