1877.636
3047.287
3056.696
3375.456
3351.215
3778.298
4502.279
3668.65
3907.605
3520.827
3758.52
4347.261
4309.332
3659.486
2877.901
3633.252
3425.741
4013.167
3941.007
3724.683
3367.226
3934.231
4620.674
3814.785
3282.617
3621.664
4421.586
4104.418
3574.601
3876.018
3961.359
3049.499
3237.54
3738.679
4145.872
3866.618
3827.684
4179.707
3730.265
3474.84
3584.393
3649.875
3566.47
3661.757
3880.738
3593.314
4087.386
3267.32
3569.47
4002.84
3645.166
3288.579
4252.226
3179.9
3611.963
3012.333
3072.429
3892.095
3035.669
3600.505
3499.639
3595.753
2977.699
4091.49
3340.147
3776.222
4014.618
3726.35
4009.201
4013.113
3656.368
3288.8
3282.739
3166.155
3866.096
3098.994
3040.436
3208.914
3471.862
3510.367
3285.975
4138.842
3299.666
3874.457
3973.68
3611.728
3639.974
3579.613
4516.099
4110.208
4340.317
5797.962
3432.564
3360.94
3387.168
4320.185
4114.225
4197.231
4315.91
3638.521
3486.094
3831.847
2934.251
3351.604
3930.896
4462.738
3589.34
4107.268
3060.142
4546.625
3534.341
3494.385
4677.31
3601.499
3429.697
3899.883
3950.289
3364.307
3160.257
4340.211
4061.384
3642.901
3848.543
4079.727
3611.23
3878.96
4038.348
3054.832
4584.424
3501.886
4028.014
3555.184
3949.932
3630.441
3732.576
3670.873
3485.065
3055.536
3446.347
3210.216
3654.721
2947.326
3191.679
3476.556
4219.624
3431.343
3337.689
4127.949
3881.75
3972.591
3891.702
3135.653
3487.586
3506.911
3630.619
3530.286
3766.466
3828.879
3652.496
3319.071
3792.016
3697.927
3841.156
3777.596
3449.207
3225.249
3788.393
4046.574
4502.544
3360.953
3451.223
3578.027
3597.553
3146.494
4078.573
3793.594
3052.176
3262.181
3292.59
3390.641
3383.558
4512.432
4001.836
4063.6
4377.21
3176.341
3098.013
3778.29
3718.74
3896.806
3886.212
3641.602
4683.379
3907.27
3432.115
3158.383
3839.126
3918.221
3675.476
3721.42
4538.557
4881.813
3662.288
3510.914
3140.152
3665.405
3383.326
3021.004
3253.216
3408.5
4438.66
3243.349
2817.178
3620.752
3060.329
3636.46
3359.166
3568.163
3661.858
3508.167
4090.582
3339.619
3209.995
3828.32
3437.613
3442.873
3768.485
3303.218
3741.654
4127.8
4119.989
4270.118
3423.392
4400.088
4326.456
4227.266
3538.286
3169.446
3652.282
3730.728
3483.009
3423.981
3056.402
3314.512
3839.775
2956.476
3158.966
3683.226
3179.757
3683.268
3302.061
3021.397
2974.183
4495.185
4248.274
2987.993
3818.243
3785.664
4200.74
4922.83
3672.795
3218.227
3615.176
3956.433
4123.161
5227.665
4084.463
3956.882
2932.009
3470.483
4119.254
3367.674
3920.867
3923.302
3680.077
4499.755
4262.673
3621.821
3503.637
2995.655
4271.312
3811.767
4926.242
4352.842
3612.551
2923.973
3738.838
4101.053
4132.574
3626.694
3619.919
3645.172
3635.473
4413.471
2960.502
3428.89
4182.96
3491.922
3157.067
3352.568
4024.175
3606.454
3487.789
3835.253
3555.808
4390.603
4177.884
4194.916
3849.533
3625.537
3771.589
3517.331
4180.358
3853.558
3661.607
2921.532
3785.603
5047.433
4379.942
3714.502
3670.7
3313.013
4338.963
4123.718
4069.397
3314.185
3311.052
3410.966
3322.807
3338.748
3487.966
3284.095
2959.963
3546.968
3887.17
4375.771
3846.303
3748.907
3480.166
3765.551
3883.504
3906.077
3354.423
3342.869
3678.791
3685.635
4274.239
4150.506
3990.203
4426.742
4044.88
3616.837
3707.267
2920.925
3027.377
2906.361
3447.555
3010.016
3165.153
3727.226
3859.761
4142.164
4582.553
3538.577
3087.157
3693.15
3954.775
3128.582
3421.062
3384.262
3107.943
3125.59
3737.503
3199.351
2968.776
3347.103
3572.554
4409.368
4036.379
4148.929
3501.654
3308.354
3078.855
3615.671
3188.203
3366.931
2876.827
3628.72
4497.683
4324.097
3264.753
3821.561
3576.111
3497.718
3778.371
4075.41
3269.819
3386.651
4141.85
3518.383
3863.816
3733.74
3780.758
4530.753
3855.735
3859.296
3574.017
3684.463
3811.899
2929.514
2803.501
3938.064
3139.645
3687.638
3384.926
3502.952
3836.948
3586.753
4434.753
3970.65
4037.176
4450.495
3779.472
3881.073
3576.164
3093.805
3317.335
3907.209
5023.109
3826.356
3230.822
3978.988
3966.389
3608.411
3616.634
4025.544
3267.278
3573.875
4059.108
4484.452
3464.461
3871.588
3878.131
3631.63
3784.685
3813.839
3930.212
3937.49
3606.239
3412.303
3090.57
3189.066
3965.287
3454.681
4106.218
3810.317
3821.338
3304.93
3422.964
2980.442
3209.883
3154.551
2978.67
4629.204
4330.198
3702.95
3873.635
4269.655
3641.937
3233.084
3601.097
3776.184
3398.363
3750.196
3785.143
3515.118
3709.612
3817.123
3845.406
3220.695
3351.891
3059.234
3821.665
3654.653
3780.024
3359.78
3658.614
4237.395
3325.494
3697.927
3106.263
2911.068
3126.432
3811.4
3895.712
4028.005
3930.433
3945.131
3851.484
3495.349
3563.957
4318.08
3490.166
4504.801
4493.163
4606.952
3991.468
3786.006
3910.392
4011.436
3276.52
3168.523
3412.957
3927.984
3718.501
4042.152
3625.061
4054.439
3423.111
3316.732
3624.866
3527.046
3614.702
3941.902
3066.477
3874.363
3962.437
3695.239
3529.783
3390.928
5184.261
3122.041
4081.656
3311.558
3277.954
3091.292
3334.48
3956.781
3224.161
4338.655
2666.128
3394.484
3098.711
4139.129
4537.888
4034.069
3347.567
3441.079
3564.742
3514.114
3375.656
3903.351
3576.827
3050.977
3167.601
4329.756
3595.521
3246.564
3226.693
3378.667
3272.003
3568.464
3837.378
3440.797
4087.84
4234.781
3765.247
4405.367
3650.122
3346.98
3342.679
4457.015
3066.778
3277.378
4126.628
3963.834
3488.876
4152.36
5271.778
4996.155
4040.63
3319.499
3001.923
4535.336
4097.17
3643.269
3646.652
3329.913
4047.665
3806.397
3437.232
3116.529
3532.366
4569.705
3067.639
3821.184
3546.237
4647.008
3715.361
3793.453
3787.286
3281.501
3214.995
3293.762
3158.372
3524.754
3412.578
4830.881
4345.977
3643.291
4159.794
4098.762
3569.076
3258.161
3652.113
3373.714
3129.128
3336.757
4165.9
4188.665
3928.878
3999.311
3585.397
3516.166
2975.686
3498.757
3065.271
4234.233
3516.328
3424.205
3372.006
3195.038
3023.643
3935.744
4219.603
4303.865
3869.709
4024.869
3408.968
3619.762
3294.194
3740.634
3337.151
3607.7
2966.438
3591.646
3658.447
3893.174
3476.247
3682.849
3517.764
3712.878
3440.083
3790.834
4056.838
3747.018
3196.282
3791.341
4148.736
4149.818
3891.627
4079.917
3795.758
3503.671
3646.173
3472.79
3066.169
3028.148
3858.751
4161.468
4000.886
4484.594
3467.261
3113.452
3547.38
3355.455
2975.449
4427.363
3532.234
3837.534
3238.831
4403.318
3901.435
3704.133
3383.306
3304.36
3857.719
3833.206
3282.618
3818.135
3453.999
3706.72
3951.955
3518.239
3813.501
3589.706
4168.406
4227.844
4086.128
3546.831
3500.291
3355.127
3382.63
3428.72
3030.482
3256.021
3909.231
3372.651
4047.703
3824.058
3827.193
4073.161
3471.108
3367.505
2885.831
3621.274
3226.517
3230.589
3665.373
3221.944
3879.444
4807.137
3709.884
3901.178
3564.548
3570.377
3377.082
3798.862
3693.454
3391.213
3202.014
3619.123
4221.969
3213.388
3556.448
3921.946
4019.997
3756.284
3224.619
4322.731
3441.506
3433.216
3385.292
3093.058
3744.695
3832.844
3156.696
3593.427
3191.463
3088.982
3678.643
3829.795
3829.72
3308.492
3590.095
3542.358
3767.057
3956.544
3748.73
3273.046
3264.257
3789.953
3867.773
3564.355
3049.159
3268.221
3171.682
3745.874
3587.803
3358.116
3115.813
3342.051
3001.829
3690.555
3363.792
3342.9
4076.617
3962.704
3945.532
3807.047
3251.279
4091.49
3901.971
4072.902
3196.379
3588.504
3870.272
3550.53
3392.103
4186.62
3763.729
3064.369
3122.585
4166.479
4195.328
3871.953
3715.024
3330.007
3793.894
4555.659
4226.111
3407.244
3877.177
4660.183
4103.484
3875.267
4349.481
3934.743
3321.381
3478.422
3237.249
4400.263
3736.764
3671.718
3319.521
3644.396
3294.671
3813.03
3840.532
3591.495
4288.068
3386.471
3433.829
3950.972
3261.408
3651.678
3620.708
3351.661
4302.601
3477.34
3423.061
3072.8
3916.755
3676.778
2924.536
2988.454
4433.765
3640.321
3769.689
3475.26
3545.226
3475.495
3297.859
3772.106
3270.941
3510.474
2961.16
3194.693
3162.005
3994.35
4599.049
3807.024
4373.587
3225.747
4000.102
4176.925
3481.624
3767.888
4025.55
3646.354
3563.789
3829.147
3918.978
3359.005
4182.535
3751.899
4011.555
3833.663
4190.533
4288.481
3528.747
3202.614
3265.177
3333.524
3330.17
3651.777
3122.748
3900.008
4034.715
3595.985
3585.368
3788.704
3424.321
3753.915
3441.455
3555.846
3389.079
3972.089
3426.366
3996.092
3385.451
2817.054
4414.019
3349.89
3005.586
4021.399
3630.085
3553.425
3581.483
3205.68
3293.988
3462.998
3572.144
3522.168
3713.984
3127.059
3666.208
4247.038
3619.458
3988.061
3458.304
4382.057
4149.451
3182.849
3938.905
3697.471
3696.877
3500.073
3493.947
3869.326
3555.071
3741.896
3403.291
3196.528
3977.387
3456.887
3146.572
3461.221
3814.898
4151.632
4496.682
3584.166
2914.312
3140.934
3295.163
3485.312
3485.02
4207.369
3203.03
4179.066
3118.153
3579.701
4278.725
4277.411
3881.023
3996.092
4721.695
4196.592
3801.375
3270.092
3827.046
3367.599
3922.884
4130.725
3622.231
3849.988
3731.445
3200.597
4506.797
3528.934
3592.131
4400.377
3211.413
3012.712
4484.492
4101.8
3813.564
4068.271
3101.104
4192.291
4190.15
5158.22
3945.494
3826.344
3387.643
3790.691
3719.369
3767.65
3600.187
4888.587
3758.697
3293.463
4183.509
4487.151
5118.886
4351.555
4142.33
3491.578
3616.932
4372.694
4688.5
4348.121
3286.426
3397.445
3419.767
3561.914
4001.385
3703.666
3670.156
3675.245
