5.846375
5.250089
5.13901
4.89298
3.939064
4.122081
3.945053
3.810489
3.581129
3.140692
3.243058
2.68476
2.748054
2.238522
2.523825
3.066382
2.761219
2.637901
2.268466
1.749962
2.136629
2.496321
2.389771
2.128954
1.72814
2.216825
2.017127
2.072854
3.122365
2.694758
2.968399
3.278538
2.744809
2.597636
2.911749
2.695961
2.955165
3.139279
2.508936
2.684921
2.952199
2.730706
2.781116
2.030024
1.942461
3.057126
2.476818
3.01758
2.639752
2.764792
3.615964
3.610551
3.745052
2.839126
2.294694
2.495948
3.011534
3.810332
2.912775
3.110635
2.924756
2.601219
2.089218
2.153968
2.152921
1.893123
2.043802
1.777108
2.329575
2.193855
3.214998
3.038486
3.276303
3.760138
3.608706
2.853735
3.282326
2.865857
3.541639
2.708428
2.518557
2.269329
2.133384
2.375756
2.305658
2.387554
2.64241
2.564159
2.603675
3.049942
3.866236
4.052583
3.919516
3.506187
3.358918
3.331704
3.463307
3.905344
3.064967
2.748179
2.893062
3.720957
3.579786
4.020175
4.988149
4.676644
4.644274
4.278178
4.434229
3.545789
3.514589
2.982376
3.257573
3.271027
2.933592
3.729196
3.913429
4.930221
4.154879
3.087835
2.984745
3.117652
4.353747
4.562442
4.128306
4.997078
4.804937
3.551017
3.071983
2.520499
2.344196
2.648704
2.186844
2.142057
2.779001
2.454554
2.562882
2.95534
2.889539
2.487877
2.3014
2.457814
2.301297
2.821473
2.707571
2.987815
2.629008
3.013417
2.851457
3.050276
3.236223
3.082964
3.295246
3.049731
2.56636
2.71115
2.299723
2.914142
2.611716
2.389744
2.351121
2.294125
1.705115
1.840792
2.002365
2.250132
2.517717
3.057843
3.241755
2.548581
3.187128
3.345647
3.453007
2.961935
2.945304
2.432992
2.576139
2.590483
3.362222
5.108861
5.08122
4.917561
4.8941
3.585699
3.955188
2.860528
2.328835
2.849893
2.948215
2.339968
2.298269
2.976734
2.738712
2.25286
1.635943
2.113375
1.93849
2.085479
2.250041
1.961535
2.256059
2.003709
2.102475
1.95498
2.36372
2.165071
2.095926
2.569178
2.189095
2.168563
3.207554
3.057977
3.174474
2.185438
2.657583
3.393659
2.812829
2.398025
2.542463
2.672846
2.910601
3.23498
4.156166
3.115834
3.267633
3.053376
2.878364
2.15951
1.44237
1.748796
2.627828
2.62721
2.735289
3.170139
2.712147
3.028096
4.123245
4.271328
3.231198
3.015163
2.605815
2.895901
4.171254
3.436295
2.954646
2.686053
2.389263
2.283752
3.17997
2.78072
2.245943
2.052497
2.460233
2.683602
3.743202
3.295933
3.901365
3.099997
2.947021
5.13157
3.674483
3.206617
3.45095
3.530481
3.754293
4.068136
4.341904
2.842969
3.619392
3.510184
4.083911
4.07773
4.33692
2.961225
2.204643
2.729305
2.83705
2.849131
3.198806
3.361852
3.255277
3.313177
3.749156
3.121951
3.354935
2.70216
2.86602
2.529881
2.910821
2.987865
3.180199
2.269724
2.256514
2.560231
2.288725
2.113539
1.95772
2.101933
2.587393
3.212746
3.270168
2.797432
2.795862
2.652798
2.215211
2.745349
2.347731
2.327522
2.976625
2.892997
3.015065
2.679019
2.447249
2.649849
3.341738
3.380028
3.292754
4.08802
3.565513
4.544938
3.744171
3.702394
3.83483
2.927238
2.762373
2.568996
1.793082
2.3814
2.672692
2.593794
3.176392
3.428375
3.656293
4.25537
4.390624
3.617809
3.557693
3.11233
3.463283
2.914591
3.06433
3.289014
3.646217
3.143702
3.869364
2.708946
2.964546
3.938873
3.505027
3.238113
3.330517
3.286188
2.842265
2.880282
3.211626
3.527693
4.479162
5.378073
5.800435
5.094047
5.218582
5.031009
4.34708
3.430026
3.439512
3.25761
3.916912
4.154195
4.304099
3.508587
2.559234
3.976288
4.036901
3.507298
4.073191
3.567445
3.501331
3.291358
3.272006
3.933615
3.481258
3.08675
3.158359
3.281132
3.748411
3.048998
3.476512
3.570989
4.533688
4.294162
4.450156
4.228087
3.986877
3.131269
3.364756
3.426175
2.261584
2.223665
2.701818
4.238986
5.91728
4.619308
4.656802
4.332099
5.353364
2.481278
2.452451
2.053294
2.788552
3.131155
3.312241
3.765725
3.081224
4.149424
3.584171
4.234796
4.201423
4.239759
4.352703
4.168663
3.927153
3.153573
3.12673
2.78607
2.823967
2.407406
2.606932
2.756613
2.837742
2.531693
5.035991
4.261753
4.609599
3.955172
3.502193
3.778
4.595529
3.661864
3.124321
3.138568
2.861418
3.066018
2.717416
2.440986
2.565244
2.246241
2.615166
2.950701
3.42707
2.992226
2.866837
2.276915
2.307769
2.270501
2.376714
1.96863
2.474785
2.688965
2.894847
2.859739
2.569999
3.0892
3.567217
3.04603
3.2591
2.372443
2.5867
2.720389
2.82303
3.380915
3.460744
3.597209
3.986858
4.372992
4.091621
3.917938
4.189825
4.407637
5.197982
5.09977
5.014982
4.699022
4.804473
4.148944
3.643864
3.038554
2.597059
3.805713
3.293663
2.589497
2.889914
3.391094
3.629434
3.972825
3.915876
5.719125
4.508422
3.662901
3.825975
2.439329
3.329738
3.288103
3.426511
2.697164
2.802417
2.239589
2.492557
3.053893
2.956193
3.727387
5.311004
4.651109
4.543134
2.775959
2.833332
3.268857
3.420291
4.72363
5.574887
5.029457
5.857719
7.246485
4.621826
4.193896
3.244227
3.3925
3.456014
3.387252
2.522114
2.463791
3.281643
3.596225
3.743881
3.816329
2.934028
3.184737
3.913373
3.930966
3.565671
4.632671
3.425265
3.191111
3.520825
2.822816
3.42039
3.202145
3.364121
3.595694
4.535242
4.671538
3.515551
3.835983
3.209339
2.77471
2.812415
2.656814
3.141366
3.708018
3.999415
4.096147
3.201549
3.766975
3.433144
3.445852
3.198445
2.959891
3.725826
3.274924
2.912945
3.696569
3.247684
2.87974
3.594486
2.645912
2.867674
3.196137
3.143067
4.530163
4.003325
2.900873
3.515002
3.457321
2.685506
3.316279
3.698378
4.058343
4.897561
5.240651
5.089912
5.34362
4.19822
4.249877
3.097894
3.429856
2.766959
2.529152
2.941097
3.187677
2.368726
2.846489
2.256536
2.045484
2.301182
3.008714
4.080211
4.976484
3.434754
3.192795
3.322114
2.585279
2.263488
2.21773
1.979447
1.933367
1.846446
1.893719
1.690596
2.1406
3.201891
3.563152
3.00728
3.322642
2.497372
2.609089
2.263566
2.240447
2.412366
2.396446
2.212322
2.813843
2.670447
2.879176
2.897249
2.870793
2.167983
2.052137
1.484475
1.821844
1.682713
1.89076
1.69305
1.878266
1.836173
1.938117
2.347263
2.785115
3.061187
3.700269
3.78975
2.663313
3.569803
4.537484
4.186196
3.520523
3.577016
3.395313
2.600612
2.325253
2.198385
2.581085
3.394723
3.741141
3.740393
3.720941
3.186224
2.744336
2.681423
2.635491
2.026631
1.852037
1.998971
2.112354
2.016045
2.501302
3.560887
4.719828
4.666
5.752391
5.202998
5.857444
6.219555
5.6511
4.805446
4.001057
4.447847
3.527712
3.65813
4.440848
5.313172
4.961601
4.047164
3.755283
3.285132
3.350874
3.078776
2.777507
3.047267
3.065292
3.630317
3.400332
3.192868
3.667899
3.600114
3.70069
3.561261
3.64202
2.998652
2.932617
2.841213
3.539354
4.152017
3.69053
2.624339
2.137505
2.08973
2.255503
2.088155
3.003207
2.436066
2.67823
2.391578
2.538794
3.103903
2.645977
2.366361
2.942832
1.906579
2.653046
3.410102
2.798371
3.296172
3.349318
2.436303
2.297779
2.222092
2.795805
3.318846
2.816564
3.148562
3.125471
4.113585
4.088178
4.445984
4.903686
4.463884
4.594324
4.09721
3.754353
3.336539
3.477214
3.050763
2.719523
2.694586
2.407555
2.687133
2.768417
3.617685
3.027664
4.417298
4.104667
4.515977
4.079253
3.764045
2.806996
3.231478
2.288326
2.120534
2.504224
2.252811
2.540739
1.997675
1.647025
2.344654
2.196473
2.536566
3.115332
2.817548
2.991069
2.584799
3.18697
3.362283
3.069302
2.785243
3.515561
3.695061
3.426182
3.431265
4.604383
5.150084
4.93687
4.88796
4.813636
4.613169
3.967821
3.872722
2.610301
2.196036
2.384809
3.485543
3.50167
3.765067
3.047704
3.296312
3.650588
3.65711
2.889878
1.893351
2.269907
2.897486
3.635359
3.802268
2.636398
2.240469
2.372955
2.464013
2.904024
2.586213
2.257954
2.178632
1.92301
1.979755
2.33637
2.407109
2.367794
1.907881
1.870149
1.689271
2.53747
2.64128
2.558847
2.090897
2.248946
2.957499
3.38974
3.38301
3.351266
4.237167
4.297143
3.976024
3.119806
4.052058
4.430178
3.459919
4.513003
4.028854
3.185129
4.375947
4.199866
3.480839
3.254582
3.131465
3.186095
3.044962
2.00021
2.87809
2.39581
2.166099
2.387847
2.525957
2.531116
2.542223
2.119462
1.942799
1.870867
1.469
1.664244
1.630956
1.723683
1.556155
1.932142
1.955985
1.80035
2.582401
2.765083
1.924567
1.799801
1.456582
2.227543
3.179312
3.577504
3.883169
3.915436
4.204962
4.620824
3.952522
3.645557
3.608772
2.60885
2.181759
2.59957
2.164958
2.408433
2.286232
1.54892
1.908559
2.391746
2.949076
2.390252
2.258004
2.122941
2.547082
2.805783
2.830522
2.961543
3.879066
4.270194
3.218533
3.052863
2.205791
3.096798
3.299385
3.121819
3.083866
2.73693
1.7902
1.947749
2.005787
2.17693
2.473836
2.114096
2.633985
2.474578
2.127223
2.393966
1.927984
1.761355
2.087405
2.465529
2.62946
3.08774
2.963399
2.714576
2.985671
3.372667
2.453735
2.89169
3.417134
3.14026
2.858587
2.646061
2.397764
2.071123
2.135924
2.397903
3.163126
2.456016
2.28804
2.460422
2.477113
2.835263
3.549694
3.54177
2.810985
2.436478
2.074797
2.332405
2.586017
3.041673
3.477581
2.417333
3.14471
2.70085
2.103704
2.258051
2.793119
2.481526
2.640022
2.677881
3.034967
2.562254
2.437355
2.30078
2.735499
2.280215
1.904261
2.012171
2.01544
2.303973
2.227077
2.616024
2.812883
2.256717
2.404617
2.665773
2.88997
3.400063
3.967846
4.15541
3.292827
2.705032
3.719819
3.489078
2.600994
2.545899
2.109992
1.936959
2.082212
1.813527
2.088345
2.509447
