3.837313
3.738785
3.20396
3.259504
3.742804
4.28498
3.803478
3.176665
2.636378
2.635338
2.024337
1.95039
2.05836
2.366714
2.467375
2.902115
2.948881
2.919081
3.063961
2.684776
2.342939
1.951589
2.323268
2.664078
2.622173
2.633317
2.552848
2.857938
2.284406
2.366806
2.517708
2.476447
2.309929
2.040877
2.125845
2.775542
2.571735
2.865737
2.379134
3.044508
2.969374
2.515987
2.698857
2.329201
2.24486
2.395045
2.374806
2.728778
3.0233
2.456356
2.43324
2.581283
2.960013
3.08314
3.214392
3.401593
3.181344
3.371437
2.929416
3.125482
2.475436
2.714189
2.626681
2.91476
2.624172
3.090297
2.577811
2.443673
2.586011
2.904193
2.55622
2.609211
2.63252
2.696416
2.686841
2.760104
2.93381
2.736251
2.813385
3.322575
3.731139
4.218539
3.700862
3.144937
2.90121
2.62941
2.857192
2.816792
2.98005
2.957661
2.898631
2.61252
2.380117
2.527138
2.615856
2.202566
2.241408
2.282933
2.770715
2.944867
2.951545
2.90374
2.838266
2.214649
2.161855
1.959318
2.3042
2.050899
1.985976
1.992294
1.63434
1.62162
1.534322
1.621604
1.580039
1.601699
1.695356
1.847277
1.742061
1.572508
1.579276
1.817079
2.148119
1.955353
2.088533
1.845828
1.752577
1.638654
2.016108
2.151348
1.908449
1.553981
1.636963
1.565638
1.559061
1.631798
1.696494
1.364048
1.340452
1.571047
1.743388
2.25353
1.819587
1.553284
1.540134
1.413202
1.395059
1.39925
1.341484
1.194697
1.21458
1.465676
1.447399
1.586003
1.759056
1.713812
1.59378
1.615988
1.79306
1.804758
1.402724
1.141747
1.239019
1.662105
1.492997
1.799571
2.067801
1.837182
1.802333
1.877836
1.920811
2.090335
2.178657
2.155169
2.303455
2.319549
2.38497
2.5912
2.817606
2.579295
2.673687
2.659605
3.014143
3.193165
3.329945
3.298689
2.983769
2.825871
2.546356
2.899925
3.552145
3.429774
3.256133
3.264285
3.08823
2.544495
2.624555
2.469343
2.625388
2.542921
2.472975
2.496972
2.24886
2.547835
2.261655
2.329158
2.643491
3.370177
3.221464
3.624254
3.723682
3.716716
3.369892
3.028684
2.281127
2.503156
2.909228
2.589947
2.626313
2.571441
2.422694
2.075645
2.002068
2.324804
2.11228
2.062419
2.222201
2.268669
2.150465
1.702971
1.579795
1.601104
1.881128
2.217686
2.235771
1.97737
1.66936
1.931034
1.956995
2.1894
2.032386
2.053575
2.230855
2.233715
2.446909
2.469716
2.088008
1.959897
2.089638
1.775012
1.717545
1.514991
1.556077
1.660789
1.598403
1.813136
2.270365
2.227378
2.210994
2.209103
2.516991
2.232731
1.895658
1.615432
1.783297
1.847009
2.085233
1.92683
1.995694
2.073746
2.658203
2.378785
2.529683
2.234489
2.21415
2.167471
1.837246
1.557327
1.95966
1.91799
2.059569
1.992831
1.848453
1.776034
1.706636
1.779676
1.971759
1.997409
1.732046
1.516892
1.513273
1.434226
1.700322
2.166059
2.002423
2.307338
2.409874
2.22799
2.210293
2.073333
2.152652
2.314221
1.891544
2.075433
2.122819
2.363912
2.470361
2.385321
2.811355
3.80724
3.68392
3.363112
2.835179
2.794354
2.874437
2.587685
2.611003
2.71829
2.52364
2.834524
3.020577
3.345475
3.518714
3.984371
3.547023
3.231394
2.783526
2.992122
2.676725
2.671602
2.791694
2.850413
2.833834
3.305309
3.331498
3.472526
3.00224
2.993477
3.58715
2.934152
2.862948
2.649324
2.712006
2.279226
2.289074
2.251325
2.081109
1.88198
1.786923
1.973769
1.907845
1.605202
1.539397
1.497698
1.579167
1.313459
1.24994
1.397414
1.547609
1.356271
1.707319
1.625919
1.812483
2.025616
1.733139
1.895175
1.783474
1.980487
1.968029
2.280614
2.209475
2.1758
1.93191
2.220129
2.32065
2.238181
1.970345
2.111448
2.04526
1.712386
1.625058
1.537023
1.82506
1.762855
1.821324
1.936395
2.108756
2.020125
2.429942
2.733032
2.897041
2.60753
2.502866
2.916916
2.765151
2.914144
2.838126
3.292433
3.387391
3.014691
2.88284
2.729355
2.739199
2.653142
2.184093
2.339568
2.421355
2.057409
1.945972
1.796263
1.915325
2.044194
2.240339
2.136047
2.510695
2.534923
2.786427
2.247605
2.337827
2.842099
2.918617
3.3429
2.964831
3.023246
2.799101
2.552939
2.045933
2.094039
1.782919
2.085058
2.208776
2.433058
2.487866
2.356265
1.880734
2.184214
2.151258
2.071511
2.074387
2.182638
2.525156
2.143443
2.017986
1.987963
1.989834
2.023353
2.236283
2.877273
2.768733
2.542914
2.361907
2.448667
2.249384
2.140112
2.030828
2.268744
2.253097
2.514619
2.639518
3.015154
2.843729
2.762149
2.304636
1.921458
1.72042
1.734781
1.777276
1.782776
1.918895
2.056492
2.054532
2.034897
2.060787
1.984875
1.845291
1.81862
1.737087
1.486701
1.771914
1.870324
1.658373
1.876621
1.702219
1.835083
2.149541
1.936439
2.183487
2.332421
2.055138
1.91744
1.87139
1.705167
1.670542
1.551205
1.565922
1.627991
1.48209
1.357247
1.27359
1.443391
1.301233
1.142844
1.232936
1.301311
1.295704
1.40519
1.571468
1.477975
1.679781
1.665412
1.669961
1.825061
1.770696
2.08082
2.100738
1.937303
2.048406
2.309246
1.938281
2.18912
1.873969
1.902858
1.84321
1.75208
1.460804
1.664952
1.581987
1.504027
1.989719
2.095447
1.963122
2.227795
2.060962
2.157026
2.006533
1.657069
1.404499
1.316763
1.675659
1.765765
2.517915
2.285345
1.934651
2.034838
2.449869
2.738284
2.883537
3.203958
3.151062
3.226919
3.198578
3.148329
3.140939
2.913992
2.599891
2.30914
1.954175
1.886806
1.74122
1.969012
1.885367
1.749346
1.675919
1.868097
1.94498
1.8467
2.243085
2.257835
2.593004
3.017814
2.349714
2.461889
2.543978
2.598614
2.153929
2.275263
2.457129
2.203359
2.159155
1.904719
1.808133
1.993174
1.981078
2.102926
1.865025
1.712663
1.609271
1.554809
1.629615
1.645974
2.168411
2.720351
3.141792
2.953103
2.672834
2.872288
3.038679
3.483165
3.24702
3.193891
2.972019
2.720056
2.564977
2.682888
2.410842
2.214528
2.013631
1.889838
1.971578
2.411868
2.049094
2.323779
2.356964
2.713634
2.27857
1.920893
1.769748
1.527911
1.331996
1.354327
1.540282
1.847774
1.73785
1.852956
1.67935
1.776025
1.740405
1.357139
1.471548
1.790861
1.585632
1.640037
1.589405
1.900264
2.050199
2.148342
2.191971
1.842654
1.925393
1.777526
1.990146
1.870903
1.939006
1.648267
1.572837
1.345863
1.55633
1.413615
1.319133
1.247492
1.213812
1.253722
1.341277
1.430889
1.453934
1.441834
1.532596
1.682918
1.655288
1.691643
1.699189
1.39091
1.437659
1.604247
1.842172
2.00576
2.170609
2.118998
2.342464
2.010606
2.475533
2.731908
2.794435
2.836271
2.693042
2.616581
2.425732
2.740464
2.564215
2.857306
3.062916
3.657973
3.305631
2.964629
2.950766
3.203772
3.183985
2.980527
2.733171
2.573887
2.394618
2.528676
2.902503
3.059112
3.444037
3.127066
2.529867
2.441099
2.368782
2.304061
2.075065
2.132153
2.270956
2.052145
2.057299
1.986334
2.114535
2.243134
2.165302
1.813937
2.075061
2.380101
2.407675
2.657141
2.322322
2.50296
2.539407
2.42339
2.483048
2.473141
2.690287
2.678094
2.452674
2.551401
2.720023
2.923634
3.402982
3.326544
3.671271
3.627238
3.826358
3.848127
3.137607
3.464621
3.081473
2.904108
3.601116
3.782845
3.900859
4.124464
3.689935
3.308657
3.066785
3.39511
3.464453
3.197175
3.239067
3.167204
3.734919
3.4186
3.326938
3.271649
2.861033
2.934024
2.85509
2.566306
2.728193
4.112232
4.320261
4.817269
3.992643
3.606858
3.243931
3.222414
3.301211
2.86129
3.537466
3.316019
3.18506
2.642651
1.990953
1.88896
1.772349
2.175177
1.963513
1.935069
1.741578
1.944433
1.957294
1.920933
1.910984
2.046707
2.095144
2.054851
1.704208
1.768784
1.412938
1.390869
1.223181
1.312876
1.218298
1.143038
1.370347
1.339034
1.432407
1.611095
1.497088
1.559724
1.994072
1.873712
1.716568
1.868394
1.808111
1.712049
2.046918
1.923167
1.92105
2.097432
1.782947
1.970453
1.910937
1.783478
1.869456
1.57213
1.580035
1.60436
1.410602
1.551425
1.46175
1.524049
1.72255
1.999172
1.793237
1.952202
1.749639
1.937509
1.865125
1.687714
1.768362
1.791698
1.6238
1.686824
1.834989
1.932402
1.679258
1.807846
1.329782
1.278483
1.344132
1.513882
1.421225
1.327859
1.647816
1.866673
2.271676
2.091466
2.13319
2.078118
2.680909
2.460581
2.654111
2.712704
3.081697
2.542989
1.94705
1.841551
1.862857
1.689664
1.901097
1.910928
1.704053
1.887807
1.638844
2.025564
1.875624
1.656834
1.702449
1.387806
1.599317
1.761499
2.047824
2.349048
2.375684
2.49505
2.420582
2.23638
2.062529
2.274739
1.964403
2.571445
2.61083
2.575358
2.687298
2.39628
2.175077
2.300684
2.267881
2.1152
2.436242
2.223846
1.85042
1.969366
1.914686
2.037669
2.255123
1.990921
1.744862
2.086948
1.891967
2.048263
2.213831
2.37363
1.950955
2.336611
2.400588
3.008588
2.509603
2.197184
2.125227
2.270643
2.1982
1.896273
2.067916
2.15388
1.95258
1.699515
1.619778
1.597912
1.970517
2.053785
2.377288
2.440018
2.335597
3.134919
2.71752
2.620276
2.905868
3.362471
2.756246
2.666324
2.77375
2.444307
2.299047
2.379498
2.584548
3.234565
2.882307
2.209742
2.267444
2.336784
2.309874
1.855894
1.740774
1.395952
1.487904
1.61633
1.70087
1.543522
1.431982
1.694243
1.813129
1.934802
2.01622
2.011877
2.15344
2.272637
2.20528
1.931249
2.058786
1.788607
1.54158
1.546554
1.762533
1.677903
2.061768
2.088873
1.977846
2.089963
1.900267
2.019162
2.318496
2.174698
1.931951
2.317092
2.386475
1.929772
1.834783
1.977867
1.824797
1.788302
1.912011
2.165282
2.066526
2.26845
2.203856
2.243858
2.09359
1.9931
1.530038
1.435556
1.338632
1.389348
1.3705
1.635666
1.701859
1.527773
1.731643
1.840214
2.013522
2.057161
1.942754
1.741284
1.946143
1.811641
1.532168
1.675022
1.818836
2.089728
2.330637
2.186169
2.112756
1.948581
2.20333
2.737789
2.736966
2.741106
2.522475
2.743423
2.660112
3.235407
3.305815
3.337075
3.178313
3.202352
3.03808
3.087672
3.323332
3.696243
3.132499
3.37213
3.192233
3.191968
2.994527
3.148233
3.405874
3.153646
2.790558
2.699714
3.021283
3.33323
3.14971
2.956466
3.310259
3.117718
3.075006
3.110548
3.140416
2.751629
3.014032
3.147109
3.299577
2.918176
3.649629
3.485087
3.094995
2.547302
2.601981
2.598748
2.70215
2.999654
2.203244
2.217938
1.85462
1.726583
2.282647
2.645674
2.220106
2.079403
1.914111
1.657937
1.623304
1.548565
1.381756
1.546533
1.275856
1.358142
1.766428
1.677954
2.120772
2.629453
2.39379
2.777144
3.052965
3.107333
2.827992
2.937143
2.474862
2.368156
2.417762
2.117254
2.351087
2.484592
2.479809
2.910232
3.077645
2.696389
3.073511
3.02387
3.608028
3.51608
3.926747
3.465001
3.528381
3.510516
3.412008
3.316373
2.848023
3.039597
2.876815
2.773884
2.516169
2.600023
2.258022
1.614292
1.69565
1.83271
1.810422
2.065558
1.704199
1.460715
1.65027
1.452234
1.606417
1.847902
2.014263
2.425614
2.37077
3.097429
2.472786
2.982838
2.250544
2.212867
2.13073
2.40359
2.273678
2.087838
1.871773
2.058967
2.079742
2.238357
2.343071
2.221106
2.758913
2.910843
2.753574
2.661532
2.867251
2.641092
2.67922
2.716987
3.109916
3.912869
3.287536
3.514244
3.188079
2.495626
2.80767
3.264429
3.339556
3.43934
3.41814
3.104021
3.484649
2.95139
2.948121
2.875963
2.959823
3.763029
3.895943
4.081728
4.08472
4.181248
4.510035
4.077048
4.010435
3.036824
3.096313
3.339133
3.422634
2.8256
2.695075
2.932906
2.76764
3.254141
3.103335
2.539334
2.512682
2.529221
1.899272
2.327676
2.149852
2.315915
2.084411
2.139638
2.095108
1.880181
1.877659
1.837681
1.693675
1.688205
1.701757
1.862214
1.782577
1.726712
1.735668
1.816002
1.471607
1.428782
1.246758
1.335485
1.62147
1.574033
1.550769
1.612497
1.428989
1.537975
1.38308
1.497795
1.421843
1.290947
1.264074
1.927329
1.862901
2.141942
1.875292
1.918478
1.955938
2.181425
2.169989
1.952392
1.96444
1.960113
1.872773
1.801256
1.531886
1.758864
1.58576
1.673849
1.382625
1.279122
1.207049
1.300751
1.197965
1.174903
1.386094
1.321288
1.204869
1.46089
1.657343
1.711374
2.045554
1.814065
1.811649
1.979307
1.624869
1.489709
1.795027
1.975959
2.361157
2.361011
2.143163
2.261715
2.234455
1.786279
2.193362
2.052375
1.826598
1.78663
2.089211
2.780632
2.573106
2.406516
2.368049
2.391081
2.216265
2.06528
2.146277
2.207906
2.1503
2.197677
2.353598
2.099177
2.348741
2.547171
2.435839
2.473134
2.990557
3.176903
2.869851
2.612904
2.821897
2.593051
2.711167
2.577662
2.708457
2.657984
2.86471
3.212906
2.610156
2.631137
2.654946
2.455577
2.09401
2.391871
1.903398
1.758649
1.718071
1.52475
1.41726
1.326263
1.486345
1.554286
1.849827
1.91888
2.083112
2.440077
2.47218
2.627327
2.109993
2.777678
2.614969
2.865035
2.699358
2.787527
3.236593
3.467366
3.289364
2.90848
2.856117
2.773117
2.651865
2.376339
2.197604
1.880096
1.681047
1.935903
2.124817
2.328715
2.358262
2.202313
1.669756
1.712341
1.844025
1.831157
2.026206
1.700497
1.670637
1.704693
2.171612
2.115609
2.280769
2.134176
1.7604
2.031179
2.48396
2.294007
2.722032
2.556784
2.170052
2.561261
2.803101
2.942228
2.689495
2.379162
2.121341
2.163715
2.363123
2.584513
2.478672
2.411957
3.452301
3.331696
3.205465
3.67806
3.422103
2.841922
2.268113
2.356079
1.981837
2.105055
2.279296
2.591306
2.819437
2.728877
2.342901
2.84745
2.830655
2.780481
2.95635
3.058507
2.541174
2.776583
2.78291
2.589769
2.409255
2.357912
2.516997
2.280013
2.357715
2.371094
2.128041
2.045771
2.375718
2.591315
2.92808
3.280126
2.839506
2.992014
2.599754
2.017108
1.887182
1.957517
2.013072
2.246444
2.256385
2.263724
2.235119
3.044197
2.949462
2.906494
3.165818
3.271946
3.373316
2.679971
2.557271
2.683145
3.189696
2.905095
2.853276
2.961056
2.866084
3.042819
3.522302
3.221963
2.801617
2.049848
2.01736
1.711536
1.728258
1.595348
1.644226
1.783758
1.565755
1.603703
1.665051
1.465672
1.342626
1.088107
0.9951721
0.9623513
1.006259
1.20715
1.195296
1.366075
1.526892
1.61885
1.535803
1.596813
1.819524
1.827612
1.989606
1.629472
1.673018
1.690818
1.839933
1.647227
1.57696
1.481277
1.644396
1.481418
1.48243
1.591705
1.580008
1.502939
1.42535
1.514842
1.317639
1.316884
1.126532
1.331029
1.432732
1.683691
1.459618
1.334513
1.446188
1.570363
1.815789
2.10815
2.122013
1.991015
2.379983
2.195255
2.338927
2.661352
3.18934
3.129437
2.95312
3.317293
2.630045
2.153423
2.375128
2.373131
1.983564
1.966069
1.865676
1.725617
2.167142
2.109823
1.835672
2.089417
1.839941
1.58267
1.519113
1.340748
1.502667
1.465624
1.596497
1.750125
1.622512
1.959023
1.913856
1.878832
1.846371
1.651805
2.206466
2.344536
2.626032
2.531516
2.393541
2.445127
2.379701
2.577177
2.376264
2.243428
2.280473
2.253334
2.221703
2.432365
3.042849
3.636838
3.476422
3.202928
3.311792
3.677648
3.760906
3.095389
3.398021
3.464578
3.331348
3.267396
2.747093
3.008122
3.08286
3.277952
3.386683
3.072176
3.184447
2.859892
2.824063
2.454243
2.504178
2.535207
2.623357
2.723437
2.277784
2.818476
3.575349
3.370036
3.039573
2.411781
2.170095
2.680473
2.591087
2.809715
2.625857
2.594978
2.826078
3.192164
3.147337
2.627016
2.275515
2.182465
1.939879
1.694923
1.57362
1.452399
1.471623
1.342301
1.25927
1.255094
1.153712
1.396587
1.72737
1.493919
1.695003
1.732474
1.68181
1.710511
1.799783
1.719841
1.710115
1.86879
1.78515
1.596542
1.349337
1.374327
1.407486
1.743783
1.862157
1.997716
2.064864
2.119509
2.234481
2.123451
1.927303
2.168928
2.095053
2.453565
2.835043
2.29031
2.374956
2.063784
1.868568
1.772387
1.536141
1.943088
2.217624
1.820209
2.056765
2.150366
2.341202
2.572305
2.712264
3.273945
3.106554
2.600921
2.553165
2.578998
2.767275
2.322543
2.070967
2.604305
2.813061
2.563553
2.88846
2.799697
2.90936
2.736686
2.590077
2.363778
2.772805
2.297577
2.139584
2.211013
2.500982
2.262308
1.895033
1.807107
1.633784
2.168208
2.147752
2.130469
1.980402
2.097682
1.816756
1.701681
