34.60671
36.54104
39.92126
40.95536
42.2411
41.0807
42.93719
43.83143
45.35736
49.03494
49.09517
51.05363
52.75227
55.30637
58.66399
59.07677
59.3246
59.47645
57.4633
58.09756
58.88862
59.19426
60.20432
59.91036
61.7303
62.15654
62.72154
65.44554
62.97691
64.73978
67.42802
68.12082
72.00998
71.89647
73.25126
74.33942
76.16878
72.52752
73.81916
74.69016
77.41437
77.11214
79.37579
78.01131
77.16179
75.12756
73.79014
76.96805
76.1137
77.4303
74.75726
71.98981
69.72398
67.68336
67.31007
70.37076
71.45799
71.17866
73.82115
77.23415
77.8192
79.02057
76.56148
78.30882
79.27914
75.11873
76.77598
75.49877
77.20095
74.28052
75.26145
75.40801
76.16623
78.46408
81.39154
81.88967
82.53546
80.46108
77.13981
75.92933
78.11957
76.65291
73.6435
74.1423
76.72586
76.369
75.50726
76.30759
77.84425
77.70111
79.79074
81.4808
82.49558
81.6941
76.35453
77.85349
80.77486
82.18751
82.34114
79.51831
80.89121
81.41473
81.25448
85.83895
84.66566
88.23921
87.21039
86.58212
89.40572
85.57955
83.98234
83.86902
89.40155
89.25233
90.49838
87.69674
90.32491
88.78972
87.89848
85.20244
85.71883
82.60608
82.13208
82.29813
82.73757
84.19837
83.21078
85.13054
87.44832
86.54275
88.52865
93.27299
91.07042
87.78797
83.34666
85.24095
85.30446
83.72888
85.49281
80.87331
84.6388
82.04852
84.23984
84.92481
86.45396
86.5998
87.69661
87.60883
91.14093
89.35553
89.40528
89.45195
91.25683
89.31514
88.88123
88.09712
87.22735
85.44303
87.00686
89.8113
92.31532
93.10019
97.92172
93.69777
93.05161
93.60292
93.74287
95.78189
99.64667
100.1154
102.8605
99.76294
101.3005
104.9711
103.5153
100.0334
98.57681
97.66231
98.24231
95.75276
95.3236
93.61242
89.63134
88.39172
83.86124
84.37169
84.54858
79.13785
84.90763
83.88562
88.77822
89.41883
89.74686
88.14985
90.47481
85.87133
85.9999
89.59279
90.52644
91.71817
91.49347
89.8808
85.36195
88.95283
89.75689
85.49699
84.59779
81.29183
82.25592
84.43952
84.49862
87.0011
89.17527
89.38351
87.13688
88.11359
84.89082
87.47793
94.43541
93.6286
94.46254
93.94502
93.2151
99.11472
100.5043
101.442
102.4036
97.88114
93.65016
96.48662
97.78356
102.2071
106.3181
102.706
102.5535
106.8752
106.2704
102.8311
106.3165
102.5287
108.0305
113.1776
118.5946
120.5034
120.9094
121.9206
126.184
122.7625
116.1231
113.7481
116.2382
116.2345
117.821
119.7454
117.9295
119.605
120.3386
117.6704
119.2315
125.3188
128.5561
125.4483
131.224
126.4439
123.8165
120.9144
118.5049
122.3294
120.2612
120.5912
123.9059
121.5931
124.4949
124.5579
127.062
132.562
134.0073
140.2959
137.5718
134.4574
131.2786
136.559
133.4854
130.6495
134.3419
129.9858
135.347
141.911
135.7184
137.3697
136.5273
141.5682
135.3205
144.2103
142.6972
140.1679
146.1883
150.4713
154.8093
156.2052
152.4504
156.5576
150.8154
151.3055
149.8695
157.4388
150.6299
151.9401
152.3849
148.4464
148.7796
151.2738
150.7244
157.4736
157.0103
164.6813
164.7637
171.1297
168.9503
169.5386
162.093
164.1583
161.5771
165.7444
164.7407
158.2739
162.7273
166.1862
174.1328
174.6594
172.4255
179.4482
175.3196
175.3882
169.5448
158.2617
160.8156
160.2268
164.5622
159.2766
162.8978
164.3652
160.5315
159.7909
164.9329
172.1261
167.8053
169.8276
173.7427
164.5268
160.0727
161.4061
158.4971
156.845
155.238
156.0084
157.8691
160.5122
161.9558
161.3844
165.4436
160.8903
161.4286
169.0575
169.9316
169.5067
167.2458
161.9711
158.1981
156.4473
153.5199
155.0896
159.143
160.8907
161.5318
156.9083
148.7653
142.9622
143.0346
140.3474
142.6779
139.1537
144.2838
149.965
146.7469
151.2655
150.8592
155.412
156.9025
151.6059
156.6877
148.9273
142.0853
143.8696
143.8093
145.8156
145.6936
144.9317
142.2889
144.5304
146.7854
150.7921
144.6795
149.3089
152.684
154.6649
156.2211
156.6056
151.547
165.7165
156.4585
159.0441
162.8934
157.3291
160.0681
165.1771
161.0905
162.7054
159.832
161.7114
157.9017
155.3678
154.8277
144.567
142.8133
157.5955
166.4428
166.7711
175.2377
180.8394
183.1782
181.9257
176.3033
168.9943
163.0076
166.7139
172.3602
177.4713
172.8235
171.53
174.4434
172.5389
174.3631
179.1314
179.2899
177.0411
170.8428
173.0034
173.737
178.9776
170.7412
167.6139
168.9478
172.8389
171.912
163.0958
160.198
156.6928
156.2985
161.2621
157.3776
150.1669
153.6339
158.8456
164.7546
163.9162
160.5185
156.6922
152.1855
161.5983
158.633
161.7874
165.1683
163.6941
163.0134
166.3166
160.9714
163.588
158.2898
156.4226
162.0863
155.9759
149.3442
144.5517
141.4397
143.1844
147.6721
149.3968
145.4117
146.3165
147.8815
155.4539
159.5824
151.1119
158.1727
156.2044
156.6493
158.3622
159.6002
156.4976
154.7739
160.7959
161.7186
162.267
164.0515
163.2693
164.2929
173.4589
165.9584
163.924
160.7726
162.8266
159.8959
153.9646
157.7074
153.5513
153.7916
149.1253
151.7019
153.9941
155.0431
155.123
159.4179
164.1649
162.5525
169.0438
172.6558
178.4713
179.2898
176.1794
171.7078
165.5252
161.9973
163.7908
168.0461
170.9418
170.3105
177.2173
173.9474
172.4228
174.0764
171.3028
170.4555
169.2693
175.307
171.2301
175.5919
179.128
184.1011
193.744
193.4954
189.1186
192.1292
192.2016
189.3526
191.02
197.6785
188.2217
185.3568
188.3761
188.7699
187.8454
192.0214
189.0995
196.5109
194.023
191.9817
188.7682
193.4198
196.0097
198.6616
194.7055
205.7792
205.3909
205.389
209.2212
217.8728
221.7947
216.6208
214.9702
207.3742
217.3359
217.2916
230.1955
229.6108
233.0059
236.7069
251.48
251.3279
243.3063
247.0599
241.5291
244.1193
241.0513
229.3803
223.3659
223.6631
217.0269
225.638
222.2575
222.9467
223.4816
225.0745
210.954
208.1437
213.0679
211.4881
207.9896
199.0691
197.6712
205.4608
209.9821
199.0799
207.2367
205.6956
202.116
202.9711
202.4034
205.6354
201.1901
201.6815
191.9518
192.1352
190.013
194.7048
191.183
195.3859
190.9469
198.7006
194.8657
188.9515
185.2214
181.6384
181.8564
177.2835
179.7877
189.5154
181.9479
180.6047
181.6356
189.7168
184.8953
185.9758
186.2046
191.7207
192.9396
187.5095
185.8338
181.1664
172.1997
182.9617
182.4545
182.2826
179.5696
185.608
188.2709
188.9458
184.4771
182.7971
182.8064
195.581
188.9691
184.805
185.2819
180.778
180.2098
186.1169
191.1107
193.5885
189.4244
177.7013
169.9435
167.3909
162.2093
169.0472
166.5612
162.3267
172.3407
173.4838
165.8156
163.988
161.7512
158.6944
162.7901
161.2996
163.623
164.4163
163.1187
174.4712
172.5252
172.4062
178.652
178.2497
172.8008
177.7302
172.4752
179.4167
180.6187
187.7291
185.6192
190.4256
194.4158
193.4728
186.6527
187.787
192.2188
184.8936
186.4949
188.9299
190.4169
188.4667
185.3207
178.7066
181.8634
182.9589
186.59
189.5239
185.905
182.8773
184.0574
179.8177
187.8929
186.7933
183.8246
180.2237
174.73
176.8363
181.6659
191.1887
187.1186
178.6124
184.3142
189.3997
184.2802
179.1103
185.0117
175.5655
176.4709
176.1274
171.8215
164.4824
164.4353
169.2928
164.8992
160.4122
168.0133
167.2407
169.496
169.3555
168.2389
171.1949
173.0446
182.873
178.6684
177.3783
176.8727
178.0565
183.4803
185.2038
185.0153
179.0957
183.3037
178.9113
186.1796
178.7291
182.3567
178.1028
172.8144
169.6408
165.2735
161.3667
157.2617
155.7929
156.7549
161.9432
160.8798
167.5646
172.6205
174.5378
176.8997
186.8123
191.5812
186.5188
181.6537
195.0336
204.6499
205.6554
204.4082
195.8043
195.1291
200.9603
203.8385
200.0584
199.9611
199.1025
202.3675
200.8775
202.2892
196.8924
200.8591
205.6136
210.8611
218.7312
222.5122
219.7025
217.97
212.1254
211.216
215.1275
218.8786
221.816
227.6149
233.7945
230.4343
228.2156
221.2843
220.8699
230.967
218.5824
213.8816
211.0203
209.4427
203.2593
207.301
203.3602
196.4907
203.083
205.5497
205.5645
211.3803
209.8414
217.0897
211.3078
219.4512
210.1411
214.2948
209.1385
205.882
216.6562
209.7776
207.3591
210.5362
211.0856
211.7268
206.819
204.3637
200.1264
205.6114
206.481
196.592
205.1084
199.4783
197.5184
200.2803
190.6717
188.4699
188.0342
179.5633
183.1949
191.0685
186.1135
183.9653
186.2424
197.1909
194.1758
185.6454
188.5186
187.3691
185.2907
193.2798
181.3478
184.7187
189.2427
193.349
183.1551
182.8478
195.3845
174.8075
177.2092
171.2403
177.3449
178.7642
173.8161
166.4711
177.3145
173.7924
172.5398
167.3857
161.5416
170.3616
168.4397
161.4014
165.689
162.0241
162.8359
166.2009
166.683
162.8353
163.3661
164.3719
165.1603
157.4597
155.0083
155.5609
151.8766
147.2675
149.3776
141.6409
141.4874
133.2099
132.9278
131.7534
132.7539
129.5362
129.4488
128.3894
129.1697
131.6007
136.6285
130.7311
128.3386
131.7155
131.4882
134.0932
134.5918
135.9871
138.1674
139.7968
140.6363
145.4786
146.5487
142.3073
145.3309
142.6886
141.1143
132.29
129.8295
124.5526
126.9616
125.4046
131.3899
134.4771
137.7517
140.5618
139.9267
136.2592
133.9322
140.999
145.8911
146.9187
148.8754
147.62
152.9749
156.1507
153.5591
147.0211
154.1354
150.4662
148.018
146.7538
150.7239
153.5711
149.6946
147.8851
148.7436
149.3344
156.9468
160.9775
160.2154
153.364
154.9403
153.8401
156.9935
151.3589
157.6588
158.3681
154.39
158.569
160.3831
158.641
154.5607
153.7558
160.4869
157.5058
154.4058
150.856
151.4721
150.2826
153.3739
161.6723
160.2596
164.6184
163.0396
160.2686
162.7966
158.6104
161.528
161.0177
164.3668
162.375
163.6009
162.1168
161.9659
165.1716
166.2322
162.3786
169.0203
170.9233
173.321
174.6993
161.8656
160.8436
162.8972
170.8262
168.0307
170.5478
172.7034
164.4301
168.7893
170.4008
170.299
166.6787
159.4032
155.3259
152.5007
150.025
146.8518
148.6997
147.9898
154.0248
154.0294
149.9511
151.5177
158.0773
163.0078
166.7499
173.5277
181.3526
176.7147
180.0628
169.6423
161.2523
161.8515
163.0343
160.4227
157.7532
154.3905
162.4401
157.9982
156.0315
159.2962
162.6977
164.5099
165.8665
166.9859
170.8625
166.5469
168.7784
168.0842
165.5765
168.4072
164.4324
166.169
167.3013
168.8192
162.6548
159.6168
162.6811
159.0923
156.0868
153.1608
152.4015
157.5531
148.3565
148.2416
157.3903
157.7885
151.0409
153.3598
153.3756
156.0263
156.1692
159.7628
155.2764
149.6034
141.9181
141.8361
139.9343
140.5634
135.1746
131.6115
130.1791
128.6439
126.8259
124.0539
124.7143
123.2927
123.8964
119.94
115.7136
115.1278
117.255
120.0175
116.7472
117.5349
116.8762
117.8495
114.6044
109.8182
107.483
104.8895
104.7947
103.6614
104.1351
102.9125
108.4807
109.3168
110.733
110.3975
106.6252
109.8294
106.029
110.0385
111.5093
112.9037
114.6549
110.9001
113.7213
117.5276
118.9236
119.3578
120.3594
121.9619
121.9364
117.2123
120.5646
130.1372
131.9555
135.8281
132.2922
132.3926
132.5524
133.2971
134.1433
135.0385
136.1307
140.7733
139.0131
136.1121
133.7231
130.9697
134.8347
132.9513
133.4735
132.2412
134.8923
143.1471
0
0
0
0
0
0
0
0
0
0
0
0
0
0
0
0
0
0
0
0
0
0
0
0
0
0
0
0
0
0
0
0
0
0
0
0
0
0
0
0
0
0
0
0
0
0
0
0
0
0
0
0
0
0
0
0
0
0
0
0
0
0
0
0
0
0
0
0
0
0
0
0
0
0
0
0
0
0
0
0
0
0
0
0
0
0
0
0
0
0
0
0
0
0
0
0
0
0
0
0
0
0
0
0
0
0
0
0
0
0
0
0
0
0
0
0
0
0
0
0
0
0
0
0
0
0
0
0
0
0
0
0
0
0
0
0
0
0
0
0
0
0
0
0
0
0
0
0
0
0
0
0
0
0
0
0
0
0
0
0
0
0
0
0
0
0
0
0
0
0
0
0
0
0
0
0
0
0
0
0
0
0
0
0
0
0
0
0
0
0
0
0
0
0
0
0
0
0
0
0
0
0
0
0
0
0
0
0
0
0
0
0
0
0
0
0
0
0
0
0
0
0
0
0
0
0
0
0
0
0
0
0
0
0
0
0
0
0
0
0
0
0
0
0
0
0
0
0
0
0
0
0
0
0
0
0
0
0
0
0
0
0
0
0
0
0
0
0
0
0
0
0
0
0
0
0
0
0
0
0
0
0
0
0
0
0
0
0
0
0
0
0
0
0
0
0
0
0
0
0
0
0
0
0
0
0
0
0
0
0
0
0
0
0
0
0
0
0
0
0
0
0
0
0
0
0
0
0
0
0
0
0
0
0
0
0
0
0
0
0
0
0
0
0
0
0
0
0
0
0
0
0
0
0
0
0
0
0
0
0
0
0
0
0
0
0
0
0
0
0
0
0
0
0
0
0
0
0
0
0
0
0
0
0
0
0
0
0
0
0
0
0
0
0
0
0
0
0
0
0
0
0
0
0
0
0
0
0
0
0
0
0
0
0
0
0
0
0
0
0
0
0
0
0
0
0
0
0
0
0
0
0
0
0
0
0
0
0
0
0
0
0
0
0
0
0
0
0
0
0
0
0
0
0
0
0
0
0
0
0
0
0
0
0
0
0
0
0
0
0
0
0
0
0
0
0
0
0
0
0
0
0
0
0
0
0
0
0
0
0
0
0
0
0
0
0
0
0
0
0
0
0
0
0
0
0
0
0
0
