11.71802
10.80429
11.48045
10.58304
11.96532
12.31874
10.52725
11.15915
12.41736
11.13556
12.51574
12.79091
11.8537
12.06373
10.99121
11.68863
12.09713
11.63411
12.14094
12.37629
11.80088
12.39084
12.21271
11.78704
11.73783
11.85164
12.22175
12.68268
11.08683
12.7921
11.0537
12.99815
13.7562
10.59969
11.3403
11.6928
11.47078
12.2071
11.79832
11.37404
11.0022
11.19393
10.64464
11.66085
12.35434
13.6518
11.0226
11.84807
12.04808
12.11473
11.84871
11.65234
13.13905
13.19669
11.93842
12.37547
10.95011
10.7659
11.2864
11.4184
12.74229
11.51605
11.46703
11.46737
11.60505
12.65419
12.1272
11.96672
11.73786
11.46166
11.19679
11.86278
12.34845
13.8967
11.8699
11.55455
13.26174
11.6027
13.61893
12.89874
10.5316
10.75424
11.79518
11.88013
11.69665
11.10167
12.84655
14.05655
12.13932
13.23524
12.51859
11.24104
11.36142
11.83635
9.849483
11.75895
10.37432
12.10105
13.18092
11.22847
11.03437
13.26349
11.68994
9.834162
11.11325
11.97707
10.64147
11.12187
12.67371
12.55437
11.82226
11.16919
11.45796
11.47637
10.86398
10.54794
12.09239
12.88947
10.46176
12.25264
11.37309
10.71009
10.89783
11.31506
9.999436
11.77352
11.84902
10.49695
11.03663
11.43793
13.0774
11.42288
11.43405
11.28582
12.19113
12.02691
10.97312
13.53188
11.43781
10.91842
13.41815
11.59155
12.87079
11.36457
11.48757
11.55266
11.34224
12.74415
12.37299
11.3913
13.05954
10.62607
12.02296
13.54177
12.00015
13.66024
10.10046
12.24507
12.77492
11.40249
11.78058
12.47679
12.51418
11.68752
13.22714
10.64504
11.81506
11.62694
12.23793
10.98885
11.06599
10.72414
11.03634
12.0674
12.02194
12.54769
12.50203
13.6624
10.51523
11.45776
9.548116
10.56849
10.56753
11.19809
11.61532
10.58023
11.83114
11.80226
11.98898
13.3978
12.68371
10.9026
12.6806
11.49025
10.81543
12.51498
11.89704
13.0628
11.65025
12.38418
11.72979
11.14158
12.47367
12.7492
11.77761
11.25134
12.60111
12.27581
13.64754
10.82405
10.39198
11.98952
10.77674
13.78305
12.55162
13.20468
11.79671
12.1376
12.39402
12.1323
10.29538
11.94514
13.27372
11.83021
12.12704
13.08287
10.52006
13.0986
12.07581
11.57694
10.65641
12.377
10.27404
11.8744
12.62293
11.95402
11.96408
10.26178
12.67783
12.97208
11.09949
11.50465
11.53244
11.68054
11.35275
12.16345
12.87175
11.7974
11.10444
9.872366
12.47684
12.55021
12.53337
11.4433
11.87604
11.06962
10.79459
12.23648
12.47373
12.64661
11.63166
12.52217
11.22108
11.87771
10.21622
11.80859
14.2105
11.49915
11.22832
11.22935
11.55211
10.23164
11.63483
10.14214
13.58977
12.74544
11.94337
13.6163
12.35281
11.63591
11.61433
13.21015
10.8033
11.74917
12.23199
11.57905
11.77504
11.00134
13.88183
10.77032
10.23138
11.35849
10.57081
11.23473
12.29728
11.73824
11.09532
11.50959
12.01223
13.90278
10.14474
10.60644
10.4274
11.85902
12.27243
10.51575
11.52618
12.85469
11.30817
11.0153
11.385
12.4207
11.56603
12.68581
11.15776
10.5732
10.63977
10.87352
11.53027
12.06131
12.68814
11.29582
13.52187
12.27656
11.29513
12.88204
12.56023
12.22954
12.4388
11.81105
11.18243
12.38442
11.78982
12.16297
11.63438
13.32179
12.68032
10.37063
12.12758
11.60871
11.41348
12.10395
11.81527
10.70416
11.16467
12.23649
11.33728
11.49825
10.72164
11.56535
11.58109
12.40142
10.86776
12.41888
11.68336
11.3232
11.66543
12.36374
10.69495
12.45186
10.06473
11.05577
12.48316
10.9755
10.35208
12.62877
11.88149
11.70145
10.17553
11.02917
11.54318
11.03507
11.99542
11.25881
12.16861
11.93669
12.4596
11.3164
12.2549
12.93542
12.53422
12.2114
11.08969
13.41259
12.36674
10.59459
11.63968
10.71327
11.50717
12.5603
11.30684
11.88735
11.05137
11.24725
11.9061
11.43068
12.16309
13.63003
10.70051
12.81127
10.54575
12.41281
10.78207
12.00936
10.45492
10.88781
10.89968
12.38203
12.40529
11.85465
11.94773
11.87865
11.01963
10.99957
11.86126
12.39866
12.45206
12.21576
11.58138
12.6707
12.07491
12.43061
10.69727
13.88906
10.75489
11.73961
13.30344
13.25668
12.57664
11.31335
11.58273
11.57104
10.2782
10.58731
11.34384
12.84726
12.36879
11.04106
13.08851
11.01157
12.58496
11.16602
11.06953
11.02444
11.11778
13.00824
11.60088
11.58824
11.09113
10.9847
10.50417
12.36959
11.74174
12.99865
12.83917
11.72605
10.91018
13.10116
12.5096
12.77053
12.03488
13.7469
11.37758
10.29876
12.14524
11.25237
11.34904
10.4215
12.03999
11.9507
12.41557
11.47986
12.79082
12.66793
11.91907
11.81988
11.46644
12.3341
12.03044
10.44248
11.27411
11.16725
10.96474
12.23097
11.39079
11.39513
11.65138
12.48531
12.3521
11.20442
10.66061
10.66036
11.29379
11.64522
12.09882
11.30746
10.90827
12.44183
11.22709
10.2835
9.855035
11.9687
10.71972
11.80144
11.29713
12.04476
11.70989
9.774631
12.49933
12.94971
12.4975
9.993856
11.12601
11.87682
12.39335
13.62297
12.10221
11.48612
11.86738
12.71912
12.10453
10.62998
11.9973
10.98526
11.57385
11.64954
10.08561
11.75448
12.20057
11.55448
10.80897
10.61898
11.286
10.54001
12.95689
10.45226
12.58172
12.02376
12.468
11.40308
11.82193
10.99188
12.8713
12.148
10.45594
10.76837
11.94712
11.98766
10.64052
12.11832
10.02136
11.5135
11.10572
11.49275
11.67716
12.79071
12.18151
11.94605
12.81818
12.0029
10.49841
11.22291
10.7088
11.0772
11.3472
12.03274
11.88011
10.64422
11.07833
11.04966
11.02193
12.18895
10.46793
12.39888
12.32268
11.01065
11.56613
11.85917
12.16791
12.82564
12.17764
12.18866
13.29277
11.57896
11.96647
11.1855
10.9827
11.80824
11.74102
12.12574
12.31478
11.47119
11.56279
12.14778
9.804079
10.98574
11.26035
13.31331
11.23097
11.42832
12.21606
12.81328
10.71369
12.27084
11.93251
10.93407
12.71213
11.16287
12.66888
12.98252
11.38541
11.37923
11.10992
12.24518
11.84631
12.41912
11.6389
11.20966
12.61324
11.62177
10.63269
13.70528
13.37927
12.64694
11.2943
12.40815
13.3752
12.72012
11.7095
12.68276
11.40903
13.68047
12.24824
12.54098
12.66824
12.98468
12.73658
12.86757
12.28812
11.21566
11.74015
9.832556
12.97718
12.45024
11.59621
11.44023
13.07437
11.91525
11.33545
11.66819
11.38385
10.96319
12.19191
11.59453
11.7959
13.12002
11.4485
10.90425
11.08852
11.9128
11.81531
13.30664
13.20516
10.86951
12.65524
12.32236
11.78946
12.50868
11.57557
13.73636
13.38448
11.83023
11.73178
12.93468
13.1765
12.95091
10.91534
10.8558
10.86182
14.0016
13.25792
10.4732
11.47771
11.07308
11.09888
11.00799
10.99677
10.72908
11.68446
11.89902
10.29738
11.1074
11.69654
10.7721
11.40341
11.14508
11.51376
12.41326
10.99855
12.04537
11.52309
12.06134
11.88972
11.50283
11.73873
11.31723
12.21786
11.52921
10.97734
11.24742
10.19941
11.9746
11.11342
12.89697
11.6465
11.38532
11.50361
11.86412
12.71357
10.11288
12.03427
10.87252
11.05881
12.93352
10.72917
11.76966
11.15824
12.33592
11.74162
11.02622
10.87291
11.89535
11.96152
12.01665
11.60918
12.35264
12.526
12.07369
11.44646
11.6903
11.35501
12.15684
12.43384
11.2342
13.05576
11.761
10.86944
11.91142
11.11616
12.48985
10.95845
11.01868
10.55131
12.79005
11.8054
12.0489
10.60637
13.15812
11.87116
11.81227
11.27195
12.68551
11.98893
10.66282
11.41752
11.32537
10.62671
9.732513
11.96854
10.84223
11.98596
11.96192
10.54903
12.03527
10.67215
12.05213
11.73998
12.04477
12.53977
11.82373
10.62771
11.9743
10.9205
11.14801
11.63258
10.82115
12.27061
11.91444
12.42752
11.14065
12.96181
11.72547
11.09073
11.61855
11.72735
13.31419
12.50423
13.10563
11.51033
12.65891
11.13207
12.19609
11.44705
11.3523
11.25995
12.55469
11.65072
12.22556
10.71584
12.86424
13.66288
13.21829
10.68008
10.86647
13.09148
11.89836
12.43899
12.25079
12.11009
10.76687
12.354
12.35153
11.8518
11.48377
11.13298
12.7734
10.50273
13.21537
12.06703
11.25654
11.82985
10.57898
12.55119
11.22955
11.8665
11.87879
11.53711
10.80345
12.16099
11.01038
12.01445
11.24687
12.45512
11.87726
10.40533
12.4701
11.72056
11.3173
11.62078
12.83472
12.63169
11.77986
11.56114
10.87501
12.38964
11.3599
11.57294
11.41005
10.557
12.36749
11.08232
13.14087
13.35073
12.36951
12.83625
12.2583
11.70971
12.07739
11.86017
11.47318
12.41434
11.25603
11.51814
11.45192
12.1239
13.41132
11.15805
12.9728
11.50084
11.47503
12.75107
11.44296
11.42344
13.11577
12.76648
11.80442
11.27565
12.19993
11.88026
11.42204
12.33672
13.0341
11.26021
14.46971
12.66516
12.48381
13.04199
13.5629
11.24879
10.96424
14.44177
12.57376
10.96754
11.91078
10.77773
11.02105
12.31525
12.48232
12.35774
11.3425
12.9422
11.16154
11.14377
12.19
11.79341
13.59219
13.52354
12.29707
11.76391
11.01676
12.37652
12.91007
12.33092
12.57993
11.92971
12.34558
11.46731
12.49181
11.29663
11.18742
12.73375
11.39794
10.71724
10.04342
12.70501
11.18152
11.8366
11.3033
11.46884
12.74156
12.23645
13.11341
11.36492
13.3069
13.46387
11.89303
10.6145
11.48915
11.29533
11.77001
10.59341
11.01051
13.29999
12.56608
12.91827
11.37364
11.72302
11.26382
12.39429
11.77508
12.24538
10.45326
14.79005
11.46488
12.42112
12.82303
11.7822
12.54735
11.4932
12.16893
11.91507
11.38684
12.05661
12.36745
11.04422
12.34127
11.48206
10.75473
11.08534
12.06162
12.3435
11.59274
12.17167
10.59765
10.67514
11.8851
10.94144
12.18061
12.95319
11.16796
11.11861
12.51418
11.76358
11.93265
11.27408
11.68767
10.8884
13.12948
11.64462
10.82696
