184.2145
176.4353
161.875
157.5781
183.5616
170.7349
155.0649
158.827
162.7695
168.8885
168.7131
175.2229
161.3172
151.8708
150.4677
158.4178
153.9558
151.1413
148.8237
145.3512
162.6702
166.9766
166.3
170.7498
153.3718
150.5507
153.8172
148.8152
151.4039
162.2809
144.059
127.4293
111.3914
131.5695
109.109
104.1319
103.3681
89.51656
95.15584
96.24955
88.34055
83.61318
74.79433
70.82757
69.20699
84.13643
78.0292
71.27421
80.49938
96.09097
96.9464
101.5828
86.00456
72.96133
78.71311
71.64484
77.86432
82.54675
83.56712
85.21789
79.93025
83.18596
80.28715
78.48858
74.54342
66.13647
64.77053
73.44226
75.93183
77.67991
80.85562
91.08623
97.61594
102.9721
104.8432
106.4287
111.2412
126.0156
121.1145
126.2737
120.7254
121.1566
125.1292
111.503
127.3985
110.5875
105.1002
124.8717
122.7298
135.9152
120.0765
98.51511
105.3818
96.77871
76.46863
81.56794
76.60675
85.29419
83.35398
94.77393
92.75624
84.80294
83.3391
89.17203
73.08322
74.68393
78.93928
82.51969
81.56161
71.74571
85.3975
98.00944
112.051
123.9984
103.5547
80.42212
87.02603
106.104
93.43041
98.94318
101.6843
105.2577
113.56
102.1829
113.1859
101.8135
84.74513
92.96614
94.45465
96.27801
95.65581
88.40371
95.28111
94.72955
79.50982
83.21056
74.70509
62.06112
63.2741
78.98093
91.97321
78.722
67.31215
70.5473
44.05544
25.61235
24.72488
39.76512
47.93827
53.72622
29.48509
27.61079
24.50428
31.21573
26.75519
29.7549
22.37252
16.16094
7.13192
5.757463
12.95365
8.802488
11.5293
23.74965
17.18526
15.1001
13.55348
3.267496
1.743881
1.814889
-1.123981
6.634879
6.687464
24.37707
32.69709
23.13311
26.05877
30.37319
30.06635
47.88154
52.90861
56.89471
60.9171
69.39636
58.13046
51.84034
44.61737
36.9256
22.54019
20.77992
19.27657
2.631515
-8.662532
-14.61159
-28.48602
-4.940691
-4.204082
-4.527567
-1.848584
-14.67526
-19.59355
-12.60094
-14.76561
-12.5664
-7.633452
0.7946337
22.00087
20.30929
10.79307
6.976396
-0.4231406
2.320688
-9.640691
-5.171573
2.765381
10.12422
13.90184
6.57913
-1.577681
-11.1412
-3.582387
-21.87162
-13.82487
-17.67389
0.3973737
-13.19454
-23.03563
-7.526732
-14.74551
-7.317516
8.316527
11.11614
4.599759
4.11902
10.46023
18.36902
24.0976
18.79891
34.44903
47.10692
50.63767
54.60651
73.93869
74.91499
73.6226
76.34906
80.09001
68.25732
75.37209
60.80411
60.37343
67.84811
67.4516
76.08091
68.6569
44.95631
35.33352
26.3955
26.52841
39.31658
30.34829
25.51026
33.31276
21.57572
6.359568
13.44803
2.990289
-6.744612
0.8039846
7.923908
26.74099
24.82873
41.99179
35.04062
35.4832
37.04983
53.75498
47.78461
34.12245
26.44664
18.16928
10.15783
1.53855
-1.603304
-10.14574
-12.09976
9.775685
6.803782
6.17343
12.39267
5.696229
6.374465
-1.334228
-5.703644
6.64931
4.982922
9.818127
10.95274
21.90197
23.28202
28.61797
30.8444
28.06932
27.28116
27.24301
28.4658
29.91906
32.52791
34.12933
43.31243
51.80298
44.14384
40.47041
23.1302
23.14213
-4.764351
15.40588
17.10502
23.70273
33.95345
27.06196
33.93296
52.96664
46.05351
50.224
73.59097
87.24524
79.57171
78.48922
86.14178
78.19132
91.16257
84.7214
90.23518
104.8282
116.5704
114.2007
117.1491
103.581
115.3057
102.7466
100.5895
90.99576
79.16074
70.80654
81.78033
69.97941
67.59077
70.77262
82.64737
82.18007
78.72171
85.20615
85.11175
84.71074
93.8951
111.7874
103.9927
118.8814
117.1783
109.8488
101.0215
116.7394
108.4248
97.1617
97.27008
90.49304
86.12681
89.77209
72.73864
85.40188
96.92264
98.57633
124.9584
132.6855
150.8174
160.8034
157.8884
161.3504
175.1647
174.4777
181.5273
198.0892
196.3681
183.6524
175.1729
180.4567
178.3812
178.8836
195.6377
207.821
219.8214
204.0633
202.2243
203.0694
202.6576
193.7877
205.639
212.8545
212.3216
218.2765
222.8051
225.8359
216.9373
204.9281
205.9167
221.3834
221.4104
216.4375
210.8646
209.2915
190.2185
192.5764
171.4584
179.6405
169.238
187.3456
205.7657
199.5458
202.7684
208.2016
208.5741
202.6927
207.7619
206.7299
216.2182
215.3353
222.3441
205.1146
190.6984
196.734
197.7493
200.2589
185.3946
169.6826
176.4362
183.7861
195.2269
210.5717
215.043
197.9569
200.9153
197.5283
197.0931
190.7306
210.1978
208.9383
209.065
213.9315
205.3456
194.1711
192.3157
205.0897
189.0624
173.8388
182.3437
191.0373
196.1948
205.6813
209.7597
194.6745
199.9186
179.1107
174.678
173.1154
147.0429
150.8086
162.4075
154.3624
153.4294
126.5831
142.6216
140.2472
135.5304
139.8693
142.9332
156.9017
152.9617
148.1202
143.1397
145.4644
144.2725
141.1631
132.8979
137.2893
128.0737
130.8255
126.6764
128.5239
119.1074
123.3818
128.2191
114.5361
119.5191
132.2467
120.6632
127.7278
129.1416
116.7447
111.535
126.0783
138.3577
135.477
140.8264
160.0006
175.2675
178.7562
187.9856
190.9897
185.1373
184.2217
190.4746
171.6279
176.4373
166.9823
177.4009
186.1309
188.8728
181.2388
162.9795
164.4861
130.7
132.5742
137.3111
145.8016
145.0894
129.6135
138.7805
139.2507
140.5923
143.2537
140.2668
144.7977
140.0937
142.9939
142.041
148.6964
133.5111
125.8459
122.5828
105.2961
110.2893
114.3182
114.2455
118.6994
119.2946
113.3927
129.4392
134.1044
121.1623
114.2437
123.6625
125.1931
119.6145
123.7833
124.5211
116.6373
111.7261
102.6544
115.5881
106.1789
90.60111
89.63105
84.04982
94.78303
96.41948
107.7143
111.4663
112.2649
129.5882
141.4116
125.7115
114.0921
121.4898
119.4696
119.9766
142.9357
129.8938
126.1239
118.9826
107.6136
103.4626
107.2849
93.2949
95.57043
98.16529
104.0398
105.2645
105.4888
102.8965
121.1236
106.0199
114.8359
124.811
123.5262
130.5574
128.523
122.955
125.5647
143.0119
143.002
139.4748
144.2047
151.0472
146.9626
140.2655
161.7049
183.6272
191.5991
177.8706
179.754
190.0503
181.7389
176.3348
167.4126
165.9232
161.6285
177.7845
170.6214
164.6693
154.5679
153.8289
156.113
149.9169
161.9936
151.5467
144.0803
153.0079
138.0203
149.9823
151.2979
144.7249
157.8954
162.1384
173.4866
177.393
188.2394
193.9118
206.4155
218.9318
212.9883
213.9357
207.1364
199.1008
190.5659
198.446
201.1568
224.3599
220.2934
229.4904
255.4712
255.5622
277.2969
274.847
287.4164
279.0851
277.9214
278.162
279.885
269.5095
266.4494
257.2899
258.3399
262.8639
253.2633
248.2674
238.7648
240.3671
249.5158
242.9752
245.4943
242.9276
236.3463
238.9613
244.9301
251.9891
243.0215
242.1847
251.574
261.4399
266.1902
278.3708
288.2311
286.2084
288.7846
290.6437
268.9382
273.2279
264.1538
262.5702
254.0616
244.9373
255.1495
246.809
248.8556
255.2432
276.4558
273.2081
267.1827
274.3385
288.9498
273.5789
283.1369
276.0722
272.1131
271.229
276.5409
277.6958
257.6449
252.3294
261.334
272.2427
279.7003
279.2963
268.7752
254.0706
244.5947
251.7466
251.6966
254.7405
235.1654
230.0054
228.3774
230.407
233.8086
239.6761
230.0214
224.3551
217.7195
220.367
226.6831
218.619
206.327
214.5043
219.0662
218.556
186.9196
200.922
187.6105
175.281
180.5915
177.857
181.8116
168.2329
169.3205
168.189
161.8554
150.5699
136.0087
145.1169
144.3968
140.7738
136.0441
147.1647
150.3687
145.671
155.0345
148.1915
146.654
143.4829
128.9076
136.3397
150.9169
153.1906
158.2737
155.0997
131.0893
137.0718
145.7515
152.2056
141.6802
148.4607
147.8919
149.9603
136.5098
147.866
142.3274
130.3655
145.737
142.8118
136.6726
123.0936
110.9503
130.8823
149.0185
153.1094
150.0551
147.8712
138.4009
159.3883
187.6708
183.0243
192.1336
193.3436
179.1421
167.7341
165.0143
170.4296
171.9296
169.4813
157.2894
171.9894
168.0284
150.2528
155.4836
159.2022
153.551
149.6702
136.6704
140.0553
133.8949
155.003
163.3614
176.0701
176.3634
180.8848
196.8437
205.1879
205.3128
195.0463
202.5835
209.0145
206.3176
216.6554
228.5656
237.2289
246.1419
242.4777
247.8681
250.1738
240.5474
240.6615
248.3665
231.4158
243.0334
245.1385
235.749
227.5063
221.2545
209.3788
197.5168
178.4639
164.4859
174.1149
168.1182
160.0829
173.3929
166.1361
174.0478
176.5239
173.78
167.2093
164.6742
174.1238
185.4676
199.5161
204.245
208.1826
212.452
216.7733
219.3093
215.0345
205.1485
217.7993
226.7433
242.3643
238.3511
258.9611
249.7753
250.1665
231.3371
242.1892
259.1656
271.0694
284.1293
289.7641
291.5338
290.1021
257.8374
270.5991
263.4409
244.8409
237.6099
240.2896
237.2389
233.4879
225.4787
238.3438
216.3041
201.7216
200.3507
211.9851
208.8264
200.9024
209.0337
206.0318
200.8271
216.071
232.5191
224.9065
229.7519
223.5778
218.0357
216.016
224.4156
222.695
233.1001
227.8502
227.4308
226.9434
236.1567
228.2817
227.4979
224.1997
228.4519
225.4564
222.9197
231.5985
233.2212
230.331
228.8246
245.2248
259.3081
253.219
255.9521
252.72
257.7134
244.4891
237.1213
246.28
228.4467
231.521
231.7123
229.2851
227.0313
227.5319
226.6658
216.5634
206.2327
207.5039
183.7073
182.6205
173.9456
152.8751
158.2919
156.0939
167.0311
176.8463
170.1536
169.5897
178.7371
192.5789
188.1565
175.6478
176.9474
200.0685
194.7518
196.4802
187.7414
189.4794
190.8821
183.2408
188.079
165.9817
164.5173
157.3409
168.7022
170.5497
164.0864
169.3851
172.9715
176.1625
170.1165
181.2784
186.2362
195.1452
192.9731
193.2017
179.6705
172.9309
180.7465
178.0495
174.8696
190.6437
189.15
181.3964
180.0896
179.4405
178.3058
201.7987
209.693
216.6334
206.4979
193.136
195.4086
195.0479
188.7294
201.1262
209.7346
197.1172
206.0895
202.2852
207.1479
219.3911
216.4898
212.145
225.5368
215.3994
221.283
215.9502
227.6839
243.032
238.8993
234.9365
217.9558
209.6011
211.7761
222.6879
238.4879
246.3151
258.2017
265.6859
271.9141
293.7857
293.8589
298.7547
308.3181
291.0068
280.7173
281.9196
279.4502
270.9333
257.3804
263.8466
267.8193
268.3988
264.7506
257.7763
264.0909
273.827
278.3924
283.2269
281.1201
284.9941
290.5273
285.8484
280.5152
298.1782
291.3225
312.0299
297.4815
294.0685
288.2929
285.3298
290.6746
300.8633
313.9362
296.0619
300.7444
308.0727
306.7666
302.4916
310.9128
300.5176
302.2812
325.4876
328.3695
313.7902
310.5631
304.3899
310.8994
297.6554
299.638
314.7657
312.725
305.5616
297.8396
296.6979
294.2074
290.5718
296.4944
322.2249
304.6659
288.115
296.3036
298.8296
301.9965
297.568
301.4467
292.2719
281.6224
276.8156
275.4608
271.175
265.0262
279.8446
278.2188
289.6635
271.1726
266.0443
281.8338
285.2319
289.7067
309.0491
311.4319
301.8037
298.8854
295.319
314.7042
303.6202
306.3905
324.8444
309.9033
309.316
299.3517
292.3039
292.284
279.7687
268.8484
276.7632
258.6021
265.375
256.0002
250.2247
250.703
244.2256
243.033
245.2622
251.4271
231.6676
258.8579
253.1606
270.6517
271.9754
273.7477
256.0246
262.0681
254.2413
263.197
273.299
276.7995
287.6553
270.2811
255.8618
260.8295
263.6645
249.2391
239.6725
239.1431
247.4022
223.5434
217.2694
221.6185
235.9324
219.7066
208.3892
227.8257
217.1272
227.3662
222.8306
216.024
213.1232
204.7007
194.2697
195.9779
216.8202
210.3765
209.8396
196.1224
204.1207
202.6728
203.5552
200.472
212.5994
214.3672
213.1855
209.8355
220.6644
223.5512
222.5373
228.0994
236.3585
237.1739
228.3127
216.01
212.0345
206.1308
216.7226
221.7844
230.8042
212.4077
217.9517
212.9216
197.1022
194.6705
191.6285
189.7743
200.7576
188.5996
194.4025
180.573
173.2543
157.6556
154.4221
161.4046
157.3095
143.2352
132.0086
124.6672
118.4213
123.5027
120.57
112.0001
108.6922
112.9395
103.9548
99.62869
113.1856
108.8668
106.9523
121.2377
124.5381
128.185
120.1256
126.6332
115.1029
114.7988
109.9124
116.2276
106.8252
113.8949
115.2335
116.2052
132.498
129.3944
129.0552
126.0183
130.9835
116.6753
125.8504
141.7436
144.3397
134.6157
135.7505
149.561
165.7695
161.8922
149.044
165.2992
173.3932
164.3299
159.7205
167.0362
164.2434
162.6121
159.652
167.1554
173.2525
165.8239
149.6595
131.5255
131.7563
117.1834
110.5693
125.4882
129.5191
143.0551
150.5624
160.7905
164.2537
166.4175
183.2126
181.1645
175.5357
169.6725
179.4727
185.0268
190.3
181.1181
174.5319
158.3624
156.0045
157.6856
157.2993
168.2701
157.1762
144.2858
131.6598
138.5842
136.1132
121.8352
124.1695
127.6464
126.6266
128.5916
116.0027
103.746
97.80792
113.6452
103.9885
103.6289
105.0054
100.6549
84.93968
76.49807
57.60419
58.71462
65.54556
64.01559
70.89169
77.89143
89.64851
93.85347
87.03033
78.91565
67.90223
54.15864
64.81086
78.04918
70.6816
61.5078
57.99566
55.83781
60.38461
58.72482
64.35534
73.39656
66.8413
52.37857
62.66281
58.42862
63.95436
70.61293
79.45213
82.03745
85.77722
73.18871
90.2671
88.34018
85.43472
94.78652
92.12248
99.92774
102.769
98.51279
108.5969
105.8171
104.8881
110.566
106.0966
91.93558
112.4425
114.4463
118.4421
115.778
110.8132
113.3664
116.4954
137.9664
126.0134
144.726
137.7428
151.746
159.8857
143.3518
151.4662
157.5764
156.9407
142.5007
125.9854
157.8178
173.1128
167.6785
158.0623
161.9836
151.9465
148.2659
151.8216
136.0615
135.7719
131.5891
139.4221
138.9815
154.0313
155.2149
154.6594
145.2595
136.287
141.1611
143.9079
146.5769
147.5513
136.0816
129.588
128.5784
129.471
146.9512
134.2013
147.2696
159.1935
169.2165
166.947
173.3788
174.6639
171.8704
173.5912
187.8456
198.3104
189.875
212.1882
218.4984
231.9488
222.7248
228.8869
225.0256
224.3934
222.7688
211.4571
233.6998
236.9017
238.0608
255.5921
267.0734
255.4961
254.3604
262.8215
271.7034
263.6557
273.6726
274.4718
272.9518
280.332
263.4132
265.0914
261.875
274.8523
273.8476
280.3273
280.7291
289.7437
309.0837
311.2758
309.3045
331.8935
327.0089
314.0787
318.0495
317.1711
306.2339
314.0226
312.1438
285.5168
281.3259
282.0116
286.965
283.7294
286.8494
294.744
303.9481
299.0914
296.4299
272.9054
278.3608
284.6923
272.7709
273.0129
284.139
291.8493
296.0404
295.5619
294.1699
311.0601
316.4855
324.2832
324.9212
313.656
308.3127
325.8254
310.8239
287.9485
291.7252
291.1899
269.2919
275.9381
283.6694
274.6985
289.2361
291.0547
291.9448
288.6776
302.9407
302.6036
303.1847
301.0293
304.9825
295.0098
297.7489
285.8026
288.8171
293.1019
304.809
296.8385
302.9647
310.9608
298.5383
291.0714
311.1083
306.7412
320.0066
318.3514
315.2723
313.7534
324.3021
306.6563
303.1361
309.0252
297.0103
305.0853
315.9027
331.7748
336.0602
342.5068
327.5328
331.9007
328.4863
341.7995
337.6388
335.9126
337.0343
327.3051
313.1351
322.1561
323.6218
319.7306
328.7378
333.1241
343.1263
346.252
341.0732
331.253
328.7172
335.5385
327.9681
327.6297
319.6547
321.5768
326.5467
338.4035
341.8743
327.9631
303.9655
291.1688
301.4535
282.3272
260.9872
266.1685
266.0821
259.9062
265.477
275.5162
295.9383
300.1063
309.666
301.0785
296.4191
305.7213
297.2624
313.4982
313.9118
321.9929
339.9266
344.6104
339.895
331.0842
327.1509
321.3759
316.7573
305.1076
314.6125
301.5524
304.4966
310.6437
298.3649
286.1097
289.8076
309.4466
300.7943
300.216
296.9468
299.4883
291.2924
290.2788
291.8058
286.4386
267.2295
268.2612
269.0991
266.5136
268.7079
261.7817
245.0877
249.9161
238.3231
234.4327
248.024
258.9079
257.4228
259.0792
268.9402
258.626
265.6442
253.7765
241.7281
231.7519
236.9003
259.6959
256.5498
269.1425
256.9679
248.2374
245.9552
235.4442
242.3828
221.4179
243.0913
234.4996
252.799
232.3999
242.7186
248.5085
251.9818
242.8602
251.0613
240.9322
250.3557
256.5687
252.7142
248.7686
253.972
255.7988
245.0161
229.7548
230.7189
245.6242
251.3084
243.0228
252.2709
234.7113
223.0492
214.4963
201.4331
195.7821
198.6766
189.9181
189.1319
186.7605
184.8365
160.9446
177.9085
194.2016
200.0489
207.2651
209.2548
197.9326
199.6639
189.1599
