7963.287
8595.82
8378.38
9770.936
8274.696
9395.253
9099.619
8886.947
8570.839
7825.132
8084.939
9483.331
8575.289
8349.507
8746.758
8591.239
8776.463
9585.95
8796.483
9267.302
10783.75
7810.012
8755.856
7925.574
8362.557
7855.436
8605.254
8762.063
7912.381
8237.471
7432.248
7064.861
9149.82
9889.724
8791.545
8565.856
8539.508
8742.542
8455.39
8224.62
8745.523
9126.773
10111.85
8704.528
8294.435
8641.77
8751.633
9275.009
8718.639
8527.31
8531.052
7983.262
9486.204
9172.651
9231.732
8332.113
9580.629
9590.421
8335.53
8467.278
7810.448
8680.639
9226.964
7905.417
8657.801
9357.175
9028.525
9139.947
9122.702
9155.342
8636.198
9185.301
9355.101
8548.261
7871.382
8308.08
8714.999
8515.84
9179.37
8549.109
8796.471
9161.558
8741.91
9821.778
9677.631
9719.509
9585.028
9154.351
9448.687
9224.303
8724.125
10490.5
8904.751
8504.413
9700.056
8583.109
7937.415
8298.97
8871.959
8779.956
8763.943
7939.312
8643.51
10214.22
8800.925
9251.835
9144.608
8885.171
8738.627
8241.389
8614.744
8508.806
9037.226
8174.316
8413.741
9312.506
9521.787
10261.63
8498.222
8283.46
8106.678
8879.61
9527.304
9538.484
9183.999
9699.197
8932.549
9143.198
7958.889
9273.188
8694.367
9880.13
8604.231
8684.416
8541.989
8008.899
9775.513
7732.737
7410.93
8683.163
7761.636
9532.632
9305.529
8184.701
8138.433
10007.71
9653.386
8861.682
9160.836
8982.906
8202.907
9460.596
8447.483
9124.242
9124.119
10603
8133.689
8270.999
8500.273
9881.819
7889.865
8330.487
8322.185
8400.603
9746.181
9323.826
8504.221
8351.756
9153.161
9144.64
8280.919
9930.794
9308.026
9068.363
8765.703
8059.885
8719.449
8847.891
8513.639
9501.067
8517.878
7527.554
8470.351
9512.558
8111.631
9952.214
10200.61
9297.168
7968.598
8940.403
9151.832
9108.761
8496.299
8685.376
9732.766
10488.42
8581.43
8337.694
9198.107
7788.122
8221.478
8730.238
9599.759
8552.072
9433.225
10991.79
9337.799
8590.83
7582.553
9183.923
8313.836
7742.597
8116.997
8462.45
8726.293
8425.015
9718.83
9083.953
7895.997
8678.008
9176.025
9255.951
8610.374
9483.49
9171.816
8918.037
9453.069
8110.195
8531.48
8426.196
9002.604
8944.892
7895.938
8323.86
9244.089
8525.182
8138.711
7536.951
9185.358
9660.339
8422.397
8859.505
8083.465
8666.87
10436.16
8845.842
9505.66
8102.689
8886.519
8787.401
8728.395
9317.829
8365.327
8632.397
9464.935
9036.6
9844.609
8571.715
9006.925
8516.225
8193.533
9154.369
9041.086
9293.721
8465.222
7334.076
10006.97
9038.494
9052.204
9428.529
8934.59
9688.917
8848.015
7528.783
8804.817
9804.677
9309.287
9132.09
8519.29
8536.547
8201.122
8276.974
9386.454
9362.546
10053.98
9305.289
10093
9658.813
8387.298
9658.286
9240.616
8071.238
9181.218
9790.986
9104.583
8451.8
8608.895
9007.192
8916.166
8976.108
9473.838
9221.935
9131.015
7685.886
8975.55
9692.411
8981.743
9670.668
8468.773
8569.259
8991.23
9921.034
9502.756
8856.152
10618.87
8265.71
9388.042
8637.753
9627.414
8304.05
9487.672
9900.373
8572.25
8496.09
10467.08
9829.336
9169.909
8947.992
8621.543
8729.808
8139.573
11005.93
10131.77
9185.237
9187.573
8804.217
9278.838
8522.322
9608.094
7851.567
8335.252
9503.507
8237.613
8987.453
8719.808
8873.062
9331.141
8946.292
8592.369
8530.118
7850.499
9813.614
8438.025
7611.552
9756.709
8586.012
8502.326
9502.447
8797.455
9988.946
9477.15
9540.792
8657.478
9022.713
8756.166
9188.552
9013.834
9322.814
8548.677
8470.627
8188.318
9869.313
9238.489
8301.569
9018.68
10027.28
9347.742
10690.6
8778.622
9838.586
9538.614
8701.699
9821.641
9688.516
10490.27
9645.001
9043.751
9675.2
8389.164
10657.65
8872.017
9702.452
9471.236
9084.586
8789.074
9955.79
8137.409
10136.7
9822.046
8121.967
9378.549
9491.018
8547.119
9111.242
8799.443
10251.06
10310.33
8963.874
10854.24
9650.321
9627.164
9155.076
9513.98
8964.288
10940.99
8343.03
8633.169
9570.718
8661.267
10008.49
9317.805
8620.896
9254.825
9474.759
9565.287
9666.522
9816.547
9335.745
9328.554
9297.222
8581.874
9300.11
8831.048
8431.994
10393.26
8175.535
8463.666
8347.824
9236.604
8765.769
10226.11
9007.091
10159.8
9826.943
10379.78
8407.311
8723.888
9335.789
9639.049
9968.918
9407.625
10211.5
9358.033
8767.034
8832.439
9537.913
9348.215
9994.455
9985.014
9638.284
9154.466
8977.536
9364.927
8903.696
8848.093
9277.868
10594
8601.284
8517.738
9065.082
8968.038
9334.78
9086.263
8974.223
8783.8
9616.924
8092.915
9843.695
7847.601
8676.178
8981.935
8399.777
10421.23
9135.451
10163.74
8574.607
9611.496
8923.41
10267.78
8483.667
8459.867
8742.487
8374.805
8925.624
9622.979
7825.816
8558.581
8843.354
9965.448
9183.66
8288.9
10365.18
9672.988
9475.658
8593.943
8820.458
8237.626
8947.18
8448.836
8752.493
8236.677
8940.559
9467.789
8866.595
9043.596
9139.22
8572.685
8806.13
9727.39
8692.894
8838.325
8792.459
9479.499
8728.412
8911.426
9539.204
8930.935
8544.825
10168.63
8606
9544.434
8393.533
8763.262
8649.165
9421.558
8757.141
8370.306
9699.187
9251.65
8795.804
9295.773
9121.374
10353.91
9350.779
8753.662
9019.355
8810.149
9094.894
9895.817
8633.214
9333.841
10087.87
10100.04
9827.116
8672.631
7702.629
9386.091
8433.468
9802.244
8837.575
9001.858
8164.194
7651.574
8411.845
8605.3
9775.387
9780.052
8788.402
8682.925
9751.972
9333.995
9373.818
9983.153
10253.32
8963.671
8881.433
9844.647
8054.371
8968.948
9469.196
8605.281
9709.58
7521.129
9930.664
8984.148
8318.031
9790.803
9165.826
9206.218
8814.827
8185.822
8679.559
8704.765
8611.892
10421.61
10061.7
9353.404
8334.535
9679.867
10291.04
10131.79
8130.072
9344.686
9664.129
9424.286
9614.852
9800.197
8034.323
8527.94
8248.671
9440.213
8931.088
9624.507
8567.435
9082.347
9212.38
10334.85
8834.385
8137.291
8707.648
9016.488
10901.21
8836.378
8772.524
8454.949
8992.825
9876.008
8630.163
8843.892
8465.144
8016.954
8556.987
9629.952
9117.456
10184.19
9526.493
8918.388
10255.17
8855.243
9067.052
8622.1
8602.327
9242.076
8360.722
9102.25
8243.015
10503.52
10686.2
9791.637
9661.708
10958.75
8838.852
9600.587
9222.89
8837.335
9119.318
9128.288
9114.995
8615.46
8113.704
9671.56
10454.05
9792.973
9896.868
8882.003
9517.373
9025.653
8683.257
10090.33
9536.389
10296.44
9107.225
10553.74
9875.134
10691.04
10090.07
9115.678
10335.33
10320.44
8544.466
9940.281
8661.269
10827.84
9008.839
8283.91
8525.927
8671.621
8059.766
8471.894
8463.49
9479.471
8772.569
9902.322
10129.6
8883.208
9560.134
9056.657
9108.943
9188.597
9368.303
8970.353
9764.901
9208.052
8580.597
8959.592
9238.559
8644.621
9906.814
9346.684
8692.218
9159.115
10055.05
10369.93
9976.207
8914.035
8337.13
8756.915
8887.963
10041.67
8678.525
9343.404
9154.703
10305.04
10248.21
9452.058
8865.501
9228.684
8712.72
8830.781
8119.504
9502.669
9087.979
8422.295
9347.421
8890.025
10045.99
9150.308
8561.361
8591.298
9052.231
8343.121
9030.116
9225.041
9964.827
9202.532
8724.116
9330.437
9447.054
9491.585
9189.446
8586.721
10122.91
8788.413
9178.093
9463.418
10070.79
9146.671
8966.617
9479.341
8965.636
9633.692
7920.246
9096.507
8434.723
10084.07
9629.963
10126.69
9482.009
8535.272
9199.443
8612.445
9475.922
8358.439
9223.438
9008.021
9773.813
8800.844
9539.994
8156.387
10254.59
8823.597
9878.293
8794.849
9428.323
8950.032
9050.802
8484.416
9510.251
8550.66
10255.23
8800.611
9474.099
9236.108
8484.326
9495.432
9927.259
8924.054
8509.119
8564.06
10137.16
9723.625
8421.562
9538.111
9033.653
8609.996
9581.3
8698.617
10552.01
9525.286
10067.6
9942.538
9807.079
9285.489
9005.829
9601.652
8362.33
9614.262
9396.589
9149.801
9403.62
8472.65
8831.396
8745.889
9011.132
8503.989
8374.289
8999.509
10603.14
9012.722
8637.77
8626.266
9186.784
9139.083
8986.709
7772.554
9455.172
9442.599
8217.537
8080.281
9344.201
10018
9135.695
9119.274
8776.192
7341.489
8086.574
7816.72
10165.93
9954.412
8332.365
8858.56
9752.36
9873.673
9204.351
9125.04
10960.92
10797.14
8098.152
9724.346
10794.35
8585.347
8838.708
9311.4
9082.922
8886.255
9578.503
8923.059
9715.028
9391.982
8317.746
9315.983
8928.273
8186.331
9718.3
9349.551
8166.755
8811.467
9436.878
9962.979
7464.622
8994.032
8869.359
8118.259
7444.673
8543.547
10360.03
9751.553
8356.103
10364.63
9263.528
8335.077
8761.391
9388.073
8749.953
7757.959
9337.161
9028.265
9304.63
8792.075
9353.864
9858.856
10517
9260.112
9227.651
8592.355
8488.67
9252.896
8649.784
8581.198
9791.112
10430.04
9540.699
9635.517
8983.111
9256.819
10015.72
9057.572
8113.644
8992.243
9084.552
9310.376
9748.067
9233.67
9866.716
8470.376
8848.65
8494.632
9128.584
8341.958
8958.175
8232.092
7969.063
8414.929
9121.558
9754.872
8312.462
9278.719
8349.241
9820.692
8696.557
8677.327
11003.43
9109.067
9114.946
9591.454
9209.92
7992.149
9011.466
9613.398
8857.945
8423.001
9357.441
8772.626
8399.262
9982.611
8917.747
8236.613
7842.538
8727.973
9376.139
9256.762
9434.388
9284.963
9596.865
8664.211
9173.484
9174.536
7594.399
9702.327
10109.44
8657.64
8449.382
8039.875
10316.43
8134.768
8536.602
8165.23
11062.03
9235.879
9372.634
9358.053
8270.272
10132.6
8785.084
8841.448
9720.69
8890.194
8364.904
7971.729
8999.315
8813.568
8171.859
8992.479
9140.351
9600.534
9282.432
8531.009
8674.506
8639.258
9867.521
8613.789
9070.298
10317.27
8693.983
9743.491
9740.79
9743.415
7720.731
9012.92
8249.026
9670.468
9536.541
8560.315
8688.639
9015.127
9439.897
8950.621
8643.116
9018.06
7467.877
8610.944
9701.952
8140.165
8193.741
8313.619
8741.509
8227.521
8157.198
8407.128
8356.974
9246.222
8848.675
8414.244
9241.306
8802.697
9018.166
8856.892
8886.796
8365.223
9878.702
8763.994
9020.047
8039.65
8368.456
9377.823
10047.79
9307.226
7898.078
9167.223
9299.731
9119.503
9844.53
9754.845
8827.294
9525.963
9046.53
10131.43
9090.076
10130.47
9431.819
9063.295
8136.311
8896.419
9288.095
8488.073
10164.28
10115.94
9766.083
7959.955
9543.084
9215.078
9100.49
8543.809
8636.311
9928.393
9458.148
8702.018
9597.424
8993.795
9569.911
8704.465
8924.87
8788.239
9871.273
9379.713
8909.535
9688.915
10000.67
8381.469
8684.097
9873.974
9840.316
9033.489
10394.94
10282.73
9105.239
8428.826
7750.181
8009.939
8826.626
7967.716
9142.613
10156
8533.082
8718.274
9103.99
8458.046
10404.68
9856.403
8704.913
9825.183
9099.832
9313.36
8442.905
9153.919
9768.542
8646.853
8627.401
9714.298
10388.12
8235.776
10172.3
9110.979
9371.267
9056.815
8870.595
8804.419
8462.826
10399.81
9801.83
8846.157
10106.71
8874.495
9067.285
10316.69
8341.027
8772.8
8599.536
9407.123
8301.886
8752.357
10538.9
9530.272
8864.076
8282.884
8753.159
7999.306
9585.208
9185.137
8693.544
8776.875
8331.371
9245.697
7678.47
9533.712
8811.509
9591.713
9539.824
8702.974
10537.41
10035.52
8499.017
8872.419
10248.03
9257.737
7834.285
8962.831
9012.168
9519.86
8270.601
9092.636
8354.475
8906.526
8228.526
9822.559
8142.395
9101.999
9283.655
8759.151
9418.398
8834.183
8714.753
9740.158
8797.471
7640.097
9967.483
9244.499
8576.199
9952.773
9993.327
8821.573
8825.396
9235.368
7701.982
9057.616
9157.388
9763.436
9299.091
8941.97
9458.34
8444.711
8306.319
9460.618
9418.735
8974.711
7895.795
9766.319
9531.625
8699.912
9410.408
9177.332
8360.464
8032.616
9984.281
8058.389
8183.53
9399.931
8924.862
8954.64
9202.98
8413.424
10113.12
9896.611
8908.346
9269.745
10039.42
8577.533
8467.716
8342.142
7907.558
8619.953
8290.836
9306.472
8773.066
8518.9
8766.952
8173.098
9319.778
8998.078
8209.222
9134.356
8376.009
9058.626
8481.787
10427.86
8512.366
9265.735
8483.782
8766.777
8774.586
9368.274
9423.894
9457.112
8614.027
9379.159
9075.781
9085.212
8807.931
9010.116
9620.84
8664.473
8869.781
10085.2
9037.854
8200.939
7968.268
10094.5
9122.5
8679.428
9082.461
8379.013
8808.167
9029.925
8995.133
9206.423
8273.785
9666.602
9155.84
9151.653
8885.382
8759.713
9062.185
9191.507
9079.959
9208.469
8338.564
8697.141
8847.87
8178.083
7982.57
9044.965
8639.495
8915.317
8079.512
8176.883
8876.959
8909.646
7887.377
8173.506
8754.043
8367.984
8689.895
9236.778
9134.817
8834.249
8702.302
8710.221
8518.944
9853.848
8842.13
9123.779
9520.111
9102.321
8774.187
8773.707
10054.92
9361.019
9664.031
8867.697
10552.26
8701.133
8819.527
8863.358
9412.322
9397.696
9328.965
8924.539
9214.563
8890.435
9401.589
9578.55
9276.556
10286.29
8198.064
8750.197
10863.97
9416.866
9185.935
8909.259
8944.993
8917.541
8375.712
10042.63
9590.516
8475.103
8950.851
9559.292
8920.467
8293.231
8237.914
8734.45
9174.944
9387.544
8859.968
8556.06
9066.353
9034.766
8769.731
9505.643
8585.555
9197.052
9428.811
9521.014
9354.74
8848.903
9877.541
8682.306
8472.357
8859.967
8842.117
8530.13
8625.276
8864.599
10026.21
9822.526
9067.013
9568.67
9344.624
8487.157
9290.801
9592.47
8297.958
8039.466
9291.48
9226.362
9588.284
8764.606
9660.299
9348.355
8724.727
8250.065
8457.466
8057.271
8774.237
10007.86
9029.431
9121.783
9773.19
9840.864
10268.44
9252.324
9078.484
8494.722
9000.201
8935.761
8871.259
7946.247
8922.448
8907.744
8597.228
8303.799
8035.88
7955.075
8083.388
9364.073
8951.411
9777.638
9083.408
8949.83
9222.098
10236.4
8479.92
9430.669
9384.208
8813.663
9776.953
8509.665
8742.131
8590.626
9312.099
9827.414
8788.119
7873.296
8762.681
10091.25
8591.023
8627.475
7881.219
8483.512
9776.067
9095.555
9090.153
8646.112
9179.272
7855.4
8605.328
9113.281
9557.511
8611.99
8746.719
9157.051
9276.551
8611.014
9829.201
8225.541
10274.49
8503.927
9354.484
9098.692
8732.378
8458.298
8841.141
9178.706
7984.068
8558.603
8638.636
8749.841
8888.656
10567.73
8995.996
7831.913
8496.557
9423.773
9721.956
8048.526
9094.392
7943.428
8607.578
8871.649
10305.04
8866.996
9121.572
8763.283
8792.565
10543.63
8456.943
8975.732
9781.6
9618.456
8109.076
8571.432
8576.898
8290.708
9625.412
8247.506
8072.755
9190.219
8237.309
9069.376
8939.392
8930.51
9246.259
9458.868
8943.779
8390.711
8775.487
9060.55
9285.03
8801.08
9216.002
8603.219
9551.743
9108.111
8229.875
8346.327
8511.727
7854.038
8354.647
8626.966
8241.869
9563.333
8116.898
8455.115
8680.246
8638.058
8446.221
9374.625
9609.18
8909.891
8644.936
9207.96
8252.982
8927.338
8797.375
8432.879
8764.644
9118.939
7735.102
9446.902
8834.287
8445.149
8704.521
10303.81
9820.544
8278.879
9737.464
9162.465
9398.626
9657.066
9141.326
8812.27
7427.804
8819.511
10203.67
9706.01
9290.313
9233.663
8374.944
9120.599
9500.148
9291.189
9948.039
7918.85
7905.79
8953.271
8727.212
10317.34
8188.467
10107.83
9173.137
9032.907
8869.655
9178.364
8582.369
9626.95
8937.58
9163.27
8786.959
8264.957
8289.799
8795.2
10159.75
8264.643
9646.64
10167.77
8533.865
8665.482
9421.343
8607.954
9424.291
8721.774
9288.87
9513.311
9709.554
9125.662
8427.592
8326.304
9396.63
9250.482
8905.509
9695.075
10191.9
8779.875
9512.226
8193.926
8863.661
8389.426
8446.943
8576.412
10008.93
8362.255
8533.167
8896.919
9276.446
8790.575
9844.93
8866.061
9303.878
10135.5
10166.12
9014.221
9419.437
9653.783
8681.118
9058.622
10868.51
8951.065
9172.522
8591.21
10461.85
8609.945
8131.641
8897.173
8561.162
7723.225
9488.946
9195.455
9013.965
8892.719
8570.037
9163.038
9524.241
9143.652
10541.63
10047.72
9689.698
10615.61
9481.653
9001.055
8562.422
9815.365
9161.205
9079.713
8731.845
9311.044
9420.679
9436.318
8739.812
9140.527
9432.522
8772.942
8345.405
8847.945
7294.933
8825.203
8702.775
