0.06441326
0.06005865
0.0594848
0.05716659
0.05418426
0.0509167
0.04826614
0.04762729
0.04662478
0.04398992
0.043425
0.04334382
0.04326849
0.04301191
0.04461569
0.04302669
0.04252109
0.04238378
0.04101453
0.04242388
0.04303953
0.04090051
0.03855281
0.03724229
0.03691227
0.03526061
0.03488443
0.03393386
0.03452296
0.0345583
0.03350274
0.03360849
0.03300426
0.03296722
0.03201847
0.03268163
0.03109432
0.03142224
0.03193256
0.03182165
0.03131288
0.03076244
0.03141517
0.03348097
0.03382774
0.033415
0.03217055
0.03422942
0.03616068
0.03614859
0.03661532
0.03697696
0.0365353
0.03805403
0.03989759
0.03823567
0.03754177
0.03551288
0.03439742
0.03471717
0.03365318
0.03401129
0.03275939
0.03390977
0.03433483
0.03457246
0.03352668
0.03297109
0.03216374
0.03269789
0.03210031
0.0342704
0.03439746
0.03684328
0.03831891
0.03823131
0.03593593
0.03525686
0.0365547
0.03809215
0.03854206
0.03766601
0.03883668
0.03682656
0.03435762
0.03820614
0.03937302
0.04069176
0.04126856
0.04116897
0.04103147
0.03820927
0.0386329
0.03550047
0.03451611
0.03477385
0.03372181
0.03408596
0.0339043
0.03246557
0.0306915
0.03184406
0.03094373
0.03080897
0.03319996
0.03424698
0.03239238
0.03069247
0.03177616
0.03379419
0.0333826
0.03270703
0.033666
0.03390081
0.03435665
0.03421342
0.03328445
0.0341493
0.03285641
0.03184735
0.03092877
0.03022296
0.03161697
0.03274262
0.03281159
0.03541081
0.0341956
0.03255906
0.03206614
0.03105211
0.03203338
0.03184612
0.0302632
0.03109088
0.0318473
0.0323958
0.03255617
0.03207201
0.03242651
0.03232734
0.03308767
0.03196708
0.03047833
0.03103995
0.02973747
0.03190588
0.03260758
0.03233304
0.03239767
0.03330471
0.03348614
0.03352025
0.03322238
0.03390462
0.03401406
0.0337684
0.03349497
0.03259556
0.03222662
0.03386615
0.03192806
0.03149577
0.03070211
0.03069974
0.03090144
0.02993734
0.03074362
0.02987089
0.03016004
0.03022466
0.02961426
0.02972431
0.03095178
0.03033422
0.03016551
0.02903072
0.02744545
0.02780088
0.02632192
0.02653657
0.02681902
0.02676303
0.02767335
0.03025254
0.02767834
0.02665663
0.02737663
0.02812666
0.02783379
0.02699461
0.02633697
0.02581563
0.02486102
0.02519447
0.02649555
0.02697559
0.02641257
0.02648711
0.02499587
0.0244194
0.02443611
0.02488255
0.02528568
0.02588985
0.02713408
0.02837438
0.02804642
0.02887415
0.02906407
0.02880312
0.02881051
0.02829918
0.02787913
0.02861843
0.02903628
0.02705149
0.02777909
0.02718384
0.02794404
0.02815324
0.02950853
0.02837601
0.02884732
0.02788242
0.02804834
0.02937292
0.02866041
0.02925991
0.0292044
0.02938873
0.02877721
0.02957617
0.02963449
0.03264949
0.03337308
0.03167398
0.03023529
0.02813499
0.02727589
0.02952142
0.0305444
0.03060455
0.03335601
0.03343804
0.03336412
0.03371816
0.03413976
0.03343545
0.03408141
0.03439637
0.03448885
0.03586145
0.03652433
0.03676518
0.03726494
0.03764469
0.03718882
0.03909779
0.04244659
0.0444223
0.04291786
0.04128701
0.03987395
0.04037556
0.0409059
0.04325165
0.04225293
0.04134378
0.0392686
0.04091679
0.04273956
0.04333807
0.04473765
0.04328623
0.03919276
0.04046226
0.03953744
0.04291146
0.04293954
0.04192256
0.0391322
0.04063336
0.03972013
0.04293105
0.04398018
0.04236987
0.04179692
0.0400299
0.03833198
0.03748624
0.03713411
0.037117
0.03738171
0.03663285
0.03618139
0.03606461
0.03478529
0.03474432
0.03522229
0.03527171
0.03404957
0.0338918
0.03304767
0.03200855
0.03109934
0.02960101
0.02748725
0.02802447
0.02765683
0.02765912
0.02751927
0.02851156
0.02838152
0.02855865
0.0297952
0.02904325
0.03112646
0.03018631
0.03251691
0.03200688
0.0319869
0.03233953
0.0320973
0.03107164
0.03043588
0.03339516
0.0325407
0.03128138
0.02962253
0.03047078
0.03237669
0.03169111
0.03169026
0.03033496
0.03097067
0.03085089
0.03191384
0.03146611
0.03174161
0.03122673
0.03127344
0.03245776
0.03255378
0.03353137
0.03433523
0.0348426
0.03627825
0.03586303
0.03684513
0.03714825
0.03863188
0.04027055
0.03731773
0.0389758
0.03997355
0.04093242
0.04113751
0.04285274
0.04265617
0.04314964
0.04062253
0.03956659
0.03829467
0.03816536
0.03781763
0.03672258
0.0353254
0.03600015
0.03646108
0.03576919
0.03845876
0.03611032
0.03523699
0.03297274
0.03457224
0.03409404
0.03330561
0.03364311
0.03217354
0.03107778
0.03204437
0.03235888
0.03175414
0.03276345
0.03409206
0.03325505
0.03469846
0.03673692
0.03790784
0.03865215
0.03792448
0.03777826
0.03911715
0.04080238
0.04220329
0.04283307
0.04184037
0.04151495
0.04176107
0.04229135
0.04193809
0.04421505
0.04400889
0.04110875
0.04214347
0.04162856
0.04036402
0.04033936
0.03998755
0.03891915
0.03986718
0.03849713
0.03874837
0.04031035
0.04034972
0.04124282
0.04234776
0.04242715
0.04314571
0.04200655
0.04290768
0.03969522
0.03881153
0.03962331
0.03996653
0.03864934
0.04144233
0.04194994
0.04149081
0.04022226
0.03949899
0.04049893
0.04138551
0.04221021
0.04150963
0.04202994
0.04221606
0.04428851
0.04186853
0.04294201
0.04390636
0.04410269
0.04468427
0.04506948
0.04573844
0.0478325
0.04659558
0.04452621
0.04647625
0.04425756
0.04209899
0.04447162
0.04379602
0.04471332
0.04433615
0.0473252
0.04854945
0.0451573
0.04783334
0.04829776
0.05107904
0.05104404
0.04768667
0.04834238
0.04627389
0.05014542
0.0525849
0.04951335
0.0507947
0.04883698
0.04957864
0.04998749
0.0500565
0.04906946
0.04914077
0.04618439
0.04542201
0.04337605
0.04399542
0.04302792
0.04119188
0.03978206
0.03875119
0.03892111
0.03946424
0.04058429
0.0401673
0.04163209
0.04094378
0.04328516
0.03987707
0.0413702
0.0429387
0.04504705
0.04512679
0.04532644
0.04632124
0.04656892
0.04744245
0.04602621
0.04417837
0.04573993
0.04677396
0.04759574
0.04713189
0.04727508
0.04723539
0.04767478
0.04559993
0.04440561
0.0436122
0.04261333
0.04205642
0.04098435
0.04203456
0.04163526
0.04117572
0.03788396
0.0395173
0.04224341
0.04128525
0.04363736
0.04143803
0.0397652
0.04173283
0.04028887
0.04028658
0.0396662
0.04007633
0.03690389
0.03604009
0.0364606
0.03627031
0.03656204
0.03827112
0.03851281
0.03995792
0.04084691
0.04107448
0.03846108
0.03938143
0.03937976
0.04288079
0.03987606
0.04174129
0.04397316
0.04520807
0.04766639
0.04797698
0.04722269
0.04683492
0.04579269
0.04599784
0.04364959
0.04476608
0.04508215
0.04487733
0.04551775
0.04478708
0.0459109
0.04615093
0.04629996
0.04384433
0.04654087
0.0450164
0.0478367
0.04927928
0.05116497
0.04841037
0.04921955
0.04904265
0.04815244
0.05079331
0.05091916
0.05013138
0.04718831
0.04626759
0.04701015
0.04926984
0.04943247
0.05211482
0.04900026
0.04812571
0.04894424
0.04767406
0.04774984
0.05134208
0.05367834
0.04839632
0.04732131
0.04536331
0.04604475
0.04524232
0.04539951
0.04296769
0.04339413
0.04465584
0.04055341
0.04037054
0.04161506
0.04237999
0.04423551
0.04328823
0.04227124
0.04205463
0.04123679
0.0419175
0.04075965
0.04054189
0.04126464
0.04404497
0.04158191
0.043715
0.04486822
0.04326226
0.0431251
0.04107533
0.03894325
0.03610642
0.03613315
0.03722356
0.03750858
0.03727307
0.03701504
0.03805401
0.03902111
0.04127703
0.03928949
0.0406303
0.0417865
0.0417264
0.04019837
0.04113168
0.03934968
0.03903029
0.0390783
0.03977391
0.0392696
0.04056028
0.037701
0.03711197
0.03824302
0.03928865
0.04049626
0.03781442
0.03644893
0.03725357
0.03767253
0.03896767
0.04010477
0.04038367
0.04129446
0.04124256
0.03840862
0.03872668
0.03891073
0.03930046
0.03634116
0.03680842
0.03876371
0.03924544
0.03851975
0.03867264
0.03601996
0.03531207
0.03529344
0.03546502
0.03534668
0.03776921
0.03765311
0.0377662
0.03922474
0.03750493
0.03808837
0.03683681
0.03838737
0.0378377
0.03872411
0.03821284
0.04044407
0.04095597
0.04388206
0.043452
0.04454507
0.0439835
0.04428837
0.04697007
0.04777259
0.04604093
0.0487047
0.04944302
0.05021602
0.04975894
0.04942627
0.04920739
0.04998873
0.05027277
0.04854568
0.04796665
0.04805716
0.04680403
0.04418761
0.04481995
0.04491227
0.04360635
0.04238589
0.0394109
0.04041334
0.03885742
0.03905104
0.03982092
0.03614616
0.03654516
0.03684933
0.03835564
0.03718187
0.03958661
0.03825402
0.03813473
0.03776276
0.03774812
0.03601153
0.03534184
0.03481807
0.03419006
0.03420887
0.03332671
0.03404751
0.03322607
0.03374348
0.03372711
0.03398406
0.03581975
0.0344715
0.03353228
0.03209593
0.03122985
0.0308831
0.03179448
0.03227513
0.03046231
0.03071567
0.03107077
0.03205457
0.03161219
0.03147397
0.03262362
0.03262693
0.03327606
0.03507133
0.03478138
0.03508768
0.03606809
0.03784338
0.03585151
0.03733663
0.03982886
0.03851268
0.03818958
0.03941975
0.0371498
0.03616891
0.0335533
0.03425515
0.03215262
0.03189513
0.03200606
0.03240838
0.03249084
0.03172122
0.03194969
0.03134015
0.03046183
0.03071984
0.03104965
0.03106197
0.0319572
0.03406677
0.03272285
0.03167433
0.03260643
0.03231221
0.03336941
0.03466687
0.03518737
0.03618
0.03605109
0.03637179
0.03544323
0.03570536
0.03529986
0.03407921
0.03502862
0.0352538
0.03290715
0.0332214
0.03314266
0.03344456
0.03655118
0.03750387
0.03740011
0.03927251
0.03753043
0.03620575
0.0368307
0.03524668
0.03525628
0.03466532
0.03234127
0.03345127
0.03496692
0.03318121
0.03338909
0.03393372
0.03608435
0.03495086
0.03597277
0.03482154
0.03483659
0.03157165
0.03055117
0.03086944
0.03080037
0.03150344
0.03050793
0.03311736
0.0353443
0.03368849
0.03299366
0.03214768
0.03214216
0.0319903
0.03108684
0.03267751
0.03367751
0.03180913
0.02986987
0.03135093
0.03073648
0.03118906
0.03160361
0.0320531
0.03269426
0.03105596
0.03126774
0.03210487
0.03041075
0.03219694
0.03166763
0.0320062
0.03230916
0.03259213
0.03142217
0.03155498
0.03367938
0.03272162
0.03151712
0.03205499
0.03178158
0.0315759
0.03091724
0.0314199
0.03189751
0.03242226
0.03406747
0.03353886
0.0308079
0.0311133
0.02988447
0.03030705
0.02856858
0.02916294
0.02854686
0.02754417
0.02739422
0.02712297
0.02872024
0.02739024
0.0276598
0.02841815
0.02798682
0.02710328
0.02646586
0.02575118
0.02485951
0.02599644
0.02674326
0.02747155
0.02722035
0.02786927
0.02731472
0.02729709
0.02720036
0.02762501
0.02672858
0.02876293
0.02861278
0.02893426
0.03065516
0.02900693
0.02964361
0.03093633
0.03228558
0.03167274
0.03183337
0.03218153
0.0330051
0.0331146
0.03204899
0.03227065
0.03212802
0.03332191
0.03356629
0.03364604
0.03358065
0.03314047
0.03278208
0.03284963
0.03247046
0.03461406
0.03700884
0.03601354
0.03588218
0.03412609
0.0352417
0.03620875
0.03597059
0.03577837
0.03625242
0.03642031
0.03602378
0.03579619
0.0385896
0.03900696
0.03862128
0.03701887
0.03593291
0.03472706
0.03243457
0.03263786
0.03262961
0.03213474
0.03163115
0.0321284
0.03214323
0.0315609
0.03062867
0.03099674
0.03288961
0.03440492
0.03460164
0.03482993
0.03467625
0.03312999
0.03223747
0.032395
0.03016745
0.03265998
0.03119326
0.032161
0.03344128
0.03364345
0.03321225
0.03324921
0.03218765
0.0332507
0.03432119
0.03315361
0.03447157
0.03235749
0.03347638
0.03622436
0.03438946
0.03685279
0.03636231
0.03720732
0.03831728
0.03686297
0.0363071
0.03627052
0.0385
0.03838414
0.03989842
0.03830911
0.03776987
0.0370806
0.03614445
0.03707678
0.03708647
0.03842692
0.037229
0.03668815
0.03506744
0.03386207
0.03236485
0.03447928
0.03173794
0.03141562
0.02959511
0.02885371
0.02817168
0.02744067
0.02763118
0.02900439
0.02931665
0.03024973
0.02981278
0.02835485
0.02867814
0.02933742
0.02994878
0.03108129
0.03250959
0.0332812
0.03142116
0.03213172
0.03411167
0.03415052
0.03540998
0.03519163
0.03328943
0.03190631
0.03184102
0.03230016
0.03380855
0.03336382
0.03434581
0.03387821
0.03353248
0.03430777
0.03259584
0.03198585
0.03164938
0.03105766
0.03021502
0.02957604
0.0307343
0.03134194
0.03013868
0.03123635
0.03043589
0.0308936
0.02982085
0.03001063
0.03046053
0.03203113
0.03237812
0.03296783
0.03339815
0.03306313
0.03473977
0.03501886
0.03449476
0.03459868
0.03536453
0.033734
0.03497047
0.03565207
0.03500877
0.03403541
0.03459919
0.03523608
0.03527965
0.03415903
0.03269449
0.03400973
0.03366432
0.03524788
0.03688185
0.0392473
0.04061669
0.04079768
0.03818704
0.03651883
0.03534985
0.03606422
0.03812972
0.04118335
0.04041845
0.03952032
0.04090439
0.04242084
0.03895502
0.03996759
0.04024368
0.04028909
0.04014581
0.04089909
0.03780301
0.03789279
0.03917982
0.0396096
0.04056974
0.04107323
0.04278686
0.04379032
0.04318145
0.04693244
0.04550394
0.04550143
0.04853697
0.04704458
0.04669086
0.04635094
0.04276629
0.04337295
0.04421012
0.0434796
0.04409689
0.04430506
0.04520399
0.04505112
0.04312157
0.04015328
0.0404679
0.03976872
0.03934979
0.0394436
0.04124957
0.04080678
0.04297058
0.04228184
0.04174025
0.0442549
0.04531986
0.04518397
0.0437866
0.04431062
0.04427139
0.04167899
0.04079866
0.04220677
0.04116824
0.04493812
0.04723432
0.04581475
0.04746453
0.04694083
0.04712684
0.05047879
0.0491789
0.05125237
0.04846907
0.04703131
0.04510477
0.04386214
0.0454401
0.04427322
0.0450547
0.04352684
0.04491974
0.04246382
0.04197092
0.04420907
0.04418567
0.04589365
0.04424398
0.04496436
0.04573043
0.04557191
0.04411472
0.04177449
0.04437027
0.04152262
0.04138523
0.04024499
0.04046649
0.04115027
0.04260861
0.04122615
0.04465994
0.04634356
0.04485482
0.04395224
0.04569936
0.04304781
0.04296555
0.04490218
0.0466604
0.04601914
0.0457554
0.04481185
0.0466797
0.04701892
0.04529113
0.04730227
0.044569
0.04329068
0.04282929
0.04337473
0.04444953
0.04236485
0.04025226
0.04467
0.04651067
0.04689431
0.04613853
0.04574401
0.04566662
0.04461157
0.04106866
0.04148841
0.04070771
0.03972071
0.03971215
0.03730242
0.03708163
0.03721963
0.03596557
0.03808819
0.04009771
0.03932793
0.0407967
0.03962396
0.03889585
0.03921782
0.03809501
0.03970389
0.03965843
0.03981284
0.03973429
0.04032969
0.0401927
0.04328605
0.04232066
0.04361181
0.04400721
0.04439568
0.04453378
0.04703686
0.04407476
0.04582362
0.04493435
0.04475686
0.04513512
0.04875811
0.04781484
0.04830211
0.0481938
0.04936552
0.04802849
0.04537631
0.04784805
0.04999327
0.05053658
0.04652152
0.04754519
0.04998343
0.04953358
0.04970494
0.04848296
0.04700818
0.04887655
0.04974421
0.04882141
0.04751572
0.04619838
0.04731742
0.04643435
0.04959195
0.05169627
0.0506581
0.05356482
0.05669654
0.05678584
0.05287509
0.05308113
0.05231862
0.05242639
0.05245182
0.05212037
0.05127888
0.04979182
0.0464139
0.04524574
0.04608933
0.04997158
0.04784483
0.04574984
0.04858729
0.04779513
0.04620515
0.04441895
0.04374502
0.04442859
0.04223553
0.04181466
0.04038709
0.03977908
0.0390813
0.04023632
0.0410245
0.03917661
0.04154694
0.0399089
0.03893696
0.03958437
0.03872226
0.03992295
0.04105198
0.03894508
0.03823185
0.03847117
0.03885574
0.03566753
0.03494361
0.03591661
0.0365253
0.03587566
0.03711828
0.03770773
0.039698
0.03750015
0.03706611
0.0372199
0.03679414
0.03721199
0.03363157
0.03305373
0.03032802
0.031195
0.03200597
0.02952518
0.02939305
0.02736148
0.02916315
0.02887983
0.02873581
0.02845154
0.02972742
0.03017902
0.02997423
0.02960784
0.0299147
0.02936412
0.02873295
0.02944268
0.02873871
0.03089055
0.0297841
0.03042279
0.02926746
0.02853005
0.02812647
0.02958103
0.02952838
0.03098711
0.03031577
0.03128173
0.02933918
0.02916329
0.02843525
0.02833952
0.02945995
0.03029981
0.02966637
0.02816136
0.02926261
0.03016009
0.0295225
0.02907762
0.02688918
0.0273749
0.02832001
0.02976237
0.02835951
0.03046688
0.02983973
0.02874326
0.02937188
0.02975529
0.02896817
0.02955119
0.03005199
0.02871461
0.02782004
0.02831633
0.02888129
0.02756591
0.02871728
0.02896356
0.02834046
0.02828097
0.02674808
0.02534986
0.02527667
0.02520078
0.02549129
0.02564517
0.02592211
0.02733019
0.02761329
0.02822707
0.02936013
0.02930354
0.02955316
0.02954456
0.028946
0.02919036
0.03072639
0.03124512
0.0327936
0.03231644
0.03280603
0.03180999
0.03064421
0.03132802
0.03061885
0.03127082
0.031493
0.03149469
0.03204773
0.03127685
0.02963557
0.02996735
0.03147358
0.03174481
0.02880263
0.0295685
0.02936673
0.03059452
0.03020965
0.02912944
0.02985102
0.02754447
0.02739226
0.02847817
0.02812449
0.02705025
0.0270741
0.02831388
0.02892546
0.02912505
0.02996621
0.02862013
0.02718277
0.02655462
0.02675007
0.02572926
0.02555119
0.0248324
0.0245799
0.02512736
0.02456874
0.02517303
0.02614999
0.02477852
0.02446277
0.02503136
0.02417528
0.02442492
0.02571917
0.02577057
0.02502915
0.02432693
0.02430156
0.02412464
0.02351533
0.02421604
0.02466316
0.02374972
0.02319934
0.02264901
0.02300936
0.02360898
0.0231246
0.02351358
0.02398055
0.02459138
0.02349712
0.02333835
0.02222714
0.0225553
0.02240413
0.02236572
0.0234892
0.02167084
0.02188059
0.02160967
0.02072408
0.02071043
0.02029957
0.02047065
0.02017662
0.02051123
0.02123638
0.02097819
0.02136029
0.02149261
0.02191796
0.02151088
0.02144454
0.02211473
0.02165691
0.02201163
0.02115624
0.02036935
0.01931254
0.01933072
0.01957634
0.02056198
0.02073132
0.02147237
0.02116267
0.02139408
0.0213173
0.02268106
0.02419766
0.0236737
0.02493045
0.0247805
0.02435274
0.0235425
0.02384002
0.02287828
0.02389749
0.02376825
0.02340638
0.02447212
0.02640269
0.02694935
0.02559656
0.02458436
0.02411878
0.02296523
0.02233153
0.02262752
0.02262673
0.02270823
0.02400683
0.02168378
0.02057377
0.0217908
0.02157409
0.02228652
0.02298469
0.02330679
0.02287418
0.02292275
0.02253094
0.02152371
0.02246629
0.02240376
0.02301296
0.02315625
0.02336938
0.02399633
0.02383765
0.02336147
0.0244289
0.02330999
0.02326556
0.02367799
0.02369223
0.02442758
0.024355
0.02369192
0.02435197
0.02294795
0.02340404
0.02499254
0.02483563
0.02503563
0.02463431
0.02515291
0.02690101
0.02712394
0.02564798
0.02679195
0.02816767
0.02851648
0.02947014
0.03017668
0.0301562
0.03250449
0.03357665
0.03418773
0.03404443
0.03453329
0.03457296
0.03313186
0.03343955
0.03364857
0.03334529
0.03359667
0.03302193
0.0326025
0.03259748
0.03424133
0.03323319
0.0333541
0.03195252
0.02915478
0.0287955
0.02929389
0.02913688
0.02785467
0.02759336
0.02765853
0.02785662
0.02873917
0.03061155
0.03041008
0.03028152
0.02993622
0.0284442
0.0275891
0.02991552
0.03005055
0.03084789
0.02908841
0.02882586
0.02881755
0.02909109
0.03050071
0.029676
0.02918629
0.02840108
0.0285081
0.02980251
0.03141844
0.03047259
0.03313506
0.03370036
0.0325978
0.0324328
0.03224157
0.03134332
0.0309995
0.03216902
0.03269352
0.03321066
0.03450641
0.03478303
0.03489405
0.03624602
0.03576381
0.03409786
0.03414337
0.03296992
0.03019289
0.0310136
0.02921292
0.02933936
0.02756387
0.02845836
0.03074588
0.03119409
0.02993705
0.0279997
0.0285706
0.02873352
0.03068932
0.03119481
0.03191739
0.03228484
0.03031546
0.0332336
0.03469503
0.03538349
0.03658364
0.03497484
0.03631932
0.03743794
0.03837559
0.03761103
