12.81418
12.54142
12.74207
11.40169
11.58418
11.86141
10.66132
11.37217
10.86441
12.53958
11.59825
11.49011
11.02138
9.86921
11.06934
11.94104
9.439407
10.96757
10.8358
11.00681
12.04075
11.46022
9.999248
10.79114
10.41274
11.29463
10.59448
12.93672
11.16047
10.88681
11.68445
11.10137
11.70087
12.79174
10.92771
10.43804
9.459675
13.81002
10.79207
10.62237
10.36046
11.27956
11.65757
10.67535
10.93765
12.17319
10.91301
11.69472
12.30491
10.98481
10.99887
12.06633
12.67995
12.30147
10.97065
11.96005
10.99041
11.88927
11.53911
11.04201
11.99197
12.00893
13.99852
11.93348
11.96564
11.03518
12.13428
11.20007
10.99544
10.60497
11.24089
9.757723
10.86295
10.27367
14.07799
10.54641
12.21798
13.64119
11.22665
10.96552
10.97582
11.42997
10.4205
11.44415
11.36936
13.74086
11.67663
12.42269
12.22318
12.64322
12.74046
12.59455
11.32863
12.5651
11.7027
11.18624
12.24535
10.1388
13.5977
11.86145
9.780375
11.07447
12.55258
10.6237
11.89376
11.08472
11.31734
11.39659
10.21814
10.55914
10.59832
10.24348
11.23142
12.82164
10.19658
11.45046
12.26753
10.63049
10.59827
11.75514
10.39797
12.26587
11.80138
12.12079
12.36147
12.44521
11.55625
11.61319
11.04693
11.81851
11.89494
11.1173
10.5922
11.24888
11.74435
10.66546
11.8055
10.90164
11.27149
11.06149
11.18942
12.3642
11.3942
11.73567
11.69907
10.09801
11.08424
12.33648
11.3204
11.60526
11.576
11.2067
11.2613
10.90765
11.86175
12.0277
11.47654
12.39085
11.78205
12.31964
10.9937
13.90918
12.88578
12.37617
13.44098
13.2614
10.95101
11.23262
11.2543
12.85831
13.38247
11.18954
10.91027
11.10038
12.06634
11.89644
10.39915
10.95158
11.45861
10.41783
11.77302
11.37707
14.06575
11.67538
11.665
10.8711
11.33981
11.39799
11.63242
12.38348
11.95618
11.51562
11.31489
11.32277
11.44346
11.91424
10.50131
11.45757
12.05716
10.98315
10.63978
12.10076
12.09398
10.6879
10.68782
11.12814
11.58322
10.2705
11.72489
10.56097
10.83866
11.69659
11.05156
10.2106
12.9145
11.66762
11.41642
11.24973
12.88128
11.59088
10.36047
13.0932
11.85063
11.13839
12.04693
11.96444
11.41191
11.60175
12.12198
10.00583
11.73988
10.57444
11.12459
12.44719
12.45682
10.74824
11.61815
11.28444
10.98791
11.3769
11.79662
12.40513
11.10358
12.86687
11.38357
12.93253
10.78104
11.76833
12.20271
11.51799
11.57012
11.40103
11.62588
10.36747
9.94056
12.98507
12.23231
11.70434
10.99724
10.23972
11.5858
12.74943
11.224
12.85696
11.73889
11.38389
12.14133
12.41951
10.97127
13.13818
11.21172
11.12939
12.71982
11.64404
11.46741
11.44718
10.87841
11.80469
11.91505
11.84792
12.4836
10.81845
12.06307
11.46993
12.30701
12.9605
10.58158
11.71787
12.16852
12.29449
10.63291
11.73432
10.96495
10.83984
11.40726
12.47467
11.18312
12.65171
11.48072
11.80226
12.98566
11.55763
13.06358
12.75538
11.67883
11.01949
11.72749
10.81047
12.38278
10.96489
13.54837
11.47903
12.84387
13.89255
12.26563
12.29744
12.67329
11.33888
11.718
11.93702
11.18477
11.95677
11.64509
11.28977
9.881456
10.9241
10.77445
10.65863
10.79044
11.49159
13.53287
12.49644
11.85515
11.65474
11.93756
11.991
11.29492
11.51572
11.59788
11.97203
11.85591
10.42488
9.996823
12.88342
11.22274
11.56547
11.47399
11.27868
10.75254
11.07543
11.83936
11.91763
12.00502
10.58466
13.12354
11.57084
10.41341
12.18464
9.681065
11.89394
11.63994
11.77019
11.1653
11.09728
11.75725
10.71762
12.16876
10.18822
10.5705
10.76822
12.69932
11.48808
11.22114
10.23327
10.79645
10.74537
9.688876
10.80889
10.10274
11.02788
12.05905
10.98738
10.6829
11.83626
11.40608
11.07937
11.50921
12.21625
10.972
10.30467
12.4041
13.56446
9.780975
11.67884
10.6122
11.52155
10.88706
10.09446
10.81057
10.56716
10.54119
11.27631
11.75155
10.76501
10.30287
11.75878
9.659745
11.29246
11.51516
12.52433
13.93105
12.78286
11.37796
10.90926
11.71844
11.19861
12.24844
12.00841
11.95707
11.59968
11.42126
13.69629
11.69554
12.9588
13.00006
11.41542
12.30488
12.07756
12.42176
11.03138
11.51886
12.41052
10.62684
12.52099
12.53785
11.91706
12.97269
13.82004
10.46309
11.47964
12.6642
11.9972
10.01706
11.31858
11.65611
11.54504
11.58538
11.65571
11.30516
10.58943
10.24379
10.89223
11.55078
11.26294
10.05084
11.02993
12.11318
10.71711
10.80213
10.19649
11.42579
11.51362
10.59217
11.51923
10.53645
10.78074
10.50734
12.45062
13.1885
11.53224
11.14307
10.78086
10.44132
10.99224
11.65172
11.27352
11.1195
11.15952
11.37397
11.43694
12.59217
12.64129
12.2917
11.20911
11.60966
12.49349
11.55436
11.35242
11.84284
11.36307
10.1846
13.66185
12.3684
10.24833
12.25417
11.80358
11.98966
11.86393
11.08557
12.14166
