31.70875
30.87446
30.11066
28.20329
25.87628
26.10717
26.93232
27.18044
27.74538
29.42388
30.43456
29.02752
27.83847
29.56369
28.48385
28.25345
28.11398
26.26327
25.72796
24.18857
24.22187
23.69112
23.39384
23.08468
23.25064
21.99963
22.5215
22.77351
22.73822
23.22992
22.95222
23.38578
22.21249
21.80882
22.00715
22.14518
22.0043
22.76988
23.56629
23.56348
23.99626
22.87899
22.6155
22.53437
23.7217
24.67435
22.12471
22.39851
21.83072
21.87159
22.54399
22.84943
22.57745
22.60876
23.12178
23.53779
24.30424
23.48222
23.24353
20.50506
20.17126
19.38268
19.80769
19.94806
18.85585
17.53623
17.71206
17.84509
17.35492
17.2495
17.39022
17.12555
15.74883
16.18319
16.16453
15.9375
16.39998
15.18
14.39032
15.05621
14.77436
15.03656
15.04054
14.46953
13.79068
14.30531
14.34794
13.26779
12.48338
12.66714
12.92445
13.05104
12.49053
12.55704
12.1047
11.81223
11.53481
12.25478
12.02322
10.86669
10.50134
10.19833
10.06253
9.468557
9.172847
8.917852
8.271542
8.175173
7.488146
7.87818
8.153854
7.433953
7.468515
7.694787
7.800931
7.851152
7.204289
6.858098
6.307171
6.309872
6.375128
6.384361
6.325725
6.10156
6.013483
6.013859
6.039477
5.815808
5.607338
5.476077
5.547306
5.776393
5.691466
5.584572
5.247583
5.444486
5.60905
5.824378
5.642379
5.55082
5.676175
5.917407
5.916477
5.739508
5.622803
5.732851
5.759588
5.800843
5.952763
5.826847
6.151215
5.81249
5.733884
5.803513
5.584006
5.210615
5.24357
5.320987
5.397669
5.457683
5.302915
5.037791
5.059917
5.343351
5.261261
5.170658
5.204202
5.493952
5.322915
5.483579
5.556497
5.428391
5.505265
5.248138
5.38971
5.416488
5.348642
5.646692
5.804542
5.783905
5.595058
5.607012
5.826151
5.695998
5.54469
5.647054
5.303537
5.47978
5.545717
5.554301
5.518707
5.517991
5.591075
5.688686
5.989514
5.829198
5.855489
5.901298
5.998488
5.919496
5.778038
5.622027
5.813038
5.821965
6.076054
6.19585
5.922584
5.808643
5.891788
5.892229
5.957964
5.975841
6.062919
5.928524
6.24061
5.893418
5.874321
5.943051
5.847881
5.725465
5.461411
5.480652
5.312596
5.452657
5.2705
5.329791
5.377586
5.230641
5.051153
5.392996
5.102062
4.972991
4.99477
5.065154
5.065374
5.128765
4.996491
4.887957
4.826833
4.778126
4.951003
5.205405
5.302802
5.367005
5.269371
5.252965
5.020422
5.041653
4.924968
5.269546
5.550837
5.430417
5.563086
5.144575
5.070495
5.178256
4.964666
5.00189
5.214074
5.082897
4.944457
4.861022
4.803513
4.754989
4.596614
4.584168
4.717628
4.732144
4.625798
4.783591
4.721363
4.880496
4.784215
4.910162
4.689549
4.953896
5.080524
5.103183
5.123541
5.253045
5.568985
5.547714
5.389288
5.40299
5.36476
4.945408
4.875345
4.736011
4.857931
4.729927
4.71902
4.565333
4.768921
4.799741
4.634955
4.624838
4.784202
4.971083
4.780779
4.731999
4.777662
4.835318
4.829901
4.757951
4.76368
4.718575
4.890672
5.317699
5.382198
5.298548
5.063847
4.888786
5.229741
5.228324
4.931472
4.709395
5.214675
5.258781
5.428805
5.614408
5.555203
5.543942
5.717903
5.869544
5.488712
5.55179
5.527889
5.344094
5.632142
5.901285
5.577199
5.522285
5.671233
5.873024
5.631
5.681013
5.461677
5.860277
6.166423
6.102589
6.207819
6.502944
6.652703
6.189637
6.151303
5.960951
5.720738
5.830715
5.905464
5.899942
6.217526
5.797461
5.970093
5.987759
6.036351
6.000156
6.173481
6.286102
6.370986
6.421787
6.511474
6.738977
6.863529
6.361784
6.634509
7.14789
7.085254
7.289988
7.58757
7.654604
7.635792
7.48778
7.575103
7.34252
7.268113
7.280865
6.972857
6.964637
6.778227
6.353104
6.34684
6.248155
6.36173
6.604631
6.292767
6.248237
6.112617
5.966482
5.964835
5.819763
5.377784
5.534869
5.425135
5.597242
5.789694
5.685972
5.406179
5.547208
5.510965
5.624653
5.666585
5.780564
5.753267
5.788529
5.499543
5.297002
5.229429
5.201594
5.503391
5.634272
5.331315
5.214219
5.083661
4.971385
5.134118
4.883826
5.322705
5.266465
5.294718
5.089335
5.036139
4.972101
4.961921
4.768417
4.636432
4.782997
4.586236
4.73249
4.384919
4.542791
4.499181
4.630934
4.46225
4.393705
4.232646
4.146058
4.181501
4.213991
4.118308
4.012984
3.801172
3.599587
3.415043
3.382521
3.201483
3.243223
3.13386
3.045408
3.15894
3.126176
3.276348
3.420134
3.286513
3.287364
3.199306
2.941617
2.764476
2.594956
2.557578
2.629688
2.508801
2.670947
2.722155
2.79955
2.880762
2.717499
2.678348
2.557496
2.520396
2.627106
2.57754
2.555477
2.559638
2.455415
2.420197
2.394475
2.484032
2.455413
2.457039
2.38022
2.356708
2.39267
2.267674
2.208629
2.254435
2.215156
2.227426
2.250821
2.234239
2.307507
2.424259
2.271987
2.283391
2.173742
2.3566
2.293142
2.327589
2.318192
2.311148
2.312442
2.356986
2.179533
2.151734
2.153749
2.031816
2.063661
2.088632
2.061845
2.009322
1.928941
2.009006
2.093747
2.078044
2.055037
2.005128
1.968562
1.998076
2.150019
2.249779
2.317122
2.328272
2.334095
2.306527
2.355181
2.358383
2.310331
2.276453
2.272645
2.133169
2.116153
2.190011
2.225846
2.078585
2.04724
1.966874
1.977122
1.978059
1.965969
1.870334
2.053388
1.899694
1.921682
2.071785
2.069261
2.047203
2.159125
2.179289
2.088544
2.069895
2.138928
2.186748
2.166856
2.141904
2.197547
2.243168
2.252938
2.152363
2.158898
2.074705
2.089532
2.168725
2.165836
2.121723
2.17149
2.093178
2.089788
2.174866
2.205277
2.089961
2.137581
2.166175
2.054832
1.899717
1.817477
1.783507
1.749402
1.741784
1.744239
1.688027
1.698649
1.667414
1.676912
1.798155
1.909587
1.883793
1.981292
1.965712
1.869173
1.783951
1.725851
1.734944
1.701203
1.750496
1.742702
1.924142
1.936865
1.873845
1.913733
1.989156
1.993258
1.860845
1.882919
1.940401
2.035546
2.108796
1.973511
2.076368
2.062121
1.822399
1.743737
1.800867
1.836708
1.829196
1.779863
1.695948
1.802814
1.853893
1.744873
1.731891
1.839903
1.851469
1.91588
1.887521
2.034985
2.056089
2.05403
2.015519
2.046118
1.953516
1.97012
1.963597
1.929749
2.040669
2.092967
2.072359
1.90232
1.902006
1.877732
1.880814
1.839982
1.942673
1.801583
1.796136
1.845355
1.740662
1.700685
1.719434
1.787159
1.854594
1.905259
1.91249
1.77369
1.751678
1.728498
1.667669
1.695538
1.578947
1.724586
1.629675
1.63378
1.609789
1.584347
1.57837
1.483179
1.567104
1.5262
1.491527
1.469703
1.435235
1.448154
1.431747
1.465898
1.465404
1.625539
1.643916
1.622649
1.567981
1.689744
1.846401
1.851581
1.784475
1.93159
2.046403
1.974575
1.999631
2.003359
1.864203
1.887528
1.739562
1.829401
1.801697
1.678422
1.67857
1.629147
1.66886
1.70002
1.706806
1.698926
1.716125
1.623947
1.58136
1.704828
1.657957
1.767034
1.762565
1.687807
1.696092
1.575158
1.57859
1.561271
1.647994
1.630938
1.597662
1.471326
1.480459
1.524761
1.515334
1.529425
1.503841
1.531717
1.489781
1.529694
1.580187
1.654004
1.555407
1.504688
1.483901
1.415232
1.413549
1.422388
1.464838
1.489476
1.531545
1.521852
1.535136
1.572947
1.590474
1.649293
1.555387
1.66306
1.67956
1.674571
1.70846
1.667373
1.723483
1.699803
1.741151
1.79475
1.908084
1.886127
1.827874
1.834986
1.859522
1.757433
1.787742
1.700102
1.650486
1.703925
1.765075
1.734719
1.752618
1.745437
1.737562
1.755135
1.741579
1.723647
1.735997
1.666742
1.684577
1.632773
1.632483
1.642659
1.590457
1.6339
1.617102
1.640315
1.702907
1.66212
1.69112
1.718689
1.628346
1.816991
1.946042
1.973225
2.017433
1.941981
1.921667
1.973033
1.89148
1.956049
1.959185
1.950129
1.9715
1.804934
1.800935
1.723053
1.696908
1.71234
1.729452
1.778989
1.823272
1.861788
1.815383
1.819002
1.873249
1.990072
1.941638
2.00276
1.888047
1.892561
1.957806
1.82659
1.954144
1.973672
1.917347
1.897187
1.915365
1.897102
1.919424
1.923526
2.083803
2.076574
2.143291
2.041262
2.091182
2.042735
1.944311
1.828778
1.788825
1.763547
1.778614
1.752289
1.705402
1.744032
1.709148
1.616093
1.629788
1.580231
1.571576
1.549945
1.448135
1.557458
1.43611
1.44358
1.48746
1.555632
1.584036
1.555441
1.559886
1.602341
1.627144
1.588056
1.590429
1.780591
1.800829
1.768418
1.761278
1.797814
1.875841
1.870841
1.894354
1.815877
1.736591
1.742568
1.846708
1.805763
1.847227
1.893718
1.899041
1.859822
1.883292
1.906045
1.970529
2.038376
2.108277
2.185338
2.209311
2.150986
2.141048
2.118132
2.090031
2.008727
2.0962
2.019584
2.023864
2.122797
1.946687
1.941435
1.913298
1.908653
1.85282
1.851674
1.848633
1.908413
2.059345
2.201159
2.167776
2.310224
2.267654
2.442042
2.443121
2.390195
2.420439
2.508599
2.45819
2.296233
2.298612
2.233442
2.217598
2.238546
2.296535
2.359181
2.402361
2.430274
2.44529
2.706384
2.579492
2.519509
2.595449
2.593783
2.725621
2.606764
2.822873
2.810799
2.993327
2.858923
2.918223
2.927362
2.910118
2.927835
3.037422
3.233352
3.132457
3.209009
3.093314
3.000396
3.163247
3.378272
3.373946
3.323072
3.170732
3.218674
3.120274
3.185613
3.003857
3.010833
3.108576
3.302599
3.201029
3.167648
3.001444
3.15479
3.014639
2.942345
2.935152
2.866754
2.901528
2.621869
2.745261
2.670215
2.721662
2.687213
2.599172
2.649197
2.665386
2.560079
2.686679
2.656932
2.60874
2.553844
2.631246
2.742708
2.672317
2.472967
2.328129
2.353019
2.37999
2.231724
2.154456
2.182671
2.236959
2.193074
2.268367
2.337118
2.319636
2.308647
2.362934
2.415957
2.354333
2.39609
2.448222
2.436331
2.530508
2.627045
2.563728
2.536556
2.672511
2.727238
3.013947
2.912778
3.035041
2.89938
2.771361
2.855273
3.003209
2.955756
2.868875
2.788362
2.952946
2.880841
2.862791
2.750309
2.859834
2.888875
2.791413
2.74973
2.801261
2.853329
2.891077
2.872129
2.925962
2.741665
2.869705
2.959193
3.033651
3.02939
3.164779
3.103903
3.093485
3.05885
3.339721
3.343609
3.634192
3.78232
3.862385
3.795063
3.667063
3.530311
3.524784
3.745677
3.840781
3.844284
4.023633
3.955377
3.810021
3.770325
3.830077
3.785808
3.888295
4.029965
3.893226
3.719461
3.763835
3.565867
3.442655
3.476123
3.373492
3.441519
3.316625
3.16078
3.275409
3.040772
2.87851
2.88835
2.892664
2.959095
2.984028
2.99599
3.094205
3.109628
3.173033
3.213823
3.118559
3.264547
3.337559
3.201958
3.039461
3.208661
3.110706
3.077305
2.990075
3.006528
3.154256
3.35361
3.259974
3.144311
3.192948
3.347287
3.243398
3.335518
3.252617
3.38982
3.316602
3.497313
3.483335
3.276611
3.285439
3.16501
3.097206
3.107979
2.997159
2.938189
2.986605
3.108926
3.084139
3.128715
3.099455
3.212844
3.092364
3.26754
3.318659
3.185574
3.13973
3.196673
3.22751
3.039429
3.142734
3.166791
3.145347
3.22928
3.171289
3.171931
3.079562
3.030847
3.022155
3.03082
2.946552
2.882807
2.668557
2.721426
2.676966
2.764298
2.673361
2.681363
2.752376
2.754425
2.745237
2.700297
2.69684
2.897387
2.964678
2.929173
2.893981
3.173434
3.054412
2.998519
2.945526
3.031775
3.120469
3.072548
3.044507
3.076969
3.001855
3.000558
3.091614
2.955564
2.917173
2.915007
2.930262
2.934498
2.838105
2.875385
2.805019
2.642362
2.844504
2.958515
2.948952
3.040956
2.965359
2.96508
2.944488
3.114973
3.184128
3.107767
3.065304
2.938113
2.855672
2.890794
2.792653
2.946462
3.044592
2.881
2.890073
2.797746
2.719946
2.638549
2.577407
2.55384
2.411711
2.368731
2.331106
2.209411
2.16623
2.169449
2.305424
2.459494
2.472537
2.385774
2.218367
2.196544
2.218055
2.172042
2.088416
2.063835
2.121456
2.108523
2.173917
2.277426
2.178657
2.262551
2.273984
2.339285
2.313926
2.402685
2.44296
2.359937
2.108289
2.192495
2.132928
2.216039
2.231283
2.114028
2.137804
2.21107
2.223786
2.357548
2.359827
2.146335
2.018354
2.011971
2.099348
2.152895
2.019285
2.026471
1.948642
2.07317
2.009787
2.073444
1.99916
2.096654
2.10689
2.118684
2.102972
2.233774
2.285952
2.267053
2.35239
2.283523
2.222134
2.075512
2.184154
2.174358
2.149033
2.211415
2.266094
2.284582
2.302809
2.197838
2.288645
2.238462
2.377086
2.304817
2.314977
2.33878
2.254427
2.27126
2.428692
2.320134
2.456736
2.611986
2.583376
2.616203
2.70893
2.707848
2.655506
2.694781
2.809773
2.800077
2.686727
2.671143
2.661739
2.701343
2.72634
2.771554
2.667366
2.721258
2.659788
2.66571
2.623454
2.570357
2.500856
2.513343
2.434837
2.608335
2.606148
2.682641
2.496436
2.489608
2.454677
2.64062
2.483026
2.477769
2.484055
2.404592
2.430261
2.323266
2.192707
2.124597
2.052882
2.174047
2.035295
1.990005
2.038396
1.888053
1.859453
1.909672
2.012616
1.892137
1.800478
1.797015
1.883331
1.905784
1.811439
1.729488
1.793909
1.875388
1.875098
1.869853
1.676298
1.670992
1.606967
1.782297
1.735051
1.773402
1.735347
1.655956
1.610577
1.531783
1.587926
1.530845
1.481723
1.546482
1.583281
1.579882
1.515186
1.535339
1.541834
1.449311
1.422521
1.392646
1.354491
1.361504
1.42782
1.414436
1.433214
1.402199
1.532367
1.434088
1.536506
1.611229
1.652394
1.61564
1.639175
1.543119
1.480225
1.532975
1.476508
1.572848
1.509979
1.484136
1.48242
1.493481
1.464034
1.476776
1.518583
1.494345
1.445221
1.450212
1.439141
1.457346
1.417609
1.41998
1.482724
1.463596
1.382155
1.300095
1.328296
1.339003
1.31619
1.423503
1.388343
1.384743
1.478509
1.445026
1.39646
1.387318
1.291986
1.267496
1.267332
1.186415
1.12624
1.0952
1.070353
1.119934
1.098347
1.11461
1.098434
1.128787
1.133896
1.149399
1.129452
1.056372
0.962639
0.976523
0.9692754
0.9907008
0.9241829
0.9117798
0.9377117
0.9409136
0.9796861
0.9468111
0.9329645
0.9154184
0.9246188
0.9340192
0.9572456
0.9885952
1.000493
0.9815934
1.048651
1.015475
0.9841337
1.021723
1.037937
1.043878
1.035931
1.074088
1.060045
1.120471
1.053369
1.033432
0.9057578
0.8811338
0.8858719
0.8945907
0.8602545
0.86139
0.8615234
0.9388563
0.996173
1.028893
0.9486735
0.9256252
0.9074042
0.8973983
0.8565269
0.8609865
0.9033527
0.9082824
0.8949575
0.8729401
0.8965988
0.8982566
0.8732046
0.8122288
0.8615128
0.9094741
0.8627154
0.8685928
0.8876703
0.8727623
0.8248045
0.8460319
0.8486996
0.8778961
0.9496265
0.9596306
0.9665579
0.9433148
0.9259906
0.9318685
0.9677195
1.005749
0.9809174
0.9808035
0.9800381
0.9836304
1.00436
1.021653
1.013691
1.060516
1.025313
1.020829
0.9971761
1.005252
1.046735
1.059901
1.056723
1.073204
1.087984
1.117521
1.114635
1.107019
1.085831
1.058207
1.041309
0.9722489
0.920267
0.9108625
0.9131255
0.9102446
0.9594953
1.036662
0.9761011
0.9833224
0.9970054
0.9853403
1.017323
1.007288
0.9878851
0.9905597
0.921653
0.8812128
0.9006802
0.8810356
0.8892084
0.8412001
0.8168986
0.883669
0.8779714
0.8954936
0.910505
0.8766452
0.9034202
0.9074993
0.9371322
0.9837083
1.023344
0.9955626
1.029681
1.082392
1.124275
1.124545
1.100363
1.077154
1.053494
0.9990802
1.009248
1.032511
1.013349
0.9995173
1.032644
1.075058
1.013048
0.9934643
1.011628
1.035807
0.9880005
1.002365
1.049912
1.094778
1.080989
1.040177
1.084489
1.048076
1.029487
0.9692343
0.9413923
0.9685382
0.9626651
0.9794196
0.9311448
0.9763411
0.9270531
0.9046782
0.8812852
0.8658288
0.8663683
0.8782227
0.8714259
0.8402118
0.8674038
0.8452448
0.8106799
0.8110243
0.8313452
0.823182
0.8583588
0.8871951
0.8523111
0.8296473
0.8459235
0.8147569
0.8182844
0.9106563
0.933869
0.9360665
0.9077954
0.9127192
0.8990097
0.9319517
0.9300805
0.9138361
0.91575
0.9425705
0.9660008
0.9081365
0.8846406
0.831215
0.8367937
0.8270341
0.7929666
0.8104002
0.7992252
0.8031544
0.8165975
0.8534567
0.816958
0.8731885
0.8810473
0.8113874
0.7902266
0.7712389
0.7838857
0.741196
0.7310771
0.7346694
0.7216448
0.7167264
0.7092577
0.6806538
0.6606798
0.6326081
0.6282862
0.6343896
0.6576421
0.6826647
0.6795849
0.7099723
0.7003474
0.709319
0.6775382
0.6994474
0.6900995
0.7189487
0.6915687
0.6218314
0.5959939
0.6001672
0.6098285
0.6445681
0.6432616
0.6831298
0.6753987
0.7473819
0.707004
0.718047
0.6949511
0.7162676
0.7402456
0.7319875
0.7733593
0.7351233
0.6897904
0.720151
