314.1054
312.5054
314.6152
317.2495
306.1476
307.9613
320.8742
309.7033
298.9097
304.7519
300.099
304.3681
307.0631
304.032
281.1162
284.8994
293.7723
287.8536
303.0755
309.7844
305.3068
285.854
294.0959
291.3225
287.2776
294.6655
297.9155
306.5301
301.3997
306.8428
300.1584
299.1983
301.0688
309.1878
308.3643
304.8792
278.1788
274.7556
271.0152
265.3155
284.968
289.3405
285.5782
276.1639
283.032
286.6994
281.048
274.6561
279.7549
285.2939
279.9577
282.9367
285.254
289.5289
298.4985
298.6382
291.3258
279.8164
276.881
283.6006
298.9654
294.5748
302.6519
295.1387
304.9
308.8932
305.7925
290.8343
299.3343
301.4687
286.0317
287.7944
268.6793
256.7448
248.7561
252.5838
250.4805
257.4132
252.4198
255.556
260.2858
248.2781
247.3202
234.9028
235.7732
244.1096
254.9267
277.5189
281.9111
277.5935
286.3106
289.0994
305.612
305.8762
304.3052
306.6462
296.9516
293.8428
295.5524
288.2043
296.7352
299.8382
307.2785
309.1384
305.8468
291.7185
297.4021
301.3996
304.561
302.5435
315.4791
310.9282
305.3298
303.3337
297.356
283.9658
280.4612
265.9207
246.3902
241.3374
252.844
258.4274
268.5145
277.6898
273.4515
280.9656
274.4206
279.7185
285.839
289.5794
292.9957
297.3732
300.7866
292.7336
290.2448
294.6828
298.8969
290.9387
294.3169
296.1027
299.1941
277.3685
276.6942
280.7845
284.3724
286.9193
270.6915
269.9907
288.0523
286.5697
290.3283
292.7708
299.9594
294.304
292.2642
287.3587
288.9325
275.6674
274.0833
259.1946
276.0082
264.372
286.1964
290.6663
285.2551
302.0358
304.4506
298.7488
290.3708
286.8496
279.6166
274.7303
276.5659
263.4247
266.2348
269.2223
268.7315
267.0767
264.8912
278.3138
274.5741
272.1895
252.0236
261.1107
260.8588
268.0255
260.4679
263.9213
268.4962
251.8399
267.5625
267.2394
267.2266
254.5505
261.5476
266.6265
262.0653
268.9059
288.0321
282.1896
292.0877
288.8971
290.2978
289.661
297.511
293.4459
285.8268
291.4513
276.1039
283.6991
285.8812
289.1618
301.5439
293.5047
296.4136
298.7959
296.1519
282.6823
279.7226
284.3008
288.6495
272.7713
261.3531
266.5895
285.0157
276.6264
277.6512
278.0305
284.7664
289.2272
287.2916
288.2424
279.9622
304.7858
296.1533
291.5124
300.9669
303.401
308.5633
295.7634
285.8331
281.2183
294.0617
298.8553
296.3105
294.0096
284.4205
290.2475
285.7818
281.5816
267.3332
247.4676
256.6638
256.1355
257.0441
264.0478
264.8297
259.2867
276.8161
286.0973
305.6742
294.2029
290.64
291.9836
283.8737
290.3222
294.9413
284.2287
281.0921
277.4343
282.5377
271.6331
271.713
275.6179
281.2803
288.3746
287.8634
286.2762
270.6151
267.8032
258.5671
259.8314
263.8264
271.1283
281.7649
263.3682
271.2587
283.2017
273.5246
276.7268
270.0966
253.5086
246.2345
244.4792
252.9258
262.2195
256.999
267.9221
274.4206
260.4262
265.4521
257.5625
260.8937
277.6641
285.4847
296.1168
299.887
306.5661
306.1627
302.7091
293.2072
306.0659
294.2563
284.8346
289.5475
291.3622
295.4465
299.1512
306.7645
300.5305
296.7437
282.6753
276.4226
286.3547
286.5978
285.7918
286.8689
284.7129
267.8032
274.428
270.6846
282.7843
282.6044
284.6281
291.5555
299.6743
298.871
301.2187
296.8234
305.1922
302.5207
299.7079
288.6347
279.0327
264.8787
272.0187
268.4207
266.92
267.7091
268.4141
268.6672
261.1312
246.8957
255.82
272.557
285.116
283.8382
276.6223
286.4486
290.215
296.7431
288.012
281.752
284.3619
286.1463
291.2674
295.1114
290.8637
307.094
290.1109
300.2532
310.9023
301.264
307.2057
300.7656
300.6683
304.8283
287.6884
286.0951
287.7909
267.8281
279.2622
284.1171
266.2829
281.735
278.7157
273.9635
280.5041
276.2721
283.7676
279.7498
281.6116
285.7339
296.8539
292.0029
293.8267
294.6694
310.9181
323.3752
316.2996
307.8021
317.5467
307.8803
293.765
303.2889
292.1131
286.7063
287.9055
289.238
287.9471
275.8258
280.6142
296.5024
314.838
307.9889
313.8804
304.433
309.4537
292.2719
279.0401
287.7059
282.4705
275.9951
295.9793
303.4042
291.7841
297.3753
289.3585
291.6165
278.2523
276.6734
269.8894
267.3327
266.4223
285.4107
287.9833
284.0075
279.9613
290.2455
285.1402
291.2982
296.2524
299.7225
292.3263
267.9056
247.6819
254.8139
253.1052
255.9498
248.3481
277.9394
275.3509
265.0178
250.2225
245.0093
258.556
281.8654
282.909
285.2967
290.2413
285.1007
290.4887
304.5951
309.2145
291.7098
304.6968
293.5809
298.019
284.2135
283.2795
274.009
269.6401
271.2361
259.8861
268.4545
271.3757
275.6998
287.0615
294.1556
286.9656
297.225
307.1617
296.3175
296.02
302.4657
290.1416
294.0621
290.769
279.4231
279.3922
287.3612
283.742
289.9606
277.152
266.6551
267.169
275.1545
278.9209
275.4028
279.628
283.9981
298.267
327.6249
320.7886
324.118
319.9546
315.3739
312.4479
322.8199
328.128
328.8398
335.7127
338.7367
324.9283
318.7572
290.4244
286.3695
279.9233
286.3626
285.5493
293.8943
290.8568
304.5504
301.6723
299.8492
315.1354
298.0201
298.038
315.0877
307.7225
294.0286
297.7452
300.4037
307.1763
316.7164
323.3701
302.0926
310.3022
306.8213
292.8035
318.8942
312.0965
304.7662
312.662
294.1741
274.7357
281.7291
288.8098
288.0995
280.3483
261.2492
275.7885
278.6257
270.5031
275.9714
280.2227
279.4872
286.1084
274.3365
274.4694
273.9731
273.6211
281.2514
293.1773
296.1021
306.5221
300.0546
294.6786
286.6876
270.6658
276.474
283.1063
285.4944
296.0581
290.1179
296.0735
292.9493
305.7288
295.023
295.6265
295.4493
287.5945
296.8512
295.6328
300.9219
304.9106
312.1163
333.8023
343.4683
341.8794
322.9755
313.1942
310.3594
301.5471
289.7124
310.291
311.8404
292.8567
283.6209
282.7518
294.6663
285.843
287.4177
279.3442
277.8655
276.2022
269.0202
270.6518
281.0439
284.7548
291.4606
286.9499
273.9072
263.0386
259.4034
268.0071
265.0771
255.6838
240.4759
252.337
256.8413
271.3927
282.5877
273.0845
274.23
289.8075
301.6661
286.0697
313.336
299.0039
290.6119
276.0062
274.6664
279.4656
290.5423
278.6643
280.511
269.9523
279.0843
276.9413
274.5816
294.5432
302.7925
298.9737
304.2703
306.8768
313.0729
303.287
291.1426
296.673
302.9594
310.2104
282.916
278.4537
293.5316
295.625
289.406
303.8921
283.8815
288.4098
297.6469
299.2716
300.2593
302.4093
310.2089
301.6563
287.9433
277.0511
276.5032
273.3638
269.8743
283.222
283.3854
277.5504
289.4535
301.598
296.5193
290.352
280.3485
275.01
261.9573
275.1786
267.4155
267.1951
266.5399
258.7996
260.9764
275.0838
287.8415
298.1607
290.3902
292.5727
284.0622
321.4492
335.3473
338.7598
323.021
319.5459
309.3882
314.9423
306.9789
310.759
306.6335
304.2206
306.3718
311.63
302.1899
302.1169
303.1484
294.7418
285.5266
291.7579
307.0375
313.6573
322.9704
332.5822
331.378
336.2177
343.3872
320.9871
326.0214
320.6015
333.9372
336.1789
329.5385
333.6652
332.5814
323.8606
309.3477
313.4531
319.0849
311.9113
304.2927
301.0525
291.4511
286.9113
285.6078
282.3869
279.4655
286.5113
286.2697
276.0057
271.5217
275.2247
296.1384
280.1885
293.5271
287.6216
280.2728
275.6348
284.8532
271.4319
275.7606
269.6624
257.652
255.1163
262.82
268.0955
281.5742
282.9397
278.1764
286.6694
300.2279
290.8982
299.8255
291.4475
285.5382
299.1618
304.268
318.7759
310.0411
308.4436
303.2084
292.1423
301.9418
293.6673
302.9778
285.6498
303.6671
288.7493
293.6199
283.4218
267.9714
266.554
276.7484
278.3761
278.4321
284.0044
272.3226
274.8684
275.1413
278.4441
281.151
280.8818
288.1449
280.4934
281.721
294.8475
285.3061
293.0174
298.6011
300.5983
305.7617
304.247
295.2129
298.4623
307.7676
302.3331
303.7543
292.8868
284.6304
284.3486
269.6134
263.2504
270.0712
271.4561
255.0608
273.3976
257.9911
262.7632
257.8137
260.7701
267.587
279.5623
274.3401
275.4408
281.0588
279.0572
268.9308
271.2647
282.6642
279.0128
297.7648
298.739
298.9359
280.8853
287.0609
282.8977
276.064
280.0965
291.5262
306.4145
287.6005
282.8871
279.5195
287.0872
290.5312
295.7212
305.1122
301.8193
295.3303
271.6705
264.7817
260.3392
272.3231
270.1494
281.9691
291.0223
282.7718
285.4736
283.9646
285.181
291.7662
302.6236
291.1407
286.2434
293.5199
292.3304
304.4908
310.2816
298.3125
300.5724
299.2912
296.3877
286.8345
277.5052
286.7342
288.2638
287.3601
278.2704
286.605
286.7803
283.1324
295.7266
266.8046
288.8878
299.042
284.7419
275.1161
277.6992
278.2253
291.6452
301.2455
305.5967
310.0884
305.7015
292.4745
296.8216
301.7168
297.3395
291.2457
298.9254
294.3333
289.324
293.5405
273.9146
292.7293
290.9757
293.8556
284.5509
276.1103
272.8798
268.94
281.1525
262.1057
242.3765
251.5193
257.3336
251.2536
267.1119
269.2954
257.8388
247.407
254.83
263.2596
269.0463
267.2814
277.3359
284.327
274.6259
267.6758
259.1796
261.0795
266.5105
279.2274
290.5219
285.7601
285.2276
281.5201
278.3746
281.3606
287.4256
281.0107
289.1895
275.2574
276.8233
276.192
285.2237
285.0216
276.3053
273.0107
307.1944
311.4973
320.7589
312.4003
308.2232
319.1122
318.9984
306.3309
312.4353
315.2536
294.9477
282.1235
264.3623
276.2615
288.5537
283.5672
267.4739
279.5624
287.163
284.0092
278.9161
281.5446
282.5169
287.7177
278.4216
282.7686
281.0806
275.4755
272.4455
277.0523
274.0491
253.0443
254.0243
263.3433
279.054
268.0157
270.3781
271.7345
260.0183
270.9564
266.9824
281.455
280.2369
280.3608
273.4476
271.0486
267.2917
288.8066
295.9418
