0.007440707
0.00704412
0.007564429
0.008426229
0.008730812
0.009050028
0.008776082
0.009314585
0.008940923
0.008574285
0.008738953
0.008000497
0.008180163
0.007842516
0.006775093
0.006313717
0.007019275
0.006176962
0.006206122
0.005683478
0.005950765
0.005487059
0.006072742
0.00521682
0.00508419
0.004851122
0.005017021
0.004909597
0.004677395
0.004913193
0.005116147
0.00550997
0.005995721
0.006019747
0.006571711
0.00684412
0.006862598
0.007003586
0.006611201
0.006569512
0.00540597
0.005252081
0.00563853
0.005208801
0.005041193
0.004949167
0.005264
0.005579413
0.006096702
0.006050574
0.007259337
0.007148823
0.007824373
0.008655559
0.00768654
0.006380881
0.006512075
0.006808827
0.006924704
0.006663122
0.006638566
0.006750937
0.00629639
0.006637704
0.006849591
0.006387682
0.00596162
0.006637601
0.006035807
0.006796508
0.006247262
0.006605077
0.006863966
0.006440609
0.006928736
0.006955664
0.006292424
0.006138548
0.005445278
0.004604347
0.004489849
0.004159089
0.00537342
0.005300025
0.005622127
0.006267606
0.006379853
0.007045272
0.007169033
0.007331778
0.007003284
0.007523669
0.006674079
0.007178133
0.007795014
0.008101354
0.007052271
0.006343748
0.006587774
0.006445286
0.007157062
0.007077049
0.006458112
0.006316498
0.005892882
0.006025429
0.005499223
0.005690556
0.006053222
0.005852388
0.005838924
0.006131794
0.005890884
0.005983691
0.006186947
0.006058793
0.006421979
0.007342877
0.006886025
0.006717594
0.006712778
0.006429264
0.00656106
0.007058463
0.007623707
0.008080527
0.009351363
0.009372452
0.00884989
0.008773528
0.009308571
0.008503643
0.008976584
0.009243579
0.008379873
0.00964697
0.008870004
0.00870288
0.008027064
0.00875152
0.00737177
0.007402416
0.006514397
0.006900597
0.006723571
0.007301463
0.007363931
0.007999824
0.007169109
0.007001173
0.006524301
0.00568219
0.005030898
0.004572861
0.004789314
0.005163329
0.005485416
0.005123759
0.005882289
0.005640265
0.005384712
0.006116752
0.006022906
0.005838797
0.006496396
0.006640607
0.007033653
0.007744947
0.007107618
0.006840055
0.006226875
0.006553662
0.006287711
0.006987088
0.007150891
0.006852057
0.006785856
0.007153233
0.00832727
0.008073099
0.007991627
0.008858927
0.009415582
0.009036704
0.00874904
0.008478612
0.008973913
0.00964915
0.009652314
0.009458304
0.009019588
0.009027623
0.01026023
0.00938678
0.008054089
0.007317072
0.00784229
0.007129235
0.007078458
0.006866561
0.005614782
0.005745205
0.005411147
0.006300814
0.006746439
0.006454977
0.006721532
0.006389494
0.006925439
0.006487079
0.006060671
0.006048862
0.006232892
0.00671247
0.007476801
0.007006527
0.006373494
0.007257352
0.006440177
0.006349301
0.006805706
0.00646409
0.006444333
0.005888061
0.006523403
0.007189822
0.00637287
0.006532544
0.006338795
0.005890448
0.006906743
0.006854466
0.006364171
0.006517339
0.00709632
0.007647235
0.00766276
0.008019225
0.007318116
0.007574756
0.007431431
0.007787844
0.008565148
0.008721919
0.009524113
0.008506294
0.008713288
0.007725327
0.007712745
0.007022531
0.007963195
0.007662338
0.008075486
0.007877994
0.006757659
0.007558362
0.007506664
0.006780927
0.006436204
0.00643969
0.006687627
0.006110346
0.006505534
0.006422237
0.006192763
0.005885513
0.006208514
0.005762333
0.005640348
0.007484876
0.008001875
0.007622683
0.006951242
0.006931131
0.006245047
0.007235635
0.007691591
0.006751011
0.007085381
0.006093842
0.006202392
0.006404609
0.006035186
0.00547944
0.005014716
0.005586411
0.005826733
0.005879399
0.0053646
0.005163665
0.004891804
0.004995002
0.005222642
0.006263506
0.006760653
0.006455928
0.005866883
0.006071781
0.005890052
0.006881535
0.006534092
0.006638578
0.0068698
0.007511328
0.007418052
0.006906249
0.006004551
0.006190985
0.005627592
0.006629824
0.00709401
0.007743403
0.007288118
0.006991815
0.007676251
0.00685075
0.007530598
0.006998257
0.005783875
0.005285792
0.00646369
0.006739449
0.006830095
0.00681765
0.007033315
0.006828604
0.006565094
0.007308134
0.006762002
0.006837007
0.007079874
0.00679168
0.006133676
0.005787385
0.006656442
0.006228841
0.006039488
0.005516915
0.005649541
0.00531522
0.00583141
0.005681086
0.005909792
0.00586077
0.006065951
0.005831246
0.00516786
0.004993632
0.005149434
0.004732231
0.004749656
0.004846785
0.004513759
0.004472856
0.005203892
0.005983408
0.006005624
0.005780711
0.006058605
0.005135152
0.00531329
0.005199455
0.004942202
0.004757056
0.005335389
0.005645395
0.006215201
0.006050346
0.006098825
0.00677141
0.006259512
0.006224465
0.006789522
0.006385068
0.006230313
0.006039279
0.006148809
0.006131814
0.006776152
0.007279539
0.008376349
0.008886534
0.008423108
0.009056657
0.00848505
0.008094051
0.007493721
0.00663832
0.007478054
0.007683984
0.00860871
0.00781595
0.008117496
0.009400442
0.009252732
0.009826684
0.008792542
0.009172021
0.008784692
0.008132239
0.008780078
0.008156068
0.007534811
0.007890719
0.007610796
0.007447892
0.006245275
0.006134911
0.005596754
0.005221548
0.005398505
0.004472601
0.004701617
0.004714639
0.004140621
0.004388663
0.004648876
0.004753939
0.004197349
0.005093166
0.006575673
0.006231655
0.005805359
0.005272358
0.004987713
0.005420385
0.005752317
0.005643227
0.005190573
0.004851619
0.004524027
0.00468839
0.004570356
0.004726388
0.004952622
0.004639852
0.004343145
0.004082456
0.004268276
0.004216628
0.003939322
0.003930709
0.003541218
0.003524148
0.003817279
0.004129685
0.004356863
0.004458194
0.004871406
0.005547101
0.00542089
0.005619397
0.005101466
0.005204586
0.006205047
0.005814833
0.005925997
0.00544708
0.005888851
0.006037142
0.007413926
0.007806284
0.00918867
0.009491397
0.008818663
0.007703231
0.008610331
0.008013161
0.008317945
0.008972432
0.009651972
0.009650914
0.008713843
0.00811416
0.007897158
0.00852499
0.00786562
0.006283447
0.006261291
0.006295959
0.005911168
0.005997745
0.007197633
0.007433686
0.00867509
0.00885018
0.007640293
0.008068441
0.007545198
0.007303058
0.007077908
0.007166161
0.007686571
0.007425198
0.007382337
0.006544041
0.006870695
0.008107459
0.007841647
0.007347132
0.007972052
0.008107565
0.009169493
0.0101661
0.01007141
0.009175933
0.008504764
0.007376686
0.00719434
0.008296679
0.007314629
0.007645656
0.007793098
0.008182079
0.008652639
0.008846584
0.008578713
0.007974841
0.007994844
0.008395037
0.007826445
0.008307835
0.008002781
0.00816166
0.008035049
0.008786223
0.008474497
0.007671241
0.007523453
0.007403375
0.007680664
0.007196515
0.008361338
0.007282521
0.009637971
0.01008126
0.01172086
0.01038586
0.009971812
0.01059443
0.01005176
0.009786186
0.009556406
0.009614256
0.01052303
0.009830051
0.009041622
0.009281251
0.009266635
0.009113439
0.01028706
0.009952599
0.01068667
0.0111386
0.01011086
0.009833296
0.009435791
0.00809576
0.00765594
0.008155294
0.008477142
0.008490431
0.008782482
0.0103839
0.009487468
0.009538284
0.008544651
0.007978581
0.007380033
0.00745707
0.007752815
0.008594162
0.007549045
0.007413986
0.007484069
0.006540718
0.006645239
0.005733768
0.006282903
0.006146755
0.005462516
0.005911488
0.006110106
0.00601365
0.006259615
0.005561777
0.005082383
0.00564514
0.006090438
0.006831072
0.006952263
0.007216724
0.007592192
0.007180873
0.00637768
0.006118094
0.006214208
0.006133256
0.006370606
0.007107959
0.007084716
0.007063032
0.006667643
0.006206089
0.006095675
0.005705607
0.005829596
0.005736602
0.005367483
0.005698311
0.005790545
0.006817182
0.00660445
0.006882242
0.006926771
0.007299497
0.008211115
0.007826016
0.007448619
0.009031205
0.009966738
0.01005343
0.01052815
0.0107282
0.01155524
0.01047744
0.01048968
0.01069584
0.01014363
0.008759976
0.008082194
0.009092384
0.008642476
0.008294201
0.007621155
0.008301005
0.008058405
0.007870962
0.009114209
0.009543083
0.009830594
0.0103086
0.01075566
0.01225286
0.01204863
0.01198076
0.01083704
0.009701177
0.01067294
0.009644128
0.009195347
0.009333905
0.009541
0.00929201
0.009567409
0.009416437
0.01030695
0.01000452
0.008312983
0.008181049
0.007291935
0.00809364
0.008746151
0.008260811
0.007968172
0.007510828
0.007919192
0.007717923
0.007404863
0.007578102
0.006370009
0.005950308
0.005517145
0.00608854
0.006467041
0.007145209
0.006652648
0.006963136
0.007277253
0.007817386
0.007446645
0.007885664
0.008027835
0.008464784
0.008398555
0.00735948
0.00693057
0.007243398
0.006378501
0.006177024
0.005704652
0.005430353
0.005325922
0.005571447
0.005487299
0.005675256
0.00560169
0.005580451
0.005604659
0.005718248
0.005629905
0.005934085
0.005961331
0.004929523
0.006283677
0.005472962
0.005887079
0.004951122
0.004832368
0.004684643
0.004076152
0.004589081
0.00468164
0.00461435
0.00463699
0.005305137
0.00540078
0.004706697
0.004502109
0.004786379
0.005198191
0.004540985
0.005524147
0.004989304
0.005535445
0.005190104
0.005838914
0.006014448
0.005438173
0.004997685
0.004237452
0.004696678
0.00455986
0.005060603
0.005923805
0.005046602
0.005158819
0.004568024
0.005048964
0.005424305
0.00548112
0.006121118
0.006890523
0.007886571
0.008239709
0.008121747
0.007287972
0.006675247
0.006740047
0.006693239
0.006519075
0.006930351
0.006488666
0.007653022
0.007930657
0.008286075
0.008104856
0.007120634
0.006940694
0.007058012
0.006851987
0.006827857
0.007688406
0.008214957
0.006818277
0.007389553
0.0062023
0.005281676
0.004891771
0.004742902
0.005230285
0.005380775
0.006320133
0.005616831
0.006176162
0.007044424
0.006344325
0.005940241
0.006015443
0.005626921
0.005591351
0.00602105
0.005115409
0.005508709
0.005256875
0.005170772
0.004552141
0.004351397
0.004340917
0.003970157
0.004008104
0.004273528
0.004449317
0.003993915
0.004065814
0.004625072
0.005085035
0.005082228
0.005290401
0.005557107
0.006119867
0.00669695
0.006644577
0.006362915
0.006098566
0.005649223
0.005810607
0.006080538
0.006301044
0.006431746
0.0063399
0.005731571
0.006595043
0.006115317
0.006028221
0.005880013
0.005733536
0.005504593
0.005372901
0.00523557
0.004926825
0.004839776
0.005038589
0.004597579
0.00529156
0.004752081
0.00519632
0.005253984
0.004873424
0.005004109
0.005000818
0.004324404
0.005176941
0.004803793
0.004968383
0.005139702
0.005508865
0.005586207
0.005822498
0.005432214
0.006231385
0.006724911
0.007056746
0.006416964
0.006383959
0.006169534
0.006995931
0.007049337
0.006470851
0.006534006
0.006139372
0.005979172
0.006711514
0.005592886
0.005983038
0.005582781
0.004797414
0.004594758
0.005185442
0.005646181
0.005881606
0.005604594
0.006329398
0.005427304
0.005186223
0.005338668
0.005285501
0.005914404
0.005746427
0.005811174
0.005802636
0.005135932
0.005059023
0.00517141
0.004457421
0.004350172
0.004602695
0.004798275
0.004318028
0.004882473
0.004532364
0.004461248
0.003938221
0.004073016
0.004387748
0.004843598
0.005676669
0.005597151
0.005442313
0.004937557
0.005240761
0.005176813
0.005709754
0.006144917
0.005766693
0.005548103
0.004958513
0.004989045
0.005604174
0.005766314
0.005596085
0.006597419
0.00628953
0.006454153
0.007100547
0.006440403
0.007385576
0.007314756
0.007640799
0.007483365
0.007073864
0.006836054
0.0064829
0.006419585
0.006845917
0.006814838
0.006853189
0.007897535
0.007920733
0.007843649
0.00795651
0.007545458
0.008961512
0.008400603
0.008521519
0.008497947
0.008316644
0.007903777
0.006754162
0.007618168
0.008964072
0.009208601
0.00909239
0.008720129
0.009036745
0.00801863
0.00725156
0.006143869
0.006832575
0.006661355
0.006557847
0.005840445
0.005622348
0.005708346
0.005312737
0.005303411
0.004578499
0.005211601
0.005668594
0.004792571
0.005014263
0.005310904
0.005655252
0.00564158
0.005472125
0.005385089
0.005699961
0.006257695
0.005954536
0.005822771
0.00648797
0.006699589
0.00671173
0.007711986
0.007019426
0.00659222
0.006242512
0.00601471
0.005416385
0.005498064
0.005637637
0.005416181
0.005955957
0.006010465
0.007022799
0.006510977
0.007015353
0.006750962
0.006566815
0.006228006
0.005985333
0.006797013
0.007026968
0.007321971
0.006984623
0.006495064
0.006564705
0.005026731
0.005615718
0.005826737
0.006060294
0.005605374
0.005935066
0.006049309
0.006090035
0.006119351
0.005125287
0.005488527
0.005213791
0.005635643
0.00573279
0.005446339
0.006206409
0.006140756
0.006309856
0.005650813
0.005174947
0.00558717
0.006402294
0.00569715
0.005945098
0.005635294
0.004914873
0.004931611
0.00515251
0.005739707
0.006521466
0.006785107
0.007108362
0.006116645
0.005537074
0.004503036
0.004148253
0.004519084
0.004290052
0.004899244
0.005525628
0.005763994
0.006242562
0.00499839
0.004833792
0.005633338
0.005453758
0.005590671
0.005788802
0.005919148
0.006308031
0.00644128
0.006022797
0.006388048
0.006170081
0.005985292
0.006317548
0.006240518
0.006799628
0.007556833
0.007383185
0.007075555
0.006477075
0.005936201
0.007205046
0.006768615
0.006929174
0.007398518
0.007462293
0.007333463
0.007052081
0.006813042
0.007110003
0.006919784
0.006801969
0.006998701
0.007320815
0.007497565
0.006905088
0.00711071
0.006841002
0.007251011
0.006901428
0.007171098
0.007726602
0.007626657
0.007285293
0.007237039
0.00628045
0.006070476
0.005994205
0.005469246
0.005759616
0.005507464
0.005097999
0.005074348
0.005416671
0.005783806
0.006176128
0.006219609
0.006034456
0.005450574
0.00526053
0.006005884
0.005511202
0.005120599
0.004750626
0.005002416
0.004628182
0.005004631
0.005368156
0.005741207
0.006065133
0.006018464
0.005395996
0.005531758
0.005775674
0.005767447
0.005325595
0.005274811
0.005577843
0.005217846
0.00532421
0.005344437
0.006293918
0.007017046
0.006604571
0.006138725
0.00615063
0.005754061
0.0048026
0.005057998
0.004690886
0.004263023
0.004205978
0.004726827
0.004914844
0.004941897
0.004799436
0.004772982
0.005134839
0.005770091
0.006224061
0.006865757
0.006951176
0.006199663
0.006366824
0.005443932
0.005553416
0.005086648
0.00491851
0.00487937
0.005132014
0.005750418
0.005647988
0.005603851
0.005161542
0.005615782
0.005329048
0.005780844
0.005496616
0.006133373
0.006231908
0.005981356
0.006293033
0.006423185
0.006366709
0.006327948
0.006101446
0.006206962
0.005381563
0.005956084
0.005831303
0.006493402
0.006038686
0.005952667
0.005872568
0.005618557
0.006636717
0.007599092
0.007297922
0.00810186
0.008649634
0.007071045
0.007329705
0.007201899
0.007340924
0.007475658
0.007621491
0.007597152
0.008634855
0.01012273
0.01072713
0.01100878
0.01049968
0.01080562
0.01248413
0.0110193
0.009941133
0.009121214
0.008368321
0.008941957
0.008693619
0.008113981
0.008419712
0.006826837
0.006457656
0.006500059
0.005673204
0.004809331
0.004906279
0.005662881
0.006366627
0.006464029
0.006788116
0.007107337
0.007972245
0.007568368
0.006251643
0.00614745
0.006731547
0.007357109
0.006409552
0.006672154
0.006546534
0.006224476
0.005237808
0.005060912
0.005560888
0.005000611
0.004537124
0.004403362
0.004408078
0.004490169
0.004842689
0.004757351
0.004408516
0.003964067
0.003733184
0.004233106
0.003878458
0.003580646
0.004026139
0.003930278
0.003980511
0.003877535
0.003883412
0.004030263
0.004014852
0.003880827
0.003708193
0.003564475
0.003375301
0.003216417
0.003208622
0.003307427
0.003060321
0.003079991
0.003319489
0.003911672
0.004163064
0.003879224
0.003940109
0.004314772
0.003847738
0.003468591
0.00353399
0.00333975
0.003529705
0.003959445
0.004410527
0.004454171
0.004360579
0.004342135
0.004518758
0.004807248
0.005406238
0.004808818
0.00531499
0.004956951
0.005312388
0.004842172
0.004839753
0.00461825
0.004714671
0.004883047
0.004615557
0.005361543
0.005545226
0.006659528
0.007062465
0.007574134
0.008354049
0.008324976
0.009341485
0.009249054
0.008586146
0.008778326
0.007680801
0.00764914
0.007771311
0.007184733
0.007459859
0.007830379
0.008312109
0.008192659
0.00798698
0.007702899
0.008447199
0.008809734
0.009096901
0.008827548
0.009325729
0.009917049
0.01046513
0.01060236
0.01232449
0.0121315
0.01315953
0.01369076
0.0125886
0.01149506
0.0108397
0.01127901
0.01165222
0.01146747
0.01188561
0.01122265
0.0124699
0.01186241
0.01036737
0.009542908
0.009231635
0.007878717
0.007965617
0.007098822
0.006505389
0.006836522
0.005932384
0.006585165
0.00609221
0.006257951
0.005661427
0.005511464
0.005935133
0.006904566
0.007366948
0.009227938
0.009987567
0.01045844
0.008896197
0.008413299
0.009105109
0.009393114
0.008901488
0.009070215
0.007608284
0.007617348
0.00812755
0.008237013
0.00787726
0.008009593
0.008284191
0.008039565
0.007642441
0.00732833
0.006975166
0.006876896
0.006221837
0.006015555
0.005387201
0.005249195
0.004768034
0.004970171
0.006034001
0.006528584
0.006561112
0.006642642
0.006090529
0.004992859
0.005368264
0.005714387
0.006203577
0.006656752
0.007619703
0.008271091
0.008860738
0.008858105
0.008305405
0.008366375
0.008307531
0.007245734
0.008071661
0.007878476
0.00732433
0.006801374
0.006835968
0.006608306
0.006375527
0.006160115
0.0058067
0.004905094
0.00486331
0.005006956
0.00542237
0.005681063
0.005617342
0.005698615
0.0062401
0.005436285
0.004979335
0.00547418
0.005146791
0.004621001
0.004836152
0.004884994
0.005004627
0.005533175
0.005599075
0.005162597
0.005342664
0.005609901
0.005711357
0.005804223
0.006137068
0.005481915
0.005944739
0.005479297
0.005322588
0.005054601
0.005157773
0.005340404
0.005171225
0.004848995
0.005327596
0.005479896
0.005560198
0.005674737
0.005423682
0.005892071
0.005868747
0.006091478
0.006655265
0.006422505
0.006434172
0.006918596
0.007124673
0.006839499
0.007006272
0.007228951
0.007224922
0.005963346
0.006208791
0.006235809
0.00620104
0.005959295
0.006181761
0.00645852
0.006603079
0.005940744
0.005719262
0.006740069
0.006176954
0.006064355
0.006254902
0.006358921
0.006347246
0.006891916
0.006948214
0.006585429
0.006741996
0.006179194
0.006120807
0.005657783
0.005569668
0.006056966
0.006460186
0.006788439
0.006200403
0.005943449
0.00591809
0.006711267
0.006697679
0.00667196
0.006689657
0.00674062
0.006955261
0.007941063
0.007671186
0.00769569
0.007353739
0.006781068
0.008093372
0.00770726
0.007970755
0.007649487
0.008445927
0.008525982
0.008217895
0.008379136
0.00908135
0.009192597
0.009409674
0.008700529
0.007990698
0.008603972
0.007099603
0.006767192
0.006111721
0.00624179
0.007083496
0.005859614
0.005821287
0.005695949
0.005080732
0.005492406
0.004815982
0.004752166
0.005024632
0.004941094
0.005453056
0.006277432
0.0067541
0.006083242
0.005858524
0.00520983
0.005875224
0.005761371
0.005535474
0.005848827
0.005946855
0.00567573
0.005621532
0.005243354
0.004786784
0.005024096
0.004729573
0.005226048
0.004627067
0.004319515
0.004509712
0.005100465
0.004735102
0.004598802
0.00484284
0.004805012
0.005095467
0.005303118
0.005085468
0.005532799
0.005825813
0.005904409
0.005087878
0.004716614
0.004316807
0.003828887
0.004508549
0.00419856
0.004260123
0.004540862
0.004994416
0.004960263
0.004643614
0.004865763
0.004834775
0.005200392
0.005790022
0.00489337
0.005032939
0.005206851
0.006004082
0.005502407
0.005277664
0.006909473
0.006752795
0.005993993
0.005592968
0.005402152
0.005280547
0.004849351
0.005262463
0.004804196
0.004946087
0.004889097
0.004826561
0.004791647
0.005248438
0.005694607
0.00552644
0.005724167
0.005513815
0.005842812
0.005761451
0.005220289
0.004763744
0.004565652
0.005382632
0.00524897
0.005488581
0.005547882
0.006006196
0.005415233
0.005465544
0.005503407
0.005936228
0.005897937
0.005524136
0.005546861
0.006149868
0.005759645
0.004922839
0.004700216
0.004727258
0.004817848
0.004793681
0.006077848
0.006896301
0.006613282
0.006425577
0.006161688
0.005927374
0.005491561
0.004713304
0.004899507
0.005336773
0.004745204
0.004495846
0.004483372
0.004610071
0.005161899
0.005218686
0.005177207
0.005246614
0.005193735
0.005020119
0.004833994
0.004601949
0.005010406
0.005639158
0.006227069
0.005617726
0.005533544
0.005721753
0.005361651
0.006253721
0.007518226
0.006893524
0.007696311
0.007010873
0.007307628
0.006825658
0.007300935
0.007594335
0.007841767
0.008024502
0.007962607
0.00761438
0.007745558
0.007203393
0.00726404
0.007198735
0.006277512
0.006555226
0.006887267
0.008127716
0.008232216
0.008055043
0.007541665
0.006674145
0.006524645
0.006445654
0.005499252
0.005389391
0.005356989
0.005006721
0.005288004
0.00609926
0.006216993
0.006690837
0.006209586
