13.34563
9.799717
9.252614
9.382971
9.248115
9.881727
10.51289
10.19028
11.60224
10.67488
10.13749
10.0881
10.37677
9.300763
8.439197
9.849278
10.11511
11.10463
11.35188
9.747849
9.406708
8.265694
8.050834
8.18735
9.32999
10.95239
10.12682
9.763244
9.849722
8.874565
7.119474
6.480636
6.574854
7.126223
9.248067
9.266707
8.690872
9.134452
8.241289
8.473294
8.06194
10.26334
11.23114
10.38349
10.56355
10.08427
9.363611
10.70087
9.197219
11.75704
13.72716
11.70952
13.24759
12.2464
11.87741
12.01159
10.08698
8.116578
9.523486
8.482674
8.037543
8.320064
7.872629
8.254621
7.847281
7.62511
7.798984
7.36964
7.02856
5.99338
6.190505
6.603891
7.58399
6.267681
6.599968
6.291896
5.557785
4.597099
5.476599
5.788702
6.520427
5.637724
8.224559
9.295872
9.33948
8.292954
10.14488
12.39403
12.2112
12.89859
13.41604
12.07074
10.25886
11.33129
9.162572
8.650674
10.10359
12.18454
11.32388
12.14942
11.52522
11.75968
11.69569
10.93459
7.912403
8.914572
8.905698
8.68594
9.108444
10.78598
10.31508
12.81088
11.80319
11.70727
11.44141
12.07027
11.18644
9.750278
8.113388
8.113647
8.26738
9.438796
9.214472
8.817746
9.939895
11.38073
10.61818
9.961472
9.322338
9.208127
9.115973
9.512333
11.17556
12.37526
10.91956
8.41877
8.850826
7.522102
8.550624
9.006169
9.406064
9.353887
10.35139
9.912751
8.504436
8.704754
7.383712
8.643434
9.638758
10.48167
10.53218
12.34434
14.0535
12.52132
13.11102
12.26886
9.662115
8.884868
10.89747
9.325763
8.534111
6.148661
5.901031
5.566412
5.331939
5.4005
5.224574
5.029708
5.893402
5.951929
6.317718
5.594181
5.664528
5.161523
5.033273
5.838892
5.751217
5.759909
5.663291
5.628168
6.153218
7.135592
7.83763
9.308032
9.503863
13.97141
11.99231
11.36886
10.84369
11.19249
9.70933
8.544281
8.563414
9.038755
7.130399
6.689806
7.452165
8.406795
8.456769
8.816538
9.01358
8.644059
9.702622
10.50235
10.46284
12.1558
9.747711
8.10205
7.985952
8.241623
7.917836
8.253353
7.827274
6.495668
7.668955
8.752992
9.365093
9.617961
10.31407
9.157471
9.443168
10.45095
10.22081
9.886715
9.413362
8.93454
9.351564
7.214538
8.034027
7.527308
7.012676
6.791463
6.461125
6.256155
7.7382
7.13163
6.710427
6.351558
5.141286
5.051383
5.840011
5.320161
5.335125
5.132973
5.76504
6.094162
5.358335
4.724171
4.582421
5.258376
4.750304
4.952387
4.979475
5.554386
5.130501
4.859533
4.827342
5.614201
5.777064
6.08362
5.115367
5.769346
6.01589
6.10225
5.654534
6.119981
6.47842
6.86823
6.969374
8.147706
8.445885
7.739184
7.973766
8.087756
9.187187
7.775222
8.241595
7.966483
9.822292
10.53658
11.20995
10.65413
10.63239
13.65101
12.22755
12.00508
13.29609
10.7671
12.33534
12.70073
9.948206
9.334833
8.862346
10.21122
12.19553
13.8898
12.00503
13.97997
13.91075
12.95412
14.04726
11.25762
11.68179
11.08445
11.28363
10.95344
11.95995
10.59001
11.31366
10.90496
11.19036
13.89916
11.63547
10.27304
10.08538
11.0741
10.48593
12.27374
10.4179
10.37508
10.78102
9.531352
11.63732
12.17624
14.13531
12.80738
13.06432
12.10088
11.23088
13.01038
10.32811
9.825308
10.09384
10.29785
10.29095
13.68337
13.2043
17.55871
14.55758
13.24815
10.49986
11.42246
12.22888
12.70975
14.25347
13.01725
11.34328
8.590404
7.778847
7.284076
9.350218
8.715955
8.714737
7.497939
6.375679
6.713732
6.716081
8.235806
9.606105
9.198778
9.545878
8.448322
8.33643
9.745392
9.470607
8.993854
7.828832
7.089885
7.778538
8.019607
8.708019
6.301106
5.512123
5.102557
5.15536
5.945548
6.860897
6.786182
6.646182
7.707022
6.555802
7.931788
9.484021
11.4087
11.61129
11.68083
11.92579
12.04835
10.59
9.651715
10.24102
11.25114
13.2806
14.6191
14.47391
12.42635
12.57466
13.83804
13.2032
12.52442
9.168513
10.05619
10.15876
10.89221
13.47634
12.94105
11.475
11.24671
9.780234
10.02544
9.13116
6.743118
6.31529
7.704808
8.233563
8.902281
8.887222
9.425547
8.329768
6.491689
5.993131
6.640604
7.224072
7.243356
5.997606
7.766715
7.956952
9.40256
8.227454
9.707878
9.274555
10.38685
11.55505
10.79788
11.30476
9.163593
7.828449
9.364349
8.517237
9.727162
9.046264
10.247
9.048776
8.519049
8.513469
8.916621
10.88319
9.696495
10.56381
11.24189
10.27607
11.62604
11.89859
11.8659
12.3725
14.69745
16.39379
18.09844
17.56328
17.09958
17.40394
15.83797
13.11772
10.9985
8.360348
9.059615
7.324231
6.306514
6.636045
6.785596
7.421232
7.113224
7.053285
7.307549
7.827258
8.608287
8.572847
11.05207
11.59259
11.38321
10.32646
10.03351
8.89241
7.828127
7.653087
7.83202
7.690487
7.257857
6.486089
6.469267
6.806736
9.282547
9.952634
9.476291
9.243454
9.426329
7.288031
7.270781
8.019689
8.611596
9.110361
9.413233
9.655965
8.535077
9.592615
10.05113
10.63589
9.459391
9.169511
9.470851
8.68927
8.603703
7.401353
7.902415
6.864355
9.198333
9.323596
8.360506
8.239713
8.439352
7.837522
7.791003
7.663314
7.387577
6.664233
7.086631
8.191851
9.098153
8.448636
6.710582
6.097607
6.625777
7.406816
7.663278
7.995352
9.344702
11.37475
11.49018
10.42142
10.7066
10.54258
11.61607
11.51702
9.162693
8.254933
8.450182
9.034391
11.44633
11.48412
9.588418
9.219689
10.63558
12.75974
14.18125
12.90774
13.49689
15.97943
16.50551
15.88144
13.97877
12.263
11.87752
11.48231
12.28827
10.19955
11.72746
11.40595
11.69524
10.23779
8.141504
8.926376
7.487874
6.416473
6.474691
6.726917
6.439672
6.895603
6.226527
6.958447
7.559393
6.928949
6.080272
6.150359
5.405323
5.416281
4.602223
4.70559
4.417134
4.544016
4.311749
4.049015
4.893637
4.140809
5.431536
6.462409
6.933019
6.715103
5.983605
7.15038
6.966826
7.402401
7.660868
8.40119
7.648174
8.570558
6.722948
5.962391
6.098713
6.55483
6.510546
6.780408
6.241801
5.779622
6.055681
7.029889
6.657656
7.667083
8.281642
7.892098
7.627126
8.32085
7.630662
7.01194
7.806975
8.713247
7.87498
6.812148
8.269471
7.578633
6.27458
6.841442
6.511783
5.317001
6.221724
5.838733
6.23012
7.567521
7.756813
8.457571
9.353966
9.456164
9.01192
8.282926
7.775271
9.647949
11.2234
12.07632
15.69407
14.31074
12.95312
14.52374
13.19983
12.70976
11.42783
8.01619
7.188378
6.312591
7.28228
7.089111
5.789994
6.100754
6.400923
7.548935
7.452345
7.180351
7.445295
7.355686
9.17585
10.68709
8.29621
10.25675
9.595446
11.01666
11.4087
10.90292
9.683
7.74001
8.369348
7.946838
7.534063
7.139086
7.918065
8.881645
10.55769
10.62601
10.27089
10.6735
10.1775
10.25012
9.64498
9.628912
8.964101
9.035618
10.03751
8.916953
8.598174
8.179802
11.37632
10.51876
12.01825
11.81376
10.93487
10.36924
11.20936
15.14317
13.1185
12.66439
10.75295
10.13327
11.21188
9.493723
9.519424
9.797865
8.578274
8.799486
8.463101
6.451932
6.518315
5.621829
5.462985
6.536663
6.557364
7.841003
7.315515
7.631784
6.653526
5.794903
5.524997
5.648068
5.746337
5.365012
5.465386
6.042376
5.816212
5.782115
6.592972
5.984696
5.490668
5.348363
4.968396
4.712928
5.044561
4.978376
4.922904
5.221469
3.957414
3.767688
3.843166
3.864863
3.995629
3.58797
4.115999
4.125092
4.927313
4.181845
3.997877
4.517784
5.191864
5.384039
5.637377
6.260065
6.161779
5.292289
4.676544
5.039715
4.797628
5.61339
6.755772
7.505615
8.810469
8.497782
7.258247
7.247457
6.297226
7.348785
7.505543
5.829624
6.486459
7.194565
8.194462
8.872138
9.44743
10.75319
9.303315
9.654965
9.185744
9.777591
8.141279
7.228403
9.203263
8.099204
9.180025
9.123002
10.06104
8.050986
7.416967
8.610557
8.503908
7.869747
7.869812
7.355393
7.976315
7.690145
8.710887
9.011246
10.91727
10.4865
10.45869
10.84915
11.67387
11.72727
10.85144
11.69771
11.55215
14.29239
15.76498
12.39565
12.93447
14.21558
12.06702
13.09924
12.31545
11.35612
11.68193
10.64967
10.2674
11.80547
13.35918
14.05752
15.97997
16.72935
14.04943
13.09987
12.76941
10.99955
9.829757
9.64594
10.42822
10.26634
8.995994
7.995406
8.598092
7.504069
7.196962
5.872535
6.707539
6.876438
7.002554
5.88178
4.911682
5.928099
7.280067
7.60279
7.876562
6.969968
8.946911
7.123647
6.736802
7.819242
8.061969
8.078326
7.843695
7.350699
8.200863
7.795157
8.197254
7.82175
7.741147
8.21474
8.434685
9.026008
7.523948
6.694964
6.763048
6.625513
5.427799
6.671381
7.613949
8.142736
9.484659
8.243554
9.530002
9.501721
8.559774
9.472735
11.51447
10.72278
11.74593
10.71074
11.98244
12.63711
9.800054
11.56384
10.42151
10.23974
8.975379
8.050373
7.379242
7.557339
6.743845
7.012846
6.464137
5.663292
5.744413
6.951522
5.914108
6.56811
5.625578
7.148327
7.052575
6.758072
8.34262
7.106556
7.111385
7.067745
7.140426
6.835597
6.402801
6.847836
7.04705
6.003565
5.753346
5.255465
6.379576
6.024595
6.902047
6.820193
6.088352
6.364722
6.96564
5.856184
6.447938
5.375571
5.384714
4.937534
6.717951
6.806181
5.315988
6.019834
6.476467
7.935295
7.220063
8.490152
8.313052
8.260062
9.221758
8.164385
8.177585
7.772576
7.683126
7.558305
8.382807
7.765336
7.709739
8.021549
9.461666
8.760838
8.500804
8.4336
8.182234
10.08932
8.525527
7.456524
7.345189
7.937698
8.456961
8.067199
7.386546
8.10454
7.57551
8.192661
8.893039
10.87658
10.91859
11.03011
10.72437
8.409727
8.848157
10.93862
11.39111
11.58479
10.05515
9.86836
10.54914
10.46124
11.70547
15.0057
14.54429
12.32949
12.08281
10.59955
10.87406
10.36367
10.70324
10.79421
8.166572
8.784336
10.56693
9.001658
9.259769
10.02677
11.60464
10.06974
9.362327
9.754923
10.74227
10.48861
10.26412
10.70079
9.422202
9.220754
9.004317
7.943114
8.517258
7.213041
7.312225
6.762247
7.66238
7.862422
8.102115
9.980663
9.304073
7.403536
7.716806
9.062137
9.083643
9.193721
9.112094
9.794022
8.060781
8.308178
7.424225
7.746643
6.099133
6.998059
7.451793
10.24135
9.882991
10.36722
11.24922
11.61696
11.4443
12.90306
13.746
11.11719
10.98237
11.71935
10.20561
11.00793
10.83239
9.250605
8.239163
8.300187
7.850577
8.076554
8.447299
7.19202
6.779342
6.536783
6.102783
6.626457
5.47347
5.823714
5.382512
5.923629
6.634314
6.854044
8.387504
8.386661
7.942627
7.798192
7.516814
8.567532
9.268157
9.54147
11.25008
12.37904
12.10436
11.04323
11.36874
10.4137
8.663306
7.422506
8.189472
8.204913
7.99255
7.136825
8.826218
8.514842
10.12516
8.799453
7.78619
7.905926
6.67106
6.688193
6.249939
5.465699
5.021808
6.066981
8.095293
9.015234
8.274578
6.664185
7.033318
7.132192
7.273335
5.99303
5.778589
8.202738
7.70558
8.483721
10.41793
9.858657
9.670322
8.441437
8.985533
11.07512
10.50337
9.805308
10.46751
11.19532
10.67444
10.91135
11.37424
9.878119
11.21472
8.841198
7.821959
8.451784
9.482
11.4316
9.64783
8.743812
9.234758
9.18668
8.548205
10.29132
8.531765
7.352586
8.37325
9.098565
9.422194
8.942699
9.437406
8.840681
9.511944
8.851774
8.505404
9.13027
8.762348
8.595438
9.086021
10.62764
10.23934
9.52049
9.490312
10.42137
12.34801
14.04226
14.34288
12.55866
15.66648
13.94013
12.53471
12.2556
11.54564
10.48542
9.729994
9.034942
9.054045
7.741034
7.239457
7.341782
9.170061
11.03977
10.27859
10.29517
9.567358
8.897178
7.036357
7.272657
6.498771
7.050051
6.994536
6.953867
6.634198
6.039445
6.528714
5.880145
5.171022
5.730882
5.287897
5.239776
4.805222
4.278364
5.518743
4.417631
5.071944
5.938883
6.821518
7.459306
6.393858
5.807407
6.782871
7.108878
5.790959
5.567787
5.980147
6.908003
8.531668
10.99128
11.27848
12.01409
13.17564
11.99842
10.08665
9.280246
8.481455
10.36147
10.87551
10.80144
11.46301
11.89218
10.59277
10.6109
10.86308
9.508757
10.98096
10.79601
10.59082
10.73204
10.9991
8.677188
8.717279
9.070008
9.513524
7.322852
6.928687
6.854399
8.057423
7.376618
7.300712
6.537498
6.857003
6.811984
6.289438
7.803334
8.064515
8.217403
7.553071
7.66965
8.576511
9.044499
8.193777
7.139711
7.641963
9.398119
9.16368
9.606343
11.36114
12.18907
13.38918
13.89509
12.76427
11.16031
9.998589
10.66247
9.290292
10.46493
10.15828
10.65292
12.07113
12.24392
11.00097
13.32897
11.94249
10.75859
9.545504
8.510868
8.552352
6.960335
7.823053
8.540414
9.081642
8.98787
7.291045
8.224819
8.483651
9.637906
10.77428
9.669228
8.974581
8.921122
8.548585
8.572352
10.58726
11.9673
12.33081
14.3579
14.21653
13.11201
12.24008
12.09742
14.18303
15.79312
15.52279
15.60977
15.89275
14.63285
14.66548
16.20723
18.36821
17.08332
13.24863
11.44993
11.42969
10.18996
12.17428
12.11519
14.76629
14.96482
17.20943
16.22455
17.19032
15.54631
15.12879
13.60534
13.34614
13.71315
13.06456
13.87014
12.35336
9.552394
8.121499
7.938859
7.727981
7.101456
5.934192
6.777233
8.030527
8.065466
9.08851
9.27186
8.082246
7.970768
8.527013
8.553756
8.047848
9.009354
9.186292
10.63305
11.20737
10.23432
10.13231
11.12236
11.88682
15.09302
15.25907
16.30939
14.09986
13.71246
18.04978
17.54574
15.46216
13.66655
11.37203
9.58012
7.676707
7.65823
6.853816
7.953299
6.88789
5.89659
5.918792
5.217677
5.082528
5.012597
5.890465
5.177512
4.518249
4.015241
5.150671
5.270356
6.08905
5.557641
4.544854
4.331353
4.539771
4.33923
5.068897
5.596823
5.305871
4.968909
4.781317
4.623017
5.283849
5.127411
4.844835
3.915732
4.010804
3.600621
4.624971
4.982715
5.287508
6.022913
5.750477
7.354895
7.601362
8.495875
9.308007
10.06983
9.34081
10.38806
12.41269
12.16063
11.95906
10.6988
8.061764
7.265324
8.374228
9.071275
7.807604
8.271003
7.394748
7.898837
6.908508
7.73986
7.844551
8.263838
8.340115
7.939313
8.900364
7.909023
7.009807
6.322043
5.909134
5.688827
4.967112
4.824594
4.679399
3.687285
4.656941
4.514284
4.779361
5.559948
5.689756
5.054498
5.375277
5.226822
5.099812
5.367929
6.190005
5.256418
5.549912
5.224902
4.843467
5.125496
4.904285
5.563739
5.106075
5.163895
5.765757
5.528961
5.630703
7.248198
7.012596
8.936903
9.528244
9.575056
8.982653
8.4769
9.687466
8.851485
8.3415
7.87913
7.911383
9.401173
10.0137
10.786
10.52782
11.11147
10.09631
10.86296
10.23909
10.26736
10.49507
11.24848
14.13011
15.12083
15.59614
13.2831
14.24955
14.0016
12.79261
12.64886
11.16507
12.61396
11.17727
14.08755
11.82434
12.3727
11.19565
11.39608
10.56664
9.491268
10.71589
10.83036
9.290915
8.771758
6.931608
7.202392
6.780996
8.712523
8.676147
9.930417
10.20875
7.71112
8.430938
9.268277
9.499766
9.490899
8.978089
8.781317
8.184463
9.170887
8.318352
8.593202
8.374225
8.79844
8.198563
8.632962
9.002814
10.53738
9.277026
9.429754
10.29684
10.86453
10.19789
8.776949
9.503426
8.506417
7.09654
7.580357
7.45501
8.799286
11.11717
11.2314
11.25994
10.26738
9.911116
10.67921
10.58307
8.61117
9.488585
10.78325
9.858828
8.973679
10.37783
9.1659
11.47856
12.2569
14.35698
16.17077
15.17184
12.89819
11.37171
13.28118
16.92481
16.47883
18.35055
16.7838
19.87695
17.18972
19.65474
19.18134
16.12525
19.49666
17.51861
17.01252
19.71965
19.86267
20.65604
22.53817
22.89498
27.29877
29.19767
25.03294
22.37976
20.67682
18.67923
14.83451
13.24105
13.94535
16.14167
14.03712
12.60417
11.86865
9.517091
8.926968
10.04871
8.954881
9.830801
8.788218
8.438905
7.583024
8.007463
7.640516
5.789646
5.627229
5.976106
6.060717
5.431563
5.870755
6.650229
5.240284
4.858886
5.275839
4.825055
4.944511
4.977166
5.371273
5.92955
5.355243
6.466715
5.970692
5.681558
6.156206
5.905238
6.230658
6.12098
5.823565
5.728812
5.333886
4.947121
5.44197
5.720715
6.719039
8.484967
8.428999
7.709208
7.486011
7.620085
7.398927
7.813887
9.620044
10.23271
9.483158
11.15273
11.85124
9.95267
10.74164
13.40894
14.18138
14.96083
12.32921
13.14003
11.90773
11.8384
10.20871
11.78824
10.01269
9.818026
9.553136
9.957352
9.292091
10.07068
