35.40559
34.62354
34.25301
33.98117
33.17437
31.91005
31.84203
31.6235
30.49416
31.11511
30.79027
31.17463
30.99516
31.303
29.94409
30.4768
30.73156
30.5583
30.49456
31.09914
31.80686
31.13959
31.57797
32.83082
33.186
33.50861
33.8677
33.29358
34.19547
33.42197
33.02313
33.45621
33.62027
33.31066
33.0986
32.97095
32.24239
33.29218
32.98097
33.53802
33.36306
33.31576
34.47669
33.99371
34.24874
33.84755
35.01779
34.79812
34.07878
33.57652
33.49877
32.90463
33.13631
32.58287
33.37993
31.56536
31.26628
31.26947
31.39113
31.05267
32.43393
32.03837
31.98591
33.00558
33.81079
33.45912
32.75386
32.28171
31.42678
31.44977
32.60894
32.33063
33.80599
34.20778
33.98471
33.46782
33.55298
32.96001
32.0917
33.29076
34.26794
35.06078
36.31563
36.8792
36.72068
36.03482
37.07966
36.11427
34.95271
34.78036
35.60089
36.154
36.43034
36.986
37.24946
37.12792
37.80688
36.98173
36.65801
36.51801
36.92646
36.97247
37.39243
37.23718
37.10626
36.82409
36.5675
36.91843
37.3388
37.1542
37.5406
36.68494
35.46229
36.17172
36.93163
36.13851
36.53179
35.85704
35.2471
35.00989
34.86935
34.46091
34.66274
34.78599
34.12247
34.13763
35.67909
36.30089
37.27132
37.74625
38.10127
39.63694
39.97394
41.07674
40.19268
40.09861
39.54492
40.39105
40.5474
40.85045
39.42902
40.08609
39.38744
39.38256
39.94582
39.28511
38.14142
38.22375
38.65676
38.68331
38.65253
39.00327
38.10162
36.63499
36.83095
36.80489
36.22497
35.00817
34.80611
33.7373
33.34542
33.18305
32.76767
32.52209
32.31565
32.056
31.66303
32.64832
32.76553
31.89513
30.69971
31.49113
32.6832
32.79751
31.57708
31.07618
30.97684
29.92195
30.42147
31.40329
31.54132
31.21327
31.17784
30.72453
30.86857
31.26307
30.9924
31.83688
31.53697
32.60511
32.60665
32.72589
33.20197
33.33322
34.37385
34.07554
35.02975
35.3414
35.74294
34.34451
33.1819
32.28883
31.80273
32.59905
33.39887
34.37331
34.56472
33.20223
33.70528
34.00913
33.13317
34.11388
34.40898
34.69085
34.66001
34.88565
34.20867
33.90543
33.54274
34.15024
33.43522
33.14251
31.79656
32.24258
32.87232
32.71291
32.44594
32.34363
33.06551
33.57068
34.4476
33.70553
33.62381
33.08943
33.65949
33.73904
32.6502
32.42245
32.46557
31.51106
31.09103
30.98884
31.96479
31.90605
31.66861
31.97469
31.80164
31.927
31.65233
31.54804
31.53011
31.31407
31.67027
32.10475
31.5631
31.54739
31.81321
30.3101
29.24982
28.90859
28.61069
29.35837
29.5414
31.08535
30.8536
29.92156
29.03755
28.64926
29.00915
29.34472
29.24402
29.80512
29.91124
30.05307
30.67153
30.95144
31.10665
31.55882
30.86526
31.8408
32.05727
32.00178
33.56618
33.48659
33.64711
34.55125
35.5714
35.392
35.29533
35.88252
35.41076
36.19393
36.47631
37.29655
37.65105
37.13468
36.28093
35.45978
35.8607
35.81418
36.16425
36.21536
35.90228
36.26469
35.71434
35.42586
35.40132
36.47689
36.57454
36.491
36.54307
37.43656
36.99728
37.21438
37.26797
37.67536
37.63734
38.16094
37.26356
37.34413
37.69314
37.44757
36.96506
37.42387
37.15369
36.06558
37.16749
36.46839
37.04476
36.45853
36.90403
36.2035
36.39429
36.05769
36.18802
35.32007
35.38305
34.84865
33.76004
32.68832
33.7297
33.94485
34.04193
34.10319
33.43868
33.54142
33.82937
34.72665
34.01074
34.83865
34.78376
34.93446
35.17046
34.68922
34.26345
34.78073
34.96447
35.05109
35.45626
36.49401
36.76268
38.05147
38.11327
37.9517
37.40056
37.91927
37.66136
37.18285
36.97836
37.87851
37.36141
37.53927
36.84122
36.38127
35.0979
35.05908
34.17606
33.83835
33.02139
33.39342
32.70927
32.12346
31.74316
31.9296
31.65277
31.22404
31.31728
30.69644
30.16627
30.18356
30.10433
30.26512
30.26036
30.24474
30.3221
29.69503
29.9781
30.3711
28.98773
29.17197
28.2606
27.73304
26.86159
27.02811
26.5825
27.26032
28.24907
29.1149
27.86951
27.27215
27.55764
27.35696
27.28818
26.73762
27.22765
27.38626
27.15216
26.45886
26.41292
27.03233
26.60084
25.93458
25.83841
26.16253
26.58962
27.71243
26.73167
27.5119
27.97067
27.39327
27.35172
27.97099
28.21577
28.52102
28.34429
28.52613
28.54299
28.33266
29.36577
30.19257
30.84321
30.53979
30.19941
29.74212
30.17402
29.48079
28.87917
29.44347
30.02728
30.39901
29.58477
29.41843
29.94334
30.79275
30.66606
30.10025
29.37734
28.7717
28.03274
27.88036
28.80571
29.64706
30.10829
30.42458
30.59093
31.74377
31.80328
31.04233
31.01721
31.06649
31.75815
31.17598
31.14706
30.71334
30.1986
30.2173
30.30994
29.98313
29.65515
30.85642
31.23859
30.1626
30.27911
31.10828
31.34511
31.75702
31.82169
31.68548
31.75162
32.08592
32.41272
32.22522
32.09149
32.33224
32.49181
33.12158
33.44188
34.29745
33.55204
34.44386
34.79446
35.24802
34.755
35.90211
36.01688
35.80883
36.71831
36.0432
35.17535
35.35874
35.56323
35.69313
35.33979
36.19314
35.41919
35.7587
35.99738
35.77965
35.66778
35.62252
34.99137
34.92305
34.44144
35.11674
36.10478
35.55932
36.01928
35.51024
35.12308
35.84149
35.98836
35.6597
35.30536
35.80133
36.82973
36.94343
36.58127
36.63806
36.53519
35.63414
35.38307
36.2256
36.09661
36.27507
36.11087
36.06316
36.76168
36.91578
36.66301
36.28926
35.1882
34.75044
35.17595
35.17653
35.66773
35.27195
35.31974
35.27071
36.17138
36.14961
36.20334
36.85275
37.42294
37.968
38.27048
38.26244
38.86744
38.90504
38.1461
37.12132
36.29352
35.90255
36.16957
36.76156
37.0394
36.50182
36.48776
36.91437
36.2206
36.15634
34.86526
34.79255
34.55475
34.12185
33.85984
33.3707
34.00076
32.87778
32.86219
33.64206
34.0036
33.81251
34.4457
34.51887
33.99005
33.17209
33.28314
33.96706
33.81595
33.93701
34.71446
34.95446
34.47195
34.04992
33.41173
34.02603
33.7503
33.67298
33.53901
33.36132
33.564
33.43735
34.14553
34.04717
34.06756
34.48046
33.51833
32.89927
32.78569
32.87827
32.71055
33.92393
34.10272
33.84952
33.60264
33.50452
34.12469
33.75276
33.46126
32.76824
33.41231
33.62237
33.87095
33.56198
33.9889
35.08079
34.94686
34.99519
34.65486
35.27952
34.61725
34.21418
34.57325
33.74616
34.73297
34.74822
34.92573
34.87382
35.10615
36.10251
35.38794
36.65677
37.0225
37.37446
38.40774
38.97995
38.93773
39.16566
39.67723
39.7961
40.08969
40.03427
39.23043
39.48893
39.83964
40.84186
40.70197
41.59147
41.79551
40.522
41.18814
42.10087
41.22457
41.87005
42.3035
42.98811
42.48067
42.84922
43.5488
43.31266
43.07088
42.86759
43.73066
43.96332
44.00528
43.22666
43.15095
43.06359
43.24105
43.99302
43.50119
43.1524
42.09672
41.83211
42.03478
41.83896
41.70503
41.0444
41.68005
41.46856
41.75048
41.90431
41.69227
41.31969
41.64155
41.29492
41.16882
41.6021
41.41194
41.47113
42.10179
42.30203
42.60994
43.30935
42.73192
42.63312
43.29679
43.42352
42.61058
42.58399
42.76757
43.05027
43.45713
43.77293
43.82248
43.56478
43.62531
43.66842
43.37361
43.34404
43.17629
42.73697
42.11292
42.28782
42.93611
42.92327
43.2948
43.37921
43.22534
44.20103
44.60361
44.18438
44.4629
44.19776
43.24652
42.39571
41.6392
42.48692
43.58326
43.75284
44.19165
44.74058
45.15862
45.48968
46.13483
46.02778
45.63134
45.47728
45.22233
46.0299
46.57962
45.64315
45.88554
45.19965
45.76873
44.50138
44.62231
43.40073
43.61733
43.59044
43.40369
42.75654
42.35885
42.10412
42.30576
41.02765
40.41767
41.20567
41.12667
41.37413
40.95053
41.05862
40.55396
40.54685
40.33264
40.05857
40.96534
41.54629
41.09879
40.26626
41.39537
40.81753
39.84399
39.13305
38.11871
37.87464
37.3649
37.1341
37.1904
37.8814
38.47723
38.68208
38.08929
38.39693
38.45096
38.48627
39.18185
39.58815
39.54854
39.50094
38.84439
38.3646
38.37753
37.32097
37.50586
37.23998
39.35433
40.2516
40.07911
39.77412
39.40498
39.1604
39.05836
39.04243
38.67112
38.78011
38.48983
38.72627
39.05765
39.34886
39.27661
39.30977
38.40995
37.53272
38.32453
37.80447
37.88807
37.76956
37.70434
37.28109
38.03699
37.31843
37.19748
36.1847
36.85886
37.69956
36.76214
36.70381
37.06561
36.51605
37.04721
36.57517
36.71004
36.71096
37.773
37.16121
36.47194
35.32297
34.17738
33.68866
33.29135
33.64596
34.21969
34.75669
35.04974
33.87455
33.82867
34.51308
35.08262
34.67159
35.44053
34.54591
34.93728
34.91067
34.69717
34.87787
34.42908
33.77909
32.80398
33.01583
31.90264
33.21801
33.83715
34.41962
34.13866
33.24593
32.82299
32.61865
31.94934
31.31219
31.6899
30.66035
30.99005
31.04593
31.16362
31.03377
31.42017
32.11519
32.43684
31.64118
31.57491
29.91088
29.14034
29.86049
29.58594
30.46193
30.21236
29.78825
30.39643
31.45048
31.05715
31.22392
31.00334
30.46196
30.75745
31.32627
32.91515
33.90707
33.65017
33.29347
33.75765
33.81014
32.64818
32.51429
32.85313
33.48372
32.56702
33.04958
33.43642
33.14259
32.1165
31.77204
31.41219
31.60961
32.60593
32.20937
32.12291
33.04391
33.63381
33.27619
33.56145
33.37818
34.39599
35.23668
35.27844
34.92879
34.46887
34.70118
34.53038
34.06453
34.09296
33.50081
34.81803
34.18332
34.68369
35.2121
34.95955
35.678
35.66415
35.04728
35.33847
34.72566
35.61267
36.01536
36.56897
35.28674
36.36615
35.86175
36.383
35.65998
36.36884
37.07242
38.05464
38.01669
38.163
38.63365
37.84353
36.71511
36.64004
37.86208
37.99824
39.2982
38.49644
39.29449
37.80257
37.95857
38.51368
38.68794
39.66893
39.70281
39.72732
39.6643
40.22447
40.46939
40.48016
40.85551
39.95417
40.15063
40.41991
41.51608
41.78787
42.39261
42.20266
41.58769
40.62465
41.06418
41.12355
41.43499
41.57747
40.77422
41.16575
42.01212
41.07774
40.81236
41.14846
40.81409
39.75867
40.09284
39.66959
39.39053
40.48983
40.12389
39.43296
38.74989
39.05506
38.93667
38.69268
39.46096
40.18482
39.84309
39.84701
39.37127
39.73297
40.45084
40.17277
40.4904
40.56195
40.54066
39.9015
40.47425
41.59303
42.00803
41.93588
40.45804
40.23754
39.46994
39.09493
38.70793
38.29632
39.32933
39.68305
39.35981
40.0317
39.51131
39.12328
39.29766
38.59551
38.41269
36.79132
37.13582
37.03546
37.59404
37.54851
38.02957
38.05478
37.86166
37.41774
36.83806
37.87399
38.44946
38.87684
39.05204
38.57326
38.77849
39.33143
38.93266
37.83863
38.30268
39.1976
39.44272
39.76657
41.01379
41.20418
41.38945
41.53815
40.45321
39.49742
39.27298
38.67489
38.6146
38.84274
39.32944
39.16245
38.90505
39.06089
38.71241
38.25481
37.95094
37.94742
37.89318
38.16089
37.70473
36.57789
36.19121
36.81981
36.37282
37.63218
38.4691
38.18453
38.12422
37.87519
37.7404
37.65938
37.57492
37.59418
37.90271
38.76576
39.12273
38.71938
38.78403
39.03664
38.87988
38.5159
37.99532
37.48245
36.50107
35.86971
35.83652
35.17689
35.24467
35.32255
35.75057
35.7021
35.99452
35.78094
35.62808
34.54309
34.59781
34.72452
34.60762
34.64127
33.52356
33.62679
33.72756
33.52574
32.75104
32.51539
32.6419
32.97468
32.80692
32.46054
32.71833
33.43213
33.41167
33.16774
33.34637
33.92534
32.56091
32.08033
31.70781
31.84619
32.23068
32.00202
31.49093
32.10063
31.92383
31.06765
30.84117
31.41071
31.19712
30.30464
31.00267
31.45569
31.73874
32.39954
33.34648
32.45224
32.33183
33.10144
32.77389
33.08186
33.25746
32.76426
32.39206
32.81536
32.70653
32.42895
33.22208
33.4571
33.73651
33.43725
33.5256
33.78849
35.06916
35.07687
35.65725
36.21607
36.43842
36.71902
37.64353
37.58707
37.50316
36.23452
35.9877
35.91385
36.2535
36.4087
35.34845
34.89231
33.99746
33.4494
34.23207
34.5085
32.85698
33.1607
32.10669
31.94201
31.9636
32.14343
31.81405
30.44129
30.40027
30.85456
30.42254
31.28928
30.69947
30.31983
30.45548
31.04685
30.72596
30.67596
30.47765
30.14178
30.09475
30.53346
30.58634
29.63279
29.5558
29.67231
29.5897
28.502
29.53541
30.05675
30.3122
29.96539
30.37254
29.32245
29.50452
29.65058
29.95476
29.92974
29.70176
30.1952
31.22739
29.95446
29.68713
30.0969
29.6463
29.45055
29.95691
30.26357
31.57212
31.79726
31.77574
30.52591
29.7952
29.90672
29.66063
28.83431
28.73483
28.28129
28.66405
29.32302
29.40388
28.35743
28.55981
28.30343
29.13227
28.35643
29.04932
29.59882
29.82751
29.27059
29.59283
29.96712
29.22989
28.75409
30.32785
29.00636
28.22367
27.84786
27.82828
28.57475
29.12282
29.6794
29.69874
29.38473
28.45695
28.53762
29.37208
29.72227
30.46507
30.02782
29.52554
29.56104
28.45158
29.30141
29.42336
29.52609
30.02116
28.9039
29.18219
30.30993
30.88204
30.86337
31.73665
31.71714
31.59465
31.57617
31.48244
30.954
30.55895
30.07096
30.59174
30.01903
30.91769
30.86327
31.1557
31.42654
30.68938
31.48178
31.19575
31.67038
31.48041
31.35937
31.8008
31.54266
31.01028
31.51677
31.96879
32.83594
33.05909
32.68718
33.18906
33.89472
34.95837
34.86129
34.32592
34.84239
33.91773
34.43502
34.30464
34.76207
35.84956
36.68098
36.34123
36.34849
34.75185
34.3856
34.28545
34.1689
34.37851
33.84149
33.72316
34.84594
35.24947
35.58021
35.81184
36.62836
36.41657
36.03331
36.28565
35.90761
36.55285
35.97696
35.31592
35.14034
35.4766
35.93406
35.52005
35.03433
35.30383
34.70182
34.59949
34.20577
34.6956
34.43257
34.86642
34.72421
34.04835
34.44945
34.19938
34.53673
35.11429
35.50526
36.09916
36.4241
36.26768
36.58686
35.83518
36.59228
36.35543
36.0386
35.61379
35.562
35.77843
34.98687
35.36762
35.20374
34.48306
34.36661
33.81906
33.31033
34.24916
35.09175
35.48915
35.82205
36.7891
36.86341
37.31051
37.78265
38.31784
38.41165
37.65265
37.99111
37.45543
37.29187
37.0218
37.41181
37.43528
38.20225
39.3902
39.60278
39.70831
38.35979
38.95516
38.75473
37.79224
36.73729
35.74195
35.92971
35.20793
35.4141
35.63933
35.39919
34.43328
34.02976
33.08476
32.41805
31.80621
31.93201
31.45393
32.61667
32.07607
30.94865
30.11397
30.50595
31.64722
32.1623
32.94594
32.86002
33.08997
34.14754
34.38608
34.33784
33.94877
33.05643
33.00418
32.43633
32.62865
32.32589
31.84566
31.76995
31.22176
30.6031
30.58994
30.93146
30.4282
29.79297
29.95999
30.21603
29.30094
29.92767
28.52833
27.81404
28.27739
28.1441
27.55031
27.56215
27.54368
27.39915
27.53045
28.04028
27.91511
28.37345
27.79573
28.26551
27.85471
28.27512
27.77214
27.19378
27.4213
27.53
27.7864
28.87837
28.71369
28.59543
28.13007
27.93884
28.43157
28.34353
29.05271
29.64971
29.10933
28.80087
28.46636
28.96475
29.99737
30.20944
29.56349
29.78343
29.34785
29.91617
29.64275
29.15055
28.41365
29.10596
28.76488
29.74013
31.42447
31.0905
30.9729
31.01088
31.40391
31.55022
31.91343
31.61019
30.75841
30.71102
30.38365
29.6908
29.94506
30.10241
29.58815
28.64769
29.00901
29.44462
29.40205
29
27.90106
28.19954
28.69817
28.91779
30.46484
30.58541
29.79745
29.0587
28.83054
28.2784
27.18023
27.60777
27.69964
28.03322
28.07209
29.06208
29.40772
30.03412
30.13484
29.86929
30.17812
31.33224
31.31536
32.22756
31.98794
32.61944
33.47964
32.97081
33.83296
33.952
34.58001
34.76204
34.69767
35.75245
34.91327
34.81635
34.33672
34.35084
32.71441
32.19487
31.51452
32.05295
31.84529
32.17922
31.58586
31.6048
32.32451
32.48389
31.98157
32.5203
32.34402
32.85067
33.06946
34.8162
34.54298
35.36763
35.17181
34.91623
35.34062
35.81458
35.59321
35.45032
35.11456
36.35429
35.31148
36.39279
36.20181
36.20612
36.45024
36.48669
37.95509
38.05089
38.58215
38.23293
37.68349
38.64377
38.71716
39.91414
40.07285
39.22594
39.57387
39.65419
39.53517
39.88988
39.79929
39.23324
39.73918
39.32162
38.59136
39.47378
38.52956
39.08531
39.36202
38.01457
37.94335
37.95855
38.73712
38.20668
38.07742
37.97584
38.71116
38.49082
37.8423
37.37712
37.87957
36.55073
37.24825
36.58354
36.19524
36.04309
35.77193
35.68031
36.47004
36.0671
35.6537
37.06829
37.44021
