probIn scale
0.01617442 3.923251
0.01494093 4.228762
0.0185217 4.558995
0.008371861 4.348827
0.008947388 3.878884
0.007735256 4.464757
0.01175803 4.253648
0.0105493 3.492356
0.0119133 3.389807
0.004492386 3.241033
0.01467403 3.101366
0.01035053 3.375671
0.007277274 3.320747
0.003354275 3.440221
0.01326279 3.348598
0.01054461 3.145164
0.004835093 2.826783
0.006855609 2.708225
0.001783363 2.375433
0.002223675 2.248826
0.003248909 2.459192
0.001529803 2.397057
0.003770436 2.543214
0.004940845 2.517294
0.00485181 2.558367
0.005814314 2.269008
0.01951207 2.241299
0.007318188 2.371236
0.005975637 2.246178
0.003169766 2.266427
0.002983452 2.156968
0.007043826 2.063495
0.006043634 2.002463
0.00489006 2.11552
0.01574007 2.009559
0.01526542 1.866174
0.01753606 1.860544
0.00570374 1.786219
0.008502909 1.738042
0.009436053 1.878279
0.004206608 2.116598
0.006756872 2.284658
0.003942047 2.233011
0.007921245 2.202022
0.004120127 2.470872
0.0006615251 2.600327
0.00226148 2.711206
0.003662625 2.775128
0.005596709 2.628241
0.00239866 2.783526
0.01185345 2.819058
0.005403717 2.464007
0.007837575 2.621763
0.002684409 2.493507
0.004300611 2.508658
0.002230348 2.745688
0.00937688 2.986292
0.002964125 3.117177
0.003486975 3.486856
0.001398107 3.655523
0.004826377 3.704413
0.01177051 3.568891
0.0008139174 3.51431
0.003676335 3.279831
0.0035284 3.014782
0.00367999 2.749462
0.00186327 2.695713
0.003626649 2.563268
0.003931076 2.46267
0.000397724 2.5068
0.01025689 2.429008
0.009437238 2.691041
0.003939999 3.052428
0.003516666 2.96842
0.00201943 2.959626
0.00709104 2.954425
0.002654786 2.819224
0.002003169 2.588027
0.004700869 2.707908
0.007651799 2.6175
0.01130923 2.451431
0.003287082 2.397091
0.0009462051 2.321611
0.005106094 2.409117
0.000478799 2.842351
0.001499754 2.738336
0.004616815 2.89521
0.006118142 2.916913
0.004847455 2.662752
0.001402302 2.695415
0.005365383 2.838956
0.01176469 2.768664
0.002217082 2.858126
0.003867736 3.06337
0.008728968 2.867988
0.003830605 2.693906
0.007448475 2.339641
0.00421083 2.10992
0.009179603 2.342418
0.01915541 2.244914
0.003383031 2.339321
0.003591772 2.12373
0.005605017 2.142379
0.007428754 2.159687
0.003349696 2.082466
0.003954982 2.237159
0.01017334 2.369932
0.006390796 2.382325
0.001416839 2.464408
0.001546133 2.432841
0.0003778191 2.183952
0.004702966 2.090289
0.001972472 2.165115
0.001080022 1.924102
0.008829058 1.614141
0.01512283 1.721474
0.003800396 1.548767
0.005632689 1.491276
0.006594944 1.4259
0.006856476 1.335193
0.0072145 1.16311
0.005741845 1.187065
0.01120232 1.180261
0.01557197 1.141662
0.02120058 1.122818
0.0157857 0.9138392
0.02682763 0.844265
0.01838269 0.8649857
0.01040804 0.9884333
0.01674894 0.9697346
0.005312501 0.9650405
0.01202959 0.9626586
0.01444821 0.998098
0.002973939 0.9277034
0.01226624 1.009908
0.00556076 1.013326
0.0128305 1.04354
0.01079707 0.993134
0.02880045 0.9296341
0.02358972 0.9158202
0.01489703 0.8436189
0.01988391 0.8815456
0.03369403 0.9236736
0.01943883 1.017883
0.008957664 1.031742
0.00537133 0.9511962
0.01549747 0.9883301
0.009846315 0.9179713
0.006215699 0.840107
0.005686735 0.7369941
0.01064263 0.7075899
0.03568318 0.7692196
0.0270431 0.8342587
0.01000514 0.7754325
0.01957163 0.7531806
0.006976726 0.7507112
0.007210595 0.6745765
0.01910383 0.7802287
0.009874198 0.7700986
0.01510942 0.7955602
0.009252642 0.7739228
0.009633772 0.7069548
0.02032789 0.6400617
0.01617457 0.637584
0.01733718 0.5755058
0.02033109 0.5523223
0.02086573 0.5749384
0.01694796 0.5676747
0.02564712 0.6052114
0.009453269 0.5702049
0.02105464 0.558852
0.02327937 0.5142563
0.02195303 0.6180001
0.01906998 0.5563683
0.01466383 0.5402769
0.04042335 0.5067357
0.03399819 0.5023638
0.02232052 0.5690377
0.0390334 0.6250629
0.0381672 0.6396427
0.06238414 0.6524059
0.04827846 0.627207
0.05760455 0.6598073
0.03473779 0.6634672
0.04302111 0.6579893
0.04062868 0.6178205
0.04251905 0.6815414
0.04515378 0.7199536
0.05295815 0.6835058
0.03224254 0.6434677
0.0463381 0.665027
0.04464882 0.584021
0.04377949 0.5866707
0.05583552 0.6184701
0.05900185 0.5675692
0.0613068 0.6152498
0.04178432 0.6836804
0.05064428 0.660911
0.04764783 0.6342829
0.03497487 0.591258
0.02970306 0.5696087
0.03613104 0.5848459
0.03085063 0.5785209
0.04242448 0.5927304
0.0440786 0.5531524
0.05126702 0.589942
0.01813983 0.6089956
0.02061953 0.6310881
0.05056948 0.6172829
0.03791473 0.6514276
0.02520093 0.6464169
0.02610314 0.643155
0.02144608 0.6501674
0.02828859 0.6863994
0.03861829 0.7073184
0.03348975 0.7198657
0.02195519 0.7181413
0.01990309 0.7889535
0.02434135 0.7897494
0.0121747 0.8153269
0.01731707 0.8573899
0.01560304 0.8524526
0.01843495 0.8135413
0.01560042 0.7839292
0.007627858 0.7717017
0.009848528 0.7722106
0.009909376 0.757651
0.007327755 0.842689
0.01510855 0.868186
0.01656641 0.9166861
0.01404407 0.8477702
0.00774893 0.9124658
0.01992453 0.9144739
0.009053374 0.9802975
0.02272735 1.05134
0.008541652 1.097914
0.009359282 1.054836
0.005188455 1.10893
0.009806787 0.9935953
0.01361506 0.9563047
0.006189127 0.8638601
0.006027724 0.877133
0.00578118 0.86439
0.002028644 0.7940491
0.004278288 0.8337873
0.005644588 0.8851137
0.01914567 0.8555277
0.02141867 0.9060927
0.0333413 0.7674858
0.02702502 0.7914113
0.01046204 0.819882
0.01731601 0.7998885
0.03019022 0.7953054
0.01413024 0.756895
0.01972835 0.720216
0.015746 0.8472813
0.0152858 0.7730437
0.01256611 0.7154262
0.01506581 0.6298964
0.01421942 0.6162357
0.02928253 0.5884609
0.03074344 0.5934732
0.02375095 0.6129743
0.04932729 0.5690849
0.0283066 0.5706473
0.02350309 0.5395009
0.05356261 0.545685
0.03461049 0.584692
0.04670413 0.601236
0.03528336 0.615716
0.03049691 0.596768
0.03577306 0.6436294
0.03738885 0.6872828
0.03378638 0.6830889
0.03346955 0.6623082
0.01548613 0.6801775
0.02767163 0.6563257
0.04603166 0.6761084
0.03558556 0.6337053
0.01766273 0.6360143
0.02424432 0.6303187
0.0377863 0.6479298
0.02617497 0.6566353
0.01529036 0.7228844
0.01958328 0.7652066
0.01500329 0.8048518
0.009329358 0.7514439
0.00350921 0.7467447
0.007300553 0.7360349
0.01059828 0.8122348
0.007482772 0.9203084
0.0126144 1.067111
0.01481035 1.066287
0.0151316 1.015273
0.01254038 0.982329
0.004793676 0.8820069
0.009560521 0.864552
0.008835715 0.8461979
0.01236014 0.8892764
0.02078559 0.8363963
0.01487775 0.8358947
0.009946428 0.8077241
0.01156092 0.8748076
0.005043339 0.8030277
0.01239943 0.7771344
0.008767206 0.7718105
0.01394598 0.7114872
0.01164155 0.7647838
0.005311461 0.7741545
0.01227452 0.7857401
0.01538488 0.8565778
0.01044593 0.8687791
0.01461875 0.8050911
0.023482 0.7595832
0.01849563 0.7418028
0.01454042 0.7557799
0.01668096 0.7862843
0.0222768 0.7814513
0.0213368 0.7789927
0.01604565 0.9108474
0.01176164 0.8052163
0.009617109 0.7678064
0.006312673 0.7674985
0.02126026 0.7542927
0.0247878 0.6712021
0.01665605 0.733777
0.01077428 0.6896733
0.01270936 0.6613148
0.03871192 0.7685767
0.01329469 0.7347002
0.009959975 0.7055243
0.0142446 0.6824301
0.01203871 0.6262554
0.01277792 0.6439813
0.02472927 0.5863999
0.02369866 0.6033654
0.04527443 0.612476
0.02635335 0.6142491
0.03694297 0.5711016
0.06620377 0.6063113
0.03777572 0.631907
0.04122416 0.6612913
0.05265926 0.6177548
0.06573611 0.6444778
0.04927829 0.5952034
0.05285268 0.5941803
0.04603937 0.5508796
0.04336918 0.4908389
0.00976635 0.4742505
0.01528439 0.4977775
0.009351399 0.5336468
0.02050655 0.5757933
0.02490852 0.5769677
0.0175206 0.5721259
0.03010452 0.597188
0.01906463 0.5475675
0.04186609 0.5334352
0.01819151 0.4571353
0.01777053 0.4617987
0.01569942 0.4197395
0.02301748 0.4257319
0.0110396 0.372907
0.009773908 0.3586888
0.02174014 0.3306384
0.03539667 0.3094974
0.02081508 0.2981315
0.01553597 0.2949901
0.02921919 0.3191571
0.02932559 0.3631958
0.01610689 0.3649577
0.02049066 0.3301694
0.02177114 0.3064082
0.04759518 0.3065455
0.03251467 0.3035552
0.02295169 0.2971042
0.02942896 0.2887417
0.03676967 0.2672608
0.05299587 0.2479124
0.03213604 0.2466616
0.0483725 0.255969
0.06512259 0.2142846
0.04582017 0.2038207
0.02660887 0.2178434
0.03798951 0.2447398
0.0159293 0.2525554
0.009212411 0.233671
0.01049578 0.2216624
0.01265 0.2269661
0.01363952 0.2533774
0.007815891 0.2738962
0.01986907 0.2664463
0.02154265 0.2512624
0.005008627 0.2434917
0.021224 0.2310299
0.0385564 0.2294974
0.02760091 0.2630692
0.02027957 0.2867685
0.02560375 0.288908
0.02608842 0.2913419
0.03587133 0.3075401
0.03785892 0.2852251
0.07501133 0.2689687
0.05105739 0.2628864
0.06579685 0.2806025
0.08361458 0.3046541
0.05131825 0.2968019
0.03601851 0.3212165
0.03239866 0.3486093
0.04722339 0.3180196
0.03632228 0.3465004
0.025545 0.3052129
0.03791344 0.3128262
0.06342846 0.339683
0.03270063 0.3240726
0.03951053 0.3563212
0.03448284 0.3959151
0.02303584 0.3752568
0.03703061 0.3674899
0.04702723 0.3522891
0.044773 0.3641021
0.04230528 0.3638959
0.03206969 0.3928693
0.03570205 0.3499607
0.03312398 0.3672238
0.01217397 0.3351993
0.03005676 0.3088004
0.004505757 0.2815474
0.01389521 0.2803494
0.01909244 0.2585569
0.01608063 0.2647427
0.04518398 0.2837907
0.02855236 0.2986992
0.03244338 0.3222709
0.01325864 0.2927618
0.02128072 0.2709137
0.0233373 0.2360752
0.03396612 0.207927
0.04115779 0.195618
0.03463165 0.2151226
0.05817202 0.216993
0.05830484 0.2018918
0.03532265 0.1983351
0.04852573 0.2005605
0.04267013 0.1947604
0.04141897 0.1899573
0.05583439 0.1698258
0.0682469 0.1857086
0.09315676 0.1784029
0.05063461 0.1735252
0.03953142 0.1757135
0.05782702 0.1893443
0.07492411 0.1765017
0.06931906 0.1672828
0.07602159 0.1568988
0.04001292 0.172707
0.04428935 0.1683671
0.03379642 0.183609
0.04102293 0.1894208
0.05390935 0.181283
0.0993496 0.1850216
0.1343942 0.1806322
0.1045222 0.2036045
0.05835441 0.1929929
0.05889658 0.1935429
0.04071584 0.1734107
0.03494192 0.185899
0.01983418 0.1950797
0.02685866 0.1746767
0.04066582 0.1713986
0.05126206 0.1990974
0.01116711 0.2075991
0.0271543 0.2030713
0.01034181 0.1997531
0.003894202 0.1944933
0.004191934 0.1939418
0.001753353 0.2121633
0.004565934 0.2403503
0.01929793 0.2345365
0.04020267 0.2508235
0.003668387 0.2663861
0.009474008 0.2739177
0.01538256 0.2423274
0.01206788 0.2589305
0.009421806 0.2422699
0.0120047 0.2300339
0.01871405 0.224259
0.02503851 0.2185876
0.03510762 0.207628
0.03378795 0.194868
0.0092497 0.1895108
0.003351339 0.1887165
0.01207698 0.196566
0.01026526 0.1862332
0.03996203 0.2064303
0.03262756 0.1861317
0.03870686 0.1919418
0.02558698 0.2131906
0.02795384 0.2061141
0.06464815 0.1974772
0.06494284 0.2141863
