30.89266
33.1587
36.6007
35.87172
37.01734
37.23283
36.90919
38.02903
37.38273
37.22019
38.48926
39.97764
42.03348
42.42214
42.66301
44.26232
45.76352
44.33994
46.6302
47.21145
47.5181
47.85735
49.16963
50.64046
51.66087
54.14872
56.11661
54.50796
56.58719
58.1391
55.39735
58.70447
60.46709
62.40625
62.09628
62.03262
59.74163
61.71726
63.25985
64.14522
62.6787
61.58461
63.87889
63.92485
64.50588
66.10926
64.79429
66.24684
67.25229
71.29278
73.30431
70.95432
69.97098
66.84145
70.42337
68.97438
66.34391
68.94197
67.47211
69.30409
69.15049
67.87381
68.23183
66.93114
68.46898
69.94067
71.15375
70.21915
70.64346
71.60256
67.62187
71.78878
73.22392
73.41583
75.16036
75.04705
74.9905
75.55979
77.79274
76.82465
80.25529
76.66523
78.86122
76.16525
81.00271
80.90258
78.54673
76.05821
75.71249
78.72258
80.54194
82.66804
85.34536
84.13978
83.38352
79.8623
79.94186
80.00703
80.28164
83.9967
80.92878
81.49472
84.47474
85.21464
85.57261
85.76313
84.56555
87.96455
84.77843
84.06211
87.59928
82.49304
82.05088
80.10852
82.22968
76.68376
78.94394
77.77905
80.40041
83.56471
80.18188
78.88869
78.82844
78.8096
77.60692
79.4075
82.9156
85.58132
89.34129
92.16889
94.99413
92.97672
93.49169
86.89392
87.55372
87.93371
90.68418
92.81088
91.70649
90.36822
92.21442
93.42654
96.50965
96.35945
92.28904
94.66879
95.85088
97.8528
90.38022
92.79104
93.21763
97.0036
95.36159
96.24562
95.44251
93.28617
95.23952
100.785
100.9909
100.9808
102.0297
98.66362
96.6821
103.6263
102.8639
103.5502
105.8422
104.2039
104.7837
104.6876
105.8744
102.854
107.6499
108.5043
110.0389
112.0826
111.2762
114.0612
119.2189
116.9041
114.7198
114.0531
112.9786
116.0189
113.4085
115.1162
113.6395
112.4318
112.5932
113.5916
113.8478
109.2459
107.2869
107.3073
108.1042
106.1615
103.6717
100.0232
93.55106
90.95786
91.29524
93.88441
98.09489
100.8022
101.6749
104.8452
106.6005
105.8778
105.861
110.0114
105.3925
105.2473
100.805
100.7194
101.2346
101.6255
100.3401
99.02578
95.31118
97.51395
96.60371
98.46831
101.9503
100.3477
107.3751
108.7929
113.3405
114.5095
116.6628
116.3443
119.1422
116.8779
115.7681
120.2507
121.916
117.8075
119.4171
122.6934
122.903
120.3578
121.7004
127.2541
125.4001
124.7176
124.078
119.4648
119.937
121.3018
117.4395
114.4622
114.7703
115.2436
118.3832
116.5457
115.9527
118.4408
124.4853
126.3202
123.4354
125.6168
123.2725
130.7195
134.486
135.3898
132.2364
136.0771
137.8524
138.2496
137.3392
140.0531
136.987
130.7285
132.9895
134.1038
128.6543
133.646
122.3565
122.8561
126.2502
121.8934
121.4411
125.856
128.6018
127.8744
128.2868
124.3802
127.9343
127.2778
128.687
124.7655
121.6862
119.0618
117.0781
122.112
120.6778
119.9739
119.1361
121.3615
128.7265
132.3225
126.3206
131.7575
144.4694
149.4847
155.8813
158.6234
154.0362
154.9662
155.5443
157.4167
151.9928
151.5177
158.3522
158.9867
158.1232
156.047
153.4784
152.4567
149.0074
145.6673
139.7159
145.8765
141.1849
147.5023
148.1439
146.0165
145.7384
151.6854
156.8223
154.4815
158.3024
165.8155
166.4537
167.2831
164.4349
172.9192
173.7488
164.4296
159.3875
166.532
171.3437
170.1704
166.0985
165.8842
168.2323
157.1423
152.9303
154.597
158.7785
171.7509
180.0823
187.9178
191.8568
190.406
184.6226
185.813
187.7107
187.8328
182.9197
177.3012
176.114
174.832
173.3633
167.4398
170.0527
172.2013
178.5874
176.6676
180.8736
187.3331
181.0884
172.071
167.0144
169.7526
171.9719
167.1218
165.5624
168.0355
161.3988
160.3117
159.2171
165.4972
162.8254
169.9769
175.003
180.991
181.9504
188.9503
194.7683
196.3466
196.3923
189.4309
195.3508
187.9101
190.7266
187.2237
191.8427
186.8683
191.4402
179.0992
177.1323
172.9484
165.7262
165.1166
157.7885
162.0405
166.0733
166.9313
161.2909
160.0842
159.1543
161.7156
165.4074
170.3616
171.914
170.926
173.6932
170.9981
169.9857
180.4785
177.9578
181.4276
178.9925
173.9187
171.9967
168.7956
169.5198
162.3067
168.1863
173.7173
163.0713
174.5098
180.085
182.3935
183.8334
193.9018
194.305
187.1869
182.3932
174.4318
176.2139
172.7726
175.8519
178.2733
185.1655
184.7665
181.9595
185.6694
182.5897
176.4401
180.7205
171.3868
171.7877
184.6312
179.7701
178.2323
184.4743
184.7633
182.9598
179.7222
177.3452
183.8891
182.6774
183.0995
180.032
184.6598
191.9889
182.7101
173.4986
173.5697
176.8634
179.992
173.8447
166.5222
170.2686
171.498
171.0515
165.219
166.5801
159.0684
161.0333
156.6494
153.5144
153.7341
152.6919
152.7122
158.432
156.4164
151.3443
151.6949
146.8066
149.6093
146.6299
147.7132
143.7759
145.9905
141.1485
142.3423
138.8266
143.6023
141.0027
138.6244
145.618
148.03
146.6769
142.106
144.566
148.3842
150.8112
145.7802
138.4631
140.0821
132.8124
132.9896
130.8608
130.8652
130.2698
133.705
135.6626
143.3583
144.6037
142.448
139.8976
142.5805
144.1921
137.6662
141.893
140.0205
143.3412
148.438
145.6321
148.9338
156.1352
150.5195
151.0774
147.3171
153.2831
154.1731
164.553
171.7336
169.274
168.3942
168.5737
156.0532
159.4193
153.5655
159.1613
160.2966
165.924
164.6915
161.1121
159.4804
159.5467
163.4452
162.9063
160.898
167.2557
163.3173
159.6007
158.7113
156.1982
156.7353
152.3916
157.4675
161.1442
160.373
160.6573
164.8073
166.7388
167.3162
166.6654
168.0863
161.6806
158.1148
161.4848
158.4753
159.6666
156.0122
157.4843
153.3652
156.1163
153.6445
156.6207
152.9658
158.1728
156.7773
161.4435
162.6522
169.4662
166.1735
169.9892
166.8987
165.8262
170.6141
165.4867
167.8082
163.9568
163.4631
160.7225
166.4271
177.9106
180.7803
176.1266
175.4901
169.4444
168.507
179.9988
182.43
175.3747
174.41
177.3826
175.2859
177.5622
176.8939
176.1801
185.1014
186.4749
191.4076
195.9365
194.5424
192.7718
196.4294
197.6862
196.1983
191.1927
185.6933
188.8083
189.5421
180.7343
188.312
189.3667
190.4672
187.4653
190.6222
184.9304
186.1958
185.922
186.4131
187.5533
186.9341
182.6983
180.9208
177.3267
177.0055
188.8992
194.0235
188.4392
192.8735
187.1156
186.3791
188.3396
183.2268
189.1942
193.3873
193.973
205.8587
205.156
207.7356
200.9114
196.1102
198.3324
199.3749
190.6698
189.5556
186.9704
173.4299
168.1262
161.1905
156.6944
158.2164
159.4743
161.193
162.7594
158.435
151.6076
157.859
157.4494
150.2552
151.7392
149.6097
147.071
144.6138
150.8417
151.6313
157.7034
163.4329
158.4719
160.8578
163.9644
172.9721
176.041
183.7061
172.7822
171.4841
175.1714
179.3527
177.1394
184.771
176.1156
176.8164
173.0516
172.9754
172.3886
169.8731
171.1796
179.594
174.7785
175.7438
170.741
169.3916
168.8403
172.0092
171.0534
172.9614
175.2006
169.7675
168.5659
165.2546
161.6889
158.4395
162.4167
167.4756
169.8036
181.1868
168.3456
168.9618
161.6674
162.8762
160.7507
162.0778
166.1793
163.8401
164.9194
167.9461
169.3079
170.5342
172.067
166.116
162.5117
169.3415
165.3932
162.5215
154.6818
154.2397
157.5389
162.6945
158.827
160.3383
155.7437
162.1658
171.3105
164.2391
163.2462
168.0264
175.4843
171.6732
173.8532
169.2182
158.296
159.4302
158.3487
159.0244
159.9942
162.1056
164.3628
161.9262
165.7884
165.9734
165.6115
168.2199
166.3813
167.2471
169.519
166.8364
167.5076
162.034
159.8393
155.5149
158.5007
159.4687
161.4195
164.609
166.2281
167.2648
165.7078
164.929
166.1943
166.7845
165.6874
172.4076
173.0887
171.9814
177.3981
173.0525
171.0465
177.0591
176.6739
176.6449
174.2533
172.7403
165.9722
165.2943
171.2964
167.2754
160.4783
162.2154
157.168
161.3752
156.2832
157.9373
158.8435
163.293
163.6379
163.1616
162.0965
154.7044
154.4552
155.4578
167.1555
172.8991
167.4324
178.6625
187.0976
188.4055
187.7379
189.8228
182.1088
190.2612
190.9709
187.717
189.5901
199.5068
198.2103
203.2774
201.618
195.3639
197.8215
206.5532
205.235
210.2031
213.6492
219.3392
218.2313
210.2278
212.4687
209.2213
212.205
202.3579
204.3915
211.796
199.1047
198.1405
190.9842
193.7815
191.7627
196.407
196.4037
192.0513
178.6989
186.1134
195.8471
195.0906
191.884
197.8139
198.2762
203.2349
210.1307
210.6155
206.3795
203.0946
205.8164
207.6285
209.8876
206.3367
206.0511
204.3666
203.7096
209.5042
211.6324
215.9237
206.3894
205.2181
206.9065
209.504
201.7227
193.4371
190.2631
196.3692
206.6404
200.6378
207.5523
211.4581
206.2336
217.3231
206.6119
198.4012
200.1085
205.0055
196.6434
197.1163
205.0029
211.0263
208.7112
216.3112
210.5143
206.9212
200.3385
194.4312
187.9554
178.3062
182.1083
191.9949
190.651
189.1571
191.925
182.8386
181.0145
178.9143
172.6098
174.2356
174.2475
173.2328
163.3299
164.559
167.6576
158.1192
157.9593
152.1515
150.5446
152.4262
147.5867
146.2852
140.8428
145.8212
150.5487
149.9768
159.5352
154.632
157.4136
158.6188
157.7301
157.7217
153.8043
147.2136
148.284
148.1638
159.6603
160.3264
158.5121
159.8722
162.543
157.9516
158.4254
157.4822
153.1447
157.6769
158.2323
154.1763
162.3781
164.5837
165.8568
160.1519
164.4113
164.4091
164.2168
168.1018
172.6507
173.7248
177.8036
173.989
169.5501
174.1924
171.495
172.9415
176.1451
176.7979
178.4086
171.2724
168.7271
167.4745
169.6729
169.4331
166.2769
166.8917
172.5644
176.078
171.819
176.4696
169.6169
174.6361
179.5799
179.3966
182.4401
178.6239
189.1414
189.1894
192.3661
198.5021
204.419
225.4484
224.0452
227.9185
232.1331
221.1633
215.6274
215.5245
210.2164
218.7011
209.4695
214.9329
211.3671
214.9361
212.4743
215.6133
210.1283
226.6352
232.907
233.565
229.5902
227.5338
212.4985
211.3609
209.2492
201.9457
202.7351
212.1764
210.7717
209.8702
207.4877
194.9438
200.2185
202.0843
198.8016
192.4033
183.3843
185.6853
178.0921
170.7093
170.9488
177.6195
188.1828
180.4605
179.2996
176.6607
167.8603
164.6004
172.1872
178.7155
181.8618
185.4102
187.6472
187.5951
184.5625
191.2454
190.9172
184.9821
185.0208
190.375
188.5142
191.8019
191.1756
188.1515
181.4111
176.2156
172.5547
175.2157
175.9175
187.8873
191.305
185.6787
175.2326
177.4297
178.0175
171.354
179.7916
174.8231
171.5212
174.8379
172.1796
167.9349
171.8541
174.9752
167.8873
168.2982
169.7622
172.1524
173.7744
178.8384
180.15
179.7521
176.0374
179.2406
179.3681
183.0931
181.0102
171.2041
172.3402
171.4241
161.1318
166.626
168.0676
168.8833
167.9121
171.04
183.8393
177.2143
179.2017
170.1036
168.4793
172.3742
170.7066
169.237
160.7252
169.7382
171.6925
178.144
176.9596
176.6361
172.1741
177.4379
169.98
174.7647
182.4262
178.2636
169.6096
171.1267
173.3179
185.3186
182.6858
182.7689
183.5787
182.9437
179.1217
181.3108
178.64
178.7689
187.2403
194.3657
196.3013
197.5907
201.657
203.2605
204.4874
201.7945
201.5722
203.5305
210.6956
219.7419
216.9882
213.7282
207.3334
202.084
208.3405
199.0318
204.5497
202.08
194.8176
199.2378
203.6168
211.0647
218.0242
223.6969
227.4775
229.0597
233.0196
231.7781
235.6598
232.7525
237.2389
224.1605
223.8283
229.247
228.1074
219.8433
225.8691
223.9057
224.9171
220.3635
217.632
228.9012
224.1275
215.6268
220.718
215.9456
221.7355
229.2057
220.4405
216.1102
207.0663
206.8454
203.4858
200.3156
199.7169
203.4889
195.0621
200.4046
200.0603
205.4465
193.1505
193.95
197.8451
196.0281
197.3126
199.8767
199.7302
203.275
205.2648
202.9367
190.4497
194.4702
191.6062
203.2829
191.2711
189.3915
191.6464
194.4917
195.7805
200.2841
203.712
208.4964
211.1934
201.1725
193.7618
198.3314
192.8366
197.9338
194.8016
198.0489
210.4949
209.9551
201.8801
194.0126
198.3705
205.0825
204.0635
207.015
221.4515
219.9021
212.5581
207.0251
217.9762
215.7165
213.246
220.0705
221.0913
221.5264
225.6889
227.079
225.7872
235.6511
236.2257
234.8304
225.5122
224.1402
222.1466
210.2113
217.4453
209.757
222.4219
216.2182
217.9167
219.0743
216.6696
226.9051
234.6976
236.0934
229.9521
226.7689
231.5829
234.7619
235.0326
231.5629
234.3173
226.9531
234.9676
229.3682
234.7571
233.8026
238.0691
231.6271
227.7559
228.3443
229.9863
226.0621
226.2737
232.4089
228.7624
227.7325
226.5232
219.4206
216.1949
210.3861
203.0369
210.6846
208.364
221.2083
222.2646
216.6872
215.4259
219.2061
220.1655
213.5003
224.5728
221.882
231.6436
225.4122
222.4832
216.8023
216.7962
221.031
222.4344
222.1591
219.9606
213.6489
207.6076
206.7238
206.9231
211.3172
209.4781
205.7253
201.8026
203.9927
194.3354
190.8297
187.5014
186.2487
188.0487
185.824
185.1659
187.7171
186.3393
192.2188
192.7201
184.8207
178.7826
176.159
185.913
182.4811
184.1025
192.5787
187.8015
182.149
179.5488
180.6626
173.6688
167.417
168.1882
164.3092
164.8495
167.8544
167.4276
167.0847
166.7782
158.1624
160.5296
154.8986
150.8482
158.8228
159.7428
157.3687
153.3847
148.9948
148.4148
153.8726
149.7954
161.8786
154.2239
154.138
154.2251
154.8096
150.267
151.5543
151.8868
150.1497
149.572
150.3253
154.5741
145.8648
146.8757
148.68
146.9683
142.9686
145.323
148.3592
148.4565
146.6033
143.1919
139.4954
136.8491
138.3459
139.5098
138.2796
147.4231
138.971
137.7591
135
144.5183
141.068
142.278
140.3199
147.1962
147.9686
153.0713
153.8819
157.6584
157.5617
159.2257
159.766
164.8845
160.0302
156.8238
156.8437
152.4281
149.0745
146.8449
147.3288
145.9541
146.7127
148.7122
148.007
145.6371
151.3021
144.9886
144.9999
143.6728
144.9178
145.1019
149.8929
149.7006
144.5101
139.7883
144.9187
148.3408
146.1272
150.9601
145.6846
147.5236
145.0559
143.8212
146.686
143.5177
143.4116
144.9409
140.5822
140.3068
135.2424
140.9973
139.5947
144.8335
140.9846
144.4302
140.7506
144.2961
142.8688
140.9829
138.2493
139.1045
143.5848
142.0125
140.6634
139.9455
141.9466
144.2985
153.5559
158.4147
158.8062
157.1441
150.7031
154.3665
156.1925
162.9861
173.0512
169.4703
171.4538
167.0659
166.5659
167.9736
171.0403
170.5528
176.1908
177.6923
180.9883
181.3864
178.9192
184.3375
185.6982
187.2949
186.7461
183.2388
181.0462
175.3928
170.9739
174.5438
178.5534
180.7969
178.5423
181.6855
183.3503
181.1103
181.8977
176.5178
177.0778
179.3319
172.2546
176.5814
171.8574
177.4372
176.4723
171.8897
163.7468
167.3759
170.96
168.0299
171.5552
175.0872
175.7328
175.9933
172.192
163.0873
163.7571
174.4795
169.8994
162.5949
163.4061
163.1135
166.4992
164.4519
168.4637
170.6141
168.3744
168.5014
160.6531
160.1881
161.2742
152.391
155.4669
154.8062
154.1966
156.6764
156.6968
166.0438
164.2291
161.2908
162.502
159.4407
157.426
156.0314
151.8025
148.7321
143.397
151.4152
146.6637
150.4848
155.6301
159.807
157.0492
162.2166
173.1741
173.6396
166.0356
164.6387
166.5559
169.9951
163.4151
159.72
160.5727
164.8621
171.3774
163.1823
153.5324
160.068
156.5751
163.4903
163.1234
166.7958
166.5206
167.8521
172.9405
178.1752
178.4994
176.2834
174.0999
177.315
173.9871
176.9128
176.0656
176.4393
173.0783
184.1594
185.3952
186.5021
189.2905
195.2513
190.3682
192.9993
197.2058
201.4137
203.0516
194.4325
197.2513
191.7673
190.2272
191.9161
199.4834
192.8598
181.6513
188.8448
199.6602
190.582
188.9152
188.0716
188.6988
183.3805
180.9855
175.3069
181.0753
179.4471
180.8436
176.4768
166.2812
168.2268
166.5194
160.6934
169.8478
163.7267
163.0852
167.2567
164.9145
160.3029
158.4769
152.7418
148.5063
143.8899
141.812
141.9274
138.7729
139.9796
145.7445
140.517
141.5856
145.5871
149.3928
151.921
147.8788
151.1725
152.3058
146.0491
148.5465
146.7789
147.6414
143.3194
148.4883
139.1503
138.1394
134.9579
138.9657
138.6157
135.2296
141.9437
143.5075
143.2164
149.5181
159.0382
155.654
160.4229
151.7977
