34.96148
37.6723
32.98574
30.40015
40.88486
34.50675
33.14904
39.27962
35.0963
35.13531
34.45256
37.6045
31.53273
32.41522
44.41875
37.95591
40.52474
42.17104
34.00734
36.80449
36.99928
35.17117
34.72766
37.20013
40.15474
45.11191
37.93316
35.3749
34.57961
41.06439
37.279
40.31557
38.42172
39.8519
37.29834
35.78322
39.32115
38.89596
36.32608
39.00466
38.90495
45.22698
39.66156
34.78453
37.63033
36.49098
33.64237
37.70171
45.58901
41.93944
40.71725
38.54901
34.6251
41.90708
40.37828
35.34081
37.38826
41.18736
42.2622
38.72279
35.08611
36.15645
41.87968
34.49037
37.34293
38.25642
36.7992
40.04172
44.97052
33.6164
33.49305
39.0098
36.24449
35.48125
40.98274
41.09956
33.07445
34.62831
36.87886
36.84639
42.09079
36.82796
33.64853
36.76706
38.69658
38.52477
35.69161
38.57766
37.40862
39.31308
40.3508
35.39657
39.38495
37.08089
36.41997
37.6573
39.79496
36.89071
41.56528
40.28483
39.04817
37.54099
41.37204
39.19401
34.93027
39.83868
39.68673
36.64565
34.89978
40.61671
38.8738
35.94335
38.8344
38.73456
36.53727
36.92035
37.40108
36.61203
38.47343
37.1489
36.8622
37.96386
38.59298
35.43547
36.0602
37.05784
38.74659
36.18194
36.95636
38.88259
38.68008
38.50099
35.95198
37.32837
40.4717
33.68572
36.97118
44.0739
36.85431
35.14072
34.46096
37.08688
38.8753
32.70893
37.72234
35.17617
33.56516
39.50527
41.03765
39.72796
37.9322
37.54527
34.12394
34.33186
32.74714
36.86168
34.58252
34.69274
34.52101
41.20448
41.7073
41.72432
40.44787
38.59671
36.17458
34.99541
37.59379
39.48015
42.39346
40.25725
39.23324
40.41196
34.85748
39.4841
36.30165
43.67313
36.71362
36.91769
42.2416
40.46695
37.22644
37.99336
38.97865
39.20671
39.90089
38.65963
38.80835
35.63237
32.01379
39.55033
35.01037
38.0679
35.09409
36.10032
38.68473
33.23292
34.06492
36.53469
40.71793
40.52063
38.50869
33.93816
43.41031
37.85678
41.01149
36.12401
39.25725
38.04628
36.03246
38.97325
38.15823
35.33365
38.97304
39.1282
39.13254
37.27682
37.01494
40.93884
38.01298
40.30017
37.40925
39.84129
35.34922
38.29321
40.23415
42.19129
40.2247
37.14916
37.08288
34.19885
35.28791
45.64363
38.34778
39.65065
33.01623
34.30211
35.77121
40.20711
40.16361
40.21818
39.75255
35.33517
36.4308
38.48848
34.95953
36.44634
40.19295
37.9035
33.5125
36.5625
40.65465
37.69584
35.02495
40.48133
40.22194
35.90678
37.90702
40.46748
37.83437
34.43615
31.37189
36.93812
37.38118
38.21906
39.99566
39.72024
33.7791
33.35859
39.96324
37.49812
37.20914
39.45758
47.33552
41.09375
40.27563
40.84349
44.81655
37.80082
32.41007
39.93914
41.66329
40.88463
37.03136
39.44658
39.64392
39.70899
40.52641
35.89964
40.63397
36.59327
40.98456
39.5848
37.7997
39.28625
42.50504
36.18837
37.08038
40.71318
39.95979
37.02951
33.52879
37.56835
40.37471
38.57771
42.88571
39.00127
37.13697
36.1004
39.70754
40.29315
35.8479
36.76943
36.75946
39.23113
40.74509
36.21333
37.92081
34.51271
41.99118
35.49882
39.21302
40.17136
38.56799
35.7318
36.82994
44.63305
38.60017
35.44103
40.95083
40.18208
37.84732
38.92617
39.28371
38.17273
42.18654
41.03991
40.09807
44.46891
42.47749
36.29572
43.39334
35.85471
36.78643
39.59373
39.32405
39.30531
37.88085
39.18775
39.48205
39.91226
37.67459
37.62185
33.2533
37.12303
39.23493
33.25615
36.12794
39.05941
40.33008
41.79288
37.55215
40.35993
40.1902
37.56335
37.18629
37.65244
39.40246
41.17283
34.74935
41.69859
36.62454
36.2112
36.9561
34.82153
35.83724
33.49299
40.01732
37.39841
36.84075
36.21153
34.55802
36.39477
34.10296
40.17115
38.46248
41.81756
38.48917
37.94183
36.81067
42.70923
36.17527
35.68779
34.78302
35.7347
43.27517
39.65368
32.94643
33.25546
39.05973
38.35807
33.44764
42.35772
37.79624
34.38915
34.24351
39.25159
35.98913
37.2039
40.96018
34.54489
38.06529
38.50413
35.67345
34.85859
42.7796
43.08351
39.31634
37.35625
44.07897
35.49634
36.29553
37.63957
40.68503
38.10509
38.24389
37.94779
37.98918
40.82882
34.67452
37.54766
37.85513
37.59002
36.22996
38.34097
35.79284
40.5794
40.89906
37.74563
35.89838
37.94287
37.89279
32.82833
41.29915
36.82259
35.38799
40.13611
39.04366
41.07725
37.62802
39.22181
36.33581
34.8696
31.05591
31.41193
35.63985
39.26905
36.78109
34.28364
37.09891
43.50151
37.29538
38.37164
36.42161
41.75585
38.96644
41.09964
36.5935
40.11664
36.13056
38.6946
39.91546
44.64034
35.2322
32.71268
38.48492
41.92304
38.23366
36.23631
38.99166
36.95869
37.94997
38.78313
39.8597
34.29442
33.90057
37.34254
34.53667
38.7102
36.82125
39.64033
35.39479
46.19029
35.89298
34.08415
38.72686
37.0361
36.94272
41.4834
39.60524
39.04047
43.35132
37.40523
41.03648
37.15559
36.78304
36.13915
40.11248
37.0563
36.97028
37.12743
38.83119
36.92358
41.33255
34.31732
41.75222
35.00105
38.24126
36.66981
40.09851
35.74497
42.41198
39.08646
42.15283
35.61797
39.12989
34.61299
36.78545
39.14187
41.57946
37.37452
39.80118
36.57858
40.76268
36.43558
34.03664
36.87041
39.3025
35.98151
34.87397
38.27585
38.43735
38.304
41.00491
33.98757
37.7213
43.77823
36.68843
38.75189
34.20236
40.89369
39.98996
34.52844
33.17239
36.42447
37.72952
37.52728
39.49853
33.99055
36.30807
42.65603
39.1889
36.58046
42.74044
34.64832
36.44507
35.03249
37.04083
42.17572
37.8359
35.95112
35.40838
37.73962
38.73465
37.19643
37.92321
40.64325
33.64131
41.94404
36.60698
36.82643
45.43203
32.8561
42.45401
35.96275
38.5322
36.5436
37.71715
38.70446
38.51377
38.53202
36.19915
36.88473
43.28836
38.20957
37.48887
42.56413
38.95242
38.27556
38.00165
39.67327
41.30579
39.01446
35.96841
46.73882
39.18492
37.73395
38.55323
40.24681
44.1073
36.61456
41.02236
34.01033
40.2407
37.19707
37.89833
40.17222
34.81948
41.06028
38.03151
38.47039
42.55138
36.28522
40.42042
38.51962
36.63613
38.01032
39.67311
35.64107
37.88427
40.49216
35.27949
39.82637
30.57264
32.61124
37.26191
37.90872
39.78261
34.33057
40.20349
39.16396
38.43009
41.31352
41.06984
41.17177
36.34702
40.48343
34.82264
38.70149
41.47489
39.12486
37.9554
41.00182
37.40371
41.21462
37.38607
35.51327
39.68359
41.31144
39.4134
35.95093
36.48665
38.73077
38.30223
38.89001
40.04703
35.19258
37.97438
36.52316
37.48943
41.29104
34.29587
39.43428
41.76203
37.9738
37.67686
37.31078
39.75554
37.18068
34.52407
37.64284
42.0629
35.60685
39.6985
36.92551
34.78807
39.06754
37.4486
42.74862
42.61867
41.43211
40.30906
40.30466
41.23493
42.10312
44.94788
41.05937
39.70581
35.75046
39.00888
38.20591
39.01663
39.83336
34.6541
38.22639
36.45384
39.04926
39.24188
38.12799
34.19565
36.46748
39.05754
40.71487
33.80125
37.76663
34.15454
40.91328
40.25063
38.94761
38.02938
33.76123
36.46366
41.27794
37.85509
42.80878
39.72942
43.7148
40.90637
41.36722
40.03293
35.72287
40.23816
33.67749
34.91021
36.6507
39.56701
38.42664
37.83064
41.2757
42.27759
37.46878
35.5469
36.83489
41.85504
36.36921
37.06838
40.63532
38.68029
36.97951
39.31981
40.74832
35.63651
33.90387
40.2714
38.65436
41.2286
35.97909
35.09049
38.60368
35.58785
41.01712
41.45324
35.13115
39.01609
35.29636
39.83463
39.15996
37.24017
35.74295
33.13136
42.16539
39.94393
40.25069
37.6669
40.02715
35.87451
40.11828
38.8489
34.93943
40.77819
35.47037
35.95885
41.79785
33.47301
38.03691
34.25033
37.98049
38.24738
36.84748
41.09596
39.12916
41.30155
38.71978
38.72092
38.93819
38.87838
37.35602
43.917
35.87762
40.90216
37.29607
39.4367
34.08478
42.48877
38.24507
43.66401
39.31149
35.56533
40.90983
35.3998
34.52183
32.05514
38.64021
40.61306
38.94911
39.43208
39.07812
35.69554
43.31304
35.80752
34.35944
39.07335
36.63435
39.44031
38.82215
37.88752
41.18762
38.99288
39.37124
35.23836
33.9709
37.36941
36.71731
37.6593
35.46133
37.6153
36.82377
38.05856
35.64385
38.04655
40.43504
34.07285
32.5169
35.07178
37.14038
41.25787
33.54534
37.85538
38.4219
34.03195
38.82417
36.68709
35.95998
44.92836
39.49351
39.31219
42.63308
40.3928
37.31158
38.48924
35.77823
38.06266
36.61853
40.45991
37.16097
38.01488
41.01755
39.47713
34.48879
37.19045
35.64266
37.8674
40.20013
36.27577
39.40218
34.67168
42.83009
37.0406
37.11301
38.34492
33.34935
41.25792
39.17107
38.17561
40.58041
37.66487
40.6299
41.1315
38.72897
40.98633
36.29913
36.4718
37.68499
39.79531
39.04221
38.76666
37.53044
38.91381
35.00732
35.28931
38.58396
39.89975
33.84231
40.54593
34.86918
37.19965
35.5958
38.26085
37.79944
38.47963
41.89015
37.06141
41.96625
36.45395
37.5212
35.4163
35.72904
40.10821
39.78813
36.40555
38.51932
38.31821
36.64802
39.6777
34.61613
32.26433
34.25634
37.94383
32.83955
38.76318
35.65684
33.11015
36.50538
40.33496
37.23466
35.52664
37.20029
41.46489
36.61937
36.42569
38.51981
36.88774
35.83239
42.20275
39.08439
43.22155
38.20597
39.29086
37.33574
36.11508
43.06603
39.66137
37.8322
41.78397
41.62361
42.52756
34.16672
36.02381
38.52495
36.61368
40.35827
39.76562
39.76595
41.12512
32.87134
37.34314
39.90603
35.12072
37.31445
35.52771
41.79091
34.37358
38.23173
40.70056
39.93649
37.71709
33.85093
34.28912
40.58008
39.81317
32.52571
39.82491
38.1049
39.55907
36.54949
39.84819
35.8222
35.61204
41.01135
38.36561
38.96568
39.69023
44.1427
45.57378
40.53798
40.91696
35.52359
44.65516
38.69972
38.3569
36.9723
37.1351
41.04039
36.54017
40.47592
38.98397
40.48745
35.85157
36.01965
37.50192
44.32655
43.22242
38.72089
36.8692
42.14869
38.52858
39.43298
37.03185
37.2648
35.45026
41.84704
45.00837
37.69626
40.90902
34.26288
39.57493
39.02834
34.47831
37.45203
33.96999
35.03829
39.75366
33.20388
41.83256
38.69731
36.94109
36.01513
35.81553
37.02438
42.66928
38.77197
35.41275
36.36407
39.43267
37.82023
34.61827
33.30945
40.81922
38.21474
37.15135
40.27434
35.85769
41.68239
34.78122
38.09669
35.88965
34.60146
36.58801
36.5366
38.83573
32.21394
38.97709
37.14067
37.27548
38.98531
40.68755
37.04904
36.95786
37.22588
36.73148
30.5339
34.5237
39.49148
35.95481
36.74439
37.05743
36.08337
36.9084
33.67961
38.15221
37.75093
38.73554
37.00144
38.44837
38.54761
36.81054
41.96221
36.00171
39.96113
36.64056
37.54031
39.7389
37.41681
35.52726
34.6949
33.94584
32.02282
34.9701
37.66653
35.27204
38.41925
40.35068
43.71352
41.87572
42.04717
35.84515
37.27084
35.13881
33.62115
36.10436
38.49813
37.93453
40.14675
38.45863
36.49863
38.96883
41.23057
40.60937
39.36918
37.62569
34.44275
35.41281
32.91056
38.54883
36.31476
41.57018
37.03872
39.52334
40.41027
35.50091
41.20361
42.06795
40.68073
36.91908
37.65931
38.06573
35.69602
43.01378
35.34086
38.77953
38.12961
37.77613
37.21749
39.9757
41.97358
34.34019
35.30614
36.77148
44.29272
45.48315
34.87223
39.53588
32.7744
34.08292
39.68481
34.75643
35.08588
35.52805
36.35665
34.79553
37.96723
37.61051
36.96454
40.1871
39.26906
39.20565
33.3993
42.2186
39.75478
40.98879
36.47988
37.9629
36.37979
37.39339
32.6108
38.9929
38.9883
36.52973
37.14953
40.63201
36.96403
39.14225
33.89917
41.10581
39.58656
34.87534
35.75347
36.44718
33.93973
35.41109
42.96433
36.78389
42.17525
39.35664
35.65086
35.92415
42.3504
39.38924
37.21015
36.37269
39.40973
33.39913
40.01926
36.78128
38.63241
39.02861
40.88246
40.90067
34.07587
44.40212
39.09252
38.49057
37.11127
37.10016
41.74042
39.12543
40.25014
39.19855
37.52744
34.67272
40.29891
45.09892
36.672
37.65928
39.24287
37.76287
41.5684
35.30054
36.39873
39.60245
37.81433
35.58721
39.66541
36.63796
41.43246
44.43058
38.94766
40.71778
35.27402
42.27577
35.57507
38.45508
40.83721
37.59032
32.90074
35.25094
37.48566
34.03586
38.59996
38.37641
33.9682
37.68378
36.71115
37.34893
35.4433
36.23111
37.61729
36.26376
40.36112
38.6792
41.85237
38.37384
36.4876
33.90328
36.31034
41.08265
41.13
35.77386
33.5578
38.75889
41.94728
36.22987
34.82386
31.64073
39.44434
37.85633
38.53422
37.56941
38.83588
34.81192
33.14479
35.47182
37.20326
42.51195
34.69043
38.5129
38.50518
43.70396
37.56666
38.98322
39.68453
38.21099
39.40481
36.61811
41.05578
38.18249
32.38562
35.26819
37.85468
36.61738
34.92943
34.92518
33.15761
38.5043
39.71086
36.51778
37.23974
40.97345
41.07957
37.43787
36.6693
37.60349
40.27701
41.94062
37.26261
39.28495
41.3792
35.79483
40.56139
34.09734
32.57483
38.25424
39.33788
39.07539
40.69624
40.42637
38.08795
39.99494
35.10656
37.48516
35.97152
36.30625
42.83025
39.13789
41.03337
38.61727
33.31991
35.84686
40.93779
38.74449
35.11109
37.32632
35.36835
39.30287
37.26158
33.95605
34.78805
38.07297
39.35975
35.18336
39.67386
45.49109
37.61018
34.55363
37.3283
36.23169
35.83137
40.74
35.58976
37.93086
38.01365
39.48439
35.50824
33.54071
38.43708
33.14063
34.70598
37.59319
36.99634
39.76364
45.44197
37.77435
39.46166
36.35967
40.04209
37.43205
36.56054
43.89989
36.02337
40.53346
38.22305
34.09417
38.95081
40.99664
37.84665
42.67039
39.01896
35.50945
36.19464
37.14575
37.21626
36.53279
39.74394
35.56089
33.59336
38.30717
39.57924
36.60511
35.80789
38.46093
38.36344
39.48787
37.60798
40.29704
37.60993
38.71672
39.29213
36.42829
36.39253
39.29302
42.41676
38.73249
39.03494
36.24195
43.82677
36.83755
36.26881
39.46351
36.9598
31.98766
37.67221
36.14174
37.70618
37.37898
40.82071
33.84572
33.02085
37.18434
37.90501
31.56814
42.51524
36.32741
39.98955
38.31889
37.2423
44.73825
40.99178
39.31635
35.49609
39.38756
34.76855
32.40529
40.67092
37.22531
36.15549
34.61391
41.93564
44.65976
36.05484
34.80049
40.23719
40.84162
38.10513
40.47871
35.23046
34.93628
45.94673
37.86245
38.56028
38.09826
43.34073
38.91226
39.79512
35.13657
38.58354
34.0174
35.96967
36.95974
38.12324
36.57313
37.14919
38.44601
34.68245
38.22385
36.89172
41.60253
35.72349
34.79011
42.48471
38.79941
38.63909
37.69522
37.74197
33.62863
32.80849
39.65191
41.60395
34.47691
34.99352
37.17612
41.12201
39.37197
38.80598
40.32028
36.35822
37.82086
34.77605
36.95281
33.11446
34.72575
39.01474
38.68074
35.56249
37.63755
38.19827
43.3902
37.57735
37.02467
36.50867
41.69752
35.59787
36.57908
37.33125
39.09843
34.13286
38.90024
38.9471
33.7674
36.8408
35.95594
38.98899
36.17022
39.21746
34.63623
37.27043
37.6522
40.9624
40.49493
38.08766
42.94526
33.69718
38.6483
34.83134
41.17659
40.91485
41.07034
40.01415
45.91014
38.60973
42.65806
32.4894
35.40064
39.82253
36.96525
37.88162
38.3825
43.13507
36.21058
40.30152
41.30507
36.81294
40.45719
41.33506
40.2034
35.07672
34.14433
38.27996
34.17952
37.64327
31.86583
36.83401
37.93848
34.02408
33.21358
35.38089
39.06428
36.12464
36.69752
39.15337
37.54553
41.22181
35.82165
35.16271
36.56208
38.54782
37.00869
38.96912
41.64029
34.85443
35.36481
33.62797
36.95256
40.09968
36.23564
34.69009
41.2227
39.37235
40.44922
38.14173
43.49997
37.95007
43.07885
40.7867
37.32302
38.3866
38.81795
33.72256
37.92011
39.4068
34.8504
38.71734
36.85825
38.78557
38.22159
37.1886
36.35321
39.75104
37.34705
41.31649
44.08602
38.73114
36.2616
34.40881
39.07307
37.70843
36.98502
33.09556
36.9339
38.71457
34.58647
36.97432
40.68806
40.54391
38.12679
37.17427
34.85233
33.78978
35.08558
39.27403
32.95194
39.68777
34.58884
36.18899
35.34224
39.10241
40.94281
34.68741
34.43317
34.09017
37.52189
35.77029
35.66288
33.74263
39.74857
37.96883
36.2467
41.38756
35.58807
35.59677
33.65521
37.38556
35.67003
38.81227
34.38677
39.90934
36.98401
34.83917
38.25794
36.05151
37.76112
35.50778
36.04199
36.3717
41.03307
36.2477
38.90105
35.57272
