0.5827337
0.5568904
0.518134
0.5329334
0.5318385
0.5363677
0.5281031
0.5381574
0.5538667
0.5380287
0.5330981
0.532278
0.5379569
0.5626409
0.547696
0.5171547
0.4957249
0.4912722
0.4820671
0.4954695
0.4663843
0.4880697
0.4700907
0.4539494
0.4367398
0.4468376
0.4537749
0.427337
0.4325497
0.4474914
0.4336547
0.4257395
0.4153342
0.418459
0.4017478
0.4034937
0.3922194
0.3869175
0.4004141
0.38452
0.3981465
0.3677866
0.3739928
0.3570405
0.3656322
0.3590497
0.3670593
0.3568418
0.3627878
0.3597853
0.3768904
0.3716022
0.3933805
0.3818285
0.3637265
0.3705324
0.3624399
0.3768206
0.3469392
0.3643706
0.3399307
0.3591134
0.3578422
0.3782798
0.3907814
0.3844004
0.3870675
0.4102659
0.4250905
0.4346437
0.4512014
0.4460713
0.4252009
0.4395694
0.4232442
0.4392732
0.4650025
0.4325134
0.4315477
0.4657254
0.4553531
0.4411622
0.4477684
0.4482903
0.447168
0.432123
0.4026535
0.3945707
0.4226619
0.4333847
0.4756428
0.4617469
0.4294698
0.41314
0.4024296
0.3938307
0.3862003
0.3689398
0.3713046
0.4045654
0.4120218
0.4168037
0.3911424
0.3991788
0.4092805
0.3918387
0.3966477
0.4044051
0.4070175
0.3781667
0.3970064
0.3885257
0.4022262
0.379643
0.367803
0.3521037
0.3481528
0.3492501
0.3412211
0.3497397
0.3353353
0.3281681
0.3366314
0.3268281
0.3289521
0.3235848
0.3321753
0.3077141
0.3097573
0.2936238
0.2938067
0.2920166
0.3080833
0.298143
0.29777
0.2880972
0.2875603
0.2827889
0.2911474
0.2694467
0.2966093
0.3131885
0.3014627
0.2973157
0.307903
0.3040177
0.2890877
0.2931511
0.2952133
0.2968555
0.2997995
0.2851879
0.2853225
0.3049861
0.2951686
0.3176653
0.3223961
0.3125768
0.3218094
0.3116945
0.3181598
0.3172497
0.3247237
0.3296564
0.3347274
0.34111
0.337272
0.3251752
0.3182088
0.3055296
0.3138957
0.3179168
0.3036037
0.3157206
0.3310272
0.3238381
0.3280132
0.3284866
0.3254278
0.3118471
0.3102357
0.3148008
0.3223764
0.3197481
0.3204374
0.3272432
0.3338962
0.3393412
0.3458132
0.366428
0.3810227
0.3907104
0.3795053
0.3848339
0.3796238
0.3573471
0.3656768
0.3686833
0.3852085
0.3732269
0.3651945
0.3516143
0.3648953
0.373443
0.3702396
0.3787251
0.3777597
0.3577893
0.3848343
0.3885186
0.3733748
0.3771743
0.3645043
0.3600473
0.3718499
0.3747789
0.3720413
0.3696346
0.3797933
0.3858918
0.36612
0.3832425
0.3764053
0.360281
0.3532507
0.3430948
0.3461568
0.3352765
0.3439397
0.3426367
0.3405295
0.3392754
0.3388715
0.3370846
0.3432369
0.3426866
0.3478417
0.3298126
0.3404537
0.3549724
0.3602471
0.3666844
0.3633916
0.356872
0.3584829
0.3558889
0.3584004
0.3868479
0.3901085
0.4045812
0.4067454
0.4013751
0.3894275
0.4027522
0.3793837
0.3843762
0.4051285
0.3865993
0.4096876
0.4215435
0.4415019
0.4503702
0.4044821
0.3898718
0.3674703
0.3735505
0.3820232
0.4043643
0.405062
0.426715
0.4185133
0.4100755
0.3970782
0.387178
0.3816423
0.3653718
0.3927428
0.3788688
0.4039345
0.4033353
0.4105295
0.4221454
0.4012426
0.3962989
0.4237731
0.4387118
0.4078565
0.4243488
0.4005918
0.4020087
0.3891271
0.3976764
0.3892925
0.38961
0.3631305
0.3706464
0.3670082
0.3466191
0.3487672
0.3313858
0.3527717
0.3391992
0.3405047
0.3261279
0.3349778
0.3421282
0.3476898
0.3374506
0.3361672
0.3455769
0.3319035
0.3255533
0.3437581
0.3540693
0.3654924
0.358921
0.3550128
0.3480457
0.3693528
0.3552017
0.3850105
0.3778995
0.3695281
0.3818618
0.3961747
0.3937851
0.4007121
0.3758763
0.3659202
0.3642967
0.3649266
0.3693735
0.356833
0.329905
0.340856
0.3627331
0.3561519
0.326364
0.3393521
0.3238032
0.3089273
0.3218913
0.3199969
0.3190987
0.3250341
0.3133309
0.3098
0.3054493
0.2926649
0.3046829
0.3065295
0.3107176
0.3109916
0.3079418
0.307288
0.3091183
0.3266089
0.3338979
0.327436
0.3390126
0.3322382
0.3113529
0.3070173
0.2988217
0.319266
0.3138883
0.3108265
0.324556
0.3499792
0.3577609
0.3523493
0.3639439
0.3681672
0.3575831
0.3482926
0.3481859
0.3551592
0.3595403
0.3834445
0.3822885
0.3806231
0.3509003
0.3644917
0.368537
0.3750655
0.3749182
0.3921548
0.4031998
0.3692245
0.3634434
0.3402142
0.3327787
0.3449527
0.332195
0.3321269
0.3266516
0.3228239
0.3187581
0.3100441
0.3073294
0.2984143
0.3103297
0.3153729
0.3038961
0.3266959
0.3241634
0.3254085
0.3373836
0.3078112
0.3263179
0.3104127
0.2983443
0.308515
0.3076654
0.2952357
0.3097453
0.3028993
0.3001892
0.3130832
0.3125177
0.3076899
0.3112053
0.3151608
0.3014038
0.3072642
0.3061121
0.3107036
0.2874796
0.3015216
0.2926957
0.2854688
0.2854869
0.2963707
0.3034576
0.3346279
0.3463409
0.360844
0.3562259
0.3385491
0.3584385
0.3437814
0.3620021
0.3668708
0.349666
0.3468107
0.3230165
0.3020162
0.3177055
0.3264725
0.347903
0.3335709
0.3340699
0.3143013
0.3346656
0.3275446
0.342617
0.3301872
0.3252401
0.3133124
0.3401898
0.3244456
0.33491
0.3374443
0.3148908
0.2945813
0.2937701
0.2989822
0.304666
0.3104667
0.3420842
0.3445878
0.329211
0.3206969
0.3335726
0.3321169
0.344497
0.3293545
0.3439534
0.3499179
0.3438415
0.3347412
0.3239954
0.3083945
0.3065046
0.3240294
0.3273778
0.3124729
0.3194858
0.3414529
0.3355192
0.3425448
0.3422581
0.3332265
0.3504904
0.3494424
0.3521588
0.3573663
0.3611401
0.3533893
0.3573205
0.3718072
0.374549
0.3702496
0.3586398
0.3565679
0.3462086
0.3605855
0.343792
0.3614906
0.3636744
0.3463685
0.3583153
0.375044
0.3677361
0.3764808
0.3728539
0.3450097
0.3383146
0.3301029
0.3497283
0.3472519
0.3498498
0.3570112
0.3573724
0.3552989
0.3533004
0.3418754
0.3549827
0.348026
0.3499601
0.3694285
0.3815752
0.3852044
0.3732387
0.373089
0.3723872
0.3818042
0.3834079
0.387744
0.3854535
0.3612583
0.3749972
0.3535387
0.338922
0.3339763
0.3327166
0.3368014
0.3307027
0.3168004
0.3112408
0.322545
0.3221205
0.3121628
0.3010274
0.2975495
0.2854331
0.2854049
0.3001364
0.3138382
0.3024464
0.3050197
0.31672
0.3153783
0.3032194
0.2999635
0.2878473
0.286359
0.2813072
0.278434
0.2805928
0.2865184
0.2896904
0.2902657
0.3088835
0.3053476
0.3137034
0.3095035
0.3201382
0.3270415
0.3350125
0.308792
0.3111532
0.3157355
0.3092656
0.2965197
0.319619
0.3167243
0.3199732
0.3148563
0.3216349
0.3349322
0.3511232
0.3386741
0.3419739
0.3547832
0.3622732
0.3618809
0.3704369
0.3669094
0.3592101
0.3796009
0.3672339
0.3833061
0.4094316
0.4246437
0.4126227
0.4258434
0.4295782
0.4250061
0.4093557
0.4012306
0.3745747
0.3354177
0.3322418
0.330293
0.3179515
0.3253003
0.3374121
0.3476442
0.3640973
0.3571233
0.3671282
0.3863094
0.3892318
0.3781783
0.3695345
0.3468518
0.3484868
0.3296312
0.3558294
0.3807773
0.3669302
0.3688974
0.3723865
0.3733032
0.3890306
0.3887226
0.3836084
0.3878532
0.3784366
0.3999106
0.4040633
0.4129748
0.4318256
0.4470941
0.4543327
0.4360998
0.4481153
0.4607052
0.4588254
0.4811967
0.4973167
0.5408117
0.5618219
0.5699399
0.5568263
0.534949
0.5520332
0.536357
0.5505381
0.5174478
0.5244382
0.5290707
0.4729962
0.4730364
0.4849456
0.4744457
0.4730453
0.4758952
0.4631621
0.4717762
0.4723749
0.4770563
0.4641524
0.4630968
0.4558635
0.4532001
0.4536272
0.4613428
0.4791685
0.4366635
0.3913464
0.3787079
0.3781077
0.3960388
0.3719275
0.4065356
0.4320531
0.4354813
0.3931079
0.3938411
0.4143423
0.3956071
0.3898948
0.407495
0.4025207
0.4032134
0.3959005
0.3940541
0.3883147
0.3774605
0.3735912
0.3771092
0.3910913
0.3892441
0.3801967
0.3777803
0.3982656
0.4040841
0.4069089
0.379817
0.4083629
0.4010162
0.3805698
0.4014677
0.3968493
0.4232171
0.436583
0.4396405
0.4523494
0.4597642
0.4619228
0.4479016
0.4670052
0.4643282
0.4728639
0.4646874
0.4290285
0.4270095
0.4221611
0.4124602
0.4177698
0.4200821
0.404333
0.3947399
0.4130339
0.3941401
0.3940613
0.4162025
0.4083323
0.3972755
0.4186457
0.4102464
0.3878508
0.3765164
0.3767183
0.3853165
0.37626
0.3805215
0.3787694
0.3795777
0.3942061
0.3699144
0.3490974
0.3718356
0.3641286
0.3597821
0.3693982
0.3672744
0.390457
0.3881613
0.3969261
0.3654391
0.3708128
0.3767442
0.3661678
0.378369
0.3870881
0.4159833
0.4203579
0.4041291
0.4025293
0.4156365
0.4189627
0.4065214
0.4116502
0.4190247
0.4117037
0.4002539
0.4042647
0.3993316
0.3813024
0.3678823
0.3566656
0.3653766
0.3425202
0.342269
0.3434839
0.3371094
0.3396129
0.3368422
0.3456107
0.3179063
0.3042794
0.3041609
0.3193995
0.3402342
0.3270928
0.3367231
0.3008181
0.2960876
0.2942705
0.2844269
0.3031185
0.3031696
0.2947025
0.3027533
0.3080299
0.3133606
0.3190427
0.3294056
0.3301057
0.3316616
0.3209385
0.3345322
0.3433443
0.3588857
0.343496
0.3618729
0.38267
0.3969859
0.3924742
0.3849056
0.3856891
0.3957787
0.3890756
0.3804388
0.3762197
0.3813865
0.3825449
0.3776399
0.3770076
0.3663073
0.3656559
0.3732388
0.3525245
0.3457708
0.345852
0.3431777
0.367135
0.3723422
0.366362
0.3719564
0.380415
0.3848807
0.389327
0.3883538
0.3734001
0.38783
0.399095
0.39283
0.4160367
0.4042054
0.4468723
0.4578042
0.4573255
0.4647461
0.4318421
0.4302129
0.4181497
0.4267215
0.4241926
0.430352
0.4047168
0.4126229
0.4174386
0.4156475
0.4167947
0.3970874
0.3960397
0.4029187
0.3896241
0.3829336
0.3750932
0.3682066
0.3829793
0.3707184
0.3900621
0.4095765
0.3961325
0.3730469
0.3639562
0.3333907
0.3480466
0.3330428
0.3366197
0.3232898
0.3280198
0.3347827
0.3526159
0.3577085
0.3797279
0.3635937
0.3484532
0.3465701
0.35966
0.3405825
0.3489129
0.3282099
0.3167049
0.3202738
0.3302903
0.3224755
0.3297995
0.3420912
0.3378069
0.3402637
0.3484509
0.3548582
0.3359825
0.3346696
0.3494955
0.3655596
0.371542
0.386488
0.3934915
0.3700296
0.3564956
0.3540423
0.3513701
0.360219
0.3692153
0.3481651
0.3377058
0.3249074
0.3330127
0.3441353
0.3238459
0.3160333
0.3118594
0.325216
0.3264407
0.3351112
0.3226006
0.3364148
0.3507407
0.3674317
0.3584752
0.3901177
0.391348
0.3972286
0.3827228
0.4092803
0.3925771
0.389372
0.4055856
0.3889256
0.3748803
0.4000542
0.3862264
0.4218605
0.4187837
0.4154137
0.4119372
0.4147216
0.4294822
0.4329197
0.4237354
0.4233584
0.4162256
0.3974547
0.4052497
0.4101009
0.3886091
0.3951519
0.3836845
0.3720986
0.3659842
0.374008
0.349187
0.3605876
0.3500869
0.3631924
0.3650435
0.3698412
0.3784791
0.3940114
0.400171
0.4288986
0.4685471
0.4645441
0.4591801
0.4735952
0.4787572
0.4548927
0.5010596
0.517987
0.5455256
0.5148826
0.5078242
0.4907433
0.4648417
0.490461
0.476422
0.4665083
0.4568781
0.463617
0.4395691
0.4414509
0.4588784
0.4486267
0.4713763
0.5015753
0.5026044
0.5443084
0.5568376
0.5403015
0.5399431
0.536157
0.5341378
0.5289861
0.5041154
0.5056798
0.4912763
0.4797071
0.4707649
0.4752286
0.4836845
0.4558904
0.4413672
0.4480991
0.4522322
0.4680818
0.4803285
0.494567
0.5024376
0.4865605
0.4643945
0.4839329
0.4649585
0.4726869
0.4808291
0.4845497
0.4812233
0.5012788
0.4993355
0.4752877
0.4948325
0.5350429
0.5383263
0.5365813
0.5165094
0.5138773
0.5156656
0.5461324
0.5379684
0.5249197
0.5301987
0.5327633
0.5285424
0.5221546
0.5126659
0.47607
0.4466959
0.4608378
0.4792547
0.4668558
0.4793718
0.4774544
0.4838829
0.5065397
0.4895221
0.5034878
0.4944497
0.4799764
0.4810064
0.4809961
0.4857662
0.4882263
0.4885617
0.4719994
0.4608168
0.4668128
0.5040316
0.5098489
0.5180679
0.5462046
0.5365753
0.533531
0.5084093
0.4936767
0.5326278
0.536445
0.5360137
0.5020336
0.4744365
0.46457
0.4582819
0.4420474
0.4687825
0.4576984
0.4540329
0.4437537
0.4487416
0.4333996
0.4066099
0.3989661
0.4061564
0.4243275
0.4319896
0.4094304
0.443648
0.4181249
0.4233156
0.4340782
0.4152877
0.4210955
0.4149514
0.405494
0.4099307
0.4097791
0.4011793
0.4356099
0.4244257
0.4295468
0.453783
0.4564058
0.4251296
0.4189803
0.4274441
0.4086864
0.4497489
0.4593661
0.4632468
0.4488177
0.4697887
0.4525544
0.4499388
0.4228588
0.4107453
0.4181914
0.3935534
0.3822206
0.3959508
0.377793
0.377658
0.3912682
0.3912768
0.3828815
0.3608086
0.3697922
0.3728531
0.373246
0.3935694
0.3782665
0.3925834
0.4149462
0.4211423
0.3977297
0.3910409
0.4024423
0.4018611
0.3797413
0.3562978
0.3301911
0.3530196
0.3597494
0.3670547
0.3674283
0.3818185
0.3742413
0.3628342
0.3690885
0.3894725
0.3780794
0.3801513
0.3789927
0.3579437
0.3503806
0.3452865
0.3498586
0.3535324
0.3686847
0.3561609
0.3708644
0.363765
0.3499917
0.3544087
0.3566469
0.3363437
0.3440497
0.3281736
0.3658061
0.3450692
0.3381527
0.3443194
0.3536025
0.3378426
0.3209345
0.3254307
0.3304125
0.3315566
0.3336503
0.3277467
0.3181165
0.3345602
0.3357634
0.3371754
0.3217341
0.3299458
0.3316465
0.3238919
0.3422648
0.3206576
0.3177842
0.3260716
0.3279589
0.3280615
0.319975
0.3356609
0.3351729
0.3298436
0.3520285
0.3337421
0.3377024
0.3755016
0.3823186
0.4040011
0.390938
0.3698497
0.3657528
0.3674871
0.376647
0.3543948
0.3561296
0.3754327
0.3605993
0.4060396
0.4018782
0.4035639
0.4224423
0.4547025
0.449499
0.4667408
0.46891
0.4650795
0.4865309
0.4672675
0.4830754
0.50737
0.5111677
0.5081578
0.478744
0.5192824
0.5252902
0.5358836
0.5701576
0.5464646
0.5110978
0.5304948
0.5129575
0.5166726
0.5298397
0.5385782
0.5436005
0.5100413
0.5160446
0.4933754
0.5438371
0.5136818
0.5120986
0.5165147
0.5470372
0.5513503
0.5492932
0.5548439
0.5965438
0.6240542
0.6023078
0.5931684
0.5534416
0.552423
0.5651576
0.5919185
0.5775001
0.6151276
0.6219403
0.6345045
0.6595011
0.6558313
0.650482
0.6414254
0.6450388
0.6640936
0.6719075
0.6709456
0.6960242
0.728988
0.7192415
0.7342249
0.7106531
0.6853442
0.6621387
0.6381327
0.7071367
0.7315836
0.726354
0.7452611
0.7552943
0.675592
0.6512552
0.6575941
0.6417243
0.6172695
0.6171376
0.610721
0.6438937
0.6321456
0.6263185
0.6242139
0.644196
0.6194899
0.6143957
0.5891461
0.5591685
0.5337406
0.5317382
0.5379733
0.5624406
0.5578888
0.5409202
0.5461362
0.5551796
0.5691704
0.552866
0.5257067
0.509992
0.4746757
0.4716424
0.4774605
0.4896752
0.4952512
0.5008605
0.5175159
0.5025245
0.5098126
0.5149324
0.5199895
0.5214142
0.5269263
0.5362277
0.5290339
0.5635837
0.57012
0.5528085
0.5228598
0.5416884
0.5241853
0.5246453
0.5292669
0.5271585
0.5070504
0.4860831
0.4718011
0.4709574
0.4665412
0.4845147
0.4761301
0.4681677
0.484899
0.4861468
0.4790462
0.4891882
0.4607757
0.4929211
0.5021404
0.4991072
0.4802496
0.4835395
0.4421086
0.4520266
0.4294634
0.442406
0.4458556
0.4503359
0.4593766
0.4974969
0.5003907
0.4698551
0.4449336
0.4955492
0.4987162
0.485116
0.4743371
0.4506687
0.4260108
0.4226622
0.4589768
0.4558543
0.4497491
0.4542302
0.4505514
0.4234696
0.435839
0.4307453
0.4098865
0.4029244
0.4004032
0.4028838
0.4047156
0.4040647
0.4033945
0.3982198
0.376902
0.3771845
0.3781382
0.3866179
0.4037457
0.4025898
0.4171265
0.3899829
0.3872441
0.3819142
0.381701
0.3677352
0.3720506
0.3610139
0.3453864
0.3616667
0.349011
0.3549917
0.3675298
0.3672648
0.3489874
0.3378873
0.331218
0.3376807
0.3174914
0.3367261
0.3421792
0.3461758
0.3513646
0.3279381
0.3161944
0.3133623
0.3145991
0.3237575
0.3282125
0.3138553
0.3150115
0.317629
0.3050337
0.3165825
0.3121684
0.3351395
0.3389236
0.3381075
0.3331554
0.3229231
0.3097102
0.3157274
0.3240951
0.3351878
0.3506906
0.3644581
0.3506175
0.3440817
0.3528312
0.3448216
0.34083
0.3295108
0.3491706
0.3505536
0.3615522
0.3778537
0.3689103
0.3734866
0.3823932
0.3702408
0.3862725
0.385444
0.3683419
0.3718213
0.374971
0.3596357
0.3597473
0.3519293
0.3540722
0.3591403
0.3626984
0.345756
0.3530478
0.353609
0.3574797
0.3571457
0.3947357
0.397379
0.399427
0.394386
0.4038374
0.4142473
0.3930987
0.3866867
0.3824496
0.3857754
0.3876909
0.3776372
0.3920961
0.3834381
0.3813358
0.3971833
0.3825371
0.3732936
0.3723169
0.3898689
0.4067333
0.4297664
0.4327647
0.4255217
0.4388279
0.4338746
0.4411824
0.4229688
0.3964935
0.4082674
0.4068779
0.421577
0.435436
0.4395329
0.4599857
0.4364722
0.4455451
0.4332748
0.4256918
0.428011
0.4124783
0.3977227
0.3935962
0.397176
0.3960078
0.3752832
0.3663058
0.3729264
0.3863003
0.4005487
0.3787676
0.3506208
0.3724153
0.3594304
0.347432
0.3431112
0.3685054
0.3811907
0.3931372
0.3904407
0.4010965
0.4038869
0.4136372
0.4255192
0.4434516
0.430559
0.4323676
0.4358045
0.4257495
0.4455688
0.4241488
0.4092133
0.4281815
0.4513288
0.4376961
0.4439228
0.4339188
0.4478512
0.4085053
0.4260424
0.4420295
0.4786392
0.4772297
0.4698841
0.4696123
0.4912354
0.5023937
0.5133949
0.5448725
0.529753
0.5310969
0.5135602
0.5007701
0.4783492
0.4880955
0.4965723
0.4831939
0.486413
0.4615155
0.4541825
0.4555583
0.4460726
0.4278593
0.4284092
0.428894
0.4500645
0.4309227
0.4431519
0.440283
0.4568795
0.4578063
0.4410138
0.4113372
0.4258455
0.4459308
0.433645
0.4222874
0.4447785
0.4487628
0.4957885
0.4643875
0.4636424
0.4720519
0.5059111
0.5317927
0.5332061
0.5102684
0.5179571
0.5313821
0.4875876
0.4812887
0.4870722
0.4697095
0.4653933
0.4460351
0.4579323
0.4457815
0.4387793
0.4720492
0.458295
0.4488706
0.4512983
0.4479895
0.4493411
0.4250037
0.4304558
0.4507993
0.4563597
0.4653483
0.4606658
0.468348
0.4340262
0.4496959
0.4580047
0.4471097
0.4491343
0.4636253
0.4508342
0.4647747
0.4717789
0.4750139
0.474396
0.4608092
0.440657
0.4171399
0.4040811
0.3987533
0.4158886
0.4576582
0.4167697
0.403912
0.3949448
0.4181433
0.4244714
0.4212064
0.419803
0.4025908
0.411647
0.4021193
0.3909006
0.4376123
