48.26651
77.52463
88.68737
104.9845
102.6037
105.6505
113.3511
128.1089
126.883
123.305
91.53331
109.4743
123.9212
105.6551
107.066
122.4382
128.7798
91.55282
96.03271
103.7055
80.93531
82.24051
89.40351
124.7492
131.0342
114.6473
114.8757
140.6595
130.8462
146.0015
111.7747
178.4294
156.7808
127.5061
121.0357
131.7956
151.8737
173.6804
153.4476
132.4918
123.7242
155.6771
160.9675
185.528
154.1583
123.9342
155.3496
119.7467
117.7466
115.1241
75.06484
76.77806
77.29505
78.6428
78.89954
103.8704
114.3645
127.1274
105.5767
138.9938
128.3857
96.25225
78.18468
101.2757
88.98639
94.27166
81.2334
103.0546
99.77678
129.3226
166.8856
113.4108
139.3137
103.9733
89.21203
99.16418
89.70499
110.5414
96.54358
107.1664
110.4581
89.63421
125.4859
127.8522
128.1641
107.9643
112.3613
110.2716
116.1259
98.9445
104.6069
121.9185
111.4483
145.913
154.594
163.0986
201.9952
136.8876
132.4973
103.2137
129.9373
125.1306
96.03131
87.57622
89.58227
108.6526
110.004
135.3268
129.8298
143.4065
156.0746
178.2224
143.6822
102.6792
89.71389
94.00815
68.65351
72.49277
77.64722
70.13932
84.54946
99.82785
125.2004
115.8199
162.5614
109.7687
94.9613
107.5561
115.2672
115.7119
117.1309
89.56685
88.0186
106.2329
121.2818
125.0791
129.7265
133.93
143.8351
169.5249
97.91399
99.70638
106.8147
131.1947
128.0924
92.03614
96.87975
101.9392
116.9327
118.3938
110.4945
110.139
81.99993
93.42265
75.80209
87.51464
129.8492
120.1151
102.6423
109.1823
108.2224
104.341
122.9634
86.47793
71.41599
86.0181
116.5826
85.55512
93.19253
90.44801
82.88604
70.38124
87.9751
86.86409
92.75778
88.97122
143.4643
133.591
145.6211
148.954
213.3819
155.1479
130.8666
111.7044
99.90516
101.8456
97.19807
98.4084
101.8437
102.3894
112.497
106.4478
125.342
154.6455
179.5565
195.6136
161.7567
166.7036
116.8803
124.8948
95.22304
92.24391
117.1662
100.9089
106.0766
78.01831
81.16134
79.86298
83.55365
116.1472
92.34724
114.5752
149.1036
140.8822
151.7337
154.9117
132.5732
150.5683
154.0918
147.9413
173.1317
147.0893
160.1826
148.5734
108.3294
117.9062
115.7248
118.8265
122.4985
106.6677
79.76093
90.44138
103.4528
103.9165
127.8875
124.1935
122.8473
95.35527
74.77508
116.0621
118.3095
68.84088
105.7088
97.79324
100.2941
106.4352
89.21329
106.4313
115.7922
143.6525
117.2261
147.8298
120.2851
122.8224
131.2017
116.0422
76.64931
80.22933
97.41831
95.73475
102.1569
70.97608
82.24148
75.70416
88.65205
124.0472
131.2856
132.2372
116.2551
75.21004
95.93532
93.3506
80.94741
67.28267
84.81034
87.54211
89.02831
139.9108
157.701
147.7477
147.8525
98.50192
91.5641
85.11133
101.3142
88.75448
121.1538
97.41059
111.8912
104.0831
133.4774
78.76018
68.70531
65.31204
65.35021
74.5467
81.74379
111.3388
110.5934
104.5601
111.6454
86.40002
103.7591
67.07352
85.39428
76.92067
83.76207
86.33964
105.5711
121.5746
91.34627
123.3934
115.696
90.38212
93.71896
88.95799
70.61521
86.73538
102.7286
104.8702
100.4653
84.80318
83.84107
84.19195
93.25593
77.35318
96.24093
97.34003
116.8954
72.95864
56.21437
66.94125
84.252
102.0658
70.24237
84.82345
93.24401
116.1238
116.9873
134.6796
121.3381
82.21722
78.97992
73.98708
97.19
96.72527
93.1404
81.42921
89.01123
84.9845
108.5541
158.3431
184.1499
187.624
160.8766
124.7208
128.488
124.5978
98.68631
153.1949
118.8139
75.20029
89.05156
92.7212
89.88658
86.46037
97.98654
92.05757
95.09163
116.6741
99.90927
116.1519
85.76024
92.58315
103.7784
99.64131
99.67506
87.98027
108.7261
127.7356
120.5575
94.9461
87.15717
110.5901
107.8424
83.10004
105.5164
85.84129
73.9348
70.21627
70.53641
78.92744
70.70925
91.53091
81.62559
91.48553
98.22997
96.08766
99.62173
90.6191
106.6147
104.472
101.8943
98.85715
93.39892
96.84642
85.41386
105.1449
98.64536
87.26838
84.64424
113.367
112.0609
160.2464
140.4348
165.6238
109.4567
99.4964
104.9354
142.5706
129.2444
150.6614
119.7283
121.5586
86.19606
86.50067
93.68115
118.1313
99.71506
91.30996
89.46936
97.66158
101.9565
107.5851
104.739
100.0227
99.37696
84.36723
138.8853
112.8589
98.71058
82.4543
90.4049
133.4027
174.3415
166.4568
155.3032
182.0072
121.1047
171.3569
173.0315
158.2496
123.6129
134.4346
205.5696
185.9451
167.846
156.0715
120.1023
120.3122
89.26111
91.17851
72.6776
101.3379
100.0735
114.0218
110.1711
115.2558
94.83458
83.82838
90.49895
92.56192
96.50027
75.7912
68.32597
83.23507
95.67069
84.88611
59.33284
63.96157
76.16354
94.43212
91.59744
83.69799
92.02958
118.5445
108.4351
105.4559
79.32331
86.20765
79.42062
76.03926
82.24546
109.8511
80.05792
88.30116
89.81568
74.86319
79.74821
77.55894
102.3766
122.7272
132.386
113.2665
106.7426
131.9656
96.25673
141.3049
151.1222
85.22714
89.96583
124.5909
99.25812
99.22387
146.2437
145.307
106.6254
107.3659
98.2051
94.85259
100.3671
111.4238
100.5905
131.8834
112.2439
149.1558
115.13
134.2239
179.5862
158.3017
122.4437
96.16599
103.6006
103.728
120.1806
89.8082
87.17183
100.7204
78.53389
107.5413
108.2514
137.962
102.569
118.3107
164.9606
146.6776
134.8987
131.6688
116.7239
101.5959
88.76268
100.9691
104.1216
91.25166
83.08448
108.5223
125.445
125.163
102.7799
118.0989
100.6016
91.67728
116.4653
103.5975
111.5069
103.0875
116.024
136.5349
104.7652
96.30276
89.77862
78.00513
93.47655
78.61943
60.85019
77.89906
108.7542
106.6378
93.42557
138.1851
161.1861
185.8517
157.0504
129.7722
109.0565
107.6509
129.8727
122.15
113.9469
120.5674
115.446
85.55382
105.1564
147.064
126.7539
130.0417
104.1255
96.58847
95.12081
109.018
116.4395
130.2886
96.0833
93.15717
126.1239
107.0535
117.2628
135.4694
111.4425
110.4375
176.3489
139.3882
91.05017
96.54419
76.45634
100.1422
82.19037
83.99834
116.9619
137.0925
122.6547
104.1828
109.2736
107.6869
108.0988
113.6559
146.739
180.9878
165.7423
144.4856
136.5108
145.5958
140.8862
96.53818
99.13622
71.47179
82.09161
84.57741
89.42793
81.43239
109.9089
84.17278
94.49693
85.32196
81.62331
116.0248
84.9882
101.4282
108.1434
112.6607
98.63025
105.4011
99.84265
95.24361
105.4304
99.96693
119.2503
103.4345
88.66988
100.5142
95.96141
138.9511
133.8912
117.4875
100.8607
126.4246
103.4805
93.40318
85.86012
97.53048
109.7814
102.8723
94.58365
93.44639
109.7149
102.5936
97.12717
92.724
98.52089
104.782
147.865
172.4556
125.6099
127.5988
104.4007
96.35346
82.98838
87.53832
87.08122
111.1022
74.45163
98.58305
126.6777
132.5386
107.5714
99.04428
118.4807
80.8642
89.54262
139.297
159.7652
119.0204
125.7443
102.1164
119.9378
98.70702
120.6449
117.8726
128.3258
99.87025
90.49405
107.4952
130.6461
108.7051
83.67663
76.79098
85.27606
105.539
88.30227
86.18699
71.7331
86.50032
79.60765
86.68946
83.19266
120.7538
136.0623
97.60372
80.7329
126.4794
112.526
108.0995
112.6464
111.0616
102.0796
84.87001
82.22969
98.91529
107.6358
129.9132
113.8486
133.3455
159.1481
116.8438
141.865
111.2422
100.1453
81.91707
102.3582
112.554
106.8316
147.1767
181.0586
160.4833
181.8144
159.4907
116.3065
113.5784
130.8385
166.6154
163.7545
134.1882
96.16147
173.1991
144.6957
136.9005
109.8537
121.0343
134.3769
101.4809
100.6925
76.751
73.70769
92.29242
103.3965
115.0892
138.9358
132.4535
126.7788
108.8717
101.0551
88.5288
88.62836
109.7017
102.733
107.3741
104.5403
117.0757
124.7876
107.6353
110.9227
105.7474
114.7238
131.4289
148.7557
119.864
99.95869
99.06189
103.6138
93.45954
86.201
99.23109
116.8005
119.4833
101.4848
77.05358
66.33388
75.46256
67.63528
70.95805
67.13143
108.5269
105.5703
132.8924
81.93792
84.03728
97.70525
95.30246
67.84875
71.56394
95.95137
103.3577
98.92364
94.53132
121.6722
145.8714
117.0905
118.2572
142.856
140.1988
154.7212
123.8345
83.49828
86.64651
127.7128
129.8407
124.0738
107.8359
81.65694
115.0245
133.9917
100.9884
80.66212
91.23873
75.19093
99.17961
93.70233
119.594
91.81374
71.21941
81.53619
104.3201
119.0523
132.6314
102.3607
123.9063
97.88232
84.78028
72.57058
93.22086
77.64163
67.33705
73.22225
77.16717
83.54221
78.91265
82.29926
80.28988
84.45873
102.3196
87.05246
86.22383
91.38828
96.95566
103.5271
101.5286
96.0366
91.98933
72.48552
91.74311
101.8648
107.0014
84.51047
67.11624
79.70139
116.4269
102.1003
116.172
85.49758
100.6381
87.59422
80.66205
89.06414
83.52661
101.2189
101.3656
121.5401
105.9332
80.71798
86.01059
90.64496
101.9802
119.9368
112.7359
112.3037
111.8443
103.3035
106.4471
124.256
108.8802
134.8543
165.6716
138.6063
150.122
117.6322
93.47459
71.77165
93.46518
86.78042
92.28609
84.25805
85.75068
76.30397
91.0834
97.61376
95.94684
112.8498
105.9342
90.80463
90.41569
78.28956
104.2708
110.7592
92.37151
123.6733
100.0823
89.73012
91.96661
95.76695
69.33145
118.8521
106.3338
124.688
122.5039
138.8681
124.0724
153.9243
107.2483
109.1311
87.57418
76.55769
72.11198
91.50215
70.09125
101.3494
97.83447
116.7778
77.41746
57.9278
71.19001
109.3471
114.3449
88.1854
89.36578
90.74697
95.19641
108.8163
115.0958
111.9942
156.2775
150.4579
173.1128
131.7894
90.00529
111.4322
94.44379
102.2582
111.1515
79.18922
93.25039
85.22183
88.68574
89.54732
97.30862
96.2147
97.76792
102.1433
118.3306
106.3038
78.58998
71.89739
87.3488
106.9723
109.1933
113.5728
135.0978
129.0448
128.0491
135.0338
136.4237
