32.31257
34.85717
34.97578
34.2641
36.34897
37.8367
37.69711
38.87851
40.28457
40.7735
41.3425
41.19769
42.62878
41.20009
41.8459
43.32616
43.56366
43.23784
45.387
44.99247
43.71709
48.03408
46.92926
47.73094
49.08071
49.62192
51.08395
51.33595
50.54337
49.77633
49.9697
49.37625
50.03221
52.46166
50.6342
51.9962
54.78566
50.50325
49.88024
50.71317
51.43082
51.77872
51.34466
51.16092
53.09251
53.58192
52.90273
51.93563
52.75074
52.70319
53.51209
53.3953
53.62786
53.92737
57.44377
56.8334
59.43353
57.26149
58.39075
57.7791
56.938
57.0113
56.19372
54.93195
53.63324
55.17232
55.59288
59.0612
59.92425
60.2392
57.15465
55.30278
54.79928
54.77277
57.59925
60.1842
58.58527
57.77388
58.43292
57.75179
56.18505
59.44092
61.44159
58.70559
57.79164
53.45702
54.65152
55.19437
53.88089
53.1938
51.85813
53.01641
53.13099
51.93974
53.3189
52.92221
51.98212
52.45088
52.72692
50.98733
52.68173
51.53969
53.01514
55.02003
56.66302
57.82262
56.36894
57.64219
56.28764
54.80675
54.95921
53.95656
54.81652
55.62273
55.33734
55.3861
56.26329
56.78369
54.3366
55.91394
56.63804
57.07401
53.68036
55.96831
57.25425
58.1626
57.99787
55.99554
57.9067
56.47132
55.60215
55.32353
55.092
55.27731
55.92269
57.37455
55.46871
53.61649
52.5066
51.84345
50.97805
49.30013
49.88326
49.07778
49.09351
48.59777
49.30273
50.02962
50.81728
48.46408
48.20755
45.48163
46.03849
46.33202
47.9295
47.98499
47.52906
45.65199
44.58078
43.53641
42.7117
43.76304
42.42058
40.69667
40.84637
40.68135
42.33534
42.39855
42.38613
43.3436
43.38301
44.50909
44.32567
43.63899
45.53548
45.67613
43.97069
42.66142
41.23533
42.45205
41.95968
41.76836
40.45896
38.84478
39.68878
40.11425
39.78892
39.27417
39.58862
37.81651
39.04029
39.53951
39.21939
37.86957
36.47051
37.46982
37.39717
36.35445
35.61117
34.23218
34.97794
34.37168
35.80526
34.99213
36.06925
35.10597
35.86861
35.09161
37.33249
35.48894
35.97971
36.03312
35.40589
36.89267
37.01072
37.09265
36.34983
37.26495
37.31199
36.49697
34.5595
34.40532
34.40113
34.28769
34.43916
34.25885
36.3715
36.2573
36.19371
33.41368
32.7233
31.82527
31.43717
31.98598
32.29261
31.89006
33.68832
34.24272
34.43408
35.02601
36.25266
37.18311
35.92097
35.13016
35.99927
35.07534
34.88362
34.56599
35.44504
35.29194
34.74469
33.90421
33.65132
34.30524
34.66472
34.30011
35.03608
35.67139
36.09507
36.10603
35.42601
34.58038
33.41678
33.62735
34.86116
34.83038
34.95528
33.85787
34.13967
35.6704
35.75072
35.5838
33.86628
35.42796
34.67585
35.56731
37.42602
36.98395
37.17974
36.8002
37.35183
37.52715
36.8733
34.64428
36.18281
36.21199
36.68914
36.01864
36.13192
37.81119
38.57772
37.1614
36.33896
34.93983
35.54218
36.69223
37.45433
36.88336
36.2286
34.80351
33.9584
35.48532
36.25381
36.45329
35.4459
36.45994
35.86144
36.50284
36.37167
36.42399
36.75384
37.08518
37.18326
37.10676
38.86744
40.49438
39.28285
38.61717
37.16753
37.91916
37.86527
39.00368
40.27432
40.14124
39.98026
40.51915
40.22699
41.04509
39.32862
40.1622
39.68678
40.92811
41.9115
41.78349
42.29343
44.84362
45.14084
43.86427
45.4125
45.66274
43.89049
42.55704
43.56287
43.03322
43.47667
44.24524
44.78906
45.2718
43.3874
44.68461
44.11129
46.34862
46.15196
46.34511
46.20886
45.84415
47.00712
48.00424
48.52757
48.02529
47.00762
45.33495
44.23737
44.55098
45.62753
46.83865
46.34413
48.70689
48.50891
47.94673
49.42249
49.2018
47.7892
48.19909
49.66866
51.09759
50.22148
49.55686
49.8074
49.98379
50.43226
49.02422
51.92771
50.67917
50.77981
51.46945
52.32355
50.04575
50.07291
50.48612
48.95353
48.09744
48.71784
50.70481
50.35723
50.27487
50.13102
49.14224
47.35635
47.62339
49.89691
50.7394
53.44063
55.8067
54.83379
54.41085
50.98814
48.31068
51.77365
52.13757
52.54722
51.81983
53.80841
52.54417
54.15915
53.39974
53.60527
54.39811
55.97682
57.1399
54.59592
52.12553
49.55494
50.43427
51.67358
50.2768
50.90855
51.22302
49.64491
49.52525
49.33448
51.37879
51.53947
50.14567
47.85522
49.00066
48.0086
48.68168
47.76235
49.56642
50.07973
50.00529
48.6765
46.96019
45.6966
44.72621
45.654
48.10071
46.71329
44.79369
44.27909
42.53991
43.24964
41.48353
41.64946
41.55933
39.3816
39.36677
40.53728
41.1309
43.45223
41.63029
41.84631
42.88132
45.24545
45.84372
44.74071
45.86672
44.63278
43.58847
45.73477
47.78521
48.37947
49.08034
49.37107
51.14791
52.81723
54.63304
52.21767
51.96644
50.12335
47.96644
48.62771
47.92217
46.07041
48.02491
47.43317
47.32847
48.85216
49.3191
50.65892
47.70194
47.11577
47.73364
44.43871
42.89567
43.54176
42.84071
43.32732
44.59042
45.95592
43.65888
42.00485
42.94604
42.86106
42.63959
40.84685
40.18425
41.32678
40.23993
41.55177
39.9003
38.66719
40.42215
39.35846
38.05322
38.44635
38.57005
37.82962
37.91034
39.05143
38.04781
37.97223
37.11807
38.09244
38.99438
37.89772
39.26563
38.10319
36.9687
37.11137
37.45858
37.48483
38.46391
38.15019
37.83729
35.43668
36.26473
35.10781
35.80447
34.76895
34.96667
34.56079
34.85144
35.2209
36.40071
34.67595
35.27305
36.01454
36.72331
39.04104
39.53939
40.29847
40.65395
41.0203
41.46739
40.81207
41.29108
40.76613
40.76895
41.21753
40.88185
42.09765
43.13355
40.96471
40.814
41.26498
41.22886
39.50514
38.81104
39.9149
39.93973
41.2104
42.01974
41.7332
42.6642
42.88055
41.91902
40.08325
40.57301
40.85927
41.35293
43.9518
44.53748
45.15177
45.58121
48.8226
47.33898
48.25494
49.97154
50.1405
51.13984
49.09293
48.31261
48.95697
48.24783
49.26541
46.23276
46.49969
47.48251
48.24478
46.66847
46.44068
48.76797
48.75841
48.92927
52.49237
50.14436
48.94104
50.50946
46.2977
48.14734
48.71424
48.07994
48.82924
47.93376
48.19821
46.84544
47.25876
46.44643
45.31184
43.09763
42.2195
43.20621
42.00392
42.64846
43.90437
42.35786
41.46085
41.93543
42.00439
41.96863
41.75438
41.56026
43.19344
43.50135
42.59506
42.05979
43.31523
43.0065
43.23308
42.96737
43.09977
42.1254
42.50198
42.36436
41.34576
39.45892
38.87035
40.77477
39.6886
40.03771
39.09215
38.24361
38.46614
38.28177
37.70617
40.01093
38.13879
37.91425
37.2553
39.39023
38.23554
38.76743
36.92033
37.41418
36.96283
35.15848
37.95361
38.53147
37.84387
37.92244
36.09796
34.83609
35.6069
34.66212
35.10468
33.63326
34.59009
34.94405
35.17614
35.79103
37.05232
38.99872
39.31369
39.83109
37.66454
37.54885
36.23325
35.71785
36.0088
35.59049
36.59907
36.06032
35.79129
35.881
34.47853
35.47522
37.64765
38.69661
40.44903
39.23498
39.72412
37.95921
36.32383
36.32417
36.46361
39.65965
40.78028
41.21201
40.21205
39.50293
40.6962
41.41584
42.4956
41.86312
42.05511
43.02107
42.53838
42.48388
44.4132
42.98724
43.90895
44.60703
45.87599
45.47418
43.81976
43.71821
44.21421
44.10745
42.9901
42.0834
42.29676
43.18529
41.25063
42.6347
43.222
44.04219
42.03835
43.34529
42.29343
42.34315
41.90389
40.84099
40.54165
40.76638
39.95339
42.55862
43.29553
41.91423
43.21275
43.77102
42.97039
42.01043
43.14679
42.46992
41.74225
38.92996
38.95575
39.79552
39.32315
38.81208
39.51429
39.52172
40.79196
40.39582
40.84759
40.71716
40.44381
40.30554
39.88384
41.18371
44.16876
43.30583
44.25498
44.98352
46.75363
47.04134
45.81802
44.61795
47.23552
46.51975
45.26091
46.49366
45.76391
48.42355
50.53306
50.68721
47.80815
47.62508
46.10754
46.89714
46.74039
45.6708
47.93647
47.95605
48.23392
46.30576
46.92564
45.32389
47.44929
48.30302
47.00614
46.59534
47.03275
44.9051
43.04825
44.14948
45.82198
47.66517
47.33471
46.6523
45.31415
48.07925
49.28611
50.20651
49.33808
51.00386
50.92382
52.06844
51.16971
51.35771
52.09177
53.04407
55.45818
53.90705
53.18188
50.62771
51.5773
53.99902
55.49617
53.88528
53.26303
54.22521
55.09763
54.84086
51.33968
48.32518
49.93689
51.09166
49.76953
50.82565
50.49252
50.41842
50.14066
49.75818
47.72754
49.47219
51.49275
51.16669
50.34328
48.55164
50.34489
49.64602
49.71692
50.61913
50.93993
48.60826
48.28522
48.8071
47.7361
48.19894
48.7047
50.16688
47.08631
47.1313
45.50516
46.86594
47.58676
48.23057
47.61954
46.73702
48.57819
50.88375
48.85556
49.4101
49.01949
50.61463
53.93675
52.20267
51.75944
53.27129
52.63729
54.11396
55.28832
56.25384
56.07327
53.00352
52.34973
50.94477
51.37136
49.20755
51.37065
50.71019
48.82995
48.8896
50.05381
51.56118
49.94778
51.50083
49.84629
49.69955
47.94642
45.93911
44.67537
44.56836
45.2015
44.99191
43.82077
45.14572
43.94488
42.80073
43.36063
44.89999
44.00176
44.19075
45.28127
45.8491
45.12154
43.33756
42.70493
45.30519
45.30965
43.84325
46.28582
44.93102
44.12749
43.90299
42.88093
43.10602
44.26801
47.11953
48.15808
47.72359
46.5265
48.70576
48.03042
48.02078
46.51356
45.44982
49.54852
49.96407
51.17584
51.98154
51.14227
53.12205
55.26508
57.45664
59.12424
57.59561
57.52991
55.27314
57.20494
56.74178
53.83701
52.49241
53.16977
54.51332
52.39256
52.3171
51.58431
50.38831
49.72884
51.13713
50.27599
50.42256
52.1371
51.73003
50.6598
52.08037
50.03287
48.38869
48.67805
51.87535
51.48736
51.45344
51.26461
49.56387
49.37594
49.19534
48.35084
48.57063
48.53678
49.95672
50.43518
48.972
47.91007
45.84948
48.62252
48.88397
47.20674
49.71728
46.88394
46.0433
45.6377
42.7453
46.08585
46.1235
46.97845
48.03993
47.0929
46.73526
47.64259
46.65281
48.9793
48.73846
47.73079
48.15468
47.56793
51.32533
48.55637
49.53224
50.60302
49.50252
48.89613
47.66833
47.995
47.2325
46.83584
48.24511
49.54204
50.97907
49.12878
51.82711
50.69277
50.20296
48.60457
47.00452
47.96029
48.71983
49.00202
49.908
48.08988
46.31464
46.8982
44.79882
45.72463
45.4267
45.22989
43.7787
43.1175
42.32228
43.71057
41.52385
42.70366
44.22952
43.30185
43.97128
46.06287
45.80123
43.68683
43.54715
43.17222
43.66269
43.95659
44.81783
46.09785
44.63626
44.16682
43.03345
42.86367
43.46959
44.6683
43.87689
44.25907
43.40898
45.44351
44.91625
45.04037
44.92694
46.96058
47.36086
46.2183
45.10713
44.17429
45.60006
44.44046
43.7181
44.18795
44.89964
43.98415
44.2518
42.8843
43.769
42.57848
43.46986
43.4796
44.55474
45.03914
47.01277
46.31492
47.78659
47.03101
46.75923
46.85349
48.07139
46.14533
45.5314
46.32711
45.31632
44.04805
45.40025
48.0082
48.07411
48.78978
48.5942
47.70757
46.04408
45.94822
46.46818
46.04045
47.27785
47.08532
45.06436
45.13256
47.20227
48.71753
51.06186
50.78288
51.06773
50.84738
51.2875
52.35679
51.27731
50.05487
49.15288
49.1296
49.43819
48.17597
48.65948
48.46439
48.73202
48.24746
48.21744
48.48259
50.02813
48.90561
48.13431
48.26024
48.6231
50.86802
52.10823
51.81956
53.65507
49.09877
49.31736
50.38545
50.78323
49.5577
50.06984
48.38089
48.70115
49.68929
48.503
47.30173
47.98845
46.20705
44.81399
43.14775
41.70703
41.14077
41.7801
38.72676
39.46106
39.12262
39.58524
39.93208
39.70052
40.02288
39.26656
39.44877
39.49851
39.15924
39.95956
41.09159
41.0908
39.7188
39.70166
39.03558
37.79247
38.34343
39.27918
40.40699
39.77398
40.97368
40.53189
39.56211
40.48327
40.14464
40.11769
39.71594
39.66434
40.71582
40.12026
40.62599
41.37159
40.88937
40.74967
40.71385
41.75818
42.20953
41.07862
40.11745
37.7903
39.15645
40.92923
40.62976
41.94828
40.8052
38.94731
36.97345
37.89193
38.68023
37.85476
37.23453
37.55561
36.398
36.76378
34.96153
36.05684
37.1555
35.58868
36.43534
38.64287
39.66166
38.12967
38.97591
37.96399
39.7226
42.69767
43.89438
44.18417
44.08965
44.35822
44.16292
46.65482
43.6831
42.69885
42.32257
43.57937
44.56714
43.38615
42.62835
43.51281
45.10335
46.12351
45.30109
45.3787
45.69634
45.99112
43.59872
44.32178
43.2098
42.45212
44.60827
45.61859
43.70281
44.95082
45.03436
45.28081
44.00503
45.44581
44.34196
44.75202
46.16141
47.20465
47.93345
49.57484
49.73348
49.66659
49.12399
47.92098
48.50006
47.51909
45.97144
43.99782
42.72723
44.0897
42.77784
43.40828
42.66326
42.12542
40.98406
41.83816
42.97657
42.02354
40.70057
39.86865
38.30616
39.62958
38.52406
38.8445
39.50987
39.99507
39.72757
40.71043
40.51998
40.29053
41.35197
40.86747
42.27979
43.94422
42.32982
41.88096
41.19696
42.01336
41.26312
40.19045
38.73503
39.5637
40.14168
40.7283
40.70536
40.60905
40.57538
39.97542
40.44263
40.40548
40.55571
40.80011
39.0887
38.67587
39.16526
39.24444
37.98474
36.93424
38.79743
37.98388
36.93691
38.12083
37.57069
38.45663
38.61276
38.5755
37.92568
37.88841
36.73157
37.2678
37.66762
37.46917
36.3999
35.28919
35.03012
35.05577
34.89239
35.99502
36.6568
36.93425
36.14913
36.19781
35.83779
36.54799
38.49007
37.73693
38.83364
37.39151
38.84504
38.30726
38.21392
39.75621
37.80645
37.36335
39.03624
38.28735
37.87909
37.71438
36.41615
35.72142
35.16312
33.98006
34.8005
33.36267
34.03888
34.76836
33.84766
33.64195
33.23488
34.97661
34.8307
33.84991
34.83178
35.32074
35.26511
35.38479
36.76362
37.90038
36.73679
36.22824
38.63767
38.18548
37.0966
37.04293
38.12261
36.01246
36.7797
36.31746
36.89922
36.60506
35.46027
37.02658
37.06546
37.02755
36.71998
36.3746
37.57505
39.34731
40.13165
39.43979
40.54464
37.81772
37.96047
36.77248
38.7725
39.65932
39.39248
37.65202
36.76151
37.60124
38.98225
38.80355
39.68573
39.60064
40.10683
38.87834
38.14752
37.85346
37.02251
36.90869
38.55657
38.40834
39.05259
38.61652
38.18181
37.29855
38.19423
40.22161
39.97957
40.93277
43.16439
41.34591
42.59605
42.35648
41.279
40.04623
39.32742
39.43591
38.69575
38.87703
39.42659
41.58055
41.72578
42.28974
43.88241
43.81857
44.03304
44.43475
42.64708
45.62528
44.11024
44.36097
44.211
45.37166
43.70618
44.25038
44.95898
44.84477
43.56372
46.36684
44.56124
44.41915
43.37275
44.12812
44.98308
45.46981
47.03493
47.09909
46.59149
48.70044
50.10213
50.70645
52.55662
53.7293
54.64195
55.55558
54.10424
55.37216
54.06142
51.04887
51.96086
53.86358
53.27026
52.45017
49.39465
49.1504
52.32921
51.55045
52.09269
50.9648
51.5949
50.87356
52.19959
53.22076
52.55503
53.49281
53.65259
52.94952
52.06555
52.13575
52.75766
52.36891
53.19031
51.47371
50.83182
50.01876
50.89597
49.52461
48.84408
49.41926
49.79565
50.92661
48.74806
50.63343
52.69288
51.39681
49.39849
47.27491
46.94392
46.79864
46.62796
48.79145
48.19847
47.17232
46.5305
45.50613
46.18457
47.47877
47.12534
47.89064
48.60974
48.31469
46.30563
47.19741
46.52272
46.09843
46.67525
48.20017
49.31598
49.85158
48.48357
51.13801
50.3894
50.51018
48.98843
48.78672
47.44955
46.55079
45.72696
43.20282
42.01621
42.59194
42.90155
42.48902
43.66124
43.01789
45.50595
46.38403
44.17729
45.16481
46.86533
46.17806
45.31616
46.38294
45.6298
45.42933
43.87247
44.43884
44.95578
43.84385
42.78619
42.95159
44.47656
45.31785
44.33872
46.62872
44.98111
46.51242
45.55184
45.65969
44.88118
45.04039
43.9711
44.08292
42.65699
41.22731
40.96089
42.52899
42.7037
42.49264
43.50677
41.89413
42.43232
41.8042
44.25368
44.45381
46.78114
47.27177
47.58596
46.87306
48.32529
47.79572
46.74441
45.43103
45.58166
45.91164
45.02615
44.57407
43.70886
43.20777
44.92469
44.62292
43.87921
43.82769
45.08588
44.31937
46.43273
44.03588
45.18155
43.16503
43.49797
42.95065
43.76658
44.90496
43.62597
46.85694
45.73009
47.38385
47.28745
48.37664
49.05973
49.99745
49.39697
49.46688
49.5796
49.60036
52.85661
54.23353
54.49813
53.79554
55.78756
53.8567
54.0138
55.2668
55.91068
57.1378
56.45875
53.81209
55.82149
56.66112
55.51599
55.01171
54.85711
54.4719
56.89119
56.74174
60.47663
59.70491
