80.36199
85.99838
91.19281
81.83832
92.73393
75.32686
91.07183
93.82849
87.11051
86.51377
85.68113
75.26343
79.25211
81.9214
82.89019
79.57506
71.79016
83.98498
76.99662
100.058
86.93437
89.98609
98.27409
90.59741
86.13652
94.48804
81.83644
85.35633
86.01482
89.8262
74.84442
79.68532
84.82603
87.44685
99.92229
92.42742
75.92971
76.11707
94.62246
86.75903
76.55866
92.05494
86.84702
80.49277
93.44783
84.46373
86.17533
90.24293
84.03651
80.35103
86.03887
96.21536
91.56498
93.73003
87.41176
90.01339
81.08395
81.70424
75.60021
82.59587
76.39444
85.74338
82.31871
84.88672
88.63631
81.47659
81.04965
83.81654
83.41814
86.73301
86.457
83.15852
83.36348
87.49739
84.76505
90.14694
98.86546
96.47383
78.2304
84.88175
95.16095
91.6752
77.11035
81.29129
85.82811
84.71949
81.56156
87.18545
89.31883
88.81711
86.70139
78.10298
76.56716
88.19668
67.11311
75.79575
77.61323
79.51584
91.16946
82.5567
89.78008
80.70961
87.17896
74.6589
91.05432
105.6892
93.10091
98.31688
100.9106
80.67571
72.36805
76.76074
82.66205
81.12781
87.68593
105.1347
89.24512
102.73
104.1305
87.65472
83.08956
92.87005
89.59884
82.66491
75.41556
84.36132
86.38251
77.58759
82.08189
83.21536
77.27185
84.54203
76.3851
94.13874
92.12614
80.38665
90.34426
77.20231
81.78759
78.95311
86.4646
83.91004
79.54263
77.0254
92.36744
98.20882
82.0075
90.75742
85.45548
82.12244
69.35065
92.95563
77.36069
88.0786
98.05351
93.68164
83.63826
77.2888
90.65949
82.28591
81.37309
100.964
78.29902
84.14448
83.20195
91.03906
93.9284
95.79508
92.29678
75.68226
84.49177
87.08194
88.52194
95.27052
95.63239
92.54898
85.54032
81.68612
87.52022
84.21849
72.29293
81.75765
81.15953
91.19991
82.22229
78.62483
86.89874
98.73559
99.93565
86.54349
82.90864
76.98607
80.18496
77.44317
83.30174
76.34495
75.41777
83.79271
78.28255
85.34539
71.04027
85.38807
83.29812
85.85915
83.20135
96.50228
87.41571
81.58787
92.31716
85.88944
89.45691
86.32945
91.40953
78.26199
95.46749
84.64793
82.67342
88.66317
75.67966
80.17134
81.54051
79.77156
77.1904
81.86964
88.00755
90.69045
82.88864
85.79793
88.6244
82.5107
92.59849
85.50192
95.25033
89.73817
88.85658
90.18833
94.77691
91.96057
90.87437
83.07149
84.95251
84.44875
79.74958
87.76454
81.74916
85.16302
90.28552
91.31122
83.94756
77.84604
82.3779
84.28999
87.95927
89.938
85.98782
83.67007
79.16941
93.12349
91.96784
79.2784
86.27703
94.97518
82.38616
93.82075
80.08781
78.15904
72.82278
81.41975
89.34187
95.64778
91.71292
92.28452
85.9432
82.05422
91.55466
82.35556
79.19084
81.41393
78.50601
81.0916
87.28398
84.90392
89.37826
94.98193
84.04717
88.17787
86.84953
84.79577
92.10157
84.73146
87.247
88.41932
87.20049
97.20179
97.97052
83.96263
93.05252
80.4847
85.76321
79.62299
83.73885
79.06365
78.49686
90.33372
106.1165
78.42321
94.02383
88.51566
83.82376
88.18199
98.34184
79.42924
83.62973
88.99366
88.46042
77.10307
82.75484
90.33711
81.72743
74.65718
86.64701
76.92733
93.72461
99.34105
91.57848
93.22562
85.27239
92.62557
81.50313
84.50408
88.73944
86.05597
93.33188
94.93588
79.31033
88.28332
81.02718
75.33402
96.99719
77.27559
88.15346
83.32789
80.3769
77.97091
91.82791
86.60631
89.25624
85.58995
84.58967
86.73556
78.187
77.48176
77.36444
76.67778
78.1677
87.30349
91.51294
88.55719
74.12961
85.24817
88.05915
93.71663
120.7331
88.10057
87.11668
99.00403
88.36512
90.36851
80.945
85.24015
85.09369
92.35866
76.42
78.09953
79.46706
87.30014
83.2794
88.02253
90.33489
72.27097
77.3416
81.62634
86.21784
77.50873
78.46467
95.96343
81.65215
83.41851
103.1618
92.71618
97.1234
98.63475
96.05015
81.35476
78.71425
86.55654
82.81224
81.4214
94.23175
93.1813
86.01798
78.67748
86.60992
90.09668
85.82363
85.06633
79.00473
91.55747
87.17658
95.98135
90.58187
79.75549
77.01675
92.52239
81.34459
83.28246
81.74161
89.9579
77.46231
72.16783
79.08197
75.03575
77.59841
82.57648
80.63934
75.99631
79.21754
90.09681
92.57192
81.54807
74.75793
81.95332
85.49982
82.50422
77.50002
96.69027
86.3842
81.09672
77.75302
95.37577
90.47656
84.09568
93.48663
79.90664
81.22483
75.33671
88.56486
89.4075
85.28217
74.02778
76.71445
73.13311
74.93094
81.76358
83.21667
77.87984
82.9454
71.34371
81.26996
89.782
96.42434
100.0364
85.91614
86.70613
94.11207
84.90102
73.68754
85.60909
90.91651
91.7883
89.24327
84.07403
83.43234
88.32092
81.11125
95.84568
95.90743
91.41963
92.54173
96.90348
89.33183
93.02132
91.58836
89.13047
92.88826
90.67626
82.92269
84.30453
86.57873
90.97807
82.74095
82.44611
81.42637
86.54292
90.89408
82.69992
84.42078
83.20622
91.41154
89.36819
89.05141
94.85606
76.36319
89.73047
81.0012
89.41342
85.31267
82.73904
84.53463
85.36474
90.40858
90.98218
77.1249
91.74753
77.17331
93.75233
85.27507
90.80113
87.43168
87.66293
78.20755
71.83889
84.43231
84.94082
81.22183
85.31552
81.68423
84.48684
73.30718
87.63265
77.37783
89.83831
78.06108
92.17412
81.93846
91.38006
88.73847
80.40224
79.57585
86.56227
89.01245
90.78774
94.77634
91.05132
81.71341
96.97629
74.56877
80.17189
83.99024
83.91818
76.55315
82.35196
88.15864
78.71287
81.87573
87.04318
87.66612
84.62341
88.71621
91.5965
84.2961
86.55714
87.63793
81.1333
76.6401
87.82604
77.83732
77.30646
75.81827
85.0809
90.70246
85.78262
100.5618
84.70001
90.55703
95.14999
83.69744
87.95076
98.82222
100.3584
78.5619
84.32414
77.10161
78.46578
88.17533
95.90302
86.19885
78.45926
80.63447
81.31419
81.37595
74.96598
82.21341
82.63493
91.84476
73.45203
83.93711
80.7302
87.15986
84.18321
79.9271
89.37695
94.17697
73.53536
84.74203
64.45306
71.04482
81.57474
95.63369
90.37669
91.31667
90.03186
80.4446
83.40847
82.52996
73.43875
81.80706
93.6961
98.76177
79.37682
94.79965
95.41458
71.29434
94.72525
80.62944
79.7472
82.55772
68.91529
82.8213
79.88111
92.13945
81.50832
77.45996
96.65894
90.21443
79.74818
94.13983
86.54238
103.2207
88.29503
84.24068
79.0923
87.08408
95.16113
74.59337
84.03367
83.38772
93.02395
87.38085
76.30873
91.60967
91.83939
83.82423
83.32069
88.46411
73.51529
88.60157
82.1837
103.8349
72.21668
80.64168
73.33108
81.05837
93.8984
93.52312
76.05596
72.58981
81.7344
80.32554
83.51625
89.18823
95.54268
94.53474
86.85009
83.89489
82.59896
90.18264
85.78554
88.87874
81.35272
86.0392
83.06289
70.67026
79.08844
85.16811
92.60707
84.55028
98.66993
80.61081
91.97964
109.112
105.8232
90.83583
101.2929
92.81744
95.63274
93.78767
86.80828
89.83123
83.46646
88.14454
87.93331
87.39101
82.96211
83.24073
93.11331
101.0429
84.19841
84.95214
91.20766
85.40391
85.86902
83.45372
88.21612
83.13536
84.549
80.52037
76.15332
81.64716
90.63858
96.5456
80.99789
90.95461
88.61699
78.00295
83.989
80.80264
91.07496
90.60995
87.56633
79.02292
80.23687
84.4344
93.58741
88.10419
72.18072
92.18075
85.7209
77.98226
83.34842
88.30941
90.78032
94.49556
102.1971
84.2929
86.80334
83.14523
87.10946
93.99959
76.85724
85.09935
81.40623
87.45216
85.34756
88.27047
77.21904
89.80104
81.27878
80.69736
79.25517
83.18275
76.41015
87.18643
94.76178
77.25557
79.7898
81.28066
76.29887
92.0133
88.93157
88.86394
86.19481
90.22822
101.7602
84.83007
86.74433
72.50751
80.51397
94.34786
87.45611
74.10206
85.15669
91.33479
88.27136
80.81124
80.95264
86.62056
87.87183
83.36855
90.92045
92.9774
72.01749
84.8795
87.91647
84.24335
80.79852
79.43899
81.58751
88.74622
92.94834
86.95186
88.93075
77.31199
73.45655
87.60695
94.1934
90.81786
92.66183
83.31077
94.6689
88.57672
85.07076
90.25388
81.05442
90.90253
75.65244
93.46138
81.90334
90.06209
82.84754
80.42588
78.47052
88.46168
81.03493
83.77707
63.31242
78.60379
80.27176
83.47875
71.77222
76.44444
80.68217
94.32559
86.29795
80.3195
84.39784
89.27314
93.61469
88.34298
78.0222
83.05197
95.0726
100.6767
94.84766
98.66712
90.14572
87.73992
88.5542
86.75387
73.92137
87.40425
83.78306
76.15769
86.03423
81.46652
82.60381
84.86344
101.6027
89.0198
84.38478
90.60616
96.40543
89.25419
84.07768
85.56825
94.52739
91.11784
98.64958
81.76542
77.28647
84.48024
81.77337
88.40137
86.66611
86.40365
89.39574
85.12356
80.43945
84.68113
91.26094
83.88663
82.94583
92.10748
86.15902
93.75947
86.55205
90.86002
97.28084
79.51332
88.48835
98.03978
88.50908
82.90301
91.23018
89.57421
83.74049
86.51394
97.15429
81.04342
88.1907
91.34442
93.81384
80.58868
72.09922
85.20052
90.56187
94.91754
88.17292
83.25455
81.15907
88.29703
78.50486
87.94866
76.35829
87.97239
93.88795
89.84408
94.13276
90.15663
84.93747
87.82861
93.58077
87.56806
88.4123
89.15708
95.79291
87.49631
83.34114
86.52932
84.54854
79.9409
87.12323
98.43969
78.96411
86.98595
81.65149
84.78153
84.85744
84.79293
97.93122
80.05215
79.69521
93.78499
82.75558
80.25642
78.91579
83.86805
79.39353
89.08803
74.29425
79.58069
98.14654
86.36207
85.56435
82.50818
92.43739
91.61789
99.29601
101.5762
79.88307
86.05838
86.41417
81.11805
90.84048
84.11559
90.55145
84.39075
88.0188
85.02138
97.90407
73.28763
73.79173
74.75328
81.24918
74.83231
89.55772
88.2293
86.15463
82.93782
78.29175
92.18603
91.35676
92.78582
81.05608
84.71464
78.04418
92.55274
87.34218
91.90423
99.30562
94.16846
93.93509
96.70291
81.65088
86.79186
79.16326
79.50687
79.98934
79.67427
86.35269
