22.16602
20.60231
22.13954
20.09901
22.24843
25.29436
24.78562
19.78504
20.66208
24.53911
25.04656
25.86786
28.86293
22.65997
19.15755
16.88785
18.57344
17.14436
15.53731
15.33601
16.14814
18.53497
18.82002
21.51175
19.37528
22.33124
20.10565
24.34228
25.52525
23.83406
21.79165
19.68318
17.34312
22.59069
24.65398
20.00095
20.64397
18.11154
17.9178
15.35736
15.89037
13.25221
12.89571
17.25531
14.8073
16.08158
16.40534
15.87435
12.55983
14.86666
16.48343
13.78573
14.16811
15.14792
17.57504
18.26796
16.77556
13.56418
13.05588
11.82866
11.57528
11.15775
10.15086
8.524807
8.291252
7.839111
8.216457
8.327039
7.68757
8.965245
9.835001
8.127084
8.859863
8.22352
7.435293
6.458336
8.059174
7.199698
7.789602
8.150809
10.73915
11.99888
12.19696
13.36719
15.78208
18.01185
16.52746
13.25734
11.83361
12.80461
13.0973
14.22133
13.40929
16.10546
14.66808
13.17503
12.04337
9.978775
9.573474
9.786771
11.28706
13.22664
14.96685
13.41563
11.69092
10.81043
13.64787
15.39866
14.60079
13.66251
16.37366
16.1751
15.14704
15.25614
14.69625
12.53729
13.58333
15.80826
15.45856
14.18786
17.07233
16.53042
18.40211
15.19739
13.94212
11.85452
11.3275
10.8477
11.91961
11.99288
14.39807
13.97366
16.67158
16.81448
16.62477
19.41883
16.2734
14.66048
15.35983
17.32635
17.53807
14.49774
16.57539
15.90537
14.52972
13.87722
12.58944
13.24332
15.642
15.4758
16.45457
16.32337
18.26719
21.43623
22.19607
22.2133
21.54973
17.83176
14.67631
14.21364
14.19278
14.38605
13.82962
13.81775
13.86258
13.14384
13.82105
14.15238
14.62583
14.90413
14.36184
11.61252
10.88991
13.21693
13.46054
15.59402
15.28083
13.45908
12.3908
9.747456
7.989854
7.87218
9.330679
9.604486
9.086835
8.644422
7.396434
6.701495
6.306646
8.268695
9.65205
12.97612
13.09397
11.40173
10.55511
9.490958
9.470163
8.935513
9.135475
11.30973
11.44241
14.68414
12.18541
13.83447
13.04457
11.44294
12.00224
13.58668
12.71128
11.94958
11.81936
11.80236
12.36898
13.26431
13.19966
12.59366
11.69114
12.44618
14.78905
14.54787
17.02873
17.34409
18.2481
15.77899
16.04706
16.18321
16.78687
18.54625
18.4589
17.40651
13.56879
15.65948
14.43964
14.20708
15.74511
17.45678
16.64686
18.6566
15.46841
16.52628
14.46951
13.76003
11.90609
10.73708
10.89869
10.67313
12.45182
13.92567
14.12817
15.75735
16.26251
18.69665
18.76788
21.48833
18.88747
16.88315
16.28286
13.5018
17.19064
16.75548
15.56497
17.98642
15.3293
13.08269
13.14079
12.98928
12.21437
10.34387
9.548588
9.85119
9.429213
8.508124
9.011528
6.859674
8.825017
10.04535
11.30805
10.31148
11.1475
11.46897
10.20967
9.21741
8.952678
9.413488
8.485133
10.57054
12.75886
12.37863
11.48573
14.17534
17.45918
14.64388
15.72223
13.17895
13.08716
18.52135
17.64923
18.22809
16.48906
12.68693
12.89071
12.36128
12.83632
12.14995
9.655096
9.99824
10.39198
11.49712
11.5927
9.837673
8.934751
8.707819
9.208216
9.734171
8.897512
8.352721
7.790258
8.098859
7.740002
8.363691
8.951498
8.376755
9.490875
8.879294
8.603545
8.657078
10.23587
9.256838
9.449823
9.005785
8.093987
7.577566
7.658451
8.931014
9.321182
10.9706
9.433393
9.478806
9.506829
10.03876
10.77225
10.67166
12.0149
13.18124
15.30318
15.93239
15.38817
14.19537
13.88663
17.52966
21.43947
18.48544
16.09773
17.69957
17.20647
14.72134
14.53895
13.85026
14.16284
13.28006
13.59643
14.21941
12.45899
13.29175
13.06078
13.37645
14.38906
10.50339
10.8371
11.00275
13.02906
11.09064
10.25619
9.494331
12.1629
12.08423
12.54152
14.08101
11.84412
10.82135
11.49847
11.98631
12.13234
12.089
10.37993
9.49962
11.48706
11.16944
11.32773
12.05759
12.95405
12.26626
15.09374
17.35302
14.03518
16.10096
16.83225
14.04104
14.65787
14.74842
13.70463
14.0165
12.84697
11.99919
11.4858
10.55426
9.750441
10.41421
9.852298
8.44816
10.26498
9.075512
8.444525
7.949809
7.230808
7.234327
8.266033
10.14363
12.53743
13.43091
12.56524
12.39578
9.522518
8.226737
9.990272
12.07725
13.04293
12.37567
11.733
10.99749
11.634
11.6206
10.87692
10.61429
11.19184
12.06355
10.54648
8.814112
7.766763
7.607274
8.887722
11.29528
10.63171
11.233
12.09604
11.73949
11.97569
14.46202
16.1317
15.18541
14.14716
12.36269
14.56555
14.93714
13.89997
13.51507
14.01047
11.266
10.76939
13.12389
16.26834
12.84889
12.73527
12.79328
12.16399
10.71132
11.83912
11.66689
11.53757
11.08136
12.65598
10.67276
10.76166
11.15029
13.5293
13.04058
13.55845
10.29467
9.15899
9.689073
10.08326
10.87709
11.24274
10.13244
8.581162
8.773655
8.977321
9.982035
10.09419
9.429975
9.164903
8.421244
9.978009
8.977594
9.354656
8.90157
11.22523
10.63876
10.21364
11.29992
11.98586
13.13094
13.55066
13.04499
12.94578
14.30674
13.79698
14.0801
16.11708
14.9313
14.85976
15.35615
18.09685
19.51096
23.51794
20.81212
19.04573
18.87892
20.59851
19.22916
20.91576
20.31919
21.15427
19.83279
17.00198
17.74159
16.70378
16.49373
17.33462
15.27243
15.35809
17.12818
18.63035
24.64044
23.37202
20.47652
22.3925
19.05237
16.87765
18.58641
21.34501
21.05358
23.14269
23.4015
19.98644
20.4009
17.74212
21.23473
20.12155
19.81056
16.24009
15.79077
15.30862
13.86064
12.37575
13.21529
11.88533
11.9557
12.10895
12.5746
12.53701
13.74051
14.63154
14.24115
14.81401
13.49239
13.40547
12.04765
10.69357
10.37929
10.65492
10.68516
11.96227
12.99583
12.50336
12.04467
10.21982
11.43147
12.7127
12.3828
11.34339
10.68881
11.05177
11.48241
11.55389
13.02027
10.71144
10.89646
9.762248
9.01429
8.018439
9.719222
8.724817
8.874169
10.16275
9.613477
11.22674
12.98995
11.44169
8.045107
8.399259
9.213688
7.308967
7.521032
8.858166
8.683996
9.435619
8.91946
8.924106
6.698755
7.777725
7.756619
9.030822
11.20702
13.23079
14.01148
10.53678
8.816479
8.950877
8.462273
9.032246
8.918926
9.783158
9.540471
9.590935
8.637655
8.765856
9.476499
7.969033
8.7781
9.243995
9.864126
8.766032
8.254404
8.696663
8.589764
9.877914
8.802374
9.539592
10.80238
15.85047
19.98714
20.00093
20.37007
19.24797
21.95833
24.9256
20.58194
19.42118
19.81512
21.12194
18.16835
18.3191
19.45552
21.49422
22.10681
21.59119
23.68074
21.10357
20.06114
17.87363
18.06259
15.48901
13.6745
12.24795
12.25361
13.61456
14.63902
13.29276
12.96977
13.91834
11.88418
15.38363
13.51865
14.22541
14.67004
18.13517
15.4381
12.59549
11.11767
12.39778
13.34195
12.80305
11.67099
12.49533
12.29652
11.32549
12.73399
10.119
9.749281
8.849236
8.963187
10.52348
11.06276
9.71318
9.716918
9.55741
10.78997
11.69109
12.11682
13.35323
13.88632
14.96452
15.08239
16.99483
16.59654
17.28067
17.23664
15.84631
16.7769
16.53322
14.75551
13.83227
13.23795
12.55998
12.95367
13.52812
13.82301
13.33308
16.39327
17.20541
13.78998
16.11818
14.66001
14.74687
18.44997
17.23293
17.7287
19.9133
18.98643
19.21522
19.97449
16.45407
15.28883
17.62518
14.38706
15.47838
14.10998
15.69439
14.46106
13.69801
13.45168
16.24759
13.99201
14.69329
15.29892
12.03182
10.16605
8.797961
8.40754
8.661949
9.379796
9.411082
9.58881
9.446604
7.990062
9.827332
10.603
11.02441
10.56229
11.10497
11.5529
11.11532
9.709605
12.252
9.647149
8.997394
9.954269
12.00511
11.94054
14.62037
14.83084
14.35373
13.42154
13.97407
14.69779
14.41701
12.78962
9.916494
10.80102
9.790673
10.20531
9.688632
10.05588
11.88034
10.62138
13.85009
14.16218
14.82195
15.64236
15.53144
15.50601
16.37129
16.83392
16.17899
17.05313
15.41944
16.26414
15.3286
13.04722
14.34214
15.47676
16.36617
18.51332
17.00806
17.88021
18.81553
24.11617
26.64864
32.77802
30.93906
28.87986
27.89064
29.26114
29.72684
27.5643
25.81772
28.95777
28.87793
23.40542
25.42492
15.28331
14.59272
13.1642
13.81995
13.18066
13.66038
13.01024
11.97444
13.73129
12.33662
12.03421
12.05865
13.47166
14.36064
14.7865
17.04755
15.25585
16.62714
17.51735
16.63691
17.67373
17.13881
14.86585
16.65931
14.58932
21.34729
22.16352
20.75419
18.23367
16.71995
16.81457
16.79906
14.20001
11.28555
12.26349
12.75313
15.22015
16.72582
16.43333
19.22889
21.50679
18.63622
17.89349
18.20626
15.40278
14.16696
13.60569
12.4741
11.07838
12.16007
11.5438
10.75758
12.30765
11.88721
11.0922
10.42339
10.19699
10.63836
9.913411
8.370215
8.657438
6.85422
6.519879
7.778765
7.162447
8.750453
10.08087
9.008975
8.892313
10.63047
9.296555
9.772521
10.72696
10.01164
11.89655
11.39239
12.26519
13.42001
14.13975
15.03868
15.81332
16.77506
12.64258
12.97714
12.59552
13.07056
11.68333
10.9632
10.68144
10.00768
11.18553
11.681
10.33879
9.984835
8.094482
9.062444
9.162925
9.878685
9.645172
11.08584
11.61568
11.29305
10.14664
10.82376
12.73011
13.20376
11.61256
13.57796
11.81723
11.46479
12.03862
12.1845
13.26935
12.54322
15.7711
18.98151
17.6654
15.09562
14.33137
14.08977
10.38298
11.79709
11.30615
9.923913
10.94495
9.4807
11.67147
8.524376
8.10945
7.580055
9.725895
9.268916
10.499
10.84812
12.98644
12.0054
12.86127
13.93612
15.04066
17.13519
17.64545
16.05964
11.09865
10.91915
11.16613
11.20497
12.59127
14.02337
15.55444
14.11653
13.58915
13.3591
13.2094
15.93356
16.88355
15.4796
18.29056
18.65439
14.97838
17.24834
18.63089
18.72745
16.61593
15.90447
16.84103
17.60223
15.9348
15.00961
15.78465
17.10492
17.30732
17.20329
18.57605
19.01669
16.32696
19.79261
19.72023
17.34932
16.30067
16.03653
15.72956
14.27721
18.00587
17.8758
19.43204
21.95492
18.11484
16.08929
16.15854
13.88302
11.21133
9.805785
11.08914
11.04813
11.8649
11.77019
12.81859
13.21915
14.11092
14.98097
15.96515
13.9188
14.47791
12.07453
13.84361
15.95849
14.18906
14.36954
13.54004
12.7711
16.14368
16.34205
19.34835
16.5928
13.90628
12.04626
11.18071
9.49143
9.966646
10.87422
10.61838
9.021466
10.4125
12.59257
12.22291
12.32753
13.38166
13.45431
18.04584
16.10259
13.95278
11.96631
13.18702
12.90706
12.21673
14.57652
17.69077
16.71222
19.20337
18.24246
18.70185
15.80843
16.15587
14.8428
14.77673
12.65325
12.53849
12.95417
11.8698
13.8476
15.61915
17.13086
19.94495
19.49415
18.28584
23.7411
24.54195
24.20972
22.4566
19.00204
14.20727
14.78889
16.5099
14.54941
14.77226
12.99829
13.60666
17.85758
22.17197
21.26369
21.39547
20.90498
19.46737
17.47855
17.84073
19.0702
18.90243
17.83697
17.02462
14.63591
12.55504
12.51268
12.16527
11.21821
10.04306
9.306896
9.63634
9.926549
9.459116
9.066187
8.585974
8.534269
9.620258
8.938965
10.06033
11.26866
10.78045
12.26511
11.31555
10.49459
9.66131
11.49199
9.581698
9.123418
8.879767
10.14583
9.514283
7.980853
8.134419
8.486596
7.071424
7.085406
7.37347
6.042972
5.671179
5.769254
5.593532
5.650343
5.842567
6.003685
5.889287
6.657893
6.464536
6.637959
8.687215
9.110265
8.188502
7.910563
9.392176
9.918143
10.6337
10.83607
11.64575
13.57694
11.48244
14.12926
12.73372
13.28162
14.58305
14.2666
12.29524
10.9099
11.94935
10.85809
11.32851
11.53524
11.05024
9.809318
9.2947
8.424576
8.899121
10.13162
10.12424
9.993077
11.06403
10.56309
10.07148
10.2912
10.86237
9.908395
9.0364
9.30625
11.13412
9.304618
9.225398
8.59311
8.085947
6.848659
6.272564
6.363292
7.013646
8.119142
7.778573
8.701543
8.251236
8.229671
8.24443
8.352635
8.699995
8.567014
8.681365
8.504556
7.289066
8.057881
7.204053
8.270053
8.163844
6.91734
8.939354
9.276546
9.044041
7.396295
11.16798
10.6656
10.98365
13.32729
13.13701
13.49861
11.75877
9.469352
8.297632
9.980558
9.390538
8.194526
8.46836
10.26094
8.71916
10.36924
10.53908
12.83452
12.82082
13.30166
14.61453
13.27561
13.35701
13.00089
11.03698
11.89203
9.922294
11.35064
11.57723
10.90544
9.749502
7.744654
6.885213
7.972947
8.061428
9.276866
9.525864
8.034101
8.086247
6.43314
6.217091
6.603789
6.818766
7.500198
7.667968
7.462729
6.557264
6.22005
6.557459
7.297795
7.911479
8.512601
9.365958
9.332143
10.88815
12.21647
12.76398
11.14834
11.23262
11.0567
11.79389
11.82144
11.79403
11.3494
11.32279
12.99456
14.9523
13.24333
15.03272
18.1025
19.84427
16.22886
16.08612
13.33558
13.61092
12.99954
11.72728
11.99347
12.22932
11.90665
11.37864
10.94184
12.3135
12.87003
12.79538
15.87087
17.80337
15.53828
17.28105
18.5681
12.54987
12.68133
13.26786
13.02267
11.55965
12.01844
13.49609
14.93332
15.9682
15.96855
15.93402
16.54007
16.8281
17.52734
18.20241
19.95922
20.21597
17.41051
16.03508
18.86965
22.16023
18.1779
14.9255
13.46152
10.83463
10.01552
8.768314
9.312701
8.839119
9.027643
10.97145
10.90633
10.74289
10.41205
12.27578
11.29012
12.18405
10.50088
14.42103
12.93257
12.82663
16.99755
13.85193
12.91999
10.73726
10.23701
9.963627
11.46143
10.32192
10.04347
11.79415
12.92
14.7969
13.32599
12.89975
13.47205
14.86069
17.18173
13.43145
13.50964
11.9752
11.87222
12.62343
13.73032
14.2734
13.40921
14.14025
13.90264
16.10422
17.19636
19.68558
17.04318
16.81484
18.09322
17.69446
16.01781
18.39444
16.13154
14.67323
13.00042
12.57089
14.04142
12.81452
13.65996
12.15278
12.31383
13.16741
11.56161
11.74885
12.32891
12.98029
16.55305
16.48299
17.03515
17.91991
14.25557
15.46224
14.4953
13.57041
15.45019
18.44498
18.36934
15.93764
15.62496
14.7508
16.23438
14.82913
13.24113
11.14012
10.40859
11.45538
11.22314
11.68437
11.46335
11.96684
14.07692
13.25641
14.04727
12.93303
15.75962
12.59952
14.68089
16.69502
16.38811
15.07395
16.35894
17.22036
19.85066
18.71402
18.30941
15.72185
13.96285
13.6537
13.47206
14.30784
13.57911
12.33677
11.10545
11.60762
12.42303
13.87316
15.20003
11.9397
12.39924
11.4147
11.04387
12.61749
11.33147
12.12211
11.57669
11.49581
11.035
10.88747
10.95091
10.81911
10.68453
9.348737
10.14164
9.82282
10.35121
9.80112
8.129918
7.916894
10.02544
8.443403
9.598305
8.857182
8.83181
8.659114
7.356713
8.001704
9.250113
9.293427
10.65807
12.94617
12.75962
12.03741
13.05412
14.89183
12.60009
10.07969
12.02984
12.1197
14.93874
13.8091
14.57944
13.75628
10.93228
10.42978
13.18952
11.75379
12.76489
11.87524
11.47703
12.52462
13.23366
11.82338
12.60395
17.5404
16.62119
18.96168
16.83949
13.84591
12.06466
13.36502
11.95483
11.86135
10.29445
11.04656
9.788995
10.04946
10.13928
9.327729
8.070396
8.412715
8.87532
9.513493
8.654579
8.863003
10.34095
9.049764
8.979467
8.922284
10.62461
11.51868
9.8266
12.07721
11.93654
11.54959
11.59336
14.02329
16.40423
15.06338
12.80431
11.75905
11.91223
12.72
11.57997
12.60602
11.00399
9.858697
8.355386
8.313776
9.63179
9.20444
10.78206
10.51561
11.7033
11.19637
11.46012
11.40609
10.99281
9.802119
9.417436
7.731237
6.962536
7.758951
8.760771
7.904721
10.402
11.69715
12.01562
11.81647
13.68104
15.49472
16.80532
17.08911
16.893
19.55617
16.6271
20.82512
20.58181
16.43422
17.4
15.91811
18.16491
19.97317
21.542
21.32851
23.18109
20.36608
23.43858
19.88286
19.02213
19.6459
18.52826
14.82303
14.13594
13.53106
13.92933
12.62125
14.90269
13.42432
15.41265
14.56887
17.62049
18.97905
16.709
15.76508
14.42362
13.20381
12.5899
16.90255
14.98266
14.96627
14.75417
14.01165
12.83693
12.05276
11.64951
10.98014
12.32379
12.68735
14.42759
12.62191
12.55298
11.56784
11.93797
13.26988
12.89343
13.21398
13.1712
14.84834
15.24717
13.11664
13.50631
14.93772
17.61022
15.73401
15.47501
17.6335
16.53605
15.0703
14.66782
14.07664
16.18492
15.51408
15.73801
12.5019
13.17731
14.16211
16.44905
21.75322
18.11518
18.7505
15.61033
18.43338
19.65659
19.07078
19.16721
15.23356
13.08246
12.97839
11.08703
11.10522
12.20488
9.683916
10.17189
9.587172
8.8797
7.746488
8.844002
9.120299
