0.01242456
0.009248577
0.008834857
0.009042012
0.009387571
0.01010287
0.009962093
0.009666394
0.01034764
0.01096757
0.009682565
0.009785301
0.01164806
0.01146106
0.01114325
0.01056666
0.009889229
0.009910785
0.009704222
0.009710726
0.008319108
0.00803935
0.007213294
0.007326478
0.008378396
0.008416651
0.009071232
0.01043839
0.01085284
0.01098482
0.01068388
0.01109725
0.01108254
0.01087794
0.009979032
0.009738686
0.009198862
0.01010431
0.008920276
0.009724131
0.01102547
0.01069125
0.01077274
0.00966145
0.009349875
0.01147007
0.01097762
0.01091392
0.0109042
0.01054994
0.01029831
0.009887235
0.01146776
0.01319584
0.01218212
0.01109889
0.01100515
0.01126069
0.01120097
0.0100547
0.01085123
0.0110888
0.01140814
0.01129247
0.009562826
0.009583046
0.01022103
0.01103886
0.011476
0.01099942
0.010773
0.009798852
0.008877673
0.007860494
0.007456594
0.00734944
0.008011235
0.007620947
0.008030609
0.008337348
0.008797915
0.008632489
0.009836994
0.009752883
0.01054336
0.01017673
0.01067927
0.01121129
0.00984984
0.01159785
0.01180673
0.01204284
0.01216114
0.01169615
0.01141852
0.01336794
0.01230171
0.0118926
0.01345187
0.01311599
0.01299356
0.01220306
0.01066531
0.009797232
0.01091308
0.01198787
0.01247824
0.01220746
0.01093689
0.01110407
0.01211095
0.01121293
0.01140318
0.01058951
0.01032933
0.009872953
0.0100122
0.009870622
0.01158005
0.01017325
0.009788427
0.009502528
0.008786231
0.009214409
0.01045329
0.009876234
0.01012882
0.0102597
0.01163914
0.01202944
0.01237807
0.01294796
0.01212563
0.01180052
0.01224355
0.01380495
0.01357359
0.01319985
0.01267345
0.01363641
0.01532439
0.01360856
0.01493838
0.01545003
0.01544853
0.01316747
0.0144061
0.01610072
0.01653305
0.01567911
0.01460411
0.01567956
0.01626469
0.01603305
0.01555028
0.01463617
0.01302286
0.01305702
0.01128608
0.009934166
0.01089835
0.01121417
0.01200617
0.01187141
0.01151969
0.01192451
0.01026588
0.009421534
0.009454172
0.009843585
0.01214905
0.01258908
0.01258064
0.01384531
0.01373605
0.01542925
0.01649516
0.01730018
0.01810011
0.01938271
0.02097903
0.0194223
0.01594753
0.01575597
0.01808429
0.01837193
0.01578513
0.01561755
0.01449356
0.01467884
0.016384
0.01451737
0.01284101
0.01194707
0.01130063
0.01330595
0.01283338
0.01155546
0.0117656
0.01141575
0.01313057
0.0114819
0.0112646
0.01202219
0.01063975
0.00967496
0.01060083
0.009893659
0.009640121
0.008912255
0.009936731
0.01186632
0.01078442
0.0113212
0.01155609
0.01180047
0.01187645
0.01187298
0.0145774
0.01325148
0.01199057
0.0124391
0.01100539
0.01067286
0.009663898
0.008794026
0.009261065
0.0104873
0.009807777
0.009620692
0.009946977
0.009804093
0.009947694
0.008842679
0.009280903
0.01029571
0.01141776
0.01196538
0.01182733
0.01030845
0.00950516
0.009462532
0.009755782
0.008812073
0.009978266
0.00913876
0.009518089
0.009281573
0.00968344
0.008853111
0.009503106
0.009332451
0.008567376
0.008130893
0.008397341
0.008690803
0.008184567
0.008542436
0.008763456
0.009131571
0.009670431
0.01102537
0.009652725
0.01104339
0.01271158
0.01274023
0.0127494
0.01248002
0.013289
0.01119036
0.01078191
0.01051959
0.01111446
0.01026517
0.01030586
0.008026977
0.009332462
0.01010743
0.01120734
0.01247855
0.01209738
0.01215885
0.01232364
0.01347076
0.01211681
0.01340121
0.01182572
0.01379359
0.01334217
0.01416416
0.01553805
0.01478606
0.01489989
0.01522112
0.01542963
0.01650532
0.01572422
0.01446012
0.01500966
0.01231773
0.01059927
0.01096579
0.01274236
0.01367645
0.0143525
0.01480211
0.01563345
0.01482059
0.01363342
0.01291948
0.01364851
0.01270787
0.01307457
0.01276127
0.0136588
0.01570017
0.01578518
0.0138956
0.0149057
0.01583165
0.01778249
0.0180776
0.01640346
0.01403034
0.01440567
0.01467696
0.01402694
0.01472019
0.01318581
0.0131876
0.01314035
0.01349132
0.01479256
0.01517069
0.01762166
0.01583679
0.01587903
0.01747723
0.01632336
0.01670496
0.01434459
0.01511466
0.01485877
0.01661915
0.01648991
0.01676767
0.01621844
0.01601018
0.01701642
0.01579038
0.01659679
0.01559657
0.01845113
0.01999358
0.01759856
0.01727895
0.01696785
0.01615291
0.01840401
0.02063406
0.02260193
0.02191376
0.02154663
0.01999413
0.0164447
0.01796219
0.01644578
0.01600893
0.01562858
0.01672074
0.01532088
0.01691314
0.01739009
0.01545372
0.01532911
0.01699762
0.01850797
0.01753285
0.01619518
0.01408998
0.0141833
0.01434762
0.01390906
0.01437838
0.01418976
0.01500186
0.0150603
0.01664483
0.01860277
0.01640912
0.01556284
0.01726692
0.01736224
0.01733435
0.01737786
0.01743349
0.01715295
0.01592846
0.01835744
0.0183114
0.01769818
0.01709221
0.01674047
0.01531681
0.01558948
0.01743355
0.01541028
0.01420502
0.01404607
0.01310646
0.01232543
0.01356272
0.0137662
0.01315178
0.01375033
0.01214108
0.01046395
0.01238903
0.01183502
0.01277109
0.01231648
0.01304199
0.01203805
0.01292715
0.01460482
0.01430319
0.01410132
0.01337765
0.01396773
0.0146167
0.01291229
0.01324337
0.01507111
0.01481214
0.01516137
0.01477236
0.01429737
0.01269776
0.01150594
0.01341057
0.01371425
0.01621436
0.01427853
0.01269189
0.0127965
0.01244313
0.01161429
0.01139873
0.01156406
0.01136555
0.01157123
0.01230594
0.0122541
0.01277954
0.01201121
0.01205972
0.01526989
0.01647686
0.01491901
0.01643658
0.01534841
0.01518366
0.01805236
0.01685642
0.01831902
0.01749271
0.01599182
0.01735699
0.01800269
0.01555874
0.01483135
0.01248541
0.01347669
0.01172928
0.01151175
0.01002503
0.01028406
0.009474863
0.008993386
0.009996263
0.009807988
0.01006391
0.01003052
0.01064989
0.01079505
0.01085844
0.009806634
0.01139875
0.01176562
0.01285453
0.01239096
0.01331576
0.01101151
0.01161906
0.01040411
0.0114379
0.01014911
0.009907674
0.01079042
0.01068408
0.01037821
0.009408594
0.009413861
0.009189919
0.009035533
0.01079504
0.009984772
0.01088995
0.01257669
0.01312548
0.01483223
0.01186963
0.01089118
0.01248348
0.01207042
0.01439107
0.01429073
0.01542426
0.01393385
0.01479781
0.01398631
0.01121118
0.01087387
0.01117254
0.01157452
0.01294856
0.01303154
0.01464468
0.01305528
0.01274969
0.01293001
0.01354716
0.01390489
0.01536514
0.01526299
0.01362058
0.01504304
0.01484747
0.01606201
0.01755257
0.01738443
0.01501221
0.01721058
0.01493159
0.01481593
0.01434103
0.01317455
0.01474515
0.0158966
0.01438857
0.01442846
0.0150052
0.01571446
0.01653524
0.01629741
0.0164164
0.01659538
0.016475
0.01501897
0.01657425
0.01536583
0.01566709
0.01688916
0.01883351
0.01988311
0.02086529
0.01857343
0.01689917
0.01810078
0.01708993
0.01880539
0.01658879
0.01872556
0.01961595
0.01871165
0.01762745
0.01919485
0.0189712
0.01912448
0.01753497
0.01648622
0.01448323
0.0146194
0.01348009
0.01567329
0.01598923
0.01402821
0.01432732
0.01302888
0.01210672
0.01271869
0.01211586
0.01281944
0.01160654
0.0123768
0.01121958
0.0123617
0.01189874
0.0111816
0.01099493
0.0113985
0.01208275
0.01332166
0.01303322
0.01281401
0.01326798
0.01254286
0.0141288
0.0139835
0.01510758
0.01597777
0.0157329
0.01388521
0.01272252
0.01176197
0.01185906
0.01061296
0.01106381
0.010639
0.01084304
0.01071353
0.01062744
0.01033295
0.01044775
0.01072179
0.0105547
0.009475153
0.01073041
0.01160334
0.01101153
0.01348922
0.0135514
0.01256
0.01454448
0.0134499
0.015121
0.01477972
0.01389491
0.01311922
0.01289701
0.01330221
0.01299896
0.0129613
0.01336887
0.01141638
0.01238706
0.01118833
0.01041949
0.011326
0.01136919
0.01218867
0.01109916
0.01049169
0.01037299
0.01028883
0.01237091
0.0129898
0.01282293
0.01162964
0.0113294
0.01156156
0.01214907
0.01102593
0.0111953
0.01115321
0.01126179
0.01114607
0.01171655
0.01277582
0.01198487
0.01162905
0.01204258
0.01273911
0.01108946
0.01172098
0.01204152
0.01347593
0.01273541
0.01289378
0.01208234
0.01251642
0.01275772
0.01376571
0.0151787
0.01387439
0.01220518
0.01453448
0.01440342
0.0128437
0.01312564
0.0135546
0.01437531
0.01426444
0.01518168
0.01497177
0.01538257
0.01509949
0.0143079
0.01563377
0.01554828
0.01488383
0.01571073
0.01486829
0.01550804
0.01525626
0.01632834
0.01661529
0.01880351
0.01803095
0.01939916
0.01847579
0.01642945
0.01959687
0.01918303
0.01851752
0.01676622
0.01804891
0.01676086
0.01518084
0.01739696
0.01726134
0.01850636
0.01704789
0.01472585
0.01310241
0.01267742
0.01139217
0.01041368
0.009995397
0.00983976
0.00917058
0.008491552
0.008313689
0.008618651
0.008777104
0.008815029
0.01103777
0.01071298
0.01075716
0.01062774
0.0104708
0.009649379
0.009791173
0.009013611
0.008297331
0.008704146
0.008827838
0.00978449
0.009824044
0.01061507
0.01154007
0.01211469
0.01182929
0.0100003
0.009758211
0.01085198
0.01072099
0.01096282
0.009243783
0.009242155
0.01034711
0.01001963
0.01056749
0.01040912
0.009189253
0.009407821
0.008440457
0.009282086
0.009357651
0.009695074
0.009648149
0.009323574
0.009499779
0.009403515
0.01010896
0.00968737
0.01042179
0.00967071
0.009326927
0.01031614
0.01116145
0.01079921
0.01058248
0.009959356
0.00983587
0.009592824
0.01025286
0.01052857
0.009605462
0.009705083
0.00917883
0.009939749
0.009502013
0.009863504
0.01187419
0.0120643
0.01182786
0.01067307
0.01115995
0.01086931
0.01396923
0.01207034
0.01066097
0.01241904
0.01441799
0.01412437
0.01433784
0.01532296
0.01554018
0.01427296
0.01306737
0.01278354
0.01241155
0.01377735
0.01398082
0.01223884
0.01235939
0.01071529
0.01189522
0.01194994
0.01189507
0.01161488
0.01021525
0.01148633
0.01066432
0.009885449
0.01047536
0.009475886
0.009491604
0.009849999
0.00981322
0.01026032
0.01045769
0.01119842
0.009992124
0.01112069
0.01023977
0.01079776
0.009906274
0.01140199
0.009328996
0.008298449
0.008791551
0.008872432
0.008278901
0.008024964
0.008363415
0.008941942
0.008592223
0.009219623
0.009416838
0.009574782
0.009116249
0.01028004
0.01128712
0.01191098
0.01205756
0.01190507
0.01301966
0.01217243
0.0118277
0.01288814
0.01235258
0.01144838
0.01162922
0.01296211
0.01331766
0.01343722
0.01429728
0.01433313
0.01448405
0.01568696
0.01502506
0.01550104
0.01546878
0.01592733
0.01502212
0.01639372
0.01697257
0.01750772
0.01779269
0.01594649
0.01621065
0.01643792
0.0151693
0.0152037
0.01436351
0.01584086
0.01485954
0.01601974
0.01643155
0.01540486
0.01534567
0.01525003
0.01541839
0.01600315
0.01518465
0.01292687
0.01298981
0.01418764
0.01380337
0.015006
0.01499224
0.01539792
0.01392823
0.01639346
0.01484186
0.01313831
0.01411616
0.01490957
0.01345619
0.01510965
0.015704
0.01584594
0.01596717
0.01651191
0.01530404
0.01282204
0.01351354
0.01344935
0.01391343
0.01515202
0.01467902
0.01478295
0.01329315
0.01385708
0.01297799
0.01356568
0.01357361
0.01263745
0.01496706
0.01461354
0.01491058
0.01273679
0.01342413
0.01500118
0.01559911
0.0154598
0.01389338
0.01574014
0.0152783
0.01577831
0.0167304
0.01580569
0.01544318
0.01804315
0.02066381
0.02025117
0.01772595
0.01677608
0.01888587
0.01731329
0.01701967
0.01674291
0.01816212
0.01875991
0.01516336
0.01450839
0.0148398
0.01376464
0.01563383
0.01630939
0.01706209
0.01552816
0.01455573
0.01528105
0.01327128
0.01337933
0.01110588
0.01061976
0.01073468
0.01285112
0.01252268
0.01439094
0.0149969
0.01620686
0.01737552
0.01534386
0.01381021
0.01392406
0.0124035
0.01160352
0.01190986
0.0116528
0.01146555
0.01363001
0.01466146
0.01541436
0.01437711
0.01319148
0.0143799
0.01504114
0.01576559
0.01449498
0.01550403
0.01563832
0.01426328
0.01333812
0.01405262
0.01371001
0.01473317
0.01388526
0.01301334
0.01009733
0.01089752
0.01080285
0.01069352
0.01078837
0.01219631
0.01327667
0.01319811
0.01268168
0.01262688
0.01241304
0.01193272
0.01177625
0.01083803
0.009885843
0.01077854
0.01204037
0.01219153
0.01408384
0.01474657
0.01552762
0.01515282
0.01411331
0.01381177
0.01296218
0.01297651
0.01294151
0.01336365
0.01470053
0.01550914
0.01622708
0.0152249
0.01508781
0.01383184
0.0155872
0.01377259
0.01363125
0.01374793
0.01388226
0.01277585
0.01199641
0.01119346
0.01273002
0.01234234
0.01181193
0.01075882
0.01076558
0.01045017
0.01117277
0.01092396
0.009929834
0.009273566
0.008849467
0.0100513
0.009430737
0.008884222
0.009575326
0.009692617
0.009929626
0.01062458
0.0109926
0.009451826
0.01115303
0.01177748
0.01225066
0.01020684
0.01117294
0.01094047
0.01006096
0.01136701
0.01182527
0.01185213
0.01148687
0.01209646
0.01255593
0.01394453
0.01305853
0.01464133
0.01397861
0.0122195
0.01151818
0.01304745
0.01454386
0.01391372
0.01508845
0.01386206
0.01400246
0.01591175
0.01500704
0.01416462
0.01392506
0.01504259
0.01595075
0.01451162
0.01529119
0.01549329
0.01362947
0.01305381
0.01344302
0.0130518
0.01556313
0.01448241
0.01333645
0.01135523
0.01118145
0.01251369
0.01238357
0.01138356
0.01008046
0.008909803
0.009014397
0.01013492
0.01079866
0.01020953
0.008805694
0.008768967
0.008807522
0.008743475
0.008048479
0.008371197
0.009789279
0.00989594
0.01095137
0.01062936
0.01144007
0.01176348
0.01179162
0.01127767
0.01236606
0.01384949
0.0128769
0.01420735
0.01405634
0.01341378
0.0141586
0.01442534
0.01390072
0.01354261
0.01462153
0.01319097
0.01335972
0.01148422
0.01083693
0.01134806
0.009888227
0.01022137
0.01008554
0.009890415
0.01010232
0.01083826
0.01000424
0.01056549
0.009945837
0.009265917
0.00971908
0.008745544
0.007295692
0.007624941
0.006847828
0.007510261
0.007623867
0.007917416
0.007687953
0.00793591
0.007102411
0.007623678
0.007021524
0.008424062
0.008287055
0.008690337
0.008189066
0.008713636
0.008925258
0.009669729
0.009644445
0.008819316
0.008205501
0.00913766
0.0101546
0.01078294
0.01013707
0.01044569
0.01055263
0.01142883
0.01149314
0.01136827
0.01058598
0.01017125
0.009820291
0.009560575
0.009725176
0.009851814
0.0101859
0.009716781
0.01027045
0.01214246
0.01173237
0.01098015
0.01069306
0.01017997
0.009386045
0.008998319
0.01075266
0.009777243
0.008530637
0.008794331
0.01070053
0.01033614
0.01146904
0.01119586
0.01076635
0.01074682
0.01136015
0.009913637
0.01094868
0.01051946
0.009943875
0.01076643
0.01137383
0.01043207
0.01107672
0.01137869
0.01032647
0.009770497
0.009585943
0.01073988
0.01099209
0.01070057
0.01014919
0.01044316
0.009953225
0.00984703
0.007505337
0.00667596
0.007993334
0.008675124
0.009950167
0.01070848
0.01012497
0.01001922
0.009830732
0.009905609
0.0105196
0.0104926
0.01066724
0.0121007
0.01194887
0.01033839
0.009498474
0.009554682
0.009549296
0.009843741
0.01041567
0.01029245
0.009316552
0.01022456
0.009892116
0.008828442
0.008524889
0.008416166
0.008427593
0.009185328
0.009193747
0.008800195
0.008941047
0.008503879
0.008492074
0.008380819
0.007926565
0.008063786
0.009328386
0.0108431
0.009851609
0.01014998
0.009988717
0.01112519
0.01140567
0.01053254
0.009417774
0.01020287
0.01058319
0.01148723
0.01038943
0.009569169
0.009947785
0.009903673
0.01065985
0.009087484
0.008437776
0.008946769
0.009820974
0.009723056
0.009309356
0.008559901
0.008737962
0.008148451
0.008752241
0.008408016
0.008280938
0.00868023
0.008785286
0.009018038
0.009939913
0.01024238
0.0108999
0.009443623
0.009406573
0.009258561
0.009532293
0.00938064
0.009676809
0.010191
0.009307648
0.009396525
0.008003654
0.007670729
0.00860838
0.008247514
0.01013246
0.01067477
0.0111936
0.009806173
0.01012396
0.01035226
0.01102378
0.0124061
0.01156433
0.01082467
0.009554168
0.009724566
0.01117053
0.01219795
0.01257335
0.01080059
0.01006144
0.01103917
0.0122439
0.01224921
0.01263909
0.0137408
0.01263125
0.01203069
0.01523726
0.01392625
0.01399955
0.01318784
0.01039573
0.00990909
0.0107774
0.01160377
0.0111838
0.01174264
0.0113781
0.01239251
0.009392612
0.01027336
0.009309245
0.009420689
0.009683275
0.008964877
0.009237514
0.009549994
0.00927107
0.009418298
0.008887843
0.01033319
0.009518215
0.009825585
0.01057733
0.01094428
0.01064334
0.009414376
0.009649947
0.009997248
0.009020339
0.008844596
0.008280929
0.008128806
0.008978351
0.009231032
0.009650595
0.009816225
0.00896226
0.01027216
0.009177154
0.009661682
0.01049408
0.01169378
0.01205756
0.01168121
0.01055179
0.01008824
0.01033486
0.009013121
0.01001659
0.00859734
0.007731451
0.007452291
0.008344115
0.00858565
0.008644587
0.008323672
0.007772557
0.007638147
0.007447414
0.008882523
0.009721704
0.009305895
0.009272241
0.009122214
0.009804354
0.009721126
0.009212489
0.009738284
0.01032084
0.01024186
0.01005676
0.01018746
0.01009732
0.01061554
0.009906441
0.009423287
0.009955511
0.009594046
0.009487941
0.009383174
0.008752792
0.01026319
0.01042184
0.01110565
0.01051471
0.01118693
0.009480785
0.009070061
0.00884584
0.008595078
0.009788249
0.01010059
0.01068325
0.01023331
0.01065391
0.01234986
0.01291883
0.01437713
0.01457676
0.01432783
0.01237793
0.01441172
0.01363905
0.01497006
0.0144768
0.01453258
0.01575864
0.01487143
0.01324037
0.01251277
0.01080947
0.0093115
0.01094236
0.01045912
0.009955575
0.009260457
0.009880867
0.008825309
0.009252666
0.01046294
0.01188572
0.01192164
0.01341583
0.01282059
0.01188904
0.01149201
0.01137203
0.01137882
0.01204921
0.01192363
0.01261976
0.01439453
0.01460356
0.01465808
0.01408551
0.01201567
0.01266862
0.01313381
0.01418667
0.01464801
0.01349241
0.01431123
0.01516734
0.0128344
0.01322592
0.01304059
0.01362217
0.01361792
0.01394784
0.01364033
0.01326053
0.0142706
0.01400675
0.01472187
0.015093
0.01449636
0.01340961
0.01458108
0.01430983
0.01430492
0.01547398
0.01529259
0.01451512
0.0153122
0.01444726
0.01717583
0.01757616
0.01703364
0.01790397
0.01804549
0.01969609
0.016736
0.01593412
0.01466579
0.01359782
0.01406845
0.01348992
0.01382745
0.01444716
0.01561376
0.01465156
0.01548925
0.01515122
0.01368129
0.01511783
0.01425795
0.01565297
0.01306869
0.01429205
0.01550285
0.01496534
0.01780235
0.01533425
0.01403382
0.01413449
0.01336742
0.01367182
0.01363797
0.01324609
0.01255827
0.01213245
0.01329245
0.01420286
0.01394085
0.01433158
0.0143982
0.01416451
0.01357565
0.01121816
0.01039631
0.01014249
0.01019246
0.01041009
0.01149204
0.01109113
0.01027409
0.01231757
0.01203269
0.01149405
0.01098633
0.01221785
0.0105102
0.01004718
0.01008524
0.01054301
0.01130515
0.009164236
0.009472978
0.01029564
0.0110144
0.01141642
0.01127539
0.01145149
0.01025857
0.00988779
0.009242432
0.009432347
0.009839143
0.01057447
0.01015942
0.01008059
0.0106012
0.01061329
0.0111775
0.01171214
0.01107193
0.01045927
0.01090887
0.01175365
0.01230629
0.01090383
0.0109777
0.01136979
0.01173404
0.01100044
0.01062673
0.01176736
0.01184276
0.01125395
0.01063661
0.01135832
0.01133821
0.01093579
0.01072465
0.0121311
0.01090781
0.01115072
0.01148491
0.01044528
0.0102597
0.01018472
0.01087712
0.01089818
0.01126406
0.01148876
0.01073159
0.010619
0.009752954
0.008929297
0.01057084
0.01186607
0.01318718
0.012806
0.01207316
0.01225207
0.01118585
0.009803277
0.00989764
0.009417352
0.00953876
0.009321292
0.009035654
0.009229192
0.008019706
0.008311025
0.007754161
0.008991008
0.009846771
0.009710238
0.009894232
0.009497496
0.009430584
0.009608579
0.0116798
0.01184982
0.01378317
0.01149829
0.01069732
0.01073913
0.01059733
0.01128557
0.01093028
0.01117838
0.01378452
0.01342168
0.01196369
0.01234679
