10.94171
13.31063
9.25825
8.50826
8.998084
11.253
9.594038
7.116099
7.012434
5.535699
7.988409
8.133995
11.2032
11.72745
9.305513
9.774335
8.24145
10.75657
9.454601
10.01095
9.101179
9.144651
8.081462
6.672274
6.562977
6.464067
5.621293
5.40374
3.913517
4.164515
4.190148
6.080101
5.967962
6.607159
6.276633
7.297316
6.669532
7.327818
9.576222
11.24501
11.22028
8.305467
8.074367
10.16579
5.674948
3.112141
4.294457
6.366331
6.10747
4.682487
4.158407
4.878059
3.838749
4.749997
4.717841
3.645571
4.150689
4.183778
4.119751
5.304532
8.571229
7.715701
7.095267
5.253767
6.695013
10.00759
9.195043
9.03212
7.805885
5.705615
5.971137
4.841857
4.398289
7.139545
6.683767
5.335216
6.3918
9.771051
10.69523
9.017322
7.157024
5.384711
5.790703
5.733365
6.258003
6.921052
8.147845
6.43324
5.517356
5.032417
5.404986
7.416874
8.245066
9.288661
9.889765
8.508646
9.893785
10.87356
9.655131
10.37616
8.477047
4.877608
5.366958
4.123734
3.690842
5.931302
5.817626
6.004993
5.882489
7.858346
6.56687
4.52806
5.889993
5.738947
6.476639
6.899779
6.666384
6.844996
6.232154
6.315591
8.176476
7.748813
7.946303
6.358651
5.179091
4.640693
7.987146
6.30108
6.728454
6.502186
7.535433
7.770209
8.458936
7.580716
6.447443
8.436289
7.41927
6.813151
8.217627
6.476376
4.77012
5.335185
6.079247
6.394149
8.023435
7.967661
9.880359
8.734772
9.127607
5.705263
6.409894
7.298208
7.701488
9.186665
9.060499
11.8271
9.358778
11.44508
9.32231
8.856488
9.110837
11.26026
15.21157
18.04972
13.83339
13.86155
14.06858
14.47956
11.89519
10.97095
14.18217
15.63322
14.16077
17.18993
16.94285
12.21972
10.56272
9.355737
8.281409
6.49604
6.433138
5.679408
5.656137
6.182543
6.073526
6.654944
6.416696
5.460941
8.614464
6.880822
6.481537
6.041342
5.602005
6.425804
5.266309
5.927172
6.389927
6.413053
7.404598
7.648429
5.48059
4.997526
4.698256
5.095829
5.164347
5.854973
7.245308
3.967342
4.466619
4.971442
4.425196
5.299732
6.359994
5.280451
7.244938
7.811263
10.35127
8.80059
7.607346
6.709155
6.116154
6.279445
5.779957
5.122471
4.61403
5.532667
4.406431
4.445391
5.532362
6.647952
7.306442
5.987901
8.655185
8.712637
9.670903
9.094738
7.166294
5.504274
5.636489
8.180561
8.685643
11.14292
12.79101
12.31604
8.654701
12.48155
16.21156
12.9403
8.189285
8.187795
9.319136
10.77523
8.389711
6.157087
6.911962
5.948573
9.161451
11.23837
8.055957
5.637437
6.110289
9.755475
10.15262
10.06081
11.90986
10.07227
13.50753
11.80048
13.96334
10.17429
9.229945
8.286832
8.486226
7.079594
8.619243
9.610744
12.5919
11.0437
7.116002
5.290899
7.144088
5.905093
6.347353
5.130658
6.183727
11.17059
10.89131
8.405706
10.28272
12.84239
13.91587
10.95945
9.162567
10.62584
6.488855
6.440439
5.618659
4.605658
4.896338
6.903904
7.14852
8.06759
8.074167
5.036997
3.762999
4.453666
7.24307
9.24983
7.106294
6.600573
6.181766
6.601675
6.716363
10.14638
10.59605
9.957335
9.668701
7.458547
6.378975
7.907098
5.323842
4.845863
4.687135
3.896964
4.287458
5.482667
8.55616
9.364557
10.33191
6.873324
8.395033
12.64623
8.683372
9.120936
9.602402
6.67666
9.36596
10.93395
6.151072
8.283229
11.37726
8.860513
7.334628
8.09367
9.704055
9.892101
7.211685
8.581086
7.496871
8.987188
5.556383
6.158137
6.451766
4.70027
5.027109
5.992113
5.515453
5.256905
4.672823
5.357806
4.648875
6.122864
5.202691
5.271844
4.738241
5.019967
3.511905
3.156426
4.007676
4.594735
6.50315
5.877497
8.515583
8.922647
7.530319
7.840411
6.94879
7.04807
6.07245
5.519892
6.630545
7.169338
9.901397
9.601892
9.554396
9.714938
8.85133
7.515055
6.438377
6.005029
7.012172
7.790278
5.458606
5.293329
4.956842
5.641242
5.05082
4.750768
4.29995
4.555944
5.696452
6.601071
6.345044
6.212008
5.860324
4.87528
3.69037
3.957125
5.336549
4.785176
4.761413
5.773017
5.391067
6.378763
4.5902
3.631876
4.098585
3.683819
3.979223
5.639018
6.039813
5.613339
5.837237
4.541622
4.574013
4.839507
5.14383
5.410563
5.446453
7.313304
6.853022
9.128858
9.142778
8.434609
7.374612
5.954722
6.964596
9.249186
6.573857
7.864239
6.386931
5.605579
6.860313
7.086253
7.005167
8.630009
8.020687
5.546655
6.152899
4.642787
5.436618
4.72678
5.196464
5.571742
6.499001
6.846673
10.84977
8.751815
8.590186
8.252773
7.582167
5.29281
6.686947
6.930905
7.631545
7.013858
7.442142
6.257234
6.555232
9.093654
7.96574
8.517459
6.876739
8.125256
10.79318
10.98828
12.41849
16.23552
12.12452
11.0392
9.455818
9.674737
8.995566
10.12665
13.30516
9.845563
9.834623
8.47133
7.904399
9.577157
4.575923
4.130062
7.146753
6.350173
6.543748
9.299696
6.993176
6.871734
7.479036
6.983591
10.43673
9.824126
8.602416
9.184624
9.14015
11.15782
10.45243
12.10063
10.43988
10.24729
9.126184
9.274557
8.639323
10.17412
9.106438
8.967641
8.484457
6.653766
9.449612
10.59096
9.947926
9.737773
8.740067
9.625174
6.880397
5.761108
5.92305
6.594544
7.763041
6.918764
8.289953
8.918933
8.819798
8.617773
7.605161
6.361748
7.213153
9.203909
6.006749
5.245543
7.500819
7.424463
7.890761
10.57652
13.1483
11.52613
17.91678
10.01402
7.777843
6.47129
5.9822
4.997176
6.136075
4.911055
5.3511
5.919497
6.337538
6.631003
6.172259
4.786159
5.366123
3.337995
4.022418
4.327034
5.6889
6.271104
4.924801
4.784097
5.310034
4.49378
4.976443
4.243063
4.229656
5.748918
5.198535
4.940453
5.927516
7.153469
8.161653
7.333137
7.650928
10.1588
9.533648
8.413486
8.694243
11.90397
10.79293
10.92745
10.86542
8.3021
7.939413
8.229645
9.845065
8.161749
9.482142
9.421809
8.914308
13.56992
15.44911
11.71578
9.097509
8.909455
6.970959
5.773411
5.733107
7.257736
10.03422
12.04876
12.15556
11.03543
8.982699
6.173415
4.408263
4.165749
4.213017
5.746114
7.004208
8.035979
6.930203
9.716118
15.73636
17.0688
14.6088
19.12033
16.86994
17.00431
15.26164
15.31479
12.98835
11.01473
10.83613
13.00231
12.25545
10.06458
10.07713
7.562607
6.891048
6.033106
6.630447
8.310692
8.76181
10.04597
10.5549
9.224878
7.512428
5.788709
6.648652
5.765578
5.323853
9.048204
11.58044
10.89732
7.68561
6.188105
6.825021
8.291643
12.34364
11.86904
12.01425
10.64526
9.869717
8.791438
9.977765
10.79058
9.355555
7.79775
7.917302
7.402251
9.437695
7.931141
11.70052
11.50047
10.02829
10.64692
9.783357
7.740221
10.8097
14.69063
22.07422
15.48942
14.04466
11.4655
13.92542
9.038597
9.139734
10.05369
11.06444
12.03959
12.59995
11.73289
11.55783
11.22091
9.483048
8.722822
7.72772
8.613672
8.171509
7.931249
10.36896
12.09285
14.98377
12.90366
8.953883
7.878618
5.935248
6.433215
8.022393
7.661077
8.7223
8.769221
9.921562
9.30147
6.912493
5.488124
6.456382
4.535394
4.46534
3.937136
4.270783
6.352202
7.063696
5.732711
5.764537
4.754494
5.53172
4.998025
5.736894
5.430509
4.474835
4.788861
7.670123
5.641486
5.653277
6.9072
6.084507
5.957299
6.896482
7.345267
6.380146
7.707949
9.831697
7.593865
10.81036
12.11951
10.94476
14.25381
14.86748
10.74709
10.56675
9.829124
10.38319
14.56296
14.79513
15.72546
15.16122
15.32873
12.89716
8.487191
7.633265
5.341624
4.610263
4.380019
5.161621
3.936866
5.084823
5.196038
6.878428
8.983733
8.513278
6.357188
8.295211
8.870228
8.647759
9.9974
10.87503
9.053149
10.40654
8.845265
9.234606
12.13378
13.06373
10.96854
12.12395
12.60745
9.242936
10.8038
11.62707
12.47058
14.49986
11.42777
8.368553
8.887375
8.870057
9.905951
8.550475
7.11148
7.994901
6.351797
7.601996
6.566342
5.518588
5.690784
4.76533
7.59939
7.562349
9.162362
7.745968
9.552714
8.805838
8.163542
6.688772
7.165901
7.910118
5.53632
4.396818
3.698956
3.697955
3.526895
4.975992
6.416293
6.743093
9.033615
11.6296
11.78646
10.92494
12.62536
11.30267
13.85384
9.962634
10.30103
8.158791
10.94231
10.33767
7.8921
8.041336
6.390074
7.170783
9.887497
8.18289
10.96766
12.47226
8.006158
5.752725
7.21275
5.629778
5.182546
7.568849
6.68949
6.076608
6.944718
6.847218
6.391902
5.23073
8.796446
6.394994
6.670608
9.797259
9.631675
11.06467
10.79555
7.909306
6.896503
6.707242
10.23736
10.99452
8.968752
8.26381
9.128884
9.85786
9.058522
8.777712
7.213382
6.992154
7.478152
8.822325
6.49066
7.141098
7.999913
5.863179
5.835639
5.971059
7.37441
7.670715
7.410706
5.169148
4.256865
3.761341
3.885647
4.258564
4.690376
5.274896
5.405506
6.86113
6.713705
6.207861
6.42556
9.563298
11.46822
10.09817
7.571695
10.01999
11.95282
10.91124
11.01266
9.459527
8.684328
7.57224
7.20814
6.880699
7.032374
5.275907
6.013212
8.237964
9.547372
8.098149
6.296369
5.028802
5.212363
6.026425
5.749378
4.997415
5.295625
4.27334
4.171507
6.454165
6.152278
5.915447
7.636822
5.309395
4.66367
5.236867
6.6972
6.609359
7.414382
6.028515
6.953952
5.055287
3.697349
3.969881
5.59377
6.450296
4.741347
4.447336
3.549687
3.600769
3.393397
3.521176
3.763278
3.705674
4.816131
4.771185
5.606675
7.348686
7.116409
5.32603
4.577545
4.203607
5.143205
4.372589
4.2641
6.458853
7.029976
7.907444
10.26481
9.784641
10.73779
15.49413
12.92844
13.93083
13.21004
7.315061
8.850051
11.27479
7.833396
9.646324
8.388526
9.255445
7.254146
7.066829
6.501992
8.934404
7.816703
6.100485
5.341307
5.858298
5.163008
4.353528
5.344195
7.525446
6.685503
6.169571
6.161239
6.147274
4.714478
3.113447
3.694437
5.351636
4.402141
4.683976
5.711105
