probIn scale
0.009211672 3.801555
0.001304316 3.602537
0.004078634 3.85081
0.001140082 4.176207
0.0004805417 4.417867
0.003213189 4.143022
0.00112551 3.813837
0.00335982 3.703542
0.01492138 3.913273
0.005269282 3.624853
0.00528453 3.460906
0.01156226 3.152113
0.01781169 3.273163
0.006321238 3.00742
0.007013404 3.37723
0.002504858 3.441814
0.00628184 3.915963
0.004109774 3.286031
0.006946997 3.056196
0.00669365 3.082049
0.003584503 3.062804
0.008446336 3.207595
0.006158172 3.217163
0.008946438 3.212945
0.01652814 3.238483
0.008562281 3.304289
0.0142555 3.318846
0.009323272 2.94057
0.004091143 2.992921
0.003788316 3.02339
0.003354486 3.206032
0.001847619 3.094238
0.004281475 3.331801
0.002978142 3.309236
0.01336891 2.898266
0.009813742 3.115203
0.01076182 3.446929
0.01385257 3.278893
0.01426107 3.48674
0.00672914 3.114823
0.00226627 3.342766
0.0007820104 3.152397
0.004676589 3.346266
0.002295092 3.287666
0.002619035 3.094937
0.003100816 2.892721
0.0009444297 2.936257
0.006020983 3.024153
0.003409679 3.299656
9.662054e-05 3.18107
0.002606438 3.405906
0.002234253 3.52761
0.01061949 3.509996
0.008660994 3.687006
0.007698413 3.2202
0.007323159 3.248027
0.01380305 2.982343
0.01210039 2.830041
0.003157183 2.837508
0.006079281 3.168295
0.007788153 3.028514
0.009262935 2.557943
0.0119151 2.731246
0.009186344 2.460331
0.006570155 2.48802
0.004123429 2.686139
0.002013126 2.586817
0.002765573 2.678232
0.005864507 2.555434
0.005452216 2.413549
0.003914156 2.527455
0.003284004 2.622481
0.005006359 2.318014
0.0045366 2.446075
0.004169317 2.401735
0.007340298 2.374803
0.01091608 2.586423
0.01374558 2.2808
0.01064638 2.251662
0.01424475 2.223535
0.01310072 2.484921
0.00688573 2.366065
0.00551861 2.556473
0.009024961 2.796519
0.009372392 2.510985
0.009647223 2.621597
0.01560423 2.7125
0.004296633 2.655985
0.006038857 2.590608
0.001489124 2.796601
0.001662174 3.082863
0.003343938 3.670859
0.0007854863 3.488779
0.001758142 3.045772
0.00694536 2.914137
0.008352871 2.910398
0.007850214 2.809425
0.001848939 2.85793
0.001467187 3.156093
0.005790362 3.513896
0.001917483 3.384183
0.00770264 3.413006
0.006939756 3.644195
0.0002666177 3.878118
0.002681084 3.964493
0.00153154 3.269547
0.004717501 3.242459
0.006824945 3.508808
0.003277232 3.677335
0.001287486 3.333596
0.00612779 3.090504
0.001057673 3.266877
0.0001917074 3.427331
0.001560784 3.794471
0.002769007 3.982017
0.004977599 4.231938
0.002040739 4.112935
0.001298022 3.905857
0.001082304 3.850401
0.002449853 3.79416
0.0007988868 3.267968
0.004887327 3.263081
0.001540566 3.33503
0.007418825 3.372467
0.01372257 3.430409
0.006828745 3.877937
0.01250916 4.25002
0.02017701 4.153333
0.01968796 3.74741
0.01062625 3.623975
0.01842069 3.535239
0.02196079 4.068322
0.008040588 3.50665
0.009696825 3.114033
0.005462858 3.320784
0.003719127 3.584922
0.00383734 3.634867
0.002653163 3.717682
0.002243317 4.525794
0.004185494 4.807846
0.001674128 4.354368
0.002025818 4.834807
0.00645665 4.943739
0.003597417 4.850884
0.001284056 5.052387
0.000869804 5.003325
0.002717412 4.881775
0.002748718 5.071322
0.004094305 5.412652
0.001356368 5.351591
0.002069444 5.644215
0.002057421 5.59301
0.001694994 5.255596
0.002387769 4.956517
0.002272333 4.430122
0.007444204 4.979395
0.003924172 4.758343
0.004137988 4.391859
0.003211215 4.192081
0.005196978 4.684794
0.00412526 4.639821
0.004513351 4.41561
0.0128992 4.370708
0.004724788 4.284656
0.007713032 4.133046
0.01426486 3.881373
0.01082429 4.043617
0.01486954 3.778522
0.01518942 3.983601
0.008478508 3.907803
0.01034702 4.009155
0.01252328 3.983309
0.01107639 4.302378
0.01550542 4.365258
0.001235839 4.631219
0.002310341 4.615277
0.00207065 3.827404
0.004339718 4.04306
0.001212308 4.129498
0.005560858 4.159013
0.0009602714 3.944441
0.0005042887 3.834575
0.001284855 3.98151
0.003651755 3.880211
0.00545151 3.891155
0.006076632 4.210787
0.002614105 4.481462
0.004462369 4.294279
0.002768245 4.210697
0.005217548 4.271786
0.003700626 3.938762
0.00522541 4.362502
0.00304536 4.181496
0.004855654 4.247345
0.004916294 4.7134
0.003899225 4.905622
0.00752498 4.384193
0.01058185 4.590522
0.006074532 5.47109
0.003643245 5.571466
0.001854394 5.48809
0.006363366 5.143375
0.00627045 4.972966
0.006250279 4.881758
0.002883565 5.117602
0.004097993 4.838622
0.004418915 5.126004
0.004440199 5.056751
0.00465695 5.41332
0.00224124 5.856412
0.005957997 6.214994
0.005456289 6.460806
0.005970172 5.794489
0.006735816 6.178359
0.002187586 5.7945
0.005214912 5.862346
0.002366142 5.241999
0.004255639 4.604894
0.007225667 5.13427
0.009105656 5.830529
0.002269273 6.129931
0.002038348 6.457506
0.001397862 6.006782
0.0003366171 6.281367
0.0005536057 5.917274
0.003608423 5.909806
0.003180377 6.202327
0.001763767 6.398075
0.0004463343 6.175352
0.002861029 6.30097
0.00271787 5.977826
0.001077917 5.727264
0.006307684 6.103661
0.003680152 6.054443
0.004833248 5.935201
0.003052285 5.426754
0.008894709 5.813051
0.006059033 5.919836
0.001629834 6.025927
0.004447297 6.184653
0.004460031 6.989231
0.006773614 7.478514
0.004795854 7.753999
0.001369395 8.334765
0.002733887 8.131203
0.002953994 7.970992
0.00454475 7.675069
0.005391287 9.05273
0.004724785 7.662978
0.002859984 6.760006
0.002166454 6.351468
0.003240919 5.82893
0.003414428 6.414242
0.002434307 6.287072
0.004777936 6.036947
0.00286676 6.058092
0.003608935 6.345066
0.00163109 6.372572
0.002751307 6.374688
0.00577105 6.579167
0.000379494 6.459293
0.003798673 6.925439
0.001605825 7.635008
0.002347715 7.631602
0.0006084849 7.281644
0.001331644 7.173722
0.001534608 7.223732
0.002010927 6.875868
0.005328274 6.777068
0.001731351 6.637046
0.003621246 6.610987
0.003833772 7.000587
0.0004361312 6.196363
0.001331165 6.44532
0.00176301 6.805111
0.004156532 6.868943
0.009800732 5.783958
0.002900215 6.077351
0.006282516 6.54487
0.001067182 6.645314
0.007725811 6.855074
0.01085067 7.253103
0.008269267 7.222211
0.003466934 7.531026
0.004625466 7.901172
0.008938224 7.724549
0.003673518 7.671014
0.0008413873 7.166302
0.001067188 7.697789
0.004510941 7.086652
0.00280879 7.473344
0.0008963758 8.733037
0.00198177 9.345676
0.006403724 9.426865
0.0009133993 9.046392
0.0005366722 9.333933
0.00202813 9.665483
0.001331735 9.72147
0.001331083 9.875552
0.0029964 10.31775
0.003353966 10.92043
0.002898328 11.38386
0.007843475 12.54887
0.0009317107 13.69196
0.00154174 14.69799
0.002511043 14.77178
0.004210253 16.24321
0.001823019 18.90097
0.0006919049 17.85501
0.008286467 17.30329
0.002232241 17.45012
0.0006732257 18.42291
0.0006849428 18.97526
0.00273146 18.47292
0.003553382 17.57409
0.001814462 16.62302
0.005478247 17.09894
0.001008225 15.97082
0.00415149 15.02478
0.001561437 13.0992
0.009676363 12.89719
0.004250984 12.37813
0.005205921 12.11178
0.00253271 12.08518
0.008312763 11.7109
0.002120152 10.70719
0.001788461 12.69123
0.002740804 13.77458
0.003654655 14.59291
0.003713589 13.07873
0.003075506 13.36607
0.002437466 12.26589
0.00216944 11.63857
0.005356089 12.71624
0.008655339 12.92561
0.008135003 13.0621
0.01258879 13.49882
0.001062047 15.75597
0.005580179 15.03358
0.01156796 14.43463
0.004078488 13.62422
0.004714877 12.91084
0.002334194 13.09557
0.002917795 13.06395
0.002749562 12.42057
0.005637247 11.14772
0.001366548 11.37794
0.002753619 11.04996
0.003324251 11.35909
0.002065981 12.29504
0.003180394 12.44454
0.001450611 11.66424
0.004033658 12.42619
0.002682772 12.0745
0.006605039 11.57467
0.003910826 11.43414
0.000196363 11.35593
0.001680366 11.65571
0.002354263 12.16198
0.002486321 12.05176
0.000814909 11.58319
0.00256137 11.58478
0.001325299 11.61817
0.003245236 13.02245
0.001240753 13.692
0.0029696 12.28623
0.002040708 13.49858
0.00682154 14.10133
0.0009826124 15.82343
0.003404176 18.063
0.002920151 18.90912
0.001951598 17.62358
0.001162225 17.97343
0.004139854 18.13532
0.0005707173 18.74358
0.001016419 17.82538
0.002216501 18.27439
0.001284399 19.39027
0.001117243 20.62464
0.00146805 17.58445
0.0002978323 17.15586
0.001799133 16.83592
0.005881887 16.13157
0.0004846275 14.76324
0.000968353 14.28798
0.00220491 15.77482
0.001745247 16.6872
0.002002154 15.5433
0.002283924 15.19106
0.001986839 15.05968
0.001393958 16.14105
0.001168597 17.09945
0.0005322909 17.73866
0.001708833 17.25998
0.000902958 17.06458
0.006024534 18.26182
0.0009397556 18.81405
0.0004308769 21.5152
0.001063716 20.88368
0.001788364 19.24907
0.0009097999 17.84157
0.003207311 16.97595
0.0004083302 16.04075
0.001426214 15.00018
0.001660391 16.49757
0.002530666 15.28937
0.0007250865 16.17847
0.001085115 15.67856
0.001111398 14.42283
0.002715125 14.94556
0.00175395 13.77922
0.0003098641 13.27279
0.001687668 12.15768
0.005426631 11.84785
0.0005631946 10.65339
0.003764248 10.61117
0.0019612 10.88163
0.005363203 9.791098
0.005440216 10.64206
0.003470891 11.04016
0.006267838 12.11052
0.002873839 11.57601
0.007124728 11.39707
0.008871061 11.01581
0.003089798 11.41212
0.004646506 10.44845
0.001858657 10.60484
0.005041588 10.67105
0.004849396 9.815945
0.002661486 9.715333
0.003389553 10.24648
0.006186472 10.04432
0.003197906 10.21457
0.005022045 10.82392
0.001188493 12.13744
0.002999927 10.95768
0.004985658 10.68324
0.003629741 10.78873
0.002835356 11.37787
0.003149819 12.04008
0.005586113 12.59297
0.001320897 14.58098
0.0008773314 12.83782
0.003336176 13.00721
0.0008946996 12.66401
0.0002499563 12.44536
0.002652884 12.68257
0.0002425128 12.13469
0.002515575 11.95102
0.001112341 12.54458
0.002606718 12.33831
0.001698066 12.92086
0.00592214 11.37038
0.00169719 12.8505
0.004486356 12.46972
0.005104596 11.02139
0.003063047 10.77659
0.0009678661 12.00225
0.004243939 11.96937
0.003026691 12.14961
0.001690905 13.25828
0.005027954 12.94152
0.002505054 13.77326
0.00270702 12.82508
0.004548044 13.51244
0.003032707 14.51726
0.003108432 15.76478
0.002215566 16.51792
0.002602417 17.57813
0.001872742 15.9917
0.0005145269 14.18724
0.002206344 13.35386
0.003464319 11.82652
0.003433811 11.33023
0.003746108 11.24756
0.001941629 12.05719
0.005612678 12.46311
0.0009480427 13.87273
0.005809377 13.75385
0.007239047 13.78754
0.006075093 15.28541
0.005954555 16.92844
0.002263119 18.75957
0.002629339 16.27229
0.0008201228 16.44251
0.000729488 16.40183
0.003602047 16.76514
0.004182352 15.98634
0.001600584 14.74704
0.004818396 14.99255
0.0009229251 15.08533
0.006454596 14.43185
0.004055132 14.39755
0.003778608 14.22616
0.004797284 14.02384
0.004580682 14.78499
0.002599104 13.84242
0.001593789 13.05846
0.00415717 13.44266
0.005023305 12.17782
