110.7299
101.4175
93.52278
118.4926
120.6209
105.5364
131.2015
153.0343
137.9988
114.0747
119.2741
104.2229
129.2323
164.2803
174.7291
166.2853
142.9129
148.711
153.2797
118.8629
136.6501
145.7366
177.4253
175.8534
141.7724
163.5792
148.9879
166.7235
166.9392
131.1791
94.08764
102.0332
110.4596
125.0882
150.7162
111.3997
116.0709
125.6037
120.1075
146.925
120.8139
129.6117
129.7394
133.0607
145.9517
118.1216
140.2504
139.9704
143.2714
191.8841
182.5312
141.5817
122.7055
134.0331
145.2749
131.0326
121.8398
154.4317
152.0949
111.5737
106.426
128.3365
145.7156
218.7936
204.0326
141.5383
146.65
162.8933
173.0383
142.3422
151.1523
123.2435
130.1503
134.0329
127.0102
131.807
124.3032
128.6867
113.7333
133.9073
128.2372
136.6375
140.4612
119.3121
126.3548
137.2736
153.0533
160.1518
123.3364
157.4899
152.208
130.2399
124.5956
171.2842
125.548
104.4953
149.3496
169.7814
170.8762
151.2844
175.1207
140.7514
163.4096
135.1591
150.2424
151.6342
142.7769
129.4371
119.7329
101.6309
120.1773
90.94843
127.9334
137.7049
125.53
129.9324
94.90578
144.8111
137.0546
160.9254
159.3849
170.0697
191.445
154.9176
119.2237
126.3402
111.7453
100.4302
125.7238
130.6253
122.483
124.7012
147.5595
155.5381
133.7621
137.727
122.1433
115.873
170.0341
169.8456
168.1476
166.6246
148.0324
144.8014
130.6765
116.869
133.5337
146.4957
139.4917
111.2154
127.5787
132.5086
115.1492
111.5082
111.57
126.6661
99.64509
107.5996
113.7961
149.41
189.9997
189.8316
173.9152
162.9884
134.8434
124.7267
117.9278
135.9112
121.8367
139.4656
132.4674
132.8013
133.9388
141.3228
139.0775
125.2341
150.4692
133.3272
104.7945
123.5888
135.4008
110.3433
115.3762
126.8651
143.4315
135.8145
116.6572
122.453
127.4817
117.2738
125.6629
141.2141
162.7623
165.7454
137.85
157.5056
164.0802
179.2758
145.537
126.8666
123.2106
144.6531
150.0613
118.592
101.7939
117.1028
141.4881
130.5589
131.9913
107.0256
113.6017
112.2623
156.6002
167.4391
218.1569
175.5563
179.7483
150.8435
149.4959
187.4198
163.9859
118.63
132.9412
120.1451
136.7582
122.8402
94.06344
121.4132
111.2003
132.2971
142.2571
131.1826
159.5511
141.044
130.5311
140.036
152.1533
128.7016
157.824
119.127
123.13
116.1622
117.1886
99.29394
150.5176
121.9081
120.7546
116.8771
116.1002
96.66349
113.0164
119.2961
155.3908
133.5576
140.6202
148.6415
123.6589
128.1088
132.2281
112.7363
106.3457
114.2019
95.31514
90.05023
131.5199
152.5833
131.6976
116.2472
114.0227
116.1262
130.4203
114.6064
110.1354
123.4268
100.189
117.9521
106.1036
121.7291
102.4585
115.9435
129.3773
125.7191
119.0325
134.4969
130.3881
118.8076
130.8758
133.0033
107.0602
134.3945
99.37414
96.27096
142.8556
128.2507
123.7336
152.8635
144.6448
133.9246
106.4313
112.3785
121.3352
121.2811
134.1448
120.4974
107.7623
97.08391
121.2919
132.9042
151.8708
104.5528
110.1657
113.8664
109.5094
133.4176
121.3467
118.94
118.3813
113.7585
112.8849
131.6657
113.8625
108.9148
148.2729
131.9162
116.5026
107.0522
154.1368
116.3988
137.2887
146.5723
131.9124
129.6493
119.598
101.0802
121.1546
105.0564
117.2844
164.294
190.5768
131.3715
111.1878
131.6522
126.9678
116.5697
98.73418
115.8341
174.3193
169.1399
130.9898
141.597
119.0968
111.622
132.6484
151.1941
141.5757
136.4003
107.2118
101.5629
123.1039
137.3336
136.7218
137.7186
142.8746
158.9525
138.2095
139.3913
139.8853
160.7307
132.4663
140.2986
103.8832
125.1049
125.7256
161.8232
153.9891
127.8443
129.3395
133.7441
140.9277
116.2262
86.84254
118.4465
124.7401
124.8353
129.3469
113.5688
108.5806
148.7556
138.6741
94.7296
117.7439
125.5246
143.8636
111.9111
120.6808
122.1901
133.4429
104.8324
115.1666
121.5277
157.6204
164.4538
159.2703
204.1536
141.3054
123.9809
123.2976
108.8872
115.7003
99.21048
124.2912
138.8779
137.6811
112.8506
125.854
126.6894
105.8757
121.9629
141.0554
126.7796
110.4474
118.6422
114.9427
122.4426
126.2857
180.7757
110.3762
116.0658
141.8191
140.8608
155.0882
134.5287
155.3624
142.3603
129.5581
131.0179
141.5529
122.3446
138.6162
141.1848
128.3873
115.3698
93.96317
96.05522
100.555
116.2041
155.6021
132.4866
125.1195
149.0195
115.6194
100.4141
101.1033
107.884
142.4575
119.2818
128.7343
141.6793
171.4633
167.7322
147.8988
108.9656
138.5815
112.3122
119.1763
119.5176
127.5028
130.8929
142.0536
131.8641
130.2285
142.8544
133.95
126.1392
149.1394
150.7634
163.5408
142.825
96.97302
121.5927
148.4371
148.3846
159.9269
139.9066
209.8765
147.6437
167.0246
152.5792
141.1636
141.5638
133.0981
109.6931
120.4965
125.8623
115.1761
122.7767
141.3343
126.4001
144.7108
167.2777
177.047
192.7295
158.0854
136.1118
124.3472
128.2601
159.9307
144.8761
124.3928
125.9603
108.4794
105.5362
134.726
112.6439
104.9306
101.4976
139.6204
121.871
143.7673
97.75935
139.1995
115.6035
125.9366
106.4441
92.41109
96.50823
121.4654
111.7764
118.1377
130.8885
106.9543
128.6575
159.6381
190.1304
124.8239
136.1436
130.0881
139.8845
134.0505
177.6711
140.664
138.3579
111.5512
129.6149
149.5343
125.4594
122.8194
141.0849
135.3065
122.4775
118.6571
83.43475
104.9068
131.9089
113.4063
113.4329
124.991
140.5529
118.0235
92.93802
99.34468
102.2537
108.2926
137.2776
127.1793
130.9052
183.2637
194.786
162.2402
188.1808
142.5318
201.6937
155.935
168.9975
115.5922
111.4641
125.9874
127.3441
119.4657
130.8054
128.5809
106.9158
108.9401
115.0688
122.0301
144.1704
133.8835
123.7757
145.6788
141.4843
118.558
91.68689
84.4978
127.6259
131.7619
151.0959
146.4626
128.2202
122.926
89.61172
108.2725
113.5305
78.98692
87.11937
131.3239
127.1933
137.9193
101.1609
133.2828
126.3956
152.3736
137.4962
142.4629
120.5003
93.88844
86.49309
96.00369
144.573
146.984
123.4691
128.1028
135.7236
125.4051
128.8212
143.213
122.8789
146.5365
145.0576
157.4506
157.673
143.9928
172.7181
156.6536
162.2251
141.1683
110.9128
105.2334
113.4588
136.2444
108.1567
132.5475
128.0846
135.501
157.3283
120.5413
127.2438
126.2385
102.7725
121.2692
155.9389
157.8567
136.4359
137.7023
141.2457
153.08
118.6999
123.6442
123.3289
120.6055
177.5988
184.3854
148.4515
146.703
145.9543
144.8328
161.4353
151.6546
146.8375
113.7029
139.0735
120.9191
142.7678
140.5949
120.6142
118.484
120.8906
135.874
152.5906
152.5126
140.689
136.95
156.8532
151.7849
129.3645
139.3235
147.505
132.5722
122.8083
119.2188
120.154
133.2284
158.9348
146.3755
177.3983
136.2426
129.0085
148.4014
121.9021
137.3766
128.4947
114.8658
131.3622
107.4624
94.49151
118.7785
145.6687
156.3075
176.246
141.4992
171.353
115.1473
98.98545
111.2243
115.9949
126.9957
116.607
133.8839
114.3154
116.2508
117.289
104.7758
122.039
137.0163
106.2528
111.5094
146.4523
153.7695
165.729
141.4257
136.3943
143.7056
139.8349
151.3481
150.9039
156.3232
168.0424
161.3372
162.2545
159.4129
135.5973
109.4661
140.0023
125.055
126.5889
101.682
108.9194
122.5243
136.0476
127.1598
146.2335
126.7685
107.5652
110.0609
106.3816
122.2604
114.4576
108.3853
112.5169
137.931
122.8611
147.1427
117.0931
125.6669
115.7129
136.9951
121.7169
120.367
139.7525
143.1145
129.8617
125.6402
106.6835
113.1387
114.7689
131.1466
168.7613
172.0507
171.3534
210.0297
162.1724
152.5201
137.5499
138.2862
119.0948
104.6303
100.864
106.2685
118.5236
132.2778
134.9597
102.8167
112.6083
117.9961
102.4259
92.6424
99.52351
77.41619
96.82609
107.1873
90.59872
100.1655
132.3301
105.8032
100.1508
136.7527
153.3273
131.8869
120.989
133.4628
123.9389
113.0894
119.7165
124.4733
124.3796
154.7781
133.2468
125.8214
143.6599
184.8453
158.8975
159.1688
109.2665
119.5625
158.8696
155.0752
195.515
156.8537
160.8336
141.8811
133.8738
127.3576
102.9621
130.8958
161.8026
145.1847
145.2949
141.5452
109.7254
128.1484
144.5275
153.4503
134.1269
134.1826
134.9101
118.9722
125.222
117.7904
147.3081
148.52
125.0114
132.4217
134.9174
132.7816
140.5006
126.0593
113.1995
138.8276
144.9541
124.4763
104.5176
114.6011
120.8637
105.8406
102.0105
87.70917
115.5699
121.6881
127.5483
117.3878
86.3488
140.6405
140.998
113.0336
131.7533
159.0379
109.7707
146.6418
132.4573
135.2451
128.9365
140.8303
159.5659
153.2407
136.1988
153.6778
159.6997
145.8585
160.7029
128.471
136.2581
162.0157
133.2027
151.3013
159.1999
145.2293
129.0088
154.5516
178.5356
188.4911
174.0918
143.9342
135.6137
119.7167
143.4636
127.1958
113.9236
99.83426
87.62177
100.2297
99.31087
114.7705
136.8163
138.358
145.1377
177.1054
173.264
144.539
134.9044
121.3935
112.1716
140.33
146.5102
151.1774
141.7786
134.713
152.5277
128.5616
102.335
97.27316
94.8549
94.45108
90.50217
97.83764
136.0956
139.4741
133.756
137.6023
144.4424
140.1989
176.1528
173.4559
186.1567
134.7165
98.65814
101.7253
134.5769
108.2213
132.4724
127.4798
112.1264
114.5965
114.4385
147.6631
150.1496
144.2927
161.815
127.3581
139.5483
166.8268
155.2322
131.5099
129.5242
105.5017
118.3385
117.7069
152.9996
142.192
136.0857
158.8287
149.5718
111.857
143.1532
108.9767
123.2223
132.7109
134.1864
189.7596
143.1612
146.8619
160.9168
144.2941
129.8327
139.1325
116.0142
189.781
139.2776
124.4147
162.0747
175.5394
134.3674
120.806
135.3934
157.1589
130.549
111.1942
139.8392
147.8706
97.58337
143.0185
137.1719
