0.5454247
0.5095334
0.47617
0.4805564
0.474841
0.4530135
0.4504758
0.467715
0.4591234
0.4511601
0.4398441
0.4190114
0.3846977
0.3852207
0.3835389
0.3588581
0.3556271
0.3462757
0.3696793
0.3564161
0.3576326
0.3499307
0.3578807
0.3393553
0.3513124
0.3399319
0.3466032
0.3596324
0.3589652
0.3253782
0.328318
0.3027286
0.3108089
0.2982723
0.2879424
0.2977604
0.3035424
0.2900722
0.2987948
0.2970548
0.3008585
0.2958326
0.2736818
0.2861415
0.2768882
0.2840465
0.2993993
0.2818868
0.275801
0.2637794
0.2635974
0.2616278
0.2629721
0.2692862
0.2815729
0.2691416
0.2683225
0.2631451
0.2612826
0.2707356
0.2677525
0.2780409
0.2906811
0.2845909
0.2893056
0.2912982
0.2906933
0.2895937
0.2903608
0.3212317
0.303154
0.3214414
0.3395839
0.3466418
0.365332
0.3637262
0.3541928
0.3431486
0.3201659
0.3195592
0.32675
0.3435222
0.3374588
0.3441197
0.3417171
0.3254099
0.3138141
0.2969084
0.2692063
0.2582328
0.2511599
0.2500144
0.2358454
0.2388402
0.2242203
0.2410775
0.2483988
0.2292206
0.2346177
0.2338514
0.241948
0.2392241
0.2356725
0.2501552
0.2455901
0.2735058
0.2804404
0.285682
0.2796369
0.2800054
0.2757552
0.2725897
0.2668959
0.2736204
0.2731243
0.283585
0.2879764
0.3019619
0.2940529
0.2954276
0.293729
0.3015365
0.3001724
0.2851385
0.2769312
0.2721537
0.2788206
0.300464
0.3162247
0.3030551
0.3130888
0.2973516
0.2857161
0.2872924
0.2959351
0.3020852
0.3031004
0.3216453
0.3066208
0.2925668
0.3028834
0.290606
0.298311
0.3084258
0.3022706
0.2989558
0.3112292
0.3090998
0.2978069
0.2956559
0.2827955
0.285472
0.2741983
0.2860693
0.2986383
0.3125464
0.2931195
0.290064
0.2936177
0.2856049
0.2874321
0.2825232
0.3079868
0.3054935
0.3083261
0.32136
0.3164039
0.3206579
0.3214812
0.3432437
0.3385848
0.3214654
0.330006
0.3343969
0.3348683
0.334781
0.3467769
0.3380677
0.3414383
0.3517462
0.3550572
0.3727506
0.3881845
0.3800824
0.3777976
0.3636254
0.3634116
0.3627179
0.3545909
0.3555509
0.3877311
0.3846429
0.3547139
0.361916
0.3644181
0.3711207
0.3707972
0.3883375
0.3816425
0.3900716
0.3984141
0.3909061
0.3743053
0.358656
0.3517831
0.3459578
0.3391916
0.3383823
0.3657421
0.3797786
0.3920711
0.3759386
0.3654795
0.377566
0.3483305
0.3332323
0.3555759
0.3610388
0.3809657
0.349356
0.3398752
0.3348085
0.3589384
0.3645915
0.3382122
0.3392858
0.3437266
0.3365465
0.3366159
0.3378185
0.3310032
0.3452392
0.3304797
0.3381865
0.349908
0.3446965
0.3362887
0.3359144
0.3235365
0.3209746
0.327915
0.3251434
0.3173362
0.3258998
0.3283751
0.3619136
0.3715174
0.3649356
0.3560346
0.3644248
0.3581217
0.3423349
0.3478732
0.3506465
0.3510458
0.3685683
0.3810152
0.3721948
0.3929795
0.3915839
0.3931713
0.3895276
0.3623686
0.3613077
0.3742846
0.3884242
0.394051
0.3934064
0.3897086
0.3721435
0.3761075
0.366738
0.3497332
0.3803035
0.3721566
0.3803514
0.3829423
0.3854254
0.3849933
0.3674771
0.3734628
0.3643058
0.3870569
0.4017128
0.419576
0.406244
0.41536
0.4043525
0.3882367
0.3816651
0.3735468
0.384891
0.3886008
0.4007092
0.4044321
0.4050113
0.3922046
0.3886602
0.3744702
0.3999417
0.3910875
0.4043759
0.3997722
0.3888623
0.3867114
0.3818538
0.3527541
0.3797342
0.3737909
0.3694877
0.3476871
0.3351024
0.3374934
0.3516506
0.3565905
0.3723244
0.3721337
0.3797987
0.3973809
0.395085
0.4071725
0.407324
0.4091223
0.3912696
0.3744058
0.3746565
0.3717008
0.373184
0.3693431
0.3450206
0.3297463
0.3355242
0.3377462
0.3499316
0.3666742
0.3671157
0.3825012
0.3865583
0.3912885
0.3886523
0.4152655
0.3976698
0.4193749
0.4363159
0.4584913
0.4520086
0.4523861
0.4761271
0.4830299
0.4672962
0.4666136
0.4218945
0.4064644
0.4006932
0.4149715
0.395874
0.3906977
0.3685747
0.3726555
0.3499747
0.3595702
0.3708737
0.3700828
0.3481603
0.3657424
0.3691925
0.375334
0.3725494
0.3970249
0.3918069
0.3953174
0.3944712
0.392174
0.4081582
0.4266226
0.3926417
0.4152219
0.4171068
0.4280326
0.4079973
0.3701079
0.3689712
0.3899656
0.4237166
0.4037788
0.4031361
0.4142177
0.4057079
0.3993584
0.3960824
0.3688263
0.3613959
0.3246868
0.3124985
0.3159315
0.3159903
0.3272754
0.3305971
0.3417042
0.3603277
0.377186
0.3643008
0.3686293
0.3594575
0.3624917
0.3706898
0.3476671
0.3440452
0.328469
0.3296252
0.3496577
0.3610424
0.3771437
0.3734462
0.3818813
0.3696078
0.3647482
0.3598944
0.3650721
0.3542238
0.3813109
0.3830871
0.3905716
0.3740323
0.3801997
0.4087256
0.3881806
0.4065099
0.4148843
0.4218845
0.4712158
0.4784799
0.5206379
0.5362809
0.5212942
0.5005559
0.4662725
0.4771922
0.4801407
0.4744785
0.479628
0.4802788
0.471824
0.482179
0.508029
0.5144453
0.5353184
0.5381902
0.5072857
0.5201123
0.5220181
0.5320141
0.5118033
0.5196907
0.4943942
0.4872093
0.4745932
0.491099
0.5016054
0.4993159
0.5158705
0.5337226
0.5312831
0.5491978
0.4920859
0.4790568
0.4830427
0.4966905
0.5197264
0.5294642
0.5169771
0.5458512
0.5805414
0.5776702
0.572139
0.5496581
0.5300167
0.5597751
0.5661351
0.5566985
0.5699537
0.582277
0.5585071
0.54313
0.5710875
0.5774827
0.5663234
0.5663718
0.5401458
0.5339481
0.5616141
0.5650017
0.5132241
0.521532
0.4885342
0.4974559
0.5068501
0.4818424
0.49107
0.4591576
0.4396963
0.4563271
0.4244071
0.3996723
0.3861003
0.379688
0.3718528
0.35715
0.3804297
0.3559543
0.3678091
0.3506914
0.3629763
0.3536881
0.3570565
0.3406159
0.3513624
0.364614
0.3688406
0.3880618
0.378959
0.391344
0.3870754
0.363502
0.377041
0.3673374
0.3728529
0.3568034
0.3489028
0.3612702
0.3523766
0.3512635
0.3514371
0.3513197
0.3582525
0.3678558
0.3629607
0.3646392
0.3790741
0.3742311
0.3687658
0.3752631
0.3610584
0.3645655
0.3638816
0.3604635
0.369522
0.3728396
0.3643446
0.3672285
0.3714442
0.3622441
0.3507069
0.3539799
0.3672966
0.3949824
0.3932082
0.3893106
0.4067155
0.4046618
0.3880891
0.3918208
0.3790836
0.3910329
0.3836352
0.3624084
0.3700038
0.3805576
0.3820272
0.4007532
0.4127878
0.3979119
0.3916188
0.391078
0.3847233
0.3758464
0.3820376
0.3926585
0.3906916
0.3772863
0.3824489
0.3910397
0.383302
0.3832738
0.3922191
0.3967311
0.4029133
0.4029343
0.3890833
0.4012981
0.3934999
0.3935156
0.409739
0.4269144
0.3939317
0.3950804
0.4141277
0.3810321
0.3823516
0.4059806
0.4393639
0.4291193
0.4457527
0.4334191
0.4561771
0.4631383
0.4776221
0.4952315
0.4811099
0.4340811
0.4326729
0.4534304
0.4452409
0.4315093
0.4302688
0.4095905
0.4131708
0.4303348
0.4289219
0.4275453
0.4130349
0.4090668
0.4103413
0.430897
0.4583715
0.4588583
0.4598195
0.4311686
0.4348778
0.4322261
0.4449825
0.4785777
0.4591942
0.4860895
0.5253625
0.518219
0.5257842
0.5605432
0.5512158
0.5418326
0.5311915
0.5075352
0.5109604
0.5373327
0.512367
0.4981364
0.5289384
0.4990944
0.5052815
0.4957113
0.4958955
0.4901129
0.5226275
0.5403538
0.544931
0.5206564
0.51547
0.4858127
0.5249359
0.5045067
0.5046125
0.5154176
0.5167776
0.4961122
0.5151163
0.5153777
0.5176593
0.5044417
0.4900668
0.51285
0.5137092
0.4646199
0.4953988
0.4907476
0.5191103
0.4856855
0.485279
0.4876379
0.4977697
0.4946712
0.5121475
0.5089631
0.4951718
0.5284189
0.5175555
0.4951214
0.4961215
0.4871761
0.5072897
0.5026529
0.514847
0.5265541
0.5044757
0.5047292
0.522563
0.5486734
0.5724083
0.586804
0.5609949
0.5726876
0.6014157
0.5840501
0.5464001
0.5413819
0.5726892
0.5909051
0.5983233
0.6105
0.5818527
0.5972927
0.5472034
0.5761789
0.5952666
0.6044334
0.6151984
0.587873
0.5657088
0.5593862
0.5819056
0.5597625
0.5575008
0.5685749
0.5686656
0.549559
0.5087041
0.5099909
0.5006
0.4943395
0.5002574
0.492585
0.4787691
0.488431
0.4687552
0.443922
0.4284735
0.4263389
0.4176696
0.3962599
0.4056863
0.3894863
0.3954745
0.4200337
0.397888
0.3882574
0.3939644
0.378894
0.3735606
0.3772399
0.392504
0.3937554
0.3839201
0.3774152
0.3497181
0.3474307
0.3547074
0.3659798
0.3601547
0.3650237
0.3820859
0.3810279
0.4031991
0.4329099
0.427363
0.4161884
0.4438297
0.443783
0.4435509
0.4514994
0.4575413
0.4445365
0.4575527
0.4599276
0.4428998
0.4601951
0.4457768
0.4507518
0.4333435
0.4179073
0.4417462
0.4620293
0.444571
0.4463491
0.4530108
0.4623794
0.4699255
0.4753306
0.4664799
0.5021088
0.493683
0.4950401
0.4911243
0.4733129
0.489923
0.4888773
0.4546832
0.45842
0.425841
0.4592337
0.4714275
0.483667
0.5020334
0.5121499
0.4974733
0.4722725
0.4588293
0.4450103
0.4809907
0.4996197
0.5114296
0.5185131
0.5131854
0.4756184
0.465149
0.4697985
0.4495482
0.4404324
0.428722
0.4465744
0.484873
0.4894068
0.5031779
0.5058529
0.5239206
0.520664
0.5095431
0.4720513
0.4563226
0.4462884
0.4320059
0.4693382
0.4798561
0.4837593
0.4836414
0.505269
0.4833319
0.4930508
0.4919392
0.4714512
0.4738587
0.4848202
0.5006944
0.504338
0.5071852
0.5011369
0.5281833
0.5294436
0.5267009
0.5090106
0.5191674
0.5059044
0.4732587
0.4839144
0.495718
0.4916879
0.4905863
0.5000678
0.4990024
0.5260891
0.5011616
0.49801
0.5162329
0.5010887
0.5152979
0.4898845
0.4742558
0.4906525
0.4804984
0.4811825
0.461665
0.440299
0.4293739
0.4210503
0.4358284
0.4358292
0.4327491
0.4459653
0.4483603
0.422385
0.4439515
0.4232762
0.4384932
0.4427684
0.4738319
0.4892616
0.4926396
0.4920724
0.5174873
0.5221751
0.5726996
0.5818216
0.5548002
0.5448883
0.5035754
0.491288
0.4683202
0.4593002
0.4616537
0.4843218
0.4640136
0.4780998
0.4814737
0.4490376
0.41148
0.412251
0.4258745
0.4374165
0.4151629
0.4294357
0.4449868
0.4349976
0.4429181
0.4750527
0.5043448
0.5067129
0.5466837
0.5619916
0.534625
0.5408534
0.539122
0.5286827
0.5280872
0.5317654
0.5415538
0.5413045
0.5149015
0.5249545
0.5313972
0.5308426
0.5273519
0.5087025
0.4822607
0.4678859
0.4454685
0.4275039
0.4036263
0.4305537
0.4325301
0.4161111
0.4182823
0.4077145
0.4063732
0.3928601
0.3826915
0.3967322
0.4078551
0.4269019
0.4099208
0.4162236
0.4041134
0.4130066
0.4234925
0.4188282
0.428936
0.438622
0.423153
0.4227313
0.406497
0.3839568
0.3805942
0.369802
0.3884254
0.392451
0.4109506
0.4157731
0.4204565
0.408407
0.4259085
0.4209281
0.4403801
0.4212443
0.4306803
0.4416942
0.4184146
0.4123217
0.4305166
0.413867
0.4090497
0.4216537
0.4034729
0.3958916
0.4069948
0.3954995
0.3797564
0.3827917
0.4038774
0.3989249
0.4115455
0.3888283
0.4009688
0.3705411
0.3685705
0.3708817
0.3543494
0.3532824
0.3827943
0.3998646
0.3913191
0.3953672
0.4045429
0.4354096
0.4292304
0.4414435
0.4424306
0.4362233
0.4085792
0.3967706
0.3880734
0.4103439
0.3919459
0.4203295
0.4036046
0.4072737
0.4289032
0.4347331
0.4413365
0.4317435
0.4487883
0.4424433
0.443997
0.4232784
0.4138174
0.3880493
0.4201972
0.4266915
0.4322002
0.42745
0.4212554
0.4322249
0.4393223
0.4298269
0.4098854
0.4086304
0.4142205
0.3834754
0.3898968
0.3810574
0.3941087
0.4005801
0.4138368
0.4017778
0.3927953
0.4012235
0.4077356
0.3862621
0.3951966
0.3995188
0.3921216
0.4032714
0.3949308
0.3865414
0.3889995
0.3970668
0.3844493
0.3767411
0.3807434
0.3864676
0.3806013
0.3638195
0.3548793
0.3800334
0.375776
0.3637797
0.3556071
0.3482369
0.3533521
0.3363263
0.3353415
0.314756
0.2965051
0.2972081
0.3152742
0.2929077
0.2902666
0.2926097
0.2919867
0.300796
0.284093
0.2900415
0.2824593
0.2810423
0.2879971
0.287358
0.2945129
0.283003
0.3028965
0.2988168
0.2950375
0.2983326
0.2955437
0.3059409
0.2842659
0.2828773
0.2781267
0.2785774
0.2806491
0.2751764
0.2739414
0.292024
0.2754943
0.2819204
0.2738924
0.2824793
0.278701
0.2638278
0.2688472
0.2799558
0.2926409
0.2929936
0.3077355
0.2991444
0.320049
0.3211287
0.3145169
0.316417
0.317799
0.3322193
0.3420508
0.3281744
0.3168721
0.3074988
0.3311302
0.3292314
0.3193379
0.3376071
0.3258411
0.325565
0.3213352
0.3351966
0.3321019
0.3248119
0.3502909
0.3694698
0.3568005
0.3745033
0.3826246
0.3685911
0.3702451
0.3771858
0.3757163
0.35926
0.3419519
0.3690871
0.3739639
0.3792819
0.379892
0.3860197
0.3777175
0.4242798
0.3947488
0.3675609
0.3775471
0.3621044
0.3529395
0.36519
0.3626003
0.3519074
0.3499467
0.3549384
0.3760522
0.3939678
0.3957195
0.3656799
0.3712823
0.360861
0.378187
0.359701
0.3684234
0.352572
0.3580241
0.3513137
0.356383
0.3491741
0.3404065
0.3306003
0.3304874
0.3160104
0.3082325
0.3047593
0.3207265
0.3197526
0.3508885
0.3522753
0.339645
0.3345954
0.3412563
0.330074
0.3249385
0.3279087
0.3498716
0.3466769
0.3553244
0.3604296
0.372874
0.3762481
0.3856482
0.3853203
0.3990646
0.3964645
0.4160355
0.3956242
0.407439
0.4016439
0.4018031
0.3825495
0.4157281
0.4236358
0.3987477
0.3980433
0.4007423
0.3980983
0.4027067
0.4032931
0.3895994
0.3827166
0.3769919
0.3963803
0.4173555
0.4026879
0.4099722
0.4057367
0.4026957
0.4357357
0.4685242
0.4925088
0.5074271
0.4941079
0.4737949
0.4737797
0.5127805
0.4905025
0.4809305
0.4780366
0.4698569
0.4874995
0.4947837
0.4888305
0.4876155
0.5057
0.4976409
0.461535
0.4651494
0.4444076
0.4418442
0.4313885
0.4385071
0.4134864
0.4243914
0.4173012
0.4159692
0.4094346
0.4104166
0.4010035
0.3959329
0.42182
0.4397448
0.4283714
0.4200703
0.4108769
0.4090545
0.4127791
0.4240612
0.4096214
0.4055772
0.4037618
0.3801883
0.4002056
0.4107265
0.4066057
0.4216605
0.4556485
0.4652923
0.466842
0.4480678
0.4571244
0.4225353
0.4195593
0.4343171
0.4271529
0.4299325
0.4482793
0.460102
0.4523445
0.4462215
0.4354965
0.4349569
0.4688169
0.4556278
0.4368214
0.5039684
0.4791933
0.4989619
0.4781529
0.4430206
0.4567044
0.4581971
0.4633323
0.415828
0.4250912
0.435141
0.4343332
0.4506899
0.437365
0.433846
0.4399196
0.4146461
0.4315062
0.4139387
0.4094535
0.427386
0.4389494
0.4511888
0.4605054
0.4682609
0.4793951
0.5077352
0.4907511
0.4912988
0.4776712
0.4624971
0.4565823
0.4536432
0.4681207
0.4548529
0.4765613
0.4713786
0.4988585
0.515617
0.5053626
0.5282572
0.5474855
0.5578204
0.5665806
0.5403652
0.5226134
0.5369747
0.5178879
0.4996035
0.4982849
0.518914
0.5401638
0.5532492
0.5171345
0.5222353
0.5093181
0.492348
0.5024803
0.4710994
0.4749878
0.4632247
0.4649683
0.4592361
0.4810312
0.4777356
0.4829016
0.4708225
0.4569992
0.4683977
0.4558931
0.4592497
0.4922309
0.4877093
0.4773751
0.4828209
0.4734739
0.4393308
0.4536208
0.4315531
0.4466552
0.4466332
0.4630267
0.4710764
0.4614917
0.4519891
0.4544878
0.4333624
0.4339858
0.4524917
0.4598107
0.4385001
0.4476432
0.453341
0.4473143
0.4209891
0.3950806
0.4074422
0.4210279
0.4088271
0.4017123
0.4416188
0.4202543
0.4140204
0.41193
0.4092943
0.4220433
0.4262537
0.4233535
0.4307358
0.4274019
0.4432562
0.4567032
0.4568644
0.458634
0.4522661
0.4562591
0.4599789
0.4764607
0.468738
0.4753861
0.4666662
0.4412614
0.4556694
0.4295108
0.4568271
0.456505
0.4538258
0.4624056
0.47694
0.4607835
0.4539292
0.4579694
0.4333097
0.4105524
0.4218306
0.4480138
0.4302559
0.4496108
0.4512316
0.4280175
0.4438694
0.4737874
0.4807661
0.4598257
0.4537662
0.4554836
0.4356054
0.4213606
0.4446279
0.4630627
0.4574083
0.4442805
0.462327
0.4697227
0.457513
0.477078
0.4753595
0.4734068
0.4591541
0.4890576
0.4630438
0.445464
0.4391927
0.4432577
0.4566611
0.4342128
0.4374782
0.4214123
0.4018738
0.4130424
0.4092054
0.4078732
0.4183081
0.3690215
0.3777013
0.3800116
0.3656636
0.3636506
0.3689233
0.3604495
0.3398075
0.3356262
0.3266079
0.3263271
0.3129888
0.320759
0.3318677
0.3352154
0.3259772
0.3205105
0.3343393
0.3423073
0.3396546
0.3272219
0.3388045
0.3352357
0.3316832
0.343378
0.348245
0.3595961
0.3677525
0.3661035
0.3566239
0.3623414
0.3664875
0.3712542
0.3776924
0.3508567
0.3567228
0.3447888
0.3320746
0.3526789
0.3535342
0.371606
0.4117486
0.4358482
0.41068
0.4014446
0.3775349
0.3838134
0.3883924
0.3887296
0.3817713
0.4092854
0.4051144
0.4039774
0.4125535
0.4200793
0.4222635
0.4127507
0.4139884
0.398445
0.382904
0.3598791
0.394457
0.3889822
0.400954
0.3900719
0.3780464
0.3858921
0.384149
0.4052861
0.4222836
0.4342114
0.4214985
0.4404652
0.4170045
0.393154
0.4013498
0.4089438
0.4043986
0.4250188
0.4400637
0.4483737
0.4414796
0.4478643
0.4561872
0.4593256
0.4269341
0.4118075
0.3925803
0.3830899
0.3907514
0.3966038
0.3872827
0.4162271
0.415273
0.429993
0.4324885
0.4093175
0.4227951
0.4438441
0.4308131
0.4312892
0.4232781
0.4413624
0.4687217
0.4466096
0.451682
0.4385887
0.4260958
0.4259738
0.4345108
0.4019574
0.4143528
0.403949
0.3972379
0.4137913
0.4030749
0.4016899
0.4174398
0.4263786
0.4295349
0.4142808
0.3971282
0.4149563
0.4266317
0.4253954
0.4459098
0.4588668
0.4505568
0.4383292
0.4418816
0.4801018
0.4653327
0.4497641
0.4456644
0.4782617
0.5028577
0.4785517
0.4542886
0.4618364
0.4849072
0.4653532
0.4630364
0.4613857
0.443887
0.4380368
0.4636583
0.472707
0.4715947
0.4550601
0.4409735
0.4543915
0.476651
0.448322
0.427635
0.4217402
0.4140476
0.4126062
0.4093585
0.4256209
0.4246873
0.4189787
0.414912
0.4182292
0.4366751
0.4315887
0.4398644
0.4189286
0.4220951
0.419846
0.4037426
0.3674114
0.3858175
0.3802297
0.3843435
0.3849969
0.3896675
0.4056816
0.4035579
0.4066051
0.3959817
0.3903971
0.4150286
0.432672
0.4656297
0.453685
0.4611647
0.4475388
0.4817156
0.4751662
0.4987983
0.4851612
0.4627308
0.4587697
0.4370576
0.4350048
0.4352278
0.4264526
0.4279575
0.4402753
0.4578502
0.466106
0.4401253
0.4189866
0.4248487
0.4282049
