64.47082
54.08084
57.60637
45.30678
58.71776
58.305
51.79312
49.60128
47.01099
59.77097
54.42401
58.85677
50.40317
51.44594
54.44452
52.40196
42.36334
52.96081
53.16748
50.46198
49.68264
52.38622
42.83065
50.13625
49.96113
56.08309
59.27565
46.95773
49.81718
50.01917
51.68018
55.19574
47.85362
64.47582
51.02982
58.34741
52.23177
61.5889
54.64268
45.52441
52.46293
58.53584
52.93969
46.97208
63.95201
52.96899
54.69856
47.29331
53.49946
44.62744
54.35864
61.15129
60.55408
55.4039
62.84173
50.62738
47.49594
51.14906
56.062
61.89649
52.37417
53.99873
53.27476
56.0408
53.86892
51.40579
48.0117
50.97192
52.36484
53.08493
49.41713
58.58791
56.3179
49.82831
49.31965
52.49936
58.19468
54.40856
58.62986
56.76267
56.19348
56.17518
45.90713
50.58739
53.46666
53.35541
47.97753
52.83477
51.13684
46.41589
56.44642
51.59227
53.21817
60.2307
59.25818
50.02404
56.38917
57.31359
47.22978
52.04692
53.76596
57.94527
54.4241
48.47183
47.79467
58.29517
52.48278
56.58281
52.98934
48.67451
49.90667
54.3357
45.56663
48.26675
45.70436
58.30827
55.57733
45.78466
57.93885
50.32024
50.56258
64.26072
56.00972
49.49134
53.92547
55.37743
55.83854
53.03892
50.4117
50.44573
58.81908
56.11433
53.59284
54.29033
58.16446
63.78018
52.36577
48.58791
48.88975
56.81826
59.35631
54.09905
55.97442
58.01204
56.42488
53.5205
47.06113
53.06542
58.77751
55.23134
49.51141
52.20596
51.79791
62.95392
55.18233
42.79052
62.8232
49.89845
52.27166
54.8747
46.76592
55.68007
49.41734
51.14667
58.02819
49.73583
46.8904
55.3183
48.39448
47.28033
54.55361
50.83333
51.57002
60.13302
51.37691
56.44872
53.1531
57.46748
49.71941
45.63058
60.60312
52.19417
67.99283
54.98447
51.16679
54.27417
52.93979
56.95628
54.75244
50.69436
53.40669
50.37842
50.5371
53.49933
57.08498
53.45278
61.85759
57.73835
60.03563
60.81486
52.55039
49.71334
48.23605
54.68603
56.32379
55.60872
50.0347
49.21159
53.83165
56.51861
53.05117
62.22767
55.8763
59.34645
51.41715
48.19065
48.8564
52.38108
49.99429
49.92926
52.40387
63.84808
51.01666
63.61817
46.33249
58.43457
55.26539
53.06758
54.05223
50.52572
52.36332
44.5991
50.75486
50.09294
49.16328
56.07554
54.71237
53.91456
55.24808
54.76043
56.15016
46.87623
57.46808
46.59616
50.45048
55.0084
52.27901
52.174
53.28503
55.11044
59.35066
59.02875
54.11001
53.04471
55.37102
45.97002
55.25403
48.22141
45.15005
57.20318
55.67527
51.65197
57.21628
54.77247
50.16906
49.23012
57.21445
62.86325
49.66405
52.86978
54.64186
53.60706
50.0489
51.52902
54.4803
49.64893
59.67967
53.51831
51.01644
57.86285
48.33689
49.19154
57.29964
52.98417
49.75792
51.60407
60.51552
53.02582
62.11203
55.96689
61.47804
51.88707
49.42177
54.00803
49.47636
53.34644
61.15289
49.89904
53.87094
59.79496
65.07157
50.75182
49.21095
55.86003
45.00221
57.37323
53.17285
47.09521
50.84343
56.09614
45.55959
49.767
53.88482
57.00114
53.52369
56.1143
63.99752
57.94024
51.43705
54.74626
50.88324
57.46089
50.31452
53.8332
47.79975
54.20789
52.92331
61.93805
48.75284
55.00349
54.21093
64.98911
54.69604
46.18883
55.04709
46.61609
51.34985
57.31929
53.85031
52.53365
51.34762
50.38206
48.11898
51.91271
50.82933
52.40465
55.29145
51.28294
54.99658
60.74589
53.40925
52.1122
47.64221
53.42779
45.44196
57.37036
57.65738
56.14748
59.2336
48.343
47.6669
62.72486
57.21602
52.59107
50.6344
53.3287
52.48703
47.43747
56.33712
47.24055
50.10492
48.03026
54.10788
47.5957
52.32869
58.30323
53.19245
58.22838
51.2398
52.02388
56.83023
48.43248
55.05758
55.00614
61.37724
49.65645
54.37129
58.34406
57.1658
44.21644
52.27197
53.07675
49.22764
51.35615
61.89871
49.1539
51.85621
59.84225
44.63572
61.13415
47.58776
46.17229
54.70011
56.72895
55.77906
51.6638
52.85223
52.18777
54.72104
53.43629
51.09721
55.51084
48.08964
58.06568
47.84167
52.13165
55.65043
51.0649
52.99484
56.45533
61.13179
58.18366
52.61718
57.45361
49.29943
53.48289
65.31087
57.16608
47.12284
46.7497
54.9031
53.6789
55.07573
51.21592
59.20675
62.89976
63.39061
56.01892
58.27724
43.45914
47.06326
59.18251
50.67942
53.34136
50.31552
55.79456
50.59502
56.73801
49.39994
49.26679
48.94263
53.61011
57.70452
54.94726
47.03628
54.13693
42.66856
53.16332
55.25059
52.86405
52.45119
51.00658
54.74621
54.8421
59.37293
52.96217
53.21655
52.14477
51.8456
50.34607
53.58168
52.49823
55.85152
55.81112
55.80957
52.61662
52.02931
43.94979
55.71602
57.00319
54.30633
45.80694
51.7296
46.86696
48.50695
49.87688
55.35187
54.58957
51.74872
51.57357
48.84478
50.75909
56.79335
61.76291
53.5937
50.20529
55.80805
52.42536
53.54137
50.34642
48.92642
43.97468
50.82428
51.0142
51.83074
59.59937
52.71349
60.04054
54.18558
57.32073
52.25218
64.17924
48.27418
46.69167
53.1727
48.12074
47.71906
53.29175
56.23805
48.26745
47.8679
49.5482
54.28612
55.92624
50.16219
57.81878
54.28806
62.98195
56.14302
54.1988
56.57928
52.11134
59.44388
53.4341
49.45079
47.45898
53.38554
53.96869
48.97387
46.25696
52.04102
51.18614
52.75743
51.82343
44.85381
55.83893
55.80221
53.44442
61.81524
56.07855
61.74628
57.92559
58.87556
52.80786
51.22177
50.3234
49.84736
50.75375
52.36553
57.62195
58.61026
56.46976
49.10022
53.22745
52.33607
53.4342
50.15473
46.78529
55.2202
56.9753
49.67035
52.54553
55.296
56.40687
45.42742
53.51979
58.42936
54.47903
49.44766
53.44858
48.41968
55.8526
58.55727
52.31238
51.30253
48.01611
53.61853
49.11419
62.15734
55.93366
61.71205
54.27902
52.88506
52.40798
53.17823
43.60975
48.92037
48.79964
58.69972
49.39137
53.40266
52.01874
53.66775
53.11258
57.18172
48.71896
49.84359
46.64143
54.19084
42.63512
46.9555
57.66155
53.21357
55.89414
55.88689
53.41115
58.28135
51.73715
59.09437
56.88812
50.63681
56.44914
49.31296
50.95468
59.28018
54.36518
54.844
52.92816
51.69287
54.8585
49.37356
49.74046
56.87943
54.8627
52.94609
56.20777
55.57437
61.85849
55.98817
50.65012
54.5988
46.47036
57.41275
48.46902
48.64363
51.69945
51.89983
50.48424
56.76628
53.08107
52.37677
56.36627
54.46279
51.28254
49.56289
47.71589
47.86685
51.92915
58.5416
54.20351
56.3203
47.55946
45.82158
49.60386
51.02991
45.28367
48.97878
51.43862
57.34924
44.91656
56.97035
52.12624
55.09204
56.76061
54.81916
54.77537
55.25595
53.76458
48.79312
55.30298
42.82321
50.09806
50.42771
61.21919
51.23434
51.2014
53.4811
60.69414
55.54581
53.19547
47.64641
51.32586
48.73449
50.43387
51.945
52.9349
50.14058
70.40557
47.91986
59.18421
60.09467
44.71593
45.43615
51.44229
53.81172
54.24985
47.30578
49.94815
49.74468
48.32215
62.13049
60.49406
55.71184
47.85605
51.64453
53.92844
48.59411
54.62812
47.95425
49.95067
46.06105
51.91405
52.08779
57.45565
53.60054
53.10768
46.14556
49.1111
53.51789
63.08695
62.83999
50.75082
44.95804
48.19673
50.54229
52.77238
55.95762
52.52109
51.62644
47.33822
57.19094
48.80481
51.57463
56.11014
56.71315
52.21407
61.62115
58.42449
56.80515
49.50835
45.60721
54.42774
51.42213
49.19201
55.37414
56.07452
50.71216
52.79492
51.83843
50.45008
54.9245
52.04168
60.52753
53.42276
50.69394
51.9213
53.00863
52.02264
49.17775
50.66266
55.64456
61.79874
54.45961
48.4102
54.43377
47.5817
49.15257
59.27953
45.5513
48.12642
57.92659
54.96058
53.50029
56.02908
52.78048
53.14871
53.65429
53.61158
51.18672
56.36466
53.38477
54.55995
54.45698
58.17809
57.35632
53.04928
51.21299
59.47996
55.96002
52.57802
49.22075
58.15544
49.10792
52.23924
54.30895
56.46348
57.05774
61.1064
51.17393
49.28895
55.44667
50.98708
59.09752
49.79187
46.00922
48.52802
53.16351
58.81556
53.98344
46.97682
63.47051
50.8728
52.20798
54.63944
58.72534
56.5063
44.84757
51.34273
51.73789
57.08894
56.75711
55.81323
49.26153
50.37261
53.45568
53.07497
54.38906
48.86492
54.99627
59.15258
47.4462
59.9642
56.75528
53.0906
51.32532
49.81271
53.49725
47.91284
50.35846
49.44312
52.24199
54.41012
53.60922
53.66595
52.02958
49.29058
48.24102
55.626
57.11378
52.36389
50.02635
52.29698
52.10421
49.15093
49.95997
54.03658
56.33756
51.00747
52.02332
55.3304
56.96233
51.84641
52.32638
46.91174
58.41651
53.66314
50.15874
57.65986
48.68656
53.47502
55.42241
60.83077
52.07274
55.34839
49.97208
53.12563
54.25246
49.52665
51.85514
48.6712
53.67901
48.76503
54.05745
53.24006
51.29135
53.78099
48.54939
46.26203
52.69285
46.3989
60.40343
53.63137
51.93509
52.62021
53.72143
58.81809
54.49151
52.01098
52.53437
50.27241
54.23333
59.99577
44.89143
57.91303
52.49628
56.19385
56.9174
51.33695
56.89631
49.97636
58.00536
58.2901
52.5257
59.15255
42.79802
53.18314
54.87506
50.37608
56.37185
55.9853
50.1036
62.08965
64.07038
51.45568
45.22328
54.33353
51.71862
52.73345
56.7249
56.53525
49.09278
55.30325
51.2094
62.96218
55.71172
53.13428
52.97347
48.91891
49.92413
62.58852
54.67144
49.5633
52.95566
52.7191
52.04648
46.28051
59.25775
56.02364
57.64049
51.60766
41.61043
54.4411
53.03754
51.80502
51.86369
54.40747
48.26805
48.91142
52.08541
53.38853
53.0851
56.5345
51.7606
50.68481
51.74443
49.1983
51.68413
60.64754
57.93043
51.57904
51.78609
44.4068
55.68537
50.19683
53.45745
48.59418
53.18586
56.5599
50.74561
56.7346
59.34359
56.75316
45.67857
56.15464
52.80323
51.50247
53.52876
55.19607
53.58671
54.97923
