12596.43
10560.02
12367.93
13448.77
12501.99
14857.52
14141.93
11610.75
14095.69
12747.87
11418.9
12220.84
15038.66
15429.2
12942.45
13661.63
12222.95
14592.55
14251.05
13421.52
13406.71
13642.34
14197.59
13202.84
13381.83
15605.22
13603.86
15037.75
13656.04
13902.25
13053.25
13427.22
12273.38
14776.35
13395.79
13032.7
12866.69
14431.32
13209.5
14374.53
12984.85
12360.95
13045.34
14235.23
13270.57
13999.75
13659.5
12052.45
13808.3
15007.34
15141.7
13156.69
13922.56
11889.53
13656.66
14716.77
13215.13
12624.51
15173.95
12789.47
14204.24
12224.73
13603.89
12797.75
14585.19
12975.04
12485.41
14697.15
11851.54
13875.9
14156.17
12342.77
12974.54
11470.51
12816.5
13590.93
12857.45
13854.68
12425.55
13185.54
14386.95
15778.06
12802.83
15844.86
13023.15
13660.37
12973.17
13363.65
13849.79
13594.43
13000.85
13630.74
14667.18
12898.99
14659.46
13709.9
13659.92
14168.43
14711.7
15593.12
14841.66
14791.97
16406.58
14479.14
12645.1
13771.61
13729.04
12953.47
12824.55
13239.95
13009.64
14176.44
14852.71
12600.35
13675.72
14162.6
13481.82
14814.1
14630.91
12323.33
14622.48
14025.06
14940.29
16962.94
15465.21
14010.21
12858.15
14017.48
15265.09
14662.39
13381.85
15044.63
13326.4
14906.8
12131.06
14920.69
15600.99
14461.82
15803.23
13839.59
11273.31
14031.47
14263.04
14989.97
13408.92
14635.78
12304.49
13905.21
13719.36
14722.26
13337.33
14099.93
13247.33
18995.62
14206.83
15139.53
15040.73
14143.47
12416.2
14713.87
15214.12
13893.41
13996.56
11907.88
12780.13
15148.95
14237.39
12201.56
15097.09
14324.68
12617.13
13934.09
14647.99
12670.57
13497.01
14921.97
14346.15
14043.4
13807.72
13507.43
12366.24
13508.45
14346.08
13898.53
13977.18
13684.6
15497.98
12461.42
13562.86
14548.37
14176.1
13049.58
14854.91
13496.78
14425.94
12825.76
13728.69
13963.36
13708.46
15112.42
13237.81
13107.22
13833.9
14797.24
14232.24
14168.74
12431.6
13148.46
12440.39
12841.48
12914.35
14063.94
13803.37
14846.88
15309.24
13257.56
14532.95
14202.62
12978.05
12433.14
12193.6
12700.66
13148.09
11929.49
13368.12
13294.16
13973.61
13278.76
12938.87
11716.72
13016.22
13536.54
13966.74
13705.81
14872.59
15201.23
14273.29
13403.79
13344.49
13413.82
14161.38
15122.04
14802.98
14369.99
12058.67
12841.38
13484.18
12709.43
13807.12
14029.21
12580.92
12336.3
13620.65
15272.17
14657.05
12770.39
12452.55
11601.77
13765.98
14635.55
13974.53
15125
14124.25
14150.78
12359.28
14549.25
14324.8
12772.01
12818.76
13117.86
12069.91
13289.03
13644.94
13286.75
12037.76
14771.84
12298.59
13506.32
14339.11
14193.69
14235.54
13934.03
13046.52
13672.66
13799.96
13793.77
13015.92
15158.84
16169.43
12803.17
14028.58
14404.16
16477.51
15871.53
12817.96
13408.15
13439.33
12557.66
13368
13005.27
14525.56
12884.42
13736.16
12272.33
14693.23
13678.07
14859.03
12872.08
13437.04
12385.64
14242.31
13434.09
15115.9
11921.82
14995.67
14696.81
12209.51
13347.42
14806.95
12255.69
15056.83
13803.68
13579.44
12888.12
13464.89
13005.19
12700.02
13589.79
12987.98
12512.55
13817.94
14607.95
15873.13
14954.87
13238.64
14787.95
15343
14486.82
15710.77
14359.15
15422.51
12836.92
11986.68
13840.31
14743.35
13449.18
13958.73
14217.09
12356.65
13069.99
13539.06
13337.21
12083.85
13206.39
14002.74
14228.18
13649.76
15062.05
14535.91
13028.33
15942.8
14691.1
13340.56
13643.74
12947.24
14145.63
12862.55
13176.81
14826.57
15540.27
15478.41
14426.03
12602.6
14012.96
14847.13
13737.22
15171.61
13029.82
14453.24
14551.98
13950.97
14751.15
13480.3
13414.74
13096.32
12225.02
14427.9
13920.25
14061.98
13068.23
12739.48
13937.48
16237.62
14708.67
14761.12
14536.43
15061.53
13633.02
13500.77
13797.66
15520.99
14523.22
16663.07
13580.84
15543.6
13122.76
14535.84
13050.64
15576.77
15130.8
16790.26
14743.87
15218
15216.23
13676.8
13783.15
14800.9
15439.85
13438.62
14130.89
14612.29
13764.32
13247.17
13782.14
12693.49
14122.78
14422.96
14894.65
14709.83
15857.28
13919.95
13008.99
14633.06
14218.02
14154.49
13655.96
14095.93
14127.96
13315.86
12593.29
12843.06
13250.79
13137.74
14817.45
15092.55
14514.37
13668.85
14618.44
15105.85
14039.35
15035.54
13418.64
15779.11
15634.08
15957.22
13801.68
14668.53
15270.36
14356.54
15175.38
16008.16
14942.45
14716.7
13232.99
15683.68
14714.44
14832.81
15897.51
16289.58
14674.24
15646.81
14316.08
13190.98
17080.86
16559.13
14164.36
12779.64
14718.89
14449.45
13770.06
15682.06
13982.88
15650.4
16720.88
13964.36
13930.25
12898.26
13885.17
14003.07
15166.83
11648.64
13797.08
14596.6
13042.21
12318.44
14641.41
15413.84
13068.02
13893.21
15947.52
14230.22
12797.39
16746.55
12170.67
13481.54
13922.07
13051.23
14553.98
13378.81
13134.92
14118.36
14410.73
15836.13
13416.76
14711.53
12880.48
15656.34
13964.98
14343.92
14494.2
15094.44
12970.59
15665.49
13723.59
13335.09
13764.25
15845.9
15150.06
14031.38
13663.41
13483.06
12974.02
13951.42
13814.29
12775.52
16110.2
15783.68
13390.9
13321.96
13940.23
15689.73
13884.1
13472
13885.76
12683.08
14607.45
14431.92
11573.09
12109.97
12718.68
11729.03
16232.11
16518.63
14329.19
14752.4
14253.36
13482.45
15273.47
13111.18
14338.48
12424.05
14726.47
13895.71
13568.98
15245.63
13818.51
14071.82
14031.2
14991.28
15272.53
13594.81
12522.44
14272.58
12399.12
12197.55
12677.82
12144.03
11805.57
13925.88
13766.29
14036.63
13239.22
12919.28
13089.33
13357.17
13916.4
13257.46
15762.9
12841.17
14970.88
13294.54
13278.64
13858.72
14567.7
14837.32
14823.74
13150.78
13640.16
13048.48
12104.96
12797.19
13166.21
11858.76
13337.05
14524.8
13047.38
13461.23
13490.51
13961.59
12645.01
13284.5
14302.16
12961.84
15325.06
14200
14631.26
13089.47
11802.56
13617.87
13701.44
11491.53
14038.91
16060.15
14241.24
14209.68
12931.47
14258.98
14527.55
15147.22
12729.36
12944.22
14223.53
11849.28
13693.05
15406.64
14066.7
13206.09
12751.38
14304.24
13541.31
12362.3
14267.36
12696.91
15508.03
12824
11995.26
13016.31
14940.79
14282.12
15599.06
14840.43
13242.03
15275.39
14597.04
13092.72
13599.96
12386.03
15437.49
14081.55
12526.62
15764.63
13096.19
13549.45
12171.59
14245.09
14309.79
12526.13
13723.18
13266.1
12792.62
13940.5
14081.2
15934
15432.98
15084.08
15194.2
14812.56
13192.75
13582.42
13048.33
12639.48
13833.74
12467.25
13117.32
13545.23
16099.59
14508.1
13886.8
15698.99
14205.44
15597.11
15587.18
14069
12553.96
12921.26
11408.48
13816.11
12644.94
14105.67
14856.2
13245.4
14161.89
14976.43
14214.4
14612.46
12870.64
13989.17
12914.55
14645.34
13672.09
13059.62
14421.86
14719.85
13208.43
14886.31
15181.33
13133.78
13478.52
14002.72
14642.99
14336.46
12935.97
12613.12
16060.64
14944.65
14597.16
13004.03
12804.48
16290.29
15565.73
13322.82
13504.62
13223.34
14178.05
13033.64
14975.87
13331.7
14011.54
13872.13
12493.86
14792.53
15364.95
13676.46
14523.95
14531.54
16001.97
14668.3
13212.39
12913.78
15542.42
15402.4
15009.02
14519.89
13235.39
13289.04
16766.09
14743.9
14058.98
14877.55
14899.39
17867.81
13733.45
13791.08
14655.43
15269.8
13635.14
12180.59
16380.62
13170.62
14855.12
13053.43
13930.05
14593.98
13288.09
13401
14327.15
15400.51
13440.98
14184.6
13158.97
15303.34
15286.2
14361.31
14963.11
12985.53
14305.84
14869.28
12852.81
14226.81
14712.72
15206.42
14445.71
14879.13
12975.39
13859.2
13490.47
13063.05
13900.49
14116.77
14360.24
13894.46
12960.75
13232.92
14863.09
15119.9
15132.87
13132.57
13269.91
14170.46
12834.29
15210.35
15901.45
12667.89
16348.49
13564.25
13203.15
12736.94
13556.51
14224.61
13995.11
13320.75
12840.28
12764.68
13219.99
13999.45
12582.65
13740.18
13282.21
17095.01
13332.99
14044.21
13576
15784.77
13325.91
12772.38
13558.13
15272.59
14340.98
15264.87
13962.72
14703.39
14047.6
15622.68
15860.14
15311.91
15286.44
14550.81
13097.45
14386.61
12980.57
14930.66
14411.35
13584.26
14622.2
14162.59
14035.42
17591.59
15563.07
14213.56
12967.38
15293.25
12510.89
12652.54
15315.11
15538.78
16001.08
14572.11
14635.32
16217.6
13624.86
13999.7
13948.18
12964.17
13890.41
14170.53
12881.33
12885.18
12611.83
13873.51
13351.96
14423.24
13739.15
13950.19
13398.71
13845.94
13765.75
13488.22
15409.11
12870.12
12287.31
14055.77
13241.55
13817.95
16531.56
16248.08
14059.46
14828.91
12615.5
15678.89
14363.29
12419.94
12198.62
13694.66
13849.04
14899.63
14653.26
14779.85
12475.42
12880.66
14513.39
13368.96
13586.51
14497.2
15009.26
13140.77
13667.05
13387.38
14670.33
13692.03
12988.27
15693.69
14489.16
17115.18
12769.58
14267.76
13465.74
13769.53
12811.21
12737.78
13579.59
12566.54
11814.76
14063.57
14533.61
14576.73
13612.92
13962.65
12756.83
14013.85
12603.67
15527.88
14639.78
14463.05
13199.29
14832.5
13287.98
13309.32
13004.11
14059.3
12984.25
15117.76
12978.94
12893.47
12866.82
13524.85
14402.8
14033.79
12191.13
12456.28
15542.74
13347.5
13052.88
14352.81
13482.92
13974.78
12600.43
13071.92
13818.04
13042.28
14129.86
13899.93
13027.32
13549.11
13160.68
14119.28
12032.84
14222.42
13019.83
12927.56
13501.74
12181.97
13865.03
11962.76
13485.53
14617.07
15147.64
13431.41
12648.72
14171.15
14995.64
12505.44
12117.75
12783.7
13757.6
13703.89
13794.97
11760.68
13755.73
12526.51
15783.69
14534.71
12421.96
13800.73
14460.26
12479.9
12226.48
14005.25
14923.64
15437.31
13779.65
12762.59
14335.45
13225.14
13710.4
12801.18
13345.45
12639.42
13948.92
14204.5
16135.15
13784.01
11954.58
13220.62
14793.01
13658.34
14088.23
13252.38
15277.22
14755.92
12958.78
14354.83
12459.71
13259.77
12343.22
15179.28
14777.67
13795.68
14586.81
16075.21
13958.49
14135.73
13373.8
13051.16
14684.47
15940.02
14434.73
12579.63
12744.87
13598.31
13011.89
13820.75
13347.53
13230.99
15772.6
14142.15
14613.8
12930.53
14863.15
15015.81
16638.56
13943.16
13139.43
16026.66
14331.6
13659.19
12961.34
16351.59
14989.68
16392.1
16349.7
15598.27
14629.17
16314.3
14136.13
13629.95
12902.35
14238.57
14587.14
14256.25
13177.38
13799.7
13510.43
14564.48
15337.3
14046.71
12624.06
12770.24
14093.02
14384.25
15008.35
15331.26
12130.53
14737.3
13857.14
13303.23
13693.85
13737.47
16201.3
14383.49
12424.43
14040.25
13174.34
14547.87
12389.65
13166.77
13378.32
13789.09
13946.24
13281.33
14441.17
12817.74
13684.76
11353.34
16126.75
13881.78
13286.71
15114.09
12073.96
12607.42
12883.89
12872.22
15282.91
13685.66
13827.32
13627.26
12494.08
12889.2
11543.7
14428.39
14500.19
15628.01
11523.42
14950.02
14277.15
13513.61
14195.58
13442.89
13786.46
15423.46
11869.61
14414.12
13638.75
12914.25
13677.9
12109.4
13405.75
13417.61
12181.93
13701.03
15185.44
11525.39
13288.72
13644.1
14149.8
12406.67
13573.2
13946.49
12597.75
13641.87
15600.85
13435.01
12772.29
14010.93
13710.03
13012.63
15216.31
13641.42
12394.17
13079.34
12466.47
14076.16
14109.29
13055.37
14104.33
16563.96
14653.92
14412
13797.18
12512.83
11333.39
13988.27
12288.45
13344.16
14463.25
11780.97
15100.11
13939.58
13953.38
13683.74
14656.32
13718.56
14298.17
12641.49
12424.18
12870.34
13506.99
14021.69
12102.5
15297.64
13257.98
12550.41
14666.68
15873.96
14313.26
13460.68
12755.67
13556.01
13685.08
14044.47
13537.9
13215.39
14931.47
12484.17
16003.64
12874.09
13196.51
13410.23
13068.95
13999.28
13700.99
14267.86
14543.16
13629.41
15258.91
12516.69
13750.85
13284.83
13141.56
13713.26
14692.57
14570.68
12685.01
12243.35
14800.23
14091.46
13252.53
13884.73
12400.47
12812.58
12697.46
13974.79
15508.96
12126.74
14172.9
14447.69
12358.68
13194.32
15572.84
15125.65
13661.8
13569.4
12520.51
13025.9
14110.28
14192.97
13915.56
13035.01
13263.55
14221.04
13710.24
14050.3
12253.39
13087.06
12437.08
14014.11
13279.84
13629.6
12447.24
12069.08
14019.88
14634.38
14557.42
14092.22
13298.24
13476.92
11971.11
14770.03
13866.43
14618.17
13429.41
14606.36
13988.29
14015.99
13854.87
13223.39
13246.21
14138.05
14231
15773.13
14037.38
13762.47
14591.76
13767.68
15620.95
15489.69
14120.47
13407.41
15251.36
14863.98
13753.44
13008.86
14661.78
13226.06
14506.6
12188.75
12631.95
12518.03
13076.22
13759.54
13338.63
12523.54
14258.7
12386.54
13043.55
13387.79
13164.97
13834.3
12525.57
13997.69
14448.45
13070.54
13104.94
12790.8
13093.43
13803.19
16072.24
12163.11
12987.2
14761.43
13160.89
15924.38
15469.99
12546.32
14196.03
14830.1
14519.95
13502.37
13367.61
13838.9
14707.06
15258.8
17165.85
16202.79
14204.36
14165.48
13748.14
12326.63
12860.95
14541.2
14747.93
13421.57
12994.81
13882.68
15214.67
15888.38
12530.56
14496.09
13151.14
15903.1
13100.39
14091.02
14040.07
13590.69
13808
13350.94
12031.6
15242.52
15055.34
13652.15
14269.47
14548.85
13906.01
13528.24
13879.96
13738.66
14311
15733.89
13143.7
14357.61
15565.86
13087.65
14430.6
14849.78
14342.09
16226.72
12613.86
15848.74
14202.48
15978.12
14165.72
13059.19
13891.85
13045.84
15292.49
14021.75
14291.81
15225.66
14079.68
13747.97
13846.66
14288.98
12877.75
12901.88
13696.19
11591.05
13978.04
13590.33
12214.42
11813.58
13874.52
14166.66
15129.3
13885.86
13674.5
13630.21
12837.6
12848.62
13896.48
13458.1
13195.46
13367.66
12940.13
13803.82
13911.81
13288.53
15564.72
13062.28
13079.34
14821.28
14024.16
13858.36
12834.58
15184.24
14173
13420.34
12130.85
14580.31
14190.23
15135.16
17209.08
13445.34
11956.57
12480.97
13228.93
12424.5
13014.86
11206.14
14392.08
13566.17
14249.07
13882.89
16035.79
15068.89
13732.93
13997.9
16115.98
18322.16
13241.29
12453.11
14009.49
12394.4
13493.79
13453.8
12121.6
13951.93
12251.72
12994.07
14348.62
13756.21
14303.48
14985.17
14767.42
14348.3
13088.43
12945.11
12999.47
12417.53
14142.91
12717.01
14437.51
13314.45
13737.95
13431.27
14951.05
13237.47
14085.38
12757.49
13431.68
15539.91
13668.27
13097.25
14237.59
13851.4
13733.4
15017.67
14735.31
13912.06
13182.32
12876.17
12978.88
14381.6
14261.7
16037.71
13619.94
12756.05
15020.3
13829.9
13666.17
13034.96
15756.21
15071.17
14182.84
14318.96
12216.71
15225.86
14860.76
14579.76
14749.05
14360.93
14648
14171.32
13670
15943.42
15702.71
14156.44
14895.49
15843.44
13505.54
13073.5
14427.46
14584.15
14828.93
14094.47
17047.54
14394.27
13669.84
16494.7
16347.93
12870.71
13973.94
15925.36
15520.55
14373.7
14311.93
13591.55
16048.83
15856.65
14342.87
14104.39
14525.5
13559.19
15161.59
12658.84
14217.66
15017.9
15678.6
13090.91
15108.4
13935.29
15245.3
13999.47
15117.58
14510.81
13742.92
13217.01
15283.93
14667.1
14563.77
14667.95
13778.49
14933.84
14435.42
13618.52
12826.48
14135.99
15906.68
14982.76
13973.97
14138.47
15583.69
14550.08
13582.95
14208.52
12787.9
13814.05
14009.54
14645.03
13508.47
14502.98
14535.38
13966.86
13950.52
15912.33
12795.61
14549.54
13125.06
11828.21
14066.34
13342.95
16076.22
15224.73
12609.32
13563.28
16770.49
14317.42
13704.92
12787.94
13482.01
14971.37
14319.97
13282.72
13134.31
14990.95
14256.56
14086.66
14306.92
12498.97
13700.34
12801.73
14946.6
12867.46
13947.81
12764.7
16142.06
14381.27
15094.4
13416.9
13617.15
13393.83
15077.92
14894.2
14444.26
15897.44
13701.29
13541.63
12644.37
13856.47
14299.21
14331.91
13814.85
14839.27
14652.4
13209.36
12433.31
14489.06
12962.54
14953.11
12063.98
14061.09
17306.38
13532.33
14211.06
13359.64
12418.16
14925.96
14387.41
14099.37
13827.06
12901.57
15561.63
13421.41
12939.59
14033.72
12788.67
14771.05
14892.04
