72.42778
67.83099
62.56434
62.74823
57.49647
59.94405
56.81111
56.92032
55.43322
53.41257
55.55235
53.37462
50.17739
49.126
45.35631
49.64899
50.48444
46.55883
45.5455
47.85849
48.98074
46.46709
45.066
43.20058
42.79137
41.16423
41.59954
42.97192
40.75595
41.34391
42.00153
38.15575
36.37636
36.52953
35.49726
36.63541
38.40295
39.97128
40.30354
39.43431
39.98078
41.18573
39.5036
39.1022
40.10193
39.5614
41.48368
40.15568
38.96955
40.99184
41.89748
43.75513
48.24304
44.7374
44.4153
43.03535
41.91892
41.60266
44.46771
46.33138
45.15355
45.30492
46.62219
44.14244
46.7755
44.2943
45.15256
43.32851
43.30122
41.52604
39.59762
41.03661
41.89977
40.41961
40.98159
39.66517
40.99608
41.81939
42.03729
38.56679
38.58667
37.09587
36.35069
35.67894
36.08261
36.72792
37.30282
35.59779
33.60653
34.84202
34.62308
34.67251
34.0871
33.41711
34.62854
30.79341
33.12012
31.25844
33.03816
31.28784
31.03117
31.76949
31.55282
30.58989
31.1258
30.75931
32.60904
32.22353
34.28297
34.17643
32.37038
32.83564
32.50471
30.64314
31.06603
31.82278
33.67188
33.14038
34.76891
33.04444
30.03554
29.19246
31.34575
30.52412
32.88843
34.64881
35.39799
35.49588
38.08027
37.445
37.27124
36.85546
36.37279
36.99809
35.3805
35.11155
33.74032
35.01098
34.95416
34.49949
32.85596
32.22606
33.34827
33.21264
35.5175
35.81359
35.05328
34.43351
33.80275
34.18534
33.69126
34.01273
34.72477
35.58724
35.13241
36.43827
36.04465
35.39629
35.22178
35.37191
35.4835
36.47377
36.92406
35.5196
34.92213
34.04569
33.98924
34.71679
34.74742
34.68834
34.42851
34.86934
32.81866
34.05892
35.26186
35.40485
35.3694
36.05941
37.20002
37.13459
38.85487
35.42851
36.98415
38.27093
37.25351
37.49176
35.92045
39.69288
40.22795
40.27902
42.15029
42.35043
42.47505
42.92248
43.17202
46.2213
44.75289
43.55502
41.20983
41.97497
38.76643
38.25986
36.45079
36.31323
37.83368
37.15311
36.55462
37.30012
40.95408
40.13528
41.94694
42.05909
43.42011
43.89754
44.86427
42.87808
44.10198
43.88812
43.50748
45.39029
44.56795
43.70191
43.90453
43.0907
47.03274
46.9224
47.31399
51.33133
53.88822
54.98275
54.89298
53.95946
50.87856
52.10266
53.82223
52.36253
52.25307
53.56425
55.2147
54.09178
48.17185
47.37442
50.41933
53.14787
52.20184
52.23461
47.87175
48.48913
50.00354
47.68067
47.73199
46.82791
48.60564
47.72588
47.69164
47.01264
44.88153
45.64668
47.08693
45.29382
47.60096
46.67621
45.71955
46.23954
46.24693
46.29989
46.73949
45.93984
46.28112
47.85618
49.83054
50.32713
50.55954
53.58942
53.07488
50.52822
51.45411
51.37779
48.57802
48.60727
50.5817
47.36918
47.76088
50.60714
49.9143
51.07061
49.06278
51.77088
52.53897
50.12379
50.3268
48.2626
47.12388
47.88485
43.94513
45.16189
42.195
43.88017
43.1091
44.89091
42.25207
41.41137
42.00545
42.95762
43.89546
45.24647
42.40699
45.65153
45.42707
48.34688
49.09737
45.06706
47.19835
50.58822
51.90139
47.39869
48.49792
46.33943
45.88453
43.88933
40.61043
40.89907
41.03595
41.69691
40.63886
40.50229
38.35619
37.23015
37.40323
38.90512
38.03791
36.31212
37.08163
39.72946
37.26253
35.18645
34.05695
36.29289
36.06667
36.59483
35.14533
35.22177
34.36479
36.12191
36.06113
35.67795
35.25782
33.74588
33.88204
34.7472
33.97958
34.26203
36.2187
35.22071
36.61922
35.78896
35.57485
36.32141
35.1511
33.61815
35.13212
35.67685
36.31675
35.18826
34.65564
31.33932
29.83969
30.21331
31.3542
32.7551
32.0563
30.32219
31.70029
33.35221
32.34831
35.28729
36.58258
37.6619
37.76983
36.75436
36.90501
34.64881
33.56028
34.91646
35.23842
36.52018
37.63609
36.7539
36.80237
37.99204
39.01865
38.56303
39.30275
41.35827
41.58033
41.72307
40.98808
40.42677
37.98232
34.90999
36.5001
38.56341
38.67632
39.5098
38.36228
40.03511
39.6643
40.68929
40.36689
39.87289
36.83504
35.42686
36.75164
38.01489
39.24609
38.88034
36.68677
38.76917
37.28634
38.1334
39.15621
38.39144
37.19079
36.78779
37.90879
37.46252
37.62017
36.61874
37.89466
37.57234
35.86221
35.24204
35.66503
35.96255
35.45492
35.35554
34.35565
34.21474
34.01765
34.19512
33.22717
32.82553
33.49149
34.57222
35.61818
35.86755
33.86214
32.67347
30.61122
31.02443
32.09841
34.02942
34.56573
33.68563
33.75992
35.1975
36.88967
38.11398
36.55571
37.29926
38.64139
41.89238
41.30021
39.01487
39.40842
39.23291
39.39124
39.22469
38.79464
38.13969
37.64811
36.46445
38.17384
37.09556
39.49973
40.81199
39.28093
38.67543
37.64792
36.01383
35.90943
36.57776
38.60982
40.26783
41.41234
39.23061
37.88422
37.52564
38.40496
41.19952
43.43746
43.8927
42.30349
43.53466
44.48536
42.88498
42.82801
41.59055
43.22578
43.42165
40.7534
40.59293
39.49419
38.61495
40.42286
37.48945
38.62093
38.03548
37.67809
37.6024
36.06628
37.21612
35.22763
35.6804
33.76315
32.3202
32.34845
32.2088
32.78623
35.51392
35.12856
35.23568
37.84304
36.82441
37.84564
38.78598
37.34225
38.34666
39.42729
35.12178
34.5757
33.41019
33.72973
34.378
34.9587
37.24199
38.06597
38.36193
37.4615
35.95267
36.5019
36.69295
34.7277
34.75948
35.60505
35.34706
35.64334
34.95701
32.81766
32.7059
34.3832
34.32507
32.2398
33.11486
32.9668
31.33448
29.31077
30.9557
29.77495
29.55294
29.35134
27.95834
28.57204
28.8348
28.21183
28.27927
28.66011
28.70721
29.38932
29.65347
30.38579
30.42545
29.3247
30.89927
31.51343
29.89246
30.02425
29.93137
29.95144
29.62842
29.77811
29.58905
28.13039
29.35156
28.73486
29.17873
29.80686
29.2376
30.24278
32.14413
31.57827
32.70729
31.91145
30.83123
31.73976
32.68767
32.16588
32.68836
32.5179
32.4002
32.84501
32.50274
32.24761
33.6246
34.11951
33.55759
32.37763
34.94122
35.72308
35.02237
35.52002
36.00027
35.97935
34.67205
33.74809
32.9836
32.58302
32.0101
32.01465
30.86943
30.54086
32.95266
33.32095
35.97777
36.33348
36.99106
37.33241
35.621
36.20799
38.5864
39.42575
41.86213
41.44999
44.32933
45.90132
43.15573
43.01325
41.37656
42.40641
41.6741
41.79024
42.55088
43.03
40.0869
42.37223
42.55767
43.23074
45.23895
44.29295
44.08386
45.57847
46.23426
42.99305
43.92062
45.94227
46.66081
45.75581
46.78586
46.12315
49.73707
48.09155
47.68214
46.27999
44.88356
44.53176
45.71063
47.50107
47.08748
46.58133
45.3651
45.78947
47.1455
49.93416
49.36435
48.20558
48.57181
48.33697
48.37381
48.43797
45.77223
45.19435
43.68822
46.95179
47.97214
47.38877
45.36331
43.69099
43.63349
45.48363
46.71719
44.35979
44.65585
45.58366
45.03263
45.97419
46.42387
48.44437
48.42049
48.34696
48.7647
48.02365
43.92806
42.97067
40.6492
40.87628
42.34465
41.55977
41.49906
40.76007
39.53678
39.57942
39.18964
39.85892
40.59902
39.65138
38.13435
38.30536
38.43633
39.67338
38.92086
38.21108
39.46359
40.36915
42.31852
40.92227
41.64836
42.49559
40.5537
40.2904
41.02959
43.46903
44.98333
45.6263
45.48579
46.19777
46.61876
45.44829
45.71603
47.22604
44.7139
43.42358
43.99559
43.34952
44.23879
45.67007
45.96093
46.88492
45.37553
43.09973
43.71719
47.09945
45.46362
45.83029
46.41528
43.26441
43.13035
43.74705
43.51264
43.45727
40.25133
40.13406
40.6505
40.1885
41.98801
42.40799
41.75538
42.29747
41.61268
40.66662
40.55446
39.77422
42.37767
42.97183
46.16272
45.61276
41.48403
40.84948
44.24317
44.61991
41.7071
41.59147
41.59564
39.32261
39.65931
41.45954
42.73144
42.61868
43.60011
42.2883
42.65955
40.64059
38.0899
37.91954
39.96779
37.84797
37.22582
36.97196
36.01316
36.03455
35.77992
34.1943
34.99794
35.84812
34.19396
33.96052
33.70554
34.56559
33.07925
34.17925
34.85946
34.35749
36.33817
35.17929
39.92818
37.84958
37.54056
37.30424
38.14346
37.77135
35.73062
34.65043
36.28753
36.76439
36.13828
37.53311
39.45236
40.67611
41.16981
41.13455
43.297
43.1015
44.4713
41.9509
39.59489
39.82586
40.70244
41.95244
41.4498
41.39051
40.53495
40.79298
42.48537
44.64141
42.555
45.3737
45.15977
46.37179
45.04099
47.0124
47.37979
49.23694
45.7527
45.47932
46.02619
46.61393
44.62858
46.3424
46.91943
48.076
47.30492
46.16682
48.0289
44.39325
45.50138
46.73169
48.05328
47.91088
45.98773
44.43483
45.18504
41.11212
40.22964
41.71577
41.64397
38.49429
37.35581
39.3581
39.18346
38.80053
39.61955
39.03804
38.19958
39.21949
41.06772
40.766
37.70825
37.10284
39.42973
39.45957
38.86431
40.57313
40.7722
41.86275
42.29392
45.26674
43.72374
43.72252
44.35906
43.83365
43.49171
44.66448
42.53908
41.24581
39.32363
40.92559
42.92003
40.75471
41.67679
39.67898
39.56177
38.05927
38.77097
39.09033
40.61167
39.58655
38.37086
35.96229
34.69588
36.86872
36.3339
38.37026
37.36677
37.02713
36.2963
33.93351
33.74865
33.98167
34.31383
34.30817
34.2912
32.44843
33.6198
33.42597
33.05039
34.15755
32.89879
35.15514
34.60951
33.13353
33.51116
34.16093
34.06607
32.83812
33.84462
34.11908
34.76125
33.8451
33.50969
33.21674
35.08286
35.98829
35.40842
35.83547
35.89123
34.92769
34.7328
34.42527
35.695
34.82844
33.92603
35.47596
32.41057
32.62778
31.31883
31.48119
30.56913
30.87463
30.59497
30.42128
30.46073
30.65478
32.56141
31.2491
30.52725
31.46017
32.08497
30.7125
28.53037
27.34263
27.75318
25.70609
26.55969
26.99555
26.34133
25.71603
25.26171
24.75966
22.17351
22.39763
21.58199
22.85306
22.39124
22.91137
23.54738
23.6186
24.01364
23.30427
22.25936
22.17895
21.8432
22.76292
23.94464
24.99567
24.50039
25.06401
26.81847
26.1081
26.79113
27.24511
26.64774
26.80096
28.62299
28.13058
27.66112
26.08827
26.15143
28.0948
28.09052
28.11447
26.39844
27.03069
25.73382
25.71554
24.59014
25.51222
26.44945
26.49974
26.42225
28.50142
28.32254
29.66512
28.76822
30.42271
31.48189
29.85029
30.34406
28.86416
28.97141
28.01952
29.03216
29.9275
32.83176
34.4704
34.07641
35.0549
35.62613
37.05863
36.19183
35.30427
35.90648
37.83552
37.89088
38.16574
37.23425
36.24468
37.50802
38.47632
39.40706
41.24505
41.06918
40.11877
37.82594
38.92868
39.38692
40.14994
39.3442
36.79728
36.99639
37.07579
35.69413
36.43195
35.80011
33.48008
33.53413
33.25228
33.23985
32.20762
30.89615
32.91261
31.6769
32.80395
33.59108
32.7938
33.8416
33.88642
33.77711
32.46633
32.66716
32.17264
30.99099
31.65028
31.78015
31.53038
32.21283
34.04427
34.02687
35.45284
35.86482
35.54968
35.47844
33.5322
32.64713
34.09668
33.38451
33.88952
35.34467
34.6927
34.31373
34.52952
34.05477
34.54347
34.43467
36.39114
38.11893
39.03488
38.07591
37.71828
37.68031
38.27243
37.82728
38.34888
40.9885
42.17711
41.34386
41.26652
42.84665
43.66931
41.57815
40.72356
39.38631
38.76128
37.04479
35.21366
34.60702
34.31169
35.14918
35.13027
37.12457
36.84578
33.86648
34.92958
33.29413
33.27499
30.89313
32.92997
32.04639
31.95738
33.64877
33.65832
32.72579
33.74503
32.48848
33.65462
33.20696
31.84028
30.31243
31.23783
31.20858
33.26186
35.61443
33.53661
33.59884
33.13452
33.65915
32.7801
30.90837
30.03771
30.06893
30.13843
31.1255
34.37362
34.22148
36.61001
34.87692
34.41511
36.98186
36.30326
36.14357
36.75932
36.63933
35.03569
34.84933
35.87561
34.51899
31.60893
31.95489
33.08229
32.01739
33.06388
32.54394
32.66817
31.95637
32.03894
31.97742
31.97376
32.27534
33.03556
33.5976
32.17271
33.34828
31.69359
30.82136
31.54234
30.12865
28.35072
29.16003
28.08451
27.96283
28.53983
28.82081
29.45942
28.5304
29.23562
30.23759
32.22139
35.0062
35.12087
38.14535
37.05298
38.23057
39.44545
38.39776
40.90848
42.12631
41.01328
41.15065
41.12862
41.10942
40.18734
39.34899
41.23626
41.03897
39.08201
38.07462
40.01734
40.10194
40.9083
41.39798
39.68084
39.72093
39.10119
36.79285
35.68727
34.88489
36.86098
37.36856
38.90847
42.04858
43.62049
42.46614
42.98405
41.01048
41.29443
42.42027
42.51319
43.64833
43.79071
47.01383
46.72652
46.77727
47.0233
46.86725
44.91227
43.74163
42.45483
41.13246
40.60105
40.6538
41.62065
39.67148
38.32937
39.87234
40.04526
38.85652
38.11455
36.19986
32.57503
32.03697
33.23641
34.14391
35.20961
37.04673
38.11859
39.93113
39.23605
39.69376
39.10679
39.29463
38.36713
38.54938
37.41704
37.79802
38.61585
37.81716
40.45298
41.04297
41.85106
44.44274
41.89578
39.64207
39.79575
37.88378
36.99098
35.14394
36.41003
36.58514
35.94558
36.268
35.93648
36.33873
37.94836
38.21689
36.89601
35.53434
34.4515
34.69764
33.34359
33.29765
36.13623
37.87133
35.11217
35.71427
35.8168
37.25804
38.63269
37.70115
37.75655
37.50011
38.11432
38.25222
39.89279
40.36641
42.79521
43.75541
44.86324
44.83834
42.94963
42.06196
45.59935
44.03005
42.7342
43.06513
45.42545
45.335
46.67404
45.6809
45.81932
47.82938
46.94114
46.18732
45.56094
45.61481
44.95176
41.93272
38.61717
36.82652
37.73703
37.62314
36.18468
36.10399
37.32622
35.95862
35.73568
36.67717
36.64333
36.94448
36.4031
36.22979
35.18172
34.89404
32.59172
32.89447
33.88036
33.02789
33.24528
33.03598
33.29034
32.88023
31.36788
32.58092
31.71881
33.54017
31.21714
29.37668
27.85365
28.52094
28.17795
25.81527
26.15123
26.55418
27.22087
28.20232
26.75314
26.70644
27.00306
25.63241
24.86721
24.55456
23.50479
24.13728
23.72597
21.52358
20.70859
21.05181
21.67132
21.00944
21.17781
20.12461
18.64516
19.12904
19.01444
19.06388
19.82058
20.42321
20.22406
19.68348
19.41126
19.22161
19.271
19.20161
18.60133
18.68907
19.80908
18.78869
19.15297
19.03216
18.5023
19.06075
19.28103
20.27046
20.68993
21.24195
20.92576
21.47678
21.89893
22.1429
21.6435
21.25306
20.74318
21.96487
24.0586
24.48813
25.21295
24.67716
24.8342
23.58577
24.36399
22.86831
23.10317
22.82507
22.3485
23.97119
25.28021
26.29321
26.95698
27.06083
26.2932
26.90895
27.90908
29.20528
30.88324
31.12011
30.36101
29.51007
30.67055
30.86041
30.38936
32.80757
33.94289
32.45625
31.5432
31.76512
31.32921
30.42381
29.88422
31.42616
30.85052
29.28647
30.59222
29.66224
29.76082
29.7335
29.77505
29.43562
28.89355
30.42632
30.84669
29.75291
29.76966
29.87249
30.57957
29.92397
31.00017
32.24024
32.89177
31.22136
31.16969
31.83453
31.13148
30.65153
29.26024
27.09926
27.04963
27.9522
26.68482
26.87923
26.28801
25.60103
23.27833
23.36259
24.1802
24.39491
24.54457
24.29103
25.19423
24.99919
25.1369
26.05331
25.1447
27.56226
27.807
28.5225
28.40743
29.69915
29.39169
28.31852
29.2829
30.25671
31.49503
27.64197
27.73587
27.5584
26.81385
25.54958
25.64577
25.51069
26.19267
26.20522
25.58973
25.73365
27.96894
26.9927
26.01544
25.64506
23.80317
24.77764
24.77998
25.59081
24.8718
24.81421
24.37638
23.99707
23.26431
22.74045
22.78516
23.78428
24.90444
24.48403
26.4215
26.22392
26.80245
27.98848
29.59583
28.81634
28.85187
27.73391
26.20282
27.44357
27.65115
26.37709
25.122
25.34373
25.44786
25.81135
26.19136
27.60577
26.92426
26.78931
26.85724
24.95614
24.41185
24.91673
24.53524
25.88757
26.10569
27.57565
28.96236
28.48447
28.61729
27.99972
28.80013
29.36996
29.93635
30.57492
30.45407
28.44669
29.68655
28.65699
29.4614
29.95575
30.18221
29.03898
31.8436
32.69871
32.61583
32.06944
33.21723
33.81538
33.76553
32.17545
34.11463
35.18072
34.98391
35.62159
36.34984
36.44258
34.61025
34.76164
34.68371
32.436
32.11339
31.20013
29.60825
29.88048
30.11177
32.07208
32.86908
32.81926
32.24505
31.70111
32.24594
33.11913
36.07723
35.19365
34.92408
35.69714
34.60533
34.65274
33.89672
31.89495
31.29581
30.66489
33.42666
31.76902
31.10048
29.97409
31.88869
31.6612
33.12935
30.45562
30.82335
33.44765
33.4044
34.33875
31.80169
32.60424
32.79224
32.19121
31.98832
30.01553
31.24573
31.17854
30.90225
30.69878
31.07944
31.04908
