30.12265
31.23093
33.22125
32.66534
33.63003
35.55517
36.98025
37.12355
37.14246
36.48369
36.59868
37.56492
37.55294
39.08602
40.0018
39.47416
38.81055
39.23469
38.18598
39.56149
40.58927
42.83121
42.04299
43.8352
42.52543
42.75475
41.8985
41.16927
41.27441
44.23186
44.93666
45.35141
46.40132
46.78335
45.6627
46.36028
45.22619
46.0098
46.58788
47.56032
49.7687
49.98863
52.81789
55.96119
54.72664
54.19962
53.97084
54.04533
54.35516
51.64034
51.26033
49.09341
51.84316
51.23368
53.83977
52.73704
52.69522
54.54729
55.94682
53.55166
53.68889
54.94322
56.17437
57.67246
57.2931
57.19954
57.15821
60.43808
62.91069
63.51881
62.70094
62.87908
63.17338
62.65596
59.33655
61.33099
58.42345
57.90813
59.17688
60.31542
60.20904
60.56021
59.44579
60.20363
59.36752
59.74291
60.97456
60.75768
59.22677
59.21816
58.3536
60.25589
57.23978
57.20303
56.69821
55.5347
54.44574
56.16003
57.71473
54.64226
54.06914
52.7555
53.89649
51.35897
53.25596
53.77476
54.34348
52.84341
52.95397
50.01302
50.75318
51.12475
52.61053
54.10523
55.49212
56.50534
57.89148
60.81064
58.03455
56.44568
55.36594
55.30636
54.3603
55.2738
55.19012
56.76411
58.16321
57.81288
59.69519
59.29923
59.81233
59.6186
59.94138
59.13442
57.4967
58.26324
62.44692
62.39134
61.16044
61.86425
62.93203
64.43698
62.62898
65.14056
66.71676
65.05652
63.48489
61.55968
59.79414
59.38076
57.87602
55.27697
54.10921
52.95423
53.18179
50.12547
51.96866
52.56556
50.64002
50.90681
54.82735
53.84655
52.16569
52.46791
51.13125
51.703
50.957
51.96646
51.16232
51.70833
49.20914
52.1862
52.0552
54.38231
51.22233
49.07354
48.06379
49.83599
49.71237
50.8798
50.3069
51.09904
50.27186
51.26585
49.43013
49.40933
50.64019
48.6455
47.33977
47.13581
46.04892
46.60258
45.55303
47.13699
47.13012
48.13452
48.31406
49.12396
50.13194
51.26804
51.34555
51.61588
50.97828
50.58098
50.21994
49.99199
48.21529
47.64865
48.21889
48.67227
48.38857
46.33898
45.29117
44.43698
44.5186
43.90531
44.21629
42.17841
41.56988
40.88267
42.2904
44.70212
44.04536
43.24407
43.7833
42.50287
43.58108
42.48821
41.48558
42.72714
42.9612
43.13551
42.02963
43.01237
42.94499
43.03636
43.30659
43.63463
42.57745
43.44403
44.3893
45.55072
44.43924
42.88229
44.60004
45.91816
44.13525
42.48892
42.72033
44.53661
46.99292
46.44747
43.95299
44.7775
44.49228
45.14288
45.72084
48.01503
49.62082
50.08791
50.21708
49.82751
53.33838
53.44986
53.46386
53.43566
52.41564
52.39323
52.93431
53.20579
52.54671
52.49954
51.8103
49.65708
50.16945
48.11471
48.34384
47.32576
46.81735
47.24242
49.2022
51.61419
52.472
52.22578
51.40005
48.92716
48.85161
48.68574
48.9562
49.58818
50.85243
50.4734
50.01601
50.23273
48.75714
49.79123
50.00607
51.21171
50.72164
52.43133
53.55058
54.96874
54.68437
54.9857
52.74213
54.21669
53.84007
52.98346
54.22322
55.76762
53.16849
55.11871
55.58699
55.10358
54.51675
56.74966
58.30011
60.21591
61.58664
61.53092
61.35803
60.86241
59.4283
58.75914
58.95932
59.10621
58.21895
57.13369
57.64694
55.44115
55.90595
55.34258
55.83014
58.52298
55.58153
55.75153
55.52721
54.77294
53.78599
53.8276
52.20681
50.97165
52.25115
53.39711
54.06758
53.70804
55.13309
56.61441
54.04656
56.49477
53.98071
53.91928
52.91346
51.46985
52.02669
49.66263
50.88699
50.19235
50.85859
49.81779
50.00975
50.58909
51.82987
50.00835
50.5734
50.93378
49.76408
50.16963
50.58785
51.86723
51.3209
52.24762
52.91792
52.8814
55.04938
55.09337
54.75423
55.90875
55.42777
55.77771
54.36497
56.91515
57.66003
56.778
59.5671
61.79726
62.43412
62.79398
62.77846
61.27494
62.21225
61.30874
63.12186
67.53467
66.37862
67.67708
68.86223
70.6742
67.12624
68.67215
67.3274
65.84504
65.44974
63.31065
61.31394
63.06777
61.98186
62.26104
61.82004
62.46543
65.51113
64.10498
64.56736
66.07668
64.1171
61.76699
59.74925
61.1997
62.7381
64.3612
64.85467
68.66361
66.55459
68.52555
67.68294
67.32454
65.9573
62.88703
63.61958
63.69539
60.9744
61.64895
63.80884
63.72376
63.26435
60.53235
60.44659
59.46324
58.19683
61.70702
60.31253
60.33832
60.02539
57.84093
55.97131
56.83662
55.85783
58.58948
57.31017
56.13085
54.98754
55.1668
59.33992
58.22887
59.6699
59.49979
60.44084
60.33671
60.97029
62.51202
58.66538
59.4194
59.26679
57.85258
55.13178
52.64502
52.46604
50.6875
49.22225
51.36601
50.67913
51.33945
53.08153
55.18188
56.19188
55.47135
53.67276
54.19765
56.53801
55.31949
56.16836
56.81042
55.50344
57.35144
55.62116
56.8288
55.67324
58.58891
60.67484
59.74198
59.50105
60.72674
58.81288
57.20308
55.23144
56.53698
55.83356
55.72881
56.44449
60.37566
61.09093
62.02841
63.89924
65.81044
66.95308
64.27632
63.19299
62.614
58.72001
58.62811
57.81874
57.57832
56.03432
54.10153
52.72042
51.02826
52.23256
53.45579
55.57019
54.8346
55.95814
57.28511
55.05574
55.65715
59.05007
60.2069
61.029
61.13954
62.92795
64.95677
63.29751
62.10323
63.00545
61.85127
62.77922
64.24642
60.64331
64.65661
65.06473
63.2118
61.51336
60.7612
62.9605
60.09344
62.11558
61.15168
59.13225
58.114
57.96045
58.10252
60.66753
59.94156
58.92555
60.06368
58.88701
59.06675
58.57584
58.31801
58.47074
57.74927
57.29618
59.89269
58.9708
59.67951
60.01856
60.68153
57.38121
56.21619
55.40004
57.80034
57.26709
58.15277
56.90637
60.02448
64.06076
64.90638
65.92851
65.52018
63.45166
63.65052
63.96499
62.39337
59.91934
60.56314
60.64532
64.56771
66.0991
67.01918
66.94474
68.09668
67.63208
69.49035
70.78375
70.62724
68.65715
71.35803
70.33275
71.41761
71.32169
69.47989
68.79671
69.06353
69.24413
67.75396
67.6297
67.06381
69.17141
63.99912
62.24951
60.35783
61.60546
59.14666
61.24959
60.90774
59.34873
57.64649
56.63061
57.20245
56.20556
54.48247
54.42998
54.75203
55.40768
52.86661
52.25886
50.10992
50.17306
48.96299
50.2103
48.6741
48.28021
48.4819
46.377
46.55777
46.99403
46.85292
46.28282
44.90475
45.74531
46.70864
48.15085
47.1252
46.15258
46.28346
45.15213
46.21873
45.85994
44.52613
46.16326
46.57852
47.54857
46.07814
43.44671
43.12447
45.98477
45.01288
45.5049
46.96122
45.57751
45.98919
47.53248
49.35428
49.12425
51.85178
52.40292
53.77237
53.04675
53.64507
56.21951
54.31569
54.8645
54.81249
52.85535
51.02791
51.44802
53.50707
55.39411
54.47852
51.81956
49.92993
49.66305
52.98147
52.17188
51.68786
52.19076
53.25014
53.91034
53.83388
56.83752
56.57948
59.14634
57.94439
58.33993
57.09647
57.52977
57.15633
58.69564
57.59026
59.45471
60.79692
61.38558
57.62782
58.0392
55.60498
55.8529
57.56495
55.99613
56.01736
54.87764
56.05199
55.58801
57.71201
56.66752
55.66421
56.86641
53.31451
52.22396
50.60289
50.60137
51.18601
49.96795
47.67291
49.76038
47.62865
49.50007
51.17708
52.25686
49.08603
50.69858
50.90177
51.95902
49.09054
50.62981
47.25499
48.98789
47.51848
45.25901
46.94078
47.41269
47.7911
47.10708
46.68588
46.88128
47.27314
49.04208
48.48504
50.57913
52.23471
51.76161
51.3435
52.42562
52.137
51.24366
51.84617
51.41225
53.13902
51.82555
51.76026
53.49617
52.66107
54.0159
52.14703
48.72381
49.75974
50.06539
46.58208
47.14005
45.43379
44.88955
42.47264
42.16303
41.1254
43.16407
42.27928
42.63438
42.81021
44.55061
44.76971
43.77999
44.09142
43.02263
44.70654
46.93153
44.67086
43.78795
44.95209
44.17487
44.7059
44.26323
45.35334
45.20622
45.5215
45.21622
44.85224
45.54948
46.44441
46.05103
48.48026
47.81875
48.77687
48.32005
48.25612
49.05396
48.86906
48.59538
49.45505
48.59077
49.98068
50.95314
51.47655
49.55503
50.88478
50.17188
49.4802
48.83615
47.56711
48.02176
46.58317
44.26892
45.84891
46.05826
46.0768
45.50667
48.74385
50.25082
49.44947
48.03841
49.18227
51.43255
50.4564
49.86443
50.16759
48.40039
48.56364
50.30898
52.13357
51.96437
49.32153
47.13382
48.47668
48.95023
49.24943
50.79934
51.80791
52.40133
50.68922
51.49012
51.56819
51.55945
51.79783
50.70137
51.19077
52.31828
52.66666
54.7267
55.93198
55.32996
55.85783
56.0308
54.49052
52.75791
52.8759
51.62147
49.89581
48.20706
47.4839
46.62999
45.6866
46.8895
46.58328
46.90131
49.99564
49.50771
46.05774
45.18994
45.98912
47.40222
48.87328
49.82427
47.39491
46.6317
45.45683
45.08771
46.39852
46.13428
46.59997
48.03792
48.24535
46.52429
45.48333
45.96137
45.04908
46.82337
45.5875
47.71263
47.85998
49.89132
49.42484
49.34185
48.78697
47.43879
46.82591
46.07321
48.49401
50.84663
50.45874
50.69319
49.06248
50.14167
49.53588
50.00889
48.40905
47.94002
48.73517
48.25985
47.33189
49.95146
48.15594
50.45685
49.89846
49.44213
49.10637
49.88996
50.22497
50.90517
49.37676
47.99354
48.10077
45.70486
46.87102
47.266
46.87334
46.33728
46.54844
47.91808
46.26722
46.08316
44.9156
44.42379
42.58163
42.89337
43.35842
44.42868
46.8951
46.14155
45.41248
48.17469
48.70336
48.62663
47.31938
48.4538
46.42405
47.69572
47.47451
49.45017
50.26279
51.18749
51.70672
51.02503
49.40207
50.10364
49.20356
50.2447
48.56003
46.46649
46.82739
47.79949
48.16569
46.09169
45.83822
44.88844
44.40851
44.6884
45.76247
47.49998
47.15358
47.97789
46.66901
45.99995
45.93683
45.95329
43.85909
43.86111
45.71075
46.33432
49.36516
51.65796
52.80888
52.21424
53.82422
53.75006
53.84704
0
0
0
0
0
0
0
0
0
0
0
0
0
0
0
0
0
0
0
0
0
0
0
0
0
0
0
0
0
0
0
0
0
0
0
0
0
0
0
0
0
0
0
0
0
0
0
0
0
0
0
0
0
0
0
0
0
0
0
0
0
0
0
0
0
0
0
0
0
0
0
0
0
0
0
0
0
0
0
0
0
0
0
0
0
0
0
0
0
0
0
0
0
0
0
0
0
0
0
0
0
0
0
0
0
0
0
0
0
0
0
0
0
0
0
0
0
0
0
0
0
0
0
0
0
0
0
0
0
0
0
0
0
0
0
0
0
0
0
0
0
0
0
0
0
0
0
0
0
0
0
0
0
0
0
0
0
0
0
0
0
0
0
0
0
0
0
0
0
0
0
0
0
0
0
0
0
0
0
0
0
0
0
0
0
0
0
0
0
0
0
0
0
0
0
0
0
0
0
0
0
0
0
0
0
0
0
0
0
0
0
0
0
0
0
0
0
0
0
0
0
0
0
0
0
0
0
0
0
0
0
0
0
0
0
0
0
0
0
0
0
0
0
0
0
0
0
0
0
0
0
0
0
0
0
0
0
0
0
0
0
0
0
0
0
0
0
0
0
0
0
0
0
0
0
0
0
0
0
0
0
0
0
0
0
0
0
0
0
0
0
0
0
0
0
0
0
0
0
0
0
0
0
0
0
0
0
0
0
0
0
0
0
0
0
0
0
0
0
0
0
0
0
0
0
0
0
0
0
0
0
0
0
0
0
0
0
0
0
0
0
0
0
0
0
0
0
0
0
0
0
0
0
0
0
0
0
0
0
0
0
0
0
0
0
0
0
0
0
0
0
0
0
0
0
0
0
0
0
0
0
0
0
0
0
0
0
0
0
0
0
0
0
0
0
0
0
0
0
0
0
0
0
0
0
0
0
0
0
0
0
0
0
0
0
0
0
0
0
0
0
0
0
0
0
0
0
0
0
0
0
0
0
0
0
0
0
0
0
0
0
0
0
0
0
0
0
0
0
0
0
0
0
0
0
0
0
0
0
0
0
0
0
0
0
0
0
0
0
0
0
0
0
0
0
0
0
0
0
0
0
0
0
0
0
0
0
0
0
0
0
0
0
0
0
0
0
0
0
0
0
0
0
0
0
0
0
0
0
0
0
0
0
0
0
0
0
0
0
0
0
0
0
0
0
0
0
0
0
0
0
0
0
0
0
0
0
0
0
0
0
0
0
0
0
0
0
0
0
0
0
0
0
0
0
0
0
0
0
0
0
0
0
0
0
0
0
0
0
0
0
0
0
0
0
0
0
0
0
0
0
0
0
0
0
0
0
0
0
0
0
0
0
0
0
0
0
0
0
0
0
0
0
0
0
0
0
0
0
0
0
0
0
0
0
0
0
0
0
0
0
0
0
0
0
0
0
0
0
0
0
0
0
0
0
0
0
0
0
0
0
0
0
0
0
0
0
0
0
0
0
0
0
0
0
0
0
0
0
0
0
0
0
0
0
0
0
0
0
0
0
0
0
0
