3.425355
3.058353
2.625936
2.548795
2.316091
2.284504
2.284065
2.284153
2.464567
2.560019
2.793389
2.765806
2.751001
2.573471
2.91911
2.965324
2.608049
2.122114
2.060268
1.999293
1.991207
1.961786
2.002438
1.989012
1.849302
1.745829
1.95643
1.982145
2.123706
2.441402
2.534097
2.609196
2.470571
2.83262
3.155475
3.116732
3.438897
3.559289
3.252825
3.364268
3.075468
3.158113
3.11286
3.116013
3.377179
3.651931
3.829006
3.803157
3.738274
3.563259
3.491656
3.0936
3.402358
2.99262
2.723374
2.552392
2.337068
2.687451
2.473165
2.485672
2.735646
3.098195
2.88336
2.842713
3.396681
3.360591
2.902705
2.534744
2.294955
2.337448
2.689645
2.802702
3.077653
2.675485
3.152332
2.705222
2.867373
3.061668
2.589824
2.762358
2.725908
2.882351
2.752535
2.775337
2.4445
2.222617
2.405108
2.452027
2.313535
2.102182
2.380498
2.340883
2.653482
2.757115
2.674557
2.45292
2.663897
2.828182
2.713249
2.955196
3.200391
3.609821
3.794368
3.925161
4.154978
4.56687
4.508548
4.171263
4.612709
4.764295
4.544358
4.63963
4.97432
4.904854
5.40725
6.261964
6.765919
5.47962
5.788267
4.803719
5.289714
5.03526
4.828036
4.792083
5.145578
5.864029
6.095467
6.065677
6.051378
5.1201
5.004352
5.403905
5.249749
4.949042
5.032299
5.226744
5.257666
4.900232
5.122078
4.926545
5.6853
5.388914
5.603924
5.424413
5.457707
5.52001
5.869435
5.718103
6.090656
5.337054
5.20956
5.599142
5.522191
6.018081
6.07303
5.685033
5.32711
4.582473
4.832792
4.711133
4.277092
5.005387
5.106658
5.975208
6.029199
5.973619
5.841146
5.559304
6.518947
6.108181
6.768952
5.995369
6.851929
6.833336
6.592226
7.193492
6.523038
6.379406
6.186215
6.323004
5.999382
6.201718
5.602216
5.618683
5.322155
5.191482
4.913863
4.743909
4.437449
4.371258
4.339808
4.930798
5.068548
4.979051
5.848654
6.058075
5.855871
5.770961
6.143341
6.458096
5.322415
5.682828
5.727504
5.973455
5.840347
6.089369
6.078452
6.511989
5.92771
6.461154
6.916108
7.168057
7.273917
7.395213
7.311317
6.780486
6.951263
6.869001
6.878243
6.414825
6.763303
6.422091
5.747927
5.598802
5.400835
6.307526
6.555072
6.013028
6.098
6.130853
5.7814
5.872915
5.044895
5.373164
6.266906
6.273256
6.176177
6.815168
7.426991
7.268465
7.220567
7.015667
7.04303
6.300639
6.840274
7.571792
7.514982
7.523706
8.341402
8.062169
7.915431
8.480367
8.299854
8.136203
7.544425
7.982288
8.439571
8.315872
8.434056
7.17246
8.728092
8.10389
7.797632
6.890666
7.626158
7.354244
7.398125
7.507256
8.046567
8.044918
7.629939
8.132954
7.541127
8.295783
7.178085
7.545835
7.030654
7.064302
6.619884
5.861039
5.646331
5.339346
5.152228
5.138987
5.25351
5.530007
5.26627
5.57254
5.689612
5.166221
5.301809
5.124585
5.799634
6.359357
5.365436
6.026074
5.461173
5.676762
5.504704
5.633503
4.806281
5.280668
6.07963
6.107167
6.164476
6.552479
6.485146
6.628833
5.831302
5.61769
5.229552
5.109097
4.820302
5.206757
5.233047
5.023705
4.825063
3.869551
3.846662
3.932601
4.736144
4.633757
4.606565
4.75528
4.922852
4.276842
3.704458
3.523404
3.604397
3.649754
3.980658
4.072222
4.049434
4.067904
4.381943
4.049782
4.183209
4.351021
3.949338
3.665933
3.736798
3.903626
3.988083
4.216851
4.447526
4.177149
4.120297
4.349252
4.39956
4.810519
4.41378
4.902321
5.067815
5.260176
5.280961
5.240632
5.968273
5.699025
5.70934
5.930991
6.32906
7.445166
6.508141
6.188299
6.103053
6.51076
6.071194
5.600114
6.456115
5.872217
6.587393
6.297175
6.130325
5.374887
4.835107
5.092136
5.147615
4.951372
4.622802
4.684267
4.524785
5.032575
5.361525
5.13553
5.435787
5.280814
6.052241
6.473471
5.974896
6.203698
5.54531
5.707387
5.100576
4.683428
5.112053
4.720657
4.532356
4.769452
4.837504
5.211566
5.134112
5.131862
4.9876
4.703198
5.14484
5.010025
4.974038
4.86531
4.742963
4.538938
4.448822
4.137416
3.838621
3.553878
3.47186
4.343529
4.869235
4.742129
4.603735
5.019089
4.756148
5.433844
5.299832
5.538568
5.386519
5.225092
5.978303
5.937416
5.790819
5.317718
6.466114
6.338867
5.798093
5.093494
4.796655
4.691653
5.572851
5.607506
5.334435
4.543565
4.350083
4.060147
4.118255
4.109561
4.404767
4.116565
4.034358
4.051876
4.13933
5.052878
5.042441
4.77525
5.26519
4.999776
5.411006
5.329597
5.355015
5.345828
6.332672
6.432118
5.758149
5.555849
5.45221
5.848746
5.707277
5.916472
5.662845
5.739467
5.117382
5.552132
5.961476
4.894531
5.140531
5.878202
5.854669
4.799119
5.088622
4.730386
5.761686
4.887807
5.537177
5.553447
5.26197
4.895524
4.733662
4.73299
4.525901
4.802146
4.692763
5.09237
5.158867
5.711304
5.429065
5.695324
5.916573
6.811758
7.003601
7.300573
7.142603
6.971631
6.987448
7.275079
5.804136
5.611608
5.177396
5.352919
4.548859
5.143441
5.708178
5.556261
6.198362
5.594192
5.817358
5.232984
5.009555
5.389684
5.293699
4.835043
5.289435
5.46948
5.939793
5.968568
6.058052
5.995939
5.854907
5.566474
5.070998
5.916454
6.378927
6.398768
6.310257
6.741181
7.102569
7.180172
6.922701
6.212615
5.566718
5.895664
6.281174
6.53259
7.185794
6.399407
6.769098
8.345199
9.3349
8.656046
8.586965
7.476406
6.911872
7.667114
7.774581
7.221886
7.266739
8.01688
6.921945
7.431193
7.735492
7.159397
6.813568
6.169175
6.023398
6.508485
5.667377
5.76035
5.76105
6.514055
6.912221
6.433534
6.546991
7.659579
7.628104
7.838059
8.552432
9.059975
8.056516
8.527071
8.944196
8.831483
8.490397
9.151398
9.389546
9.087868
8.439768
8.304652
8.528832
8.894432
7.949651
7.455961
7.35026
7.591367
7.545637
7.557771
8.419092
7.951556
8.282435
7.396288
8.055949
7.466675
7.957621
8.861407
9.12539
10.12669
11.28687
10.45159
9.962655
9.091243
9.837456
10.69628
10.89149
10.1025
9.392383
9.392341
9.907294
9.346918
9.122294
9.047053
9.0309
7.997212
8.371639
8.366667
7.854169
8.001883
7.160754
6.081044
6.680168
6.934425
5.806781
5.337815
5.616205
6.056254
5.310593
5.874735
4.904817
4.899338
4.72166
4.526597
4.99964
5.801251
5.943453
6.024615
5.243033
5.831985
5.773486
5.672288
5.209111
4.301209
3.839467
4.237974
5.057094
6.194802
5.558307
5.897273
5.252459
6.158294
5.823194
6.318113
5.49
6.097211
5.844111
6.012862
5.590458
5.696699
5.475224
5.868388
5.982124
6.428397
6.178644
6.451438
6.108004
5.942426
5.941943
6.33998
5.873943
5.595536
5.021542
4.24012
3.844638
4.284733
4.290479
4.577595
5.28548
5.47105
5.07702
5.338891
5.146466
5.186323
6.048138
6.449539
6.226148
6.833256
7.300066
7.958605
8.051231
7.672455
7.513456
7.861662
7.344555
6.645465
7.3435
6.442056
6.010915
6.595783
6.601137
6.954394
6.895034
7.278833
7.323198
6.643017
7.096053
7.238464
7.373725
7.992827
7.709029
8.307901
7.973361
7.598014
7.919505
8.792888
9.259233
9.346873
8.10066
8.089805
7.617967
8.429776
7.335898
8.398531
9.455295
9.514444
9.525249
11.18336
11.55636
11.77935
10.64497
10.06321
11.00365
9.705603
9.085949
8.627549
9.101344
8.94791
9.282133
8.393737
9.753234
8.497314
9.224541
8.987969
8.618359
8.025338
7.917201
7.809517
7.101024
7.429965
7.829263
7.916013
7.800747
7.866209
7.59444
6.783307
6.71904
7.363443
7.611199
7.533015
8.415466
8.043094
7.400887
7.124398
8.134147
8.489928
8.413374
7.481093
8.9564
8.748141
9.253376
8.821211
9.001122
8.598271
8.1374
7.891897
7.79756
7.340287
6.811519
6.67431
6.797834
6.737155
6.927491
7.376981
7.95545
8.23478
8.231958
7.597352
8.664883
8.533023
7.729932
7.413876
7.134912
6.838608
7.524483
8.646658
8.937067
8.762767
8.196199
8.016224
7.493638
7.613964
9.123146
7.969143
8.098817
7.178965
6.7097
6.644805
7.510076
9.343885
9.340009
9.519109
9.981681
11.47073
10.87024
10.89921
11.23457
13.64872
13.24569
12.38136
12.38062
10.43897
10.92995
11.97119
11.54352
11.55411
10.71523
9.965138
9.222967
9.06279
8.915789
9.522439
9.874078
10.09932
10.26614
9.889398
9.737948
10.38771
9.595057
9.584355
9.314258
9.101324
10.02175
10.31327
11.63762
10.79643
11.46397
10.24374
10.97489
11.3748
10.98956
11.41581
11.56142
10.34514
10.34024
9.437936
9.487293
9.8615
9.929209
10.04443
9.199609
10.28406
9.398656
9.123222
8.606838
8.839849
8.069941
7.373518
6.312306
5.764065
5.620032
5.897689
5.818669
6.325433
6.23759
6.830307
7.217077
8.032784
8.524713
8.769281
8.506744
9.30131
9.320326
8.767965
8.828344
8.073313
8.342924
8.186402
7.550176
7.215645
7.102162
7.134101
7.19756
6.781341
7.717968
7.945298
7.019428
7.340499
7.790314
8.505903
9.918356
10.34004
9.214631
9.956398
10.30642
9.676875
9.698729
9.086564
8.298715
7.229511
7.377343
7.793531
8.269031
7.266165
6.501612
6.782303
6.91162
6.78939
6.283661
6.602388
7.339565
8.402619
7.895196
7.763233
8.050177
8.460657
8.119587
7.264307
7.763955
8.116498
7.999979
8.618061
8.952076
8.768033
8.898838
8.160294
8.351065
8.125069
8.239461
7.205779
7.316302
6.804765
6.52558
7.056368
8.372292
9.499381
8.829017
8.055082
8.462306
6.782922
6.564731
7.814563
8.539844
8.977503
8.044912
7.802217
9.106085
9.471561
10.03834
9.827451
9.252742
8.746816
7.807015
7.592691
6.894725
7.393964
7.013193
7.04916
7.757959
7.349715
6.544058
6.050491
5.633888
5.176955
4.777893
4.996742
4.762351
5.355108
5.257256
5.644765
6.022138
5.72911
5.753868
5.556124
5.681569
5.434334
4.682414
4.765642
4.240979
3.927535
4.344254
4.777385
4.421386
4.980722
4.852348
6.063173
5.771124
5.523775
4.798596
4.932584
4.814142
4.261888
4.361004
4.726633
5.174932
5.655632
6.072822
6.628343
6.65471
6.362418
5.961293
5.537656
5.76462
5.520521
5.635279
5.155716
6.206965
6.2776
6.869487
5.421142
6.397899
6.007581
6.247115
7.024739
6.520874
6.376771
6.637365
6.240531
5.850143
5.478912
5.807116
6.445317
6.910799
6.936217
6.484255
6.395242
6.245231
6.544393
6.373036
5.141426
5.069562
4.577651
4.937841
5.329618
5.147707
5.488329
4.86778
4.810792
4.754691
4.240107
5.082434
5.312715
5.252264
5.456726
5.444438
5.501426
5.192944
4.870529
4.643322
4.785903
4.923399
4.777189
5.095995
5.162153
5.603284
4.883362
4.423325
4.222094
3.937667
4.121004
3.237752
3.826977
4.206581
4.047177
3.99837
3.809794
3.783174
4.114197
4.132803
4.309775
4.446203
4.766593
5.170791
4.979767
4.851551
5.283149
5.855708
6.153525
6.628852
6.312731
6.454745
6.297936
5.925745
6.000616
6.333616
6.626069
5.718471
5.954242
5.544362
5.041326
4.775655
4.608013
5.143257
5.625117
6.322671
5.842491
6.745569
6.958135
7.033302
6.77044
6.520379
6.569816
6.84329
7.428295
6.862752
7.261282
7.89937
7.282811
8.547081
9.282063
9.237748
8.07111
9.160156
9.794411
9.141979
8.491926
7.374354
8.313832
7.912299
8.745399
9.253808
9.752
8.964803
8.60223
8.677482
8.668778
8.019448
8.092114
8.92202
9.411734
8.441929
7.682318
6.855348
7.023111
7.699273
8.105999
7.472145
6.457951
7.393306
7.211362
8.156407
8.111602
8.103825
7.092664
7.533367
7.434817
6.944201
7.02742
7.540719
7.859569
8.241446
8.384623
9.269747
9.659345
9.053702
9.550521
10.77642
11.28598
11.24169
11.61435
11.18894
10.16239
9.534903
10.47618
10.87314
10.76953
9.788373
10.27637
10.55299
11.65932
11.9027
11.73887
11.33258
11.20033
10.78665
11.87785
11.36449
11.39441
12.16481
10.66938
11.05793
10.36947
10.78925
10.19742
8.832438
9.49579
9.614187
7.637464
7.481093
7.419942
7.608024
8.327906
8.398682
8.150554
7.116455
7.856396
7.293609
8.187649
9.320797
9.107517
8.583362
8.776586
9.792575
10.76405
11.23831
11.0212
10.92717
11.43327
11.76029
11.54626
11.83891
11.4846
12.73702
11.77178
11.72652
10.80311
9.870239
9.446276
9.83863
9.825877
9.404581
10.74801
12.03247
10.89892
9.915651
10.11212
11.44656
9.83319
9.667541
9.580238
10.38242
9.969095
9.135443
9.805867
8.605611
8.913899
8.562691
9.708368
10.03182
9.37614
9.297241
9.388842
9.77924
10.28516
10.18029
10.33735
10.11748
9.938917
10.68325
9.264097
8.877072
8.519926
8.38121
8.757351
9.589299
9.504546
9.415455
8.79517
9.092389
9.005599
8.182691
7.698499
7.389203
7.609497
7.462882
7.574211
7.452228
7.497117
7.460214
8.10922
8.428527
8.088496
9.206215
9.0989
8.289919
7.367345
7.824064
7.041818
6.752897
6.629645
7.415828
6.772766
7.132073
6.912632
6.989752
7.250643
7.100061
7.002186
7.279686
6.536915
7.072158
6.740769
6.812702
6.393573
7.065544
8.368436
8.188409
8.221458
8.183352
7.936055
8.129873
9.323608
8.520521
9.170892
8.935214
9.462035
8.896674
8.919622
7.71421
7.848415
8.365443
8.343894
6.31892
5.882845
6.278635
5.601818
5.533317
6.474269
6.223179
6.89354
8.174526
8.046094
7.536842
7.099333
7.201594
7.209428
7.378494
6.913061
7.128228
6.447272
6.384599
6.609087
6.630596
6.954124
7.229879
6.514671
5.78791
5.774141
5.857516
5.820147
6.102924
6.51569
6.474128
7.299906
7.169066
7.71405
8.29884
7.132569
7.084341
8.001535
7.465966
7.670637
6.707869
6.170443
5.376493
5.892016
5.347231
4.909334
4.866849
5.489855
5.122728
5.567626
5.849207
4.843883
4.44911
5.366316
4.829479
5.450611
5.788302
5.901446
5.360619
5.802711
5.531467
5.93025
5.19136
5.031709
5.237432
5.752311
5.53394
5.259805
5.69456
6.32003
6.191359
6.904296
7.866762
7.715534
8.320537
8.336707
9.785656
9.802407
9.810495
9.017867
9.725573
8.211959
7.600072
7.212725
7.601076
7.968641
7.050945
7.425039
7.944087
7.355837
7.301561
7.198764
8.362151
7.102379
7.774081
6.537024
5.895364
6.238654
6.261227
6.19695
6.69124
7.660189
7.367688
6.320613
6.38625
7.129881
7.945339
8.277907
8.555711
7.876979
7.774545
8.146863
8.311507
8.355466
8.246623
8.43865
8.51116
8.088504
8.026019
8.198043
7.917628
7.985949
7.921459
8.153082
8.088461
8.764931
8.616723
8.668776
8.798999
8.939547
8.305891
8.608405
9.192714
9.408318
9.332969
8.672962
9.49243
9.646522
8.412487
7.649201
8.268875
8.431318
8.254455
7.415374
7.028064
7.536471
7.910657
7.78824
7.402864
7.022663
6.686197
6.727583
7.423488
7.054131
7.21826
7.022284
7.952878
7.399191
7.143661
6.643783
7.623825
7.953076
7.966973
7.921811
9.070488
9.667726
9.351682
9.137195
8.985417
7.193478
7.89335
8.492595
7.775757
7.791071
8.821586
8.60912
8.49266
7.3168
7.648752
8.950111
8.687888
8.64639
7.624926
6.861054
7.276032
7.892873
7.796294
8.530652
8.717545
8.32486
8.706391
7.866371
8.594665
8.216502
9.335003
8.740215
8.164133
8.619232
8.180253
8.944612
9.157805
8.897228
9.888462
9.529372
9.460652
7.894898
7.955772
9.070955
8.63178
8.709697
9.093761
8.474314
8.417321
8.630531
9.751322
10.21484
9.000427
9.843987
9.767771
8.942795
7.611197
7.106688
7.173469
7.247956
6.94204
6.66374
6.189303
5.722657
6.52172
6.823174
6.469684
6.952848
7.420039
8.598355
9.291986
8.953137
9.950948
9.24934
8.787103
8.45032
9.443933
8.890996
9.435369
8.754767
6.915372
7.515265
7.653657
7.087698
6.369682
6.321919
6.361453
6.206178
6.455049
6.2099
6.353228
6.280353
6.867553
5.84234
6.517526
6.320393
6.197675
5.931291
5.900541
5.573006
5.138918
4.531816
5.361672
5.802888
5.795463
5.817582
5.848415
5.824264
5.5631
6.026072
5.283428
5.847959
5.940445
6.28825
6.244704
6.276218
5.62856
5.449657
5.884632
6.625302
6.450706
6.926829
7.012625
7.093984
6.740249
7.37937
6.305339
7.196256
6.703042
5.784396
5.89046
6.443594
6.184022
5.965072
6.043745
6.645535
6.968382
7.263499
6.174431
6.37522
5.67095
6.017564
6.600225
6.853931
6.782322
6.289966
7.061637
7.559117
8.517163
8.214984
8.075364
8.325543
9.056208
8.041202
7.815727
7.990919
7.660318
6.981745
7.216033
6.974249
7.716007
8.01398
8.80043
7.814169
7.685657
6.77338
7.122403
7.416221
7.278601
7.946744
8.293267
7.906797
8.294984
7.733626
8.098487
7.768485
6.82397
7.225629
