8.106472
7.114657
7.023369
6.449699
5.346471
5.542192
6.009174
6.776406
6.208335
6.252078
6.320877
6.072946
5.962984
5.713022
4.862321
4.59603
4.295354
3.965984
3.910781
4.00369
3.805329
4.106423
4.22282
4.332881
4.224162
4.082048
4.28678
4.845466
4.990683
5.85431
5.227972
4.889971
5.070941
4.552629
4.554213
4.663249
4.354519
4.064194
3.729215
4.130199
4.229402
4.257683
4.171931
4.098338
4.188124
3.726723
4.004319
3.808818
4.146446
4.468293
4.314289
4.047054
4.278405
4.515246
4.426633
4.57215
5.076951
5.204065
4.997478
4.700989
4.679869
4.164924
4.133173
3.864441
4.074512
4.277217
4.142163
4.253685
4.839759
4.308773
5.076478
5.198849
5.474224
5.711103
6.382291
6.312177
6.587146
7.06883
7.121532
7.925699
8.624977
8.380267
8.225933
8.343977
8.024855
7.573914
7.732051
8.555808
8.244641
8.20825
8.036366
9.31595
9.53183
9.075098
8.667968
9.060357
7.984562
8.296321
7.83059
7.447882
8.392149
7.918459
7.453512
7.067835
7.263604
7.464115
7.079617
7.448496
6.845358
7.107951
6.755705
7.092276
7.304868
8.206159
7.847613
7.747051
6.998502
7.855666
8.11794
6.823427
7.359229
5.875706
5.184036
5.451082
5.88847
6.015483
6.079916
5.49485
5.827635
6.072871
5.481282
4.981906
5.102103
4.266271
4.427094
4.30432
4.256479
3.995202
3.647232
4.0067
4.500756
5.191299
4.725322
4.567146
4.454788
5.089348
5.635044
5.550304
5.797122
6.541901
6.601315
6.126817
5.810889
6.226669
6.588918
7.232917
7.024716
7.430438
7.947228
8.089765
8.448598
7.939426
6.611314
6.033067
5.850303
6.041552
6.014268
6.433721
5.324915
6.383967
6.581942
7.37035
8.815719
8.753826
9.23897
10.29751
9.00663
9.125925
9.173614
9.274658
7.912829
7.304446
6.145575
5.970988
5.556272
6.062396
5.396203
5.558788
6.069805
6.494277
6.117049
5.472687
5.620067
6.021002
5.880566
5.448301
4.786546
5.527713
5.362816
5.785507
5.900716
6.0506
7.064404
6.933423
7.149159
7.239846
6.889985
7.828637
7.404591
8.20015
7.558697
8.376655
8.531447
7.910897
7.58926
8.459831
7.961912
8.475631
9.115959
9.162406
8.21765
8.419407
7.915511
7.813641
8.02225
6.925051
6.992184
7.411582
7.604369
6.677732
6.821218
5.748443
5.551955
6.571645
6.096968
6.052676
5.281248
5.293513
5.347082
5.502108
5.46515
5.287953
6.302171
5.734043
5.89538
6.822343
6.341823
6.143247
5.759582
5.501294
5.394861
5.585001
5.23803
4.958435
4.664836
4.862817
4.763568
4.469485
4.515512
4.84212
5.174956
5.380325
5.919318
6.63037
6.453949
7.098687
7.739921
7.27753
7.882996
8.245268
8.89691
7.709752
7.172603
7.895249
7.941269
7.662826
7.11777
7.051844
5.853825
5.94348
5.579871
5.437822
5.999357
5.6379
6.518117
6.212905
5.62531
5.06278
5.345609
5.182338
4.776703
4.798394
5.211579
5.418349
5.070051
4.389892
4.178292
4.161531
4.456362
4.332269
4.17562
4.564297
4.667841
5.386817
5.593959
5.421158
5.35308
5.751232
5.081092
5.205374
5.120827
5.771965
5.052679
5.395671
5.800292
5.280244
5.46731
5.309703
5.549604
5.23753
4.791632
4.984296
5.32698
4.465272
4.137855
3.919058
3.594487
3.37015
3.389601
3.209578
3.288991
3.812175
4.034649
4.294639
4.250866
4.628594
4.180509
3.673362
3.95974
3.771348
4.133992
4.436965
5.20545
5.457482
5.432897
5.512419
5.5999
6.035813
5.597786
6.1455
5.500417
5.327326
5.399081
5.520051
5.911436
5.937325
5.691954
5.929534
5.411582
6.128874
6.151845
7.009196
7.559139
7.021007
6.842028
7.098839
6.550083
6.398966
7.0695
6.731094
6.051711
5.449689
5.885931
6.103305
5.324639
5.176652
5.292331
5.119568
5.153795
4.797237
4.850598
5.189568
5.180487
4.703984
4.621737
4.496077
4.276954
4.354889
4.596135
5.450252
5.543864
5.236641
5.551836
5.704473
5.589069
5.158716
5.415346
5.933785
6.561262
6.47238
7.690718
7.041844
7.780427
8.016717
8.460745
8.114849
7.010674
7.52863
8.789865
8.148291
7.039296
6.232177
6.415933
6.074022
7.411578
7.726586
7.098283
6.883024
7.667916
8.192988
7.624546
8.093027
8.125238
7.092218
7.227732
7.164901
7.110957
8.05116
8.31848
8.046936
7.461997
7.320288
6.915565
7.682047
7.287098
7.982323
9.241435
8.130052
7.717279
9.53273
9.204886
9.483474
8.742458
9.146422
9.44895
9.086892
8.87798
9.38131
9.572572
9.454609
8.996797
9.836306
9.364661
8.491201
9.593664
9.459403
8.821833
8.050515
8.555626
9.720953
10.93778
10.09163
9.446198
9.781178
10.37315
9.821318
9.472173
9.462181
9.547598
9.888163
10.25743
10.24744
9.472429
9.056155
8.50156
8.937672
8.657672
8.194026
8.585342
8.421171
7.856134
7.945823
8.377753
8.30294
9.161788
9.655018
10.34808
10.53584
8.205467
6.954234
6.869123
6.809672
6.791719
6.985798
6.896292
7.233922
5.808406
6.348308
6.960478
6.081674
5.290841
5.605144
5.955968
6.070478
5.521952
5.815432
5.269771
5.539932
4.971669
5.021808
5.555221
5.53328
5.598183
5.569614
5.701187
5.781024
6.277368
6.664573
7.492698
7.87657
7.303186
7.10612
6.860146
7.056211
6.535324
6.24248
5.380737
5.666034
5.48347
5.228448
5.045747
5.039577
4.990535
5.491287
5.650362
5.337338
5.093594
4.804238
5.282666
4.91592
4.844441
5.203247
5.666093
5.996143
7.035121
7.252627
7.884476
7.313634
8.044405
8.473997
7.897395
8.14265
8.322076
7.865129
6.86282
6.603743
6.407667
7.358356
7.569204
7.361798
6.63893
7.32575
6.926926
6.6802
6.953685
7.252603
6.947975
6.115415
7.04343
7.485222
7.818706
6.727937
6.511485
6.645474
6.421143
6.945713
6.165094
6.438143
5.982098
5.24385
5.3428
5.296266
5.082087
5.257508
5.650226
5.137715
5.037734
6.839548
6.852487
6.368868
5.687356
5.586342
5.001215
5.065783
5.002989
4.77518
4.692558
4.235047
3.876152
3.604133
3.639511
3.808999
3.206775
3.576826
3.847634
3.888561
4.144849
3.659598
3.262545
3.664709
3.526193
4.108643
3.8645
3.952134
4.051615
3.968736
4.061648
4.435917
4.275725
3.926166
3.976992
3.6796
3.759544
3.990192
4.157666
4.022327
4.433425
4.988386
4.916868
4.886389
4.579982
4.699376
4.400507
4.413467
4.016099
3.861797
4.059352
4.462078
4.338712
4.368035
4.7278
4.677516
4.829044
4.369781
4.854951
5.006057
6.198492
6.338386
6.84163
6.646196
6.140462
6.750673
6.643067
5.961375
5.576963
5.080567
5.277118
4.835916
5.69111
5.320882
4.652139
4.087758
4.270324
4.877353
4.933935
4.802767
4.862113
4.36437
4.967205
5.068221
4.843595
4.249766
4.023132
3.581328
3.735367
4.618147
4.383103
4.988038
5.132695
5.501634
5.763302
5.795544
5.82874
5.44594
4.94692
4.719412
4.862997
4.425156
4.778777
4.366921
4.768859
5.369171
5.782242
6.289385
6.239743
5.954057
6.004873
6.541168
6.502522
6.423272
7.33969
6.768978
7.008167
7.565101
6.792333
6.874147
6.968399
6.244434
5.961947
5.71364
6.328126
5.944135
5.495641
5.755893
5.292352
5.512452
6.876321
7.376689
7.208927
7.162483
8.837804
8.217996
7.88932
7.545057
8.298344
8.508212
7.816585
8.015494
7.360948
7.583173
7.708404
7.935159
7.830688
8.291391
8.263832
9.037318
9.433284
9.03792
8.649931
8.739554
8.450902
10.02204
9.805033
11.40158
9.268701
9.761051
9.492444
8.966831
8.915835
8.913219
8.911888
7.905873
8.65006
9.105939
9.104293
8.204307
8.323422
7.023871
6.150791
6.165421
5.369529
5.283384
6.249464
6.302973
5.633459
6.498495
6.301144
7.366906
7.570404
7.076129
6.987427
6.664287
6.480256
7.266692
6.749885
7.243501
7.448943
5.860531
5.353231
5.356831
6.134504
5.68614
5.107795
5.269961
5.422623
6.258928
5.960606
6.294529
5.908299
5.618499
5.640683
5.578521
6.387516
7.060895
6.209777
6.201776
5.537689
5.17746
5.654719
6.108554
6.235338
5.94064
5.75522
5.512466
6.475433
6.364108
6.245156
5.72949
5.535862
5.262224
5.376121
5.494356
5.863162
5.636974
5.194443
5.729846
5.191508
4.817947
4.827224
5.077915
5.572295
5.476115
4.065172
4.056546
4.747317
4.624876
4.823188
4.308625
4.276298
3.893544
3.819033
3.883676
4.257867
4.158874
3.228102
3.352132
3.818258
3.823115
3.882061
3.787067
4.215571
4.208392
4.426994
4.48287
4.799388
3.976855
4.140465
4.578769
4.521356
4.467291
4.311018
3.46127
3.594527
3.602062
3.737415
3.835227
4.43274
4.35397
5.559499
4.96361
5.010837
5.420404
5.058821
5.620221
5.645715
6.101855
6.052723
6.614285
5.988235
6.683512
7.161844
7.63276
6.595475
6.15441
6.093513
5.589237
5.216305
4.695254
4.306545
4.703111
4.80695
4.25343
4.131766
4.179697
3.617985
3.363811
3.116521
3.392482
4.338515
4.002422
3.554796
3.238404
3.374335
3.242455
3.159641
3.985736
4.12796
4.494022
5.08687
4.960029
5.319706
5.824119
5.331819
5.746911
4.949158
5.273302
4.751723
4.847569
5.092196
5.062569
4.504178
4.462973
4.466122
4.886355
5.366878
5.159387
5.504726
5.756471
5.713762
5.344203
5.518331
6.027542
6.258084
5.153359
5.608319
5.946427
5.175182
5.588994
5.530662
5.872563
5.977474
6.277093
7.03658
6.291942
6.267216
5.976561
6.458578
6.605961
7.543092
7.929034
7.498646
8.246708
7.894645
8.25904
7.72594
8.242959
8.646698
8.460943
7.432651
7.630871
7.136673
6.980161
6.950441
6.885735
7.275774
7.091001
6.180883
5.445493
6.154526
5.412713
4.822749
5.427117
6.023528
5.438167
4.963421
4.620186
4.867656
4.916365
5.043674
5.121958
5.140852
5.239572
4.8725
4.495071
4.972939
5.37827
5.71304
5.755138
5.353015
4.962781
5.524234
5.740432
4.971486
4.317883
4.315186
4.182598
4.27635
4.353313
4.28162
4.425935
4.896514
5.43156
5.491385
4.917255
4.68153
4.552312
4.285681
5.076894
4.519563
4.748592
4.109025
3.797064
3.8228
3.925866
4.034828
4.462231
4.700603
4.725499
4.688049
4.69784
4.302941
4.381028
4.334619
5.029454
4.243758
4.661975
4.827164
6.155781
6.133537
6.51691
5.849745
5.602276
5.774774
6.028349
6.111982
6.311415
7.147795
7.479118
7.781509
6.368522
5.894287
6.809757
6.460555
6.529573
6.210307
6.329235
6.035725
5.701972
6.090597
6.17769
6.059477
5.927184
6.288789
5.974182
5.839858
6.078688
6.166667
6.705017
7.082912
7.079913
7.513606
7.781589
7.513378
8.338277
8.452637
9.111017
8.707635
7.665971
7.469002
6.432685
6.56522
7.246263
7.369942
7.168891
6.267495
6.863535
8.140772
7.867441
7.911362
7.503619
7.853268
8.296088
8.793065
9.831996
10.61971
9.587684
9.646433
10.56692
10.35152
10.10834
8.591238
8.944286
8.829501
8.31114
8.141871
8.631381
8.393083
7.418621
7.389591
8.227392
7.997217
7.186113
6.750147
7.566579
7.752926
9.047839
8.671375
8.166487
7.885563
7.274705
6.304153
6.210493
6.709746
6.431417
6.558669
6.172745
5.892618
6.747735
6.966461
6.979262
7.235699
7.294031
8.689413
9.596442
9.807207
9.971743
9.062476
9.749206
10.59003
10.7559
10.17059
10.06351
9.673824
9.57329
10.57953
9.108264
9.26996
9.303155
9.973401
9.065314
9.137382
9.135508
9.39234
9.351544
9.063317
8.809478
8.32479
8.585975
9.00739
9.731229
10.85777
10.86729
11.97638
13.12798
14.23374
14.69168
14.71442
13.74983
12.68957
13.31333
14.82504
14.50619
15.36249
13.53106
13.10091
12.7613
13.57736
12.55799
13.62041
14.18309
14.28074
13.1696
12.31065
11.65608
10.87575
11.48351
11.05533
10.06039
9.483939
9.556293
10.03661
9.791959
9.193709
9.835372
10.05369
9.713493
8.39666
9.001765
8.777586
10.30343
11.11917
11.75777
12.27979
11.12523
10.5321
8.875046
9.202407
9.764472
9.710527
9.144587
8.837378
8.29793
8.474389
9.275611
9.032528
8.912938
8.227641
8.435733
8.219928
8.51671
9.640354
9.911338
10.95857
9.931825
8.873469
9.181853
9.796751
8.882247
9.792613
9.582343
10.2734
9.631112
9.107332
8.629979
7.520135
8.378592
8.976331
7.664963
8.013155
8.386641
8.554949
7.269952
7.757683
8.912419
9.987051
8.821692
8.774491
8.729433
10.45297
11.19277
10.91422
9.346822
8.480342
8.373712
8.01741
7.470992
6.976949
6.635266
7.341862
7.180927
7.363922
6.814391
6.33443
7.63506
8.601045
7.651493
7.492651
8.414757
7.608609
7.901629
8.079907
8.510025
7.718455
7.144575
6.959816
7.275676
6.854375
6.331163
5.541097
5.920852
6.234578
5.389367
4.907412
4.977305
4.999324
4.780198
4.55788
4.422988
4.5861
4.260393
4.49006
4.790528
5.645137
6.474136
5.582589
5.5072
5.47036
5.838249
5.184752
5.769174
4.980962
5.151412
6.25748
6.120089
6.85861
6.218018
6.902688
7.27789
7.538789
6.930608
7.570179
7.038623
7.015951
7.526753
7.130578
6.39254
6.711858
7.266721
7.814033
8.446729
9.470199
9.370841
8.000825
7.242569
7.328178
6.434257
7.273582
6.160594
6.906578
7.020207
7.305987
6.581959
6.465021
7.329307
7.118229
7.148419
6.433337
5.934592
6.134298
5.563955
5.009943
4.557503
5.045052
5.679149
5.755235
5.599059
5.023208
4.704551
5.019732
4.82427
4.978013
5.740601
5.147413
5.32957
5.04896
4.921148
4.594671
5.168778
4.936336
4.730714
4.911312
5.992254
6.615621
7.19581
7.201129
8.337109
8.677557
7.744633
7.826791
7.486773
7.773136
7.407081
6.276332
5.443838
5.43149
5.539702
5.685693
5.999622
4.436586
5.151375
4.89062
4.726213
4.230834
4.200976
3.787621
4.156637
4.198553
4.818735
4.822834
4.35403
4.525921
4.698081
4.901172
4.358665
4.374206
4.321871
4.366488
4.533162
4.34163
4.275388
4.363957
4.348147
4.623238
4.820035
4.570916
4.629389
4.148453
3.982394
4.424699
4.714063
5.281968
5.501606
4.784444
4.130328
4.913964
4.39358
4.729118
5.0131
5.105829
5.891589
6.426276
6.063636
7.05253
7.978786
7.224322
6.687912
7.051421
6.484496
6.758744
6.731116
7.826042
8.462504
8.578679
8.23334
8.349741
7.641136
7.767717
7.501871
7.099374
6.487451
6.068737
6.360544
6.337329
7.399204
7.642717
7.607987
8.221527
8.617851
9.042673
8.793159
8.87351
9.150173
8.973281
9.118978
9.235023
8.722222
9.463217
9.054357
8.56424
8.720032
7.897488
9.027954
10.42282
10.00749
9.261382
10.09838
10.97941
11.25761
10.88307
9.152031
8.749234
10.11313
9.511886
8.701589
7.938424
7.957709
8.161193
7.55986
8.003684
6.866378
6.833508
6.805099
6.608638
6.995476
8.051085
6.6599
6.506839
5.787302
5.819526
6.69288
6.708405
7.557496
7.716185
8.264797
8.407964
7.726273
7.633191
7.527241
8.408309
8.04217
8.243677
8.550258
8.813647
9.757406
9.822406
9.304871
9.238945
10.08783
10.39862
9.55576
9.274495
9.220489
7.893608
7.443198
7.394013
6.653549
6.327475
6.404767
5.748998
5.708924
6.250112
5.975436
5.500323
5.693097
5.876753
6.163148
6.189612
6.940238
7.032685
5.621308
5.334014
6.435551
6.972079
6.869949
7.231911
6.761804
6.54936
6.948135
7.337193
6.952418
6.815263
6.796612
6.998755
6.572832
5.775342
5.532854
5.625544
6.531253
6.554984
7.50846
7.396982
8.736627
8.602759
7.966257
8.969727
8.197234
8.019658
9.218915
8.319444
8.277788
7.866651
7.217322
6.340229
6.65634
7.769275
7.607741
7.934267
8.097093
7.683635
7.776428
7.497624
6.938482
7.363238
6.624125
6.552008
6.179842
6.250777
5.838422
6.350501
6.12297
6.569331
6.956068
8.078985
7.860265
7.360833
6.792029
6.821458
6.928259
7.870758
7.577999
7.039488
7.736311
7.896474
8.856137
8.495751
7.851238
7.955564
7.000641
7.468332
8.718735
7.584293
8.403957
9.867574
9.089298
8.402537
8.258458
7.153395
6.374542
6.469453
6.566503
5.617768
6.078822
5.176539
5.835702
5.317924
5.641911
5.271404
5.77456
6.005262
6.125821
6.652869
6.585358
6.338411
5.860979
5.796638
5.133148
4.956679
5.008288
5.030163
5.547885
5.939247
6.027181
6.40331
6.418287
7.350672
7.342183
7.338794
6.902973
6.91191
6.493479
7.54993
8.177681
7.95544
8.281355
9.667126
8.514359
8.186169
8.868568
7.703153
6.756463
7.362012
8.567519
8.180728
9.482211
8.30541
8.671502
8.966422
8.044712
7.761795
6.87451
7.653886
6.818927
6.571706
6.597459
7.594474
7.070584
7.610904
7.898006
7.841675
8.053318
7.766134
7.727236
7.56646
7.578287
7.139975
6.831128
7.121911
6.399191
6.203809
6.682606
6.604359
7.857227
6.993184
7.370502
7.381878
8.046755
