4031.456
3522.385
2916.865
3000.711
2206.09
2838.536
3958.447
4409.399
3293.316
3520.784
3916.633
3200.712
3538.399
3213.17
3717.291
4686.738
5595.704
6061.848
5892.106
7577.44
5566.29
4104.791
6136.063
5103.062
6026.442
6160.068
4429.246
4905.013
4765.535
4305.652
4635.147
3843.476
2658.999
3825.79
3793.144
4102.571
4579.097
3492.175
4793.774
5253.181
4605.774
5142.815
5424.638
5392.702
4130.762
3867.881
3767.094
3840.466
3389.13
3851.932
4632.316
5917.334
6244.334
5556.628
4892.671
6163.711
4636.374
5938.487
5746.955
6778.074
4554.608
5084.892
5410.099
5442.334
4729.852
5756.878
5828.213
4926.732
3603.498
3618.458
3389.62
3697.498
3775.994
3091.541
5143.001
5719.015
4557.267
4514.136
5178.598
4985.36
5552.774
4168.571
3528.298
4592.098
4907.375
5555.278
4795.203
3286.436
2143.739
2507.438
3727.389
3415.403
5446.016
5989.31
8426.207
11509.74
15000.26
12291
8586.263
8344.884
8397.972
5373.96
5809.767
5765.226
4577.309
3711.758
4550.211
3853.634
4305.698
3347.931
3438.377
2694.114
3551.482
3797.437
3756.131
4261.739
5549.168
4688.541
5077.418
7015.33
6749.834
6054.47
7810.654
7498.014
6654.335
6349.996
5241.313
5316.584
5153.216
4111.695
4365.444
3846.631
3951.82
3918.232
5440.792
5399.85
5042.861
4519.835
3599.878
5626.295
5801.741
8430.14
6755.045
8257.04
6071.716
6257.753
7080.616
4934.27
6132.669
4741.479
5235.909
6551.499
5062.03
4820.653
3748.44
3349.676
3230.19
3193.969
3223.5
3293.139
3042.064
3518.291
3333.139
3970.649
4552.584
7456.942
5024.922
4948.644
3282.39
5775.728
3717.286
3778.426
2965.517
3510.347
3122.184
2352.098
2613.038
3629.288
3344.503
4205.828
5310.309
4879.155
5617.396
4584.178
6291.849
5546.581
5654.95
5161.097
5042.866
6683.775
6383.802
6176.589
6391.818
6094.924
5925.788
5688.499
6719.089
7011.47
3443.731
3363.236
2897.179
3496.379
3645.752
3803.939
4648.908
6923.031
6427.988
8313.266
7142.334
6829.013
6220.871
7145.057
6519.444
6076.326
6266.018
6252.93
5254.423
4827.363
4457.043
4023.295
3573.71
2500.086
3145.063
3038.688
3436.418
3826.769
4407.544
5902.964
5958.953
5234.36
3719.268
3121.696
3091.713
2650.78
2742.303
3162.345
3762.776
4452.029
4999.628
5073.381
4556.233
4449.441
4256.046
4503.32
4671.261
4992.346
6076.304
4952.111
4820.995
4433.751
3546.228
4089.71
3157.712
3068.648
2636.37
2569.478
2221.11
1827.141
2395.462
2464.777
2271.879
3134.246
3129.862
4285.94
3451.394
3786.787
3606.501
3190.403
3456.638
2774.444
2434.852
2166.663
2416.122
2558.25
3742.469
2987.706
2261.208
2319.507
2833.212
3135.505
3855.079
2968.509
3751.836
4903.921
5874.472
4246.191
3819.166
3661.919
3698.548
2627.374
2384.702
2470.538
3843.557
4593.214
4621.02
5514.808
4134.779
4418.333
4917.103
3515.328
4666.856
3482.705
3057.858
3208.826
4104.863
4786.503
5430.066
5110.968
4035.853
3273.477
3582.51
4207.539
2930.624
3507.179
4141.504
2900.933
2572.999
2485.542
2407.84
2671.8
3854.681
4213.677
3165.816
3523.8
4073.704
3588.151
2487.59
2927.045
3009.589
3367.036
3514.782
3041.752
2997.391
3720.977
2815.567
3468.317
3056.394
3276.71
3102.193
5237.18
3791.343
2613.051
2285.316
2918.518
2595.84
2571.988
2979.669
2641.919
3434.096
4880.722
3992.883
2734.224
2603.209
2714.741
2812.462
2934.537
3978.621
3780.272
2563.87
3516.429
3500.519
3359.238
3990.795
3610.84
3368.504
2920.178
3953.588
5998.906
5361.273
4101.631
3834.964
2658.428
3540.999
3938.587
6873.077
7888.423
5336.718
3171.573
3632.108
3349.997
3410.82
2319.253
2440.026
2924.293
3307.278
4250.986
5261.509
5275.698
5581.43
6118.438
4996.195
4750.317
2785.582
2782.472
2830.908
2612.763
4409.499
5273.317
5123.523
5076.35
6557.973
5882.108
4848.406
4566.498
6650.336
8626.572
6732.173
6541.744
8185.905
6428.989
4778.946
6186.885
5582.197
5728.824
6254.592
5154.9
3797.051
5285.308
6510.436
5908.983
5859.784
5072.426
3891.551
3133.454
3369.622
3195.254
3001.041
2684.787
2051.202
1742.352
1879.721
2969.761
3401.1
3642.392
6415.167
6343.995
3486.971
2958.775
3782.733
3162.608
4114.304
3477.576
4554.593
4718.235
4909.928
4242.12
4191.217
2698.501
2046.217
2738.015
3170.391
4872.572
4374.571
4159.943
4356.955
5900.358
4825.236
4504.377
3999.339
2838.693
3157.035
2884.442
2282.094
2415.325
3829.243
5607.591
5345.545
5019.065
5267.796
4183.196
3448.582
3744.997
4680.84
3444.356
3108.559
3346.544
3818.288
3366.878
4253.719
4492.115
4531.666
3977.098
2663.252
3723.763
2841.812
3110.235
2935.651
3504.846
3389.632
2677.38
3423.279
3686.246
3626.731
2754.504
3169.271
4020.921
3451.8
3437.516
3569.118
4147.267
5211.508
5968.218
6287.068
6153.051
7354.609
7133.44
7489.206
6713.325
8373.044
8083.094
8404.412
5489.312
6315.87
6506.004
4846.888
4878.246
4475.217
5925.806
7149.357
6882.292
6910.371
6150.685
5908.714
7027.096
7227.033
6661.594
7411.814
3988.58
4493.954
4365.277
2771.102
3925.925
4353.774
4106.11
3343.394
3149.472
3372.571
3788.797
3966.961
3905.689
3804.1
3448.293
5103.965
4335.499
4502.999
3668.214
3399.326
3142.504
2493.286
3449.896
4515.802
4313.123
3257.376
4552.268
5019.994
6943.509
8283.719
7378.289
8532.624
6160.699
5009.834
5640.725
5709.539
4736.154
5423.747
7458.176
7499.808
7799.216
6425.282
7050.039
6856.092
4761.983
4355.937
4042.042
4638.246
6177.989
4642.183
3273.34
2439.634
3056.993
4261.052
3899.229
3275.537
4001.514
5042.544
5276.089
5750.952
6591.961
6430.065
7682.1
8004.811
6185.103
5995.862
5832.014
5615.376
6927.073
5962.139
4234.031
4833.947
5484.89
5263.123
3522.873
2466.215
2457.537
2795.96
2609.722
2209.42
2706.133
2613.292
2186.945
2596.205
2919.366
2695.008
3206.098
2279.585
2511.592
2872.406
3650.044
5515.687
4775.699
5228.024
4251.016
3992.116
4011.518
4493.929
4820.709
4264.031
4243.633
3232.696
4378.289
4443.505
5117.974
4248.186
5412.63
6755.581
6320.756
5962.009
6986.766
6934.767
6950.423
5940.968
4429.42
5110.211
4748.658
4644.996
5528.696
4723.619
4598.76
4779.854
6660.876
5712.462
4961.158
4914.404
4394.788
5410.424
6882.377
5560.801
5281.499
6463.517
4886.591
4718.991
5256.603
4333.73
3770.106
5412.375
5111.305
4450.499
4260.268
3156.946
3370.614
3315.675
3842.311
3965.932
3788.995
4167.311
4661.333
4929.562
4131.143
3661.321
4734.221
7819.046
7433.182
6773.514
6909.997
5851.422
7046.727
8186.041
6141.5
6566.029
7782.502
6250.509
6951.284
6932.877
5695.649
5497.588
4404.62
3485.543
4225.607
3602.319
2742.536
2481.167
3196.452
3056.64
4148.518
5222.145
5975.351
5771.367
4362.903
2829.03
2536.881
1908.394
2425.02
2706.538
2962.435
3345.924
3683.06
3874.125
3381.06
2702.428
4772.178
3264.705
2787.104
2822.463
2831.473
4239.389
4325.002
4826.713
6322.656
4534.502
4406.566
3294.507
2979.154
4172.174
6109.658
7946.181
7393.539
7800.6
5735.477
5625.108
7412.306
5876.252
7360.292
7506.893
6036.665
6888.833
5140.546
5946.37
8115.447
7418.011
6826.569
4515.644
4956.629
6756.907
8731.889
6936.74
3976.785
4120.696
4183.991
5689.308
3908.414
3526.339
3346.72
3540.453
4261.095
3602.426
3618.534
2631.672
4401.442
5514.747
6154.086
5579.332
3999.872
3065.843
3301.537
3090.072
4446.583
5138.495
5043.936
6181.579
6220.618
5357.244
5118.123
5007.624
5203.65
3862.015
4552.118
3889.212
4525.538
3911.552
2991.637
2902.474
1959.989
1941.476
2163.193
1517.242
2371.071
2683.145
3661.795
3732.423
2830.419
2241.011
2580.201
3142.925
2804.466
3831.744
3706.694
4383.907
3943.035
4601.538
4572.37
3194.394
3592.996
2651.356
1721.113
2130.148
2245.523
2338.403
3438.359
3813.546
3432.522
4033.903
3875.875
4070.452
3842.883
3612.839
3243.627
2810.505
2477.3
2492.15
2775.437
3135.466
3088.847
3179.347
3802.5
4032.578
4334.26
3374.239
3152.735
3105.977
3872.225
3632.029
3312.802
3091.82
2712.065
2670.439
3297.457
3827.185
2983.127
3072.601
3687.03
3270.913
5105.381
6008.666
4931.853
4665.236
5547.804
8047.812
6318.313
6209.313
4700.908
4259.395
4424.213
4137.98
4182.248
4823.141
3759.763
3315.653
2944.081
3978.397
3660.085
6032.743
5386.972
4775.944
3463.081
3266.278
3933.753
5001.851
4225.092
4686.782
4121.143
4595.826
4391.138
3699.078
2944.904
3441.87
3116.984
3203.617
3608.509
3150.583
3446.004
2713.682
3492.316
2777.475
2922.139
3645.626
4335.744
6305.2
5743.735
5743.47
6042.008
4315.065
3900.533
3299.073
2261.17
1901.997
2117.732
4132.407
4869.665
4975.044
4977.064
5173.889
4300.584
3981.581
3658.587
2023.672
2004.653
1750.849
1772.623
2576.48
2537.247
2720.076
3008.175
2172.327
2915.425
3465.754
3483.039
2203.044
2417.34
2306.65
2397.274
2494.008
3453.283
4266.462
4565.252
3142.669
2366.553
2655.784
3246.95
3741.471
4342.837
5425.451
3826.158
3733.693
3830.357
3689.985
4495.926
4346.997
4515.812
3443.843
4242.866
4326.339
3664.962
4292.857
4009.109
4466.479
4112.367
5135.995
7777.512
7790.343
6728.011
5996.793
7852.086
7036.747
4623.445
5409.669
4623.185
3941.344
3245.571
4211.362
4201.905
5322.479
6575.786
6660.966
5164.871
5728.942
7471.69
5650.854
3689.059
3813.865
4402.299
5579.933
4631.006
3968.037
4171.641
6527.923
6190.474
6974.971
4918.203
4497.737
4144.162
3378.415
4246.179
4066.646
4211.676
4558.193
4349.07
4429.395
4198.924
4550.634
4028.017
