0.6629664
0.6007245
0.5951881
0.5737718
0.547462
0.5185792
0.496158
0.4749127
0.4495688
0.4545374
0.4360601
0.4217844
0.4001017
0.4020182
0.3981529
0.3768043
0.3727741
0.3363439
0.3359635
0.3297538
0.337783
0.3403574
0.3253125
0.3196326
0.3119171
0.3142115
0.2934779
0.2897687
0.2886489
0.2800719
0.2865677
0.2936014
0.2949019
0.2750715
0.2634616
0.2891111
0.2894105
0.2969497
0.2852939
0.3001779
0.2839545
0.2907221
0.2851575
0.2700907
0.268103
0.2517138
0.2455262
0.2408617
0.2308404
0.2333521
0.2424854
0.2409001
0.2362113
0.2617454
0.2692296
0.2719144
0.267743
0.2806126
0.2966717
0.2834686
0.2834297
0.2788439
0.2927881
0.2913058
0.281185
0.2610026
0.2669594
0.2570986
0.2583569
0.2594946
0.269789
0.2818336
0.2856809
0.2721632
0.2719352
0.2699403
0.2735786
0.2577829
0.2577725
0.2421811
0.2480913
0.2493007
0.2453104
0.2501105
0.2430179
0.2381444
0.2235475
0.2236537
0.2118276
0.2230672
0.2246001
0.2315416
0.2208569
0.2076387
0.2087877
0.2130233
0.2234422
0.2233344
0.2266494
0.2430144
0.2434951
0.242115
0.2342561
0.2414905
0.2503445
0.2533447
0.244915
0.2516348
0.2409155
0.2322766
0.2402667
0.2335079
0.2427015
0.2445333
0.2479823
0.2541326
0.2442291
0.2436017
0.2594107
0.2638227
0.2548472
0.2437457
0.2448189
0.2455642
0.2537668
0.2508604
0.2526084
0.2521911
0.248556
0.2420456
0.2329858
0.2222204
0.2202024
0.2298942
0.2310613
0.230469
0.2164918
0.2156752
0.2200598
0.2227835
0.223592
0.2371813
0.2346887
0.2266361
0.2313895
0.2285358
0.2295257
0.2329319
0.2388845
0.246468
0.2414309
0.2356114
0.238871
0.2430473
0.2498206
0.2404996
0.2393843
0.2586556
0.2706983
0.2523816
0.2491881
0.2509655
0.2677988
0.2603396
0.2581246
0.249204
0.2387105
0.2389755
0.2449117
0.2448828
0.2588733
0.2504543
0.2557755
0.2561443
0.2487476
0.2569778
0.2423218
0.2402161
0.2359361
0.233212
0.2554948
0.2693293
0.2583491
0.2601658
0.243049
0.2337317
0.2357003
0.2358352
0.2407304
0.2264474
0.2123975
0.2169344
0.2326299
0.2145154
0.2325176
0.2440258
0.2301684
0.2274051
0.2263796
0.2272873
0.2428593
0.2457046
0.2551252
0.262239
0.269737
0.2548578
0.2455556
0.2535536
0.2554883
0.2572875
0.2569383
0.2427778
0.2329187
0.2498476
0.2564657
0.2471565
0.2501396
0.238769
0.2130515
0.22051
0.2273044
0.2385866
0.2302772
0.2338591
0.2295772
0.2358768
0.2290473
0.2269861
0.2222817
0.2189438
0.2258922
0.2244682
0.2333623
0.2439175
0.2570671
0.2600038
0.2513338
0.2600467
0.2509554
0.2474499
0.2251719
0.2306819
0.2125086
0.2109771
0.216814
0.2264346
0.2316612
0.2445616
0.2440756
0.2406858
0.2384054
0.2350805
0.2466126
0.2433772
0.236766
0.2291784
0.2345798
0.2478618
0.2431189
0.2422042
0.2434482
0.2474911
0.2372499
0.2455348
0.2282285
0.2404392
0.232672
0.2253757
0.2370157
0.2399562
0.2249756
0.2193371
0.2348447
0.2351862
0.2266501
0.2238081
0.2247828
0.2330137
0.2269723
0.2228419
0.2044057
0.2067741
0.2067063
0.203374
0.2122362
0.2082471
0.2085062
0.2000444
0.1896848
0.1887287
0.1803652
0.1865685
0.1808562
0.1869502
0.1938083
0.1827672
0.1919999
0.1868042
0.1926236
0.1930506
0.1958287
0.1964598
0.1958449
0.2016019
0.2003124
0.1922966
0.1961846
0.1882111
0.1938308
0.1927998
0.1885145
0.1897498
0.1963711
0.1941665
0.1858297
0.1940646
0.1928986
0.1988569
0.1992467
0.2228766
0.2357852
0.2360092
0.2300088
0.2315617
0.2317163
0.24108
0.2322006
0.2415061
0.2303685
0.2354806
0.2286283
0.2181918
0.2096106
0.2181188
0.2196982
0.230766
0.2250422
0.2298786
0.2441592
0.2513992
0.2469047
0.2356202
0.2357362
0.2383109
0.2420315
0.2466227
0.2540754
0.2617824
0.2569393
0.2503329
0.2423734
0.2525254
0.2537272
0.2392318
0.2338354
0.2394167
0.2371819
0.2593903
0.2570514
0.2620154
0.2590153
0.2648908
0.2685255
0.2719281
0.2607993
0.2574981
0.2494836
0.2484526
0.2525321
0.2596608
0.247113
0.2622373
0.2734294
0.2884527
0.2803873
0.2793888
0.2936149
0.2995406
0.2944325
0.310883
0.3104614
0.3330325
0.3268405
0.3327106
0.3288183
0.3231435
0.2974971
0.2878003
0.3078102
0.2928369
0.3019139
0.3169521
0.3192766
0.2979355
0.2864372
0.2736384
0.275512
0.2509016
0.2542436
0.2384626
0.2355968
0.2305236
0.2352971
0.2227226
0.2278068
0.2290942
0.2280636
0.2198702
0.2269118
0.2224221
0.2278235
0.2306373
0.239913
0.2400187
0.2516235
0.2525283
0.2574974
0.2431671
0.2325868
0.2385158
0.2307083
0.2297649
0.2320694
0.2191609
0.2158823
0.2125321
0.2075764
0.206643
0.1978396
0.1951956
0.1961495
0.2060637
0.2224722
0.2287402
0.2203633
0.2203603
0.2206253
0.2113291
0.2139451
0.2223511
0.2299905
0.2348617
0.2417034
0.2387562
0.2389006
0.2337313
0.2368426
0.2446752
0.2430104
0.2427626
0.2470144
0.2535699
0.2534097
0.2474084
0.2436096
0.2376303
0.2323076
0.2329431
0.2298463
0.2184582
0.2145328
0.2251282
0.2271502
0.2226649
0.2274405
0.2117437
0.2087506
0.2111436
0.1976687
0.1989541
0.1860991
0.1941408
0.2026961
0.1989657
0.2031967
0.2043248
0.1994359
0.1918118
0.2042985
0.205625
0.2001547
0.1860866
0.1873582
0.19133
0.1775439
0.1750402
0.1812594
0.1851414
0.1803097
0.1882049
0.1896631
0.1981647
0.2051511
0.2248672
0.2187974
0.2145573
0.2117632
0.2116415
0.2079111
0.2028924
0.2093651
0.2185483
0.2176846
0.2319966
0.2365424
0.2391977
0.2435073
0.2500293
0.2367954
0.2264543
0.2298369
0.2201408
0.219315
0.223514
0.2162745
0.2149447
0.2041472
0.1940182
0.1996941
0.1846719
0.1908535
0.188349
0.1965013
0.1922324
0.1971798
0.1939138
0.1872002
0.1930059
0.1964224
0.1917158
0.1889278
0.1799286
0.1742479
0.1810217
0.18544
0.1871451
0.1835342
0.1857349
0.182208
0.1764482
0.1716427
0.1675143
0.1670372
0.1684688
0.1599361
0.1599877
0.1530979
0.1554972
0.1567989
0.1624579
0.1647737
0.165019
0.1625231
0.1629327
0.1622174
0.1475109
0.1570282
0.1642601
0.1619252
0.1545127
0.1504851
0.1546859
0.1470519
0.1548788
0.1621846
0.1599344
0.1562076
0.1673814
0.1716772
0.1754089
0.1684297
0.1559386
0.1556573
0.161012
0.1536924
0.1613021
0.1661553
0.1629106
0.1594447
0.1721945
0.1662944
0.1622285
0.160118
0.1626639
0.158564
0.1578285
0.1717358
0.1722627
0.1800888
0.1767955
0.1685723
0.1710691
0.1694815
0.1814991
0.2024146
0.185532
0.1854259
0.191746
0.2071821
0.2035348
0.1921135
0.1830276
0.1842523
0.1751117
0.1797504
0.1780559
0.1727156
0.1739723
0.1778847
0.1852586
0.189983
0.1906696
0.1898714
0.1817263
0.1764226
0.1833542
0.1866508
0.189449
0.1824598
0.1801524
0.1768312
0.1820394
0.1764875
0.1694992
0.1730458
0.1807145
0.1766911
0.1834013
0.1804763
0.1781066
0.1845134
0.1733658
0.1854762
0.1815884
0.1831466
0.1736199
0.1706412
0.1681723
0.1758679
0.1740892
0.1689359
0.1747728
0.1793493
0.1740721
0.1726045
0.1715783
0.1646916
0.1723496
0.1694207
0.1816903
0.1664249
0.1641577
0.1650636
0.1610097
0.1652991
0.1559473
0.1585456
0.1586909
0.1566761
0.1657152
0.1644539
0.1642155
0.1799238
0.1695952
0.1792506
0.1815651
0.1770294
0.1743685
0.1801379
0.1784471
0.1847725
0.176255
0.1756978
0.1747965
0.1721594
0.182082
0.1787069
0.1843547
0.1806931
0.1757031
0.1755962
0.1755946
0.1825459
0.1805121
0.1762794
0.1897583
0.1841485
0.1945064
0.188785
0.1894256
0.1914318
0.1925493
0.1783544
0.1738849
0.1633095
0.1594802
0.1637953
0.1696212
0.1671693
0.157769
0.1588235
0.1643397
0.1525915
0.1556705
0.1559719
0.1592761
0.1536915
0.1668199
0.1658048
0.1603337
0.1578085
0.1599082
0.1523082
0.1493788
0.1479774
0.1506293
0.1571421
0.1589155
0.152914
0.1552558
0.1463327
0.1457986
0.1567227
0.161687
0.1636293
0.1666716
0.1638621
0.1637591
0.1590215
0.1517163
0.1495431
0.1409662
0.1468232
0.141194
0.1463428
0.1460856
0.1441241
0.1413081
0.140921
0.1454719
0.1476724
0.1526917
0.1511522
0.1536
0.1531112
0.1505934
0.1486907
0.1513378
0.1555698
0.1553904
0.1565624
0.1607203
0.1592319
0.1530903
0.1411056
0.1416631
0.144131
0.1411544
0.1427391
0.1413011
0.1452304
0.1438636
0.1429575
0.1495274
0.151104
0.1569422
0.1433729
0.152514
0.147743
0.1556909
0.1526447
0.1412418
0.1466502
0.1438277
0.1469703
0.1454642
0.1404321
0.1339795
0.1346224
0.1389814
0.1359382
0.1385559
0.1433789
0.1445946
0.158014
0.1557131
0.1549761
0.1607702
0.159847
0.1510275
0.1432733
0.1507959
0.1437433
0.1470767
0.1528169
0.1538808
0.1531825
0.1456908
0.1357261
0.1483446
0.1480429
0.1487278
0.1514701
0.1473235
0.146286
0.1429646
0.137531
0.1396387
0.1413025
0.1298884
0.1341091
0.1396934
0.1392156
0.1456758
0.1429131
0.1363935
0.1380717
0.1412276
0.1404348
0.1437814
0.153013
0.1514571
0.151997
0.1491118
0.1511414
0.1527365
0.1433025
0.143833
0.143843
0.145349
0.1405296
0.1389978
0.1439246
0.1401001
0.148388
0.1535851
0.1509666
0.1548507
0.1578549
0.1590533
0.1566678
0.1530982
0.1564961
0.1483091
0.145247
0.1421445
0.1417139
0.1428773
0.1416017
0.1363633
0.1312127
0.1355353
0.1374208
0.1318978
0.1349748
0.1408114
0.1476139
0.1503569
0.1564379
0.1533825
0.15869
0.1541192
0.1515807
0.1475574
0.1560749
0.1544599
0.1500458
0.1469643
0.1477988
0.1519156
0.1566214
0.1548185
0.1533312
0.1590125
0.1579386
0.1510829
0.1468668
0.1389767
0.1415072
0.1315139
0.1358845
0.134067
0.1329152
0.136851
0.1372318
0.1416313
0.1455211
0.1506258
0.1508473
0.1423296
0.1389242
0.1317621
0.1312075
0.1339867
0.1349044
0.138199
0.1430524
0.1349328
0.1357799
0.1464466
0.1448163
0.1393447
0.1348557
0.1358866
0.1377293
0.1315259
0.1347251
0.1339652
0.1280654
0.1273737
0.1281386
0.1267376
0.1315704
0.1211709
0.1294048
0.1274979
0.1271467
0.1386666
0.1357029
0.1388437
0.1423282
0.1318538
0.1292698
0.1289148
0.1261678
0.1298181
0.1327175
0.137681
0.1335315
0.1389387
0.1469843
0.1340291
0.1442004
0.136627
0.1329565
0.1372262
0.134096
0.1301274
0.1288691
0.13189
0.1368045
0.1376086
0.1297033
0.1317294
0.1307649
0.1300986
0.1393979
0.135732
0.139582
0.1360688
0.1267523
0.1274674
0.1342111
0.1397591
0.1419894
0.149612
0.1362056
0.1361243
0.136597
0.1355254
0.129368
0.1260025
0.1166085
0.1176247
0.1184343
0.1171898
0.117692
0.1175215
0.115329
0.1153013
0.1207146
0.1155843
0.1234036
0.1253993
0.1331732
0.1278389
0.1286645
0.1323208
0.1314798
0.1233166
0.1184304
0.1118349
0.1181811
0.1190446
0.1245114
0.1243103
0.1281713
0.1326148
0.1243775
0.1318969
0.1346333
0.1382315
0.1355276
0.1400295
0.1440973
0.1505939
0.1506479
0.1443554
0.139043
0.1387132
0.143623
0.1523724
0.1536695
0.1581996
0.1688941
0.1643032
0.1645111
0.1570742
0.1546577
0.14864
0.154955
0.1509108
0.1553839
0.1471548
0.1451032
0.1483586
0.1384418
0.1371268
0.1337226
0.1325391
0.1372647
0.1418159
0.1455567
0.1483514
0.1511892
0.1405528
0.1426046
0.1515846
0.1478097
0.1487978
0.1544833
0.1529712
0.1626363
0.1685572
0.1593527
0.1650311
0.1669093
0.1557934
0.1548915
0.1442548
0.1420454
0.1395588
0.1378423
0.1408814
0.1301617
0.1242587
0.1285926
0.1360765
0.139634
0.133353
0.1419573
0.1418998
0.1369223
0.1370071
0.1426659
0.1485199
0.1410127
0.1402031
0.1497003
0.1471592
0.153316
0.1408192
0.1312839
0.1314276
0.1265788
0.1267837
0.1189995
0.119281
0.1179362
0.1199668
0.1177554
0.1148292
0.1120284
0.1072313
0.109231
0.1134777
0.1135208
0.1093867
0.1163413
0.1174819
0.115809
0.1222042
0.1245675
0.1348473
0.1374446
0.1342579
0.1373002
0.1294235
0.1304305
0.1248008
0.1154729
0.117482
0.1176948
0.1182574
0.1245834
0.1221772
0.1192362
0.1269895
0.1277316
0.1237582
0.1241883
0.1290591
0.1302372
0.1221723
0.1181298
0.1150792
0.1205855
0.1255766
0.1281756
0.1296692
0.1257392
0.1331794
0.1306777
0.1329531
0.1365973
0.1255131
0.1299304
0.131384
0.1334177
0.1352474
0.1378446
0.1444797
0.1377108
0.1383827
0.1483328
0.1454064
0.1474516
0.1328627
0.1364744
0.1351522
0.1290835
0.1334996
0.1302858
0.1317835
0.1327359
0.1338477
0.1309146
0.1296235
0.1408071
0.1412004
0.1436386
0.1496632
0.1392558
0.1393914
0.1484863
0.1544118
0.1482707
0.1532728
0.1517028
0.1461774
0.1471431
0.1576988
0.1538494
0.1519614
0.1516146
0.1575262
0.1661225
0.1609555
0.1590323
0.1618402
0.1556178
0.1604422
0.1623677
0.1619986
0.1599375
0.1609438
0.159345
0.1522584
0.1499633
0.1556957
0.1596052
0.1638086
0.1589141
0.1603914
0.1579589
0.1560594
0.1554911
0.1556521
0.1581343
0.1545451
0.1710439
0.1673654
0.1620559
0.1700861
0.1707018
0.1687195
0.174768
0.1887797
0.1853872
0.1749861
0.1845771
0.1859944
0.1924768
0.1898284
0.1986999
0.1917517
0.2033002
0.2093233
0.2110435
0.2105097
0.2170388
0.211916
0.2104274
0.2128729
0.2109635
0.2094117
0.2098042
0.2087911
0.2066062
0.196833
0.1906159
0.1979769
0.200522
0.2266687
0.2235807
0.2454937
0.2413774
0.2489927
0.2428038
0.2487352
0.2453323
0.2560759
0.2513237
0.2350851
0.2404813
0.2369305
0.2501259
0.2491379
0.2592667
0.2538759
0.2706775
0.2725612
0.2721916
0.265449
0.2699174
0.2794024
0.2764856
0.2723415
0.2517417
0.2575342
0.2664657
0.2895882
0.2916672
0.307198
0.3031549
0.3093961
0.2866806
0.2826341
0.2896426
0.283108
0.2809177
0.2813976
0.2734087
0.2798965
0.2865806
0.2830283
0.2735267
0.2641045
0.247773
0.2528339
0.2385772
0.2384838
0.2321583
0.2338159
0.2226038
0.2147071
0.2226976
0.2187154
0.2414469
0.2465271
0.2373732
0.2381317
0.2362156
0.2325676
0.2416148
0.2477469
0.2246235
0.2418396
0.2493812
0.2527688
0.2440587
0.2351101
0.229006
0.2416207
0.247265
0.2493814
0.2430538
0.2531867
0.2415117
0.2508939
0.2392321
0.242038
0.2534306
0.2513851
0.246937
0.2478209
0.2557482
0.2386575
0.2234752
0.2196707
0.2399093
0.2278882
0.2181175
0.2204395
0.2061433
0.2083508
0.206642
0.2169928
0.2156491
0.2102721
0.2163505
0.2146511
0.2269244
0.2119587
0.2103348
0.2170517
0.222778
0.2326107
0.2364844
0.2253685
0.2193464
0.2240452
0.2290422
0.2324494
0.2354695
0.2285228
0.2306358
0.2317588
0.2405282
0.2599674
0.2739107
0.2958513
0.2845294
0.277813
0.2710848
0.2587781
0.2630806
0.2502978
0.2465675
0.2508357
0.2425026
0.2315783
0.2415795
0.2368372
0.2364289
0.2350296
0.2383504
0.2183358
0.2219603
0.222899
0.2225739
0.2049325
0.2035492
0.1884851
0.1923025
0.1852512
0.1939324
0.2065224
0.2086893
0.2023732
0.1865713
0.1690074
0.1731223
0.1624517
0.1572704
0.1629261
0.1588828
0.1532218
0.1510887
0.1561208
0.1512028
0.1617261
0.15839
0.1579035
0.1529024
0.1620946
0.1654105
0.1675077
0.1670753
0.1612561
0.1698042
0.1692651
0.1641487
0.1621602
0.1596187
0.1632194
0.1654919
0.1674299
0.1738306
0.1795063
0.1800652
0.177193
0.1769138
0.1700976
0.1708971
0.1530584
0.1453058
0.1413862
0.138312
0.1408599
0.1450264
0.1503179
0.1368523
0.144743
0.1408621
0.136186
0.1343815
0.1390113
0.1337549
0.1362657
0.1380731
0.1370568
0.1343218
0.1285809
0.1310056
0.1389764
0.13886
0.1397351
0.1351506
0.1434886
0.1425804
0.1401332
0.1442702
0.1469678
0.1429981
0.141306
0.1451173
0.1486019
0.144874
0.1510078
0.158116
0.1510932
0.1530748
0.1554694
0.1632925
0.1646831
0.1567955
0.1563421
0.1582525
0.1610247
0.1602371
0.1605439
0.1594832
0.163985
0.166178
0.1606032
0.1537616
0.1554339
0.1600106
0.163295
0.1638448
0.1597062
0.1532256
0.1581748
0.1579812
0.1561903
0.1561109
0.1592906
0.1494591
0.1515408
0.1495202
0.1528083
0.1499518
0.1464871
0.1459705
0.1527143
0.1505273
0.1614858
0.1657121
0.1628863
0.1730611
0.173633
0.1784448
0.1696756
0.1588177
0.1560051
0.1613508
0.1656836
0.1801562
0.1838657
0.171676
0.1738287
0.1693473
0.1671119
0.1777323
0.1840711
0.189207
0.1991654
0.1976914
0.1955696
0.1945104
0.1978054
0.1896206
0.1917382
0.1884703
0.1931393
0.1990478
0.2068364
0.2160921
0.2194986
0.220896
0.2310441
0.2149602
0.210074
0.2066591
0.2228346
0.230017
0.233251
0.2392756
0.2373177
0.2476313
0.2448079
0.2570111
0.2511013
0.2449959
0.2369481
0.2264484
0.2253834
0.2154737
0.2198487
0.2263328
0.2252632
0.2383702
0.2335021
0.2401431
0.2388817
0.2355632
0.2497369
0.2446274
0.2514672
0.2455335
0.2630057
0.2704895
0.2730438
0.2814536
0.2673696
0.2513422
0.2547433
0.261838
0.2561215
0.2686048
0.2802895
0.2960636
0.2985234
0.2996603
0.2915989
0.2852203
0.290879
0.3094664
0.309343
0.313053
0.327313
0.3345538
0.3666585
0.3614002
0.3582594
0.3737803
0.3719525
0.3472234
0.3307751
0.3409921
0.3344991
0.3347689
0.3623686
0.368841
0.3563965
0.3593804
0.3530071
0.3579513
0.3514709
0.3436923
0.3422422
0.3313504
0.3206119
0.3216358
0.3215271
0.3214071
0.3148382
0.3322846
0.3129658
0.3108911
0.3069677
0.3087732
0.305688
0.3087217
0.3012948
0.31359
0.3207286
0.3286904
0.3264885
0.3355825
0.3208811
0.3069494
0.3126456
0.315213
0.3142187
0.323542
0.3299434
0.3299643
0.3286514
0.3417237
0.3424077
0.3466439
0.3467989
0.3453018
0.3466115
0.3404058
0.3452471
0.3354832
0.3301442
0.3389248
0.3158762
0.3303988
0.333797
0.3268432
0.327993
0.3355243
0.3012646
0.2964654
0.2930429
0.2986461
0.3110291
0.3071936
0.3073413
0.3154477
0.3177823
0.3169231
0.3342201
0.3191208
0.3133366
0.2995012
0.302488
0.2862343
0.2904652
0.2899177
0.2913303
0.2841514
0.2897589
0.2987062
0.2958644
0.2900817
0.3008955
0.3191206
0.32157
0.3301316
0.3318284
0.3298908
0.3129658
0.3113945
0.3128485
0.3259596
0.3078818
0.3162248
0.2945754
0.3125033
0.3095894
0.2870801
0.260891
0.2642637
0.2559525
0.25374
0.267128
0.2700767
0.2621609
0.2716776
0.2584351
