0.2831124
0.271167
0.244016
0.2291924
0.2342116
0.2355639
0.2265815
0.2114096
0.1893116
0.1781658
0.184877
0.1722825
0.1674735
0.1681511
0.1542882
0.1529841
0.1510041
0.152822
0.1569439
0.1606985
0.1562288
0.1512658
0.1514308
0.1524533
0.152725
0.1495932
0.1554607
0.1557253
0.153711
0.1549696
0.1602824
0.1545396
0.1567918
0.1465687
0.1432959
0.1455322
0.1511271
0.1439605
0.1419376
0.1387975
0.140459
0.1315883
0.1308888
0.1272638
0.131545
0.1277419
0.1336481
0.1380759
0.1403149
0.145536
0.1448221
0.1461266
0.1454635
0.1466206
0.1505552
0.1523034
0.1486424
0.1465052
0.1374502
0.1434173
0.1480744
0.1489956
0.1421838
0.1476433
0.1511621
0.1378948
0.1320102
0.1320994
0.1349198
0.1450816
0.1345181
0.128681
0.136661
0.1353762
0.1282876
0.1344492
0.1399502
0.145568
0.1451732
0.1431589
0.1411037
0.1381102
0.137626
0.1356606
0.1420959
0.1432233
0.1418218
0.1401644
0.1309322
0.1298561
0.1282917
0.1200808
0.1186857
0.1235728
0.1177778
0.1135806
0.1041293
0.1000657
0.103144
0.09829375
0.09990988
0.09876617
0.09695783
0.1001324
0.1040986
0.09862034
0.1031122
0.1043088
0.1093827
0.1107301
0.1069547
0.115522
0.1106635
0.1220199
0.1228437
0.1265288
0.1264951
0.1245516
0.1250536
0.124042
0.1269989
0.1263677
0.1276505
0.1298302
0.1304757
0.1258525
0.129537
0.1326336
0.1264389
0.1196382
0.1169522
0.1264813
0.1257213
0.1287104
0.1263191
0.1264484
0.124915
0.1278076
0.1294447
0.1315608
0.1249227
0.1298689
0.1271887
0.1174982
0.1122972
0.1112903
0.114315
0.1144793
0.119373
0.1171328
0.1277201
0.122344
0.1260378
0.1238649
0.1220146
0.1210433
0.122839
0.1194893
0.1193342
0.1281493
0.1315066
0.14049
0.1369813
0.1348722
0.1341475
0.1355228
0.138918
0.1315983
0.1296655
0.126069
0.1261284
0.123177
0.1287507
0.1435136
0.1402467
0.1395376
0.1382571
0.1368832
0.1343715
0.1369997
0.1392645
0.1460714
0.1501907
0.1515668
0.154986
0.1512871
0.1538072
0.1585136
0.1478377
0.150346
0.1563942
0.1603222
0.1582645
0.1601052
0.1488847
0.1544146
0.1492999
0.1476048
0.1472884
0.1413601
0.133769
0.147709
0.1355142
0.1309582
0.1335299
0.1425856
0.1443246
0.1458672
0.1511098
0.1556361
0.1555868
0.1552125
0.1639587
0.1657611
0.1648032
0.1657462
0.167306
0.1676222
0.1658453
0.1636794
0.1604053
0.1539361
0.1562479
0.1682744
0.1627955
0.1557361
0.1543454
0.1569145
0.1544546
0.1586571
0.1539657
0.155078
0.150139
0.1524489
0.1523034
0.1504991
0.1524115
0.1490466
0.1441433
0.1369647
0.1349385
0.1340893
0.1319023
0.1305695
0.1354203
0.1414721
0.1351368
0.1341827
0.130857
0.1353917
0.1358492
0.1377892
0.1375151
0.14078
0.1488997
0.1502431
0.1511162
0.1558155
0.1591815
0.1558888
0.1570986
0.1481501
0.1499911
0.1557558
0.1563206
0.1597733
0.1591291
0.165007
0.1644614
0.162168
0.161436
0.1688077
0.1653649
0.1695022
0.1625987
0.1602696
0.1601685
0.1609534
0.1625376
0.1637553
0.1578133
0.1523158
0.1566603
0.1579943
0.1624048
0.1639065
0.1663859
0.1538806
0.1622826
0.1623375
0.1614763
0.1607167
0.1720453
0.1670008
0.1613384
0.1699095
0.1719544
0.1709139
0.1690464
0.165232
0.16514
0.1660481
0.1708756
0.1683285
0.1622912
0.1634453
0.167356
0.1676219
0.1566128
0.1617449
0.1670882
0.1709364
0.1665622
0.1668125
0.1715605
0.1759865
0.1794152
0.1772666
0.1701802
0.1657522
0.1588928
0.1563381
0.1571371
0.1605321
0.1676372
0.1677541
0.159296
0.1496808
0.1449633
0.1487681
0.1546785
0.1518797
0.1488289
0.1432467
0.1528823
0.1530475
0.1491822
0.1565836
0.1673182
0.1576781
0.1595744
0.1522306
0.1476754
0.1546756
0.1582524
0.1561317
0.1591922
0.1555241
0.1726118
0.1723073
0.1710675
0.1718196
0.1803079
0.1753892
0.1825374
0.1824398
0.1849529
0.1758569
0.1774009
0.1738823
0.1667793
0.1660363
0.1655295
0.1615781
0.1621615
0.155518
0.148031
0.1470875
0.1405317
0.1359852
0.1442267
0.146583
0.1518066
0.1555706
0.153607
0.1589465
0.1557801
0.165634
0.1610397
0.1642423
0.1588773
0.1645925
0.1565277
0.1627623
0.1637469
0.1661229
0.1781419
0.1781159
0.1715679
0.166491
0.1550896
0.1615367
0.1704183
0.16489
0.1717468
0.1663814
0.1630422
0.1699966
0.1621901
0.1544994
0.1501774
0.1521747
0.15379
0.1530886
0.1507062
0.151037
0.1495377
0.1589293
0.1535756
0.1454983
0.1436869
0.132955
0.137934
0.1408676
0.1413699
0.1365691
0.1311308
0.1326114
0.1320411
0.1259817
0.1288587
0.1295099
0.1435713
0.1434504
0.1342026
0.134009
0.1332914
0.1395976
0.1367017
0.1278042
0.1274499
0.1307508
0.140274
0.1367766
0.1329858
0.1332012
0.1348082
0.1293324
0.132384
0.1288984
0.1318367
0.1347078
0.1296985
0.1340393
0.1279158
0.1308997
0.1285227
0.1294197
0.1286713
0.12742
0.1302425
0.1293678
0.1223392
0.113415
0.1166482
0.1153708
0.1184963
0.1149186
0.1136596
0.1096433
0.1102921
0.1115385
0.1110056
0.1115511
0.1058866
0.1142903
0.1126439
0.1086053
0.1086664
0.1082177
0.1063383
0.1105184
0.1107774
0.110211
0.1040382
0.1037254
0.09863745
0.1061309
0.1087226
0.1081672
0.1078659
0.1113114
0.117699
0.1188327
0.1163579
0.117485
0.1179503
0.1143391
0.122782
0.1307537
0.1228228
0.1207303
0.1209324
0.1280964
0.1294587
0.1291538
0.1269044
0.1314381
0.1309418
0.1313353
0.131744
0.1257828
0.1248911
0.1250072
0.1264389
0.124761
0.1264358
0.1291103
0.1250312
0.122741
0.1168404
0.1098173
0.1087786
0.1114436
0.1105532
0.1070359
0.1016276
0.1055968
0.114025
0.115214
0.1192704
0.1133804
0.1168861
0.1232271
0.1235155
0.1171042
0.1151181
0.1213842
0.1183523
0.1223397
0.1223808
0.1298484
0.1297762
0.1362716
0.1308728
0.1347201
0.1351858
0.1280045
0.1253016
0.1209545
0.1175603
0.1155995
0.1205606
0.1148929
0.1169134
0.1139376
0.1199497
0.1254535
0.1281741
0.1282433
0.1254379
0.1299749
0.1251047
0.1268663
0.1194908
0.1227457
0.1195766
0.1182657
0.1223762
0.1114563
0.1187467
0.1262734
0.1236292
0.1229244
0.1211579
0.1185348
0.1186836
0.1116695
0.1084058
0.1124067
0.1129654
0.1085756
0.1141829
0.1149615
0.1177948
0.1148916
0.1198167
0.1188829
0.1174868
0.1176544
0.1192578
0.121574
0.114473
0.1150178
0.115907
0.1095813
0.1058165
0.1074816
0.1110013
0.1102788
0.1063618
0.1093226
0.1070715
0.119333
0.1227533
0.1234138
0.1256163
0.1313461
0.1307392
0.1310611
0.1301608
0.1267827
0.1226681
0.1242739
0.1236629
0.1244504
0.1280585
0.1321333
0.1321224
0.1332576
0.1351245
0.1337873
0.1392075
0.1444136
0.1470973
0.1430944
0.1478763
0.1556855
0.158414
0.1496624
0.1428617
0.1419885
0.1425602
0.1414541
0.1502886
0.1496754
0.1506037
0.1488273
0.1446615
0.1431412
0.1488311
0.1443773
0.1461819
0.1442177
0.146035
0.1475572
0.1537695
0.1522846
0.1540557
0.1518702
0.1470956
0.1395781
0.1454889
0.1532536
0.1518686
0.1380978
0.1441671
0.143126
0.1420186
0.1513699
0.1522604
0.1602487
0.1641898
0.156111
0.1621144
0.1683825
0.1769602
0.1770711
0.1763522
0.1724264
0.166429
0.1604304
0.1551931
0.1536698
0.1598979
0.1598468
0.151095
0.1536638
0.1616576
0.161546
0.1597877
0.1582051
0.1571358
0.1569187
0.1603651
0.1615888
0.17324
0.17721
0.178561
0.1737464
0.1668199
0.1676094
0.173124
0.1814035
0.1825242
0.1836964
0.1946281
0.1842782
0.168438
0.1760238
0.1830819
0.1816123
0.1885506
0.1868058
0.1841968
0.182963
0.1826729
0.1911756
0.1778611
0.1739062
0.1632762
0.1601468
0.153918
0.1612591
0.1695291
0.1646055
0.1662934
0.1667662
0.1562914
0.1572209
0.1546498
0.1479791
0.1525029
0.1546406
0.1577437
0.1501497
0.1480693
0.1333392
0.1295283
0.1236655
0.116949
0.1218915
0.1269155
0.1228162
0.1220763
0.121366
0.1273139
0.1225061
0.1272819
0.126889
0.1329376
0.1414698
0.1421666
0.1508545
0.1529699
0.144196
0.1325895
0.1382605
0.1348145
0.1357863
0.134607
0.1293222
0.1333632
0.1332035
0.1370803
0.1368211
0.1353811
0.1324697
0.1259423
0.1235292
0.1185725
0.1180779
0.1173912
0.1189856
0.1242409
0.1244478
0.1298201
0.1305671
0.125383
0.1285514
0.1285003
0.1377724
0.1393625
0.1415788
0.1340569
0.1296225
0.1365202
0.1358739
0.131332
0.1286211
0.1267855
0.1215376
0.1154553
0.1203591
0.1218892
0.1267103
0.1199758
0.1260811
0.1336028
0.139292
0.1438026
0.1464653
0.1441392
0.138046
0.1373148
0.1440843
0.1464032
0.1450462
0.1469712
0.1473871
0.1496532
0.1529839
0.1512521
0.151739
0.1491589
0.1453445
0.1462238
0.1562488
0.1571557
0.1646419
0.1623434
0.1665229
0.1655048
0.1656706
0.1620579
0.1637491
0.1731876
0.1637359
0.1667244
0.17259
0.1753407
0.1706643
0.1647763
0.176021
0.1722663
0.1799759
0.1771211
0.1840803
0.1769991
0.1838032
0.1871342
0.1889047
0.177071
0.1720712
0.1677986
0.1641151
0.1682968
0.1655498
0.157939
0.1594263
0.1477938
0.1457456
0.1466151
0.1431817
0.1384355
0.1421778
0.150114
0.1491212
0.1583102
0.1524296
0.1566912
0.1568187
0.1647921
0.1672326
0.158518
0.1599693
0.152478
0.1591873
0.1508655
0.1527379
0.1528292
0.1547636
0.1436848
0.1426293
0.1432893
0.1471225
0.1464306
0.1546293
0.1524127
0.1566653
0.1591343
0.1574968
0.1600669
0.1558624
0.1569816
0.1640474
0.1508277
0.1550699
0.1533348
0.1585457
0.1688743
0.1644522
0.168817
0.1583344
0.1498186
0.1428904
0.1521576
0.1667909
0.1719239
0.1666361
0.1644976
0.1647246
0.1562316
0.1533124
0.1554008
0.1521209
0.1465065
0.141163
0.1443094
0.1394279
0.1350605
0.1305323
0.1340119
0.1260153
0.1293906
0.1328817
0.1347103
0.126494
0.1288656
0.1247268
0.1238847
0.12438
0.132964
0.1287846
0.1297227
0.1247421
0.129195
0.1262854
0.1283831
0.1275016
0.1200843
0.1214274
0.1209149
0.12197
0.1236672
0.132189
0.1305612
0.1208285
0.1265391
0.1316706
0.1348394
0.1407823
0.1467123
0.1466044
0.1482698
0.1323433
0.1313083
0.1232174
0.1197121
0.1134702
0.1070125
0.1122969
0.1154003
0.1113324
0.1124505
0.1119688
0.111825
0.1089042
0.1174995
0.1161989
0.1156084
0.1073042
0.1066267
0.1063102
0.1136736
0.1174689
0.11472
0.116374
0.1240761
0.1245743
0.1232802
0.1132871
0.1171256
0.1165956
0.1125928
0.1119648
0.1112484
0.1114905
0.1118458
0.1183358
0.1224646
0.1161592
0.1226949
0.1163809
0.1185918
0.1154172
0.1166148
0.1168587
0.1167174
0.1209039
0.1175357
0.1190624
0.1194202
0.118757
0.11616
0.1172944
0.1165804
0.1177497
0.1168543
0.1177707
0.1134994
0.1118197
0.1070589
0.1055936
0.1095281
0.1070671
0.110739
0.1066122
0.09707583
0.1020979
0.09976393
0.1050958
0.1031037
0.1007229
0.09847829
0.09415159
0.08592219
0.09053341
0.0899912
0.08978709
0.08314962
0.08337595
0.0818818
0.07610745
0.07418057
0.07219834
0.06534801
0.0661439
0.06499311
0.06394076
0.06264158
0.0661475
0.0643637
0.06566542
0.06459732
0.06045614
0.0594418
0.05654724
0.05995042
0.06331524
0.06345981
0.06888202
0.0696379
0.06906519
0.06869191
0.07201113
0.06753989
0.06637164
0.06512889
0.06383533
0.06534936
0.06473847
0.06734944
0.068327
0.07128586
0.06846545
0.07238471
0.0702431
0.06996937
0.07704362
0.07825309
0.08263165
0.08170365
0.0838521
0.08038182
0.07585042
0.07777778
0.07905371
0.07818517
0.08333549
0.08314225
0.08167442
0.08337335
0.08351858
0.07728776
0.07538371
0.07556943
0.0741998
0.07186885
0.07521861
0.06915629
0.07349035
0.07445177
0.07290662
0.07627934
0.07410318
0.07382321
0.07759322
0.08131273
0.08303639
0.08553809
0.08491216
0.08806105
0.08625023
0.09008706
0.09182694
0.09394214
0.09648627
0.1011195
0.09814298
0.09707278
0.09557312
0.09810211
0.1023851
0.103849
0.09749519
0.09890411
0.0982309
0.0944537
0.09656561
0.09482005
0.1005201
0.1020375
0.1004225
0.1040203
0.1009926
0.1001262
0.09950195
0.1001064
0.09828199
0.09398469
0.09415941
0.0958786
0.09351632
0.09154569
0.08907816
0.0891248
0.0910947
0.09418926
0.09837404
0.09588662
0.1003473
0.09272509
0.08906537
0.09081167
0.08789353
0.09204639
0.08829146
0.09315941
0.09492142
0.09468301
0.09260753
0.09530322
0.09544291
0.09573442
0.09664448
0.09655619
0.0985785
0.09765454
0.09757239
0.09607948
0.1014456
0.09674498
0.09944785
0.1065825
0.101927
0.09778528
0.0916376
0.09414977
0.08745957
0.0836647
0.09045913
0.09177697
0.08812524
0.09100954
0.08823835
0.08733226
0.0874687
0.08791284
0.08778984
0.08987871
0.08939868
0.08894415
0.09322777
0.09359523
0.09489614
0.09753695
0.09501729
0.0941182
0.09263058
0.09275322
0.09152295
0.09840731
0.1032066
0.1052918
0.1039568
0.09940798
0.1005624
0.09853928
0.09772525
0.09532979
0.09383647
0.09167132
0.09882982
0.09762518
0.09982844
0.09734829
0.1029227
0.1014621
0.1051299
0.1074646
0.1062334
0.1109565
0.1085052
0.1103716
0.1129408
0.1169224
0.1206729
0.1132045
0.1123168
0.1178914
0.1143406
0.1159356
0.1227603
0.1280357
0.1325224
0.1264019
0.131303
0.1256374
0.1278237
0.1271187
0.1255305
0.1220576
0.1224851
0.115147
0.1165756
0.1139085
0.1167826
0.1180901
0.1149829
0.1129945
0.1114639
0.1134749
0.1167094
0.1183751
0.1182943
0.1232209
0.1238207
0.1265693
0.1179114
0.1228583
0.1205305
0.1252045
0.1244624
0.1207872
0.124568
0.1249941
0.1275001
0.122762
0.114084
0.1231569
0.1237382
0.1253784
0.1255392
0.1238572
0.1248976
0.1210061
0.1251345
0.1259308
0.1270786
0.1287973
0.1272525
0.1310333
0.131132
0.1429391
0.1386382
0.1427255
0.1406968
0.1513569
0.1490243
0.150833
0.1500646
0.1489589
0.1508459
0.1450423
0.1472094
0.1415635
0.1401109
0.1342101
0.1330825
0.1268874
0.1332991
0.1339491
0.1336454
0.1247778
0.1269765
0.1274239
0.1327113
0.1267351
0.1238952
0.1245781
0.1240112
0.1252356
0.1246374
0.1284128
0.128804
0.1359124
0.1286368
0.1340859
0.1323283
0.1236282
0.1261725
0.1304361
0.1278521
0.1226381
0.1226843
0.1205519
0.1238859
0.1193733
0.1122504
0.1101252
0.1137893
0.1084022
0.1076782
0.1154291
0.1148053
0.1092114
0.1224427
0.1270265
0.1282142
0.1343183
0.1395798
0.1420711
0.1407378
0.1290241
0.1269744
0.1279069
0.1242305
0.1264136
0.1272587
0.1260364
0.1270706
0.1244833
0.1291605
0.1278302
0.1382649
0.13285
0.1428427
0.141709
0.1417613
0.1425832
0.1472196
0.1410908
0.1438236
0.1446655
0.1441848
0.1498795
0.143932
0.1344099
0.1355756
0.1289286
0.1284105
0.1219914
0.1267889
0.1307874
0.1246377
0.1316693
0.1284297
0.1352783
0.1293823
0.1323722
0.1318294
0.1297693
0.1236497
0.1190645
0.1169
0.121577
0.1247709
0.1167447
0.1184698
0.1180083
0.1212412
0.1180303
0.1198646
0.1260598
0.1273214
0.1226908
0.1213265
0.1183517
0.1209581
0.1144954
0.1125579
0.109485
0.1046466
0.1018439
0.1028014
0.1011748
0.09939929
0.09573951
0.09291415
0.08919674
0.08792389
0.08598365
0.08453475
0.08247414
0.08430968
0.08450057
0.08710944
0.0841394
0.08321165
0.08256178
0.0794522
0.07999282
0.08359078
0.08421907
0.0833182
0.08448289
0.08110606
0.08359648
0.08368875
0.08403404
0.08695291
0.08938924
0.09570215
0.09710815
0.09925537
0.09732299
0.09816345
0.09885905
0.0976524
0.09454228
0.09534517
0.09467499
0.1017114
0.1033893
0.1069449
0.1057895
0.1071118
0.1151324
0.1138175
0.1252735
0.1151179
0.1123816
0.1149272
0.116296
0.1286583
0.1308
0.1308233
0.1270632
0.1294281
0.1280528
0.1364003
0.1370397
0.1399012
0.1421104
0.1405186
0.1364914
0.1325453
0.1314404
0.1316779
0.1317549
0.1422724
0.1393783
0.1403842
0.1387248
0.1380396
0.1379515
0.1493343
0.1443376
0.1436833
0.1419699
0.14839
0.1469029
0.1486395
0.1564678
0.1608647
0.1748778
0.1709955
0.1711864
0.1746036
0.1679582
0.1673523
0.1725719
0.1757204
0.1708294
0.1804608
0.185132
0.2020275
0.1904207
0.1862743
0.1887131
0.1968351
0.199861
0.1952296
0.1948636
0.2009548
0.1949124
0.1900365
0.1874554
0.1820761
0.1856971
0.1916144
0.1856619
0.181777
0.1776289
0.1790334
0.1858948
0.1952251
0.1924906
0.1849306
0.1798664
0.1812777
0.1741101
0.1752529
0.1691199
0.1682194
0.1662975
0.1623791
0.160557
0.1659445
0.1624705
0.1639764
0.1673321
0.174813
0.1799285
0.1742138
0.1699831
0.1627959
0.1565787
0.1538835
0.1492861
0.1461743
0.1434222
0.1409986
0.1454205
0.1481842
0.1482827
0.1514875
0.1490517
0.1510288
0.1542119
0.1491361
0.1499181
0.1538255
0.1566158
0.1556735
0.1559116
0.1474457
0.1471605
0.1548952
0.1589913
0.158144
0.1522622
0.1687095
0.1652331
0.1623871
0.1662611
0.1597613
0.1545001
0.149383
0.1479746
0.1481998
0.1456397
0.1403902
0.138975
0.1442624
0.1485451
0.1538677
0.1702619
0.1679117
0.1664718
0.1717896
0.1691631
0.1629905
0.1695059
0.1693509
0.1640272
0.173773
0.1740143
0.1764288
0.1811318
0.176661
0.1722053
0.1606888
0.1671186
0.1703551
0.1682616
0.1724534
0.1740424
0.1697782
0.1652122
0.162938
0.1729742
0.1666849
0.1711735
0.1674166
0.1644244
0.1697256
0.1671327
0.1610754
0.1575929
0.1558329
0.169763
0.157358
0.1701481
0.1779394
0.1762172
0.170427
0.1756075
0.1773083
0.1728765
0.1799438
0.1798172
0.1792644
0.1724332
0.175116
0.1775515
0.1727085
0.1769436
0.178669
0.1773896
0.1798171
0.1821134
0.1864427
0.1867852
0.1799001
0.1629936
0.1521037
0.154452
0.1476011
0.1500699
0.1502913
0.152442
0.1450465
0.1407919
0.13643
0.1381435
0.1302281
0.1376379
0.1389645
0.1281109
0.1267408
0.1300592
0.1279234
0.1245113
0.124784
0.1185381
0.1220864
0.1189647
0.1189534
0.1212629
0.1160299
0.1224134
0.1255475
0.1208851
0.1260616
0.1287306
0.1266595
0.1287463
0.1278892
0.1221237
0.1214171
0.1143116
0.1188238
0.1170711
0.1120215
0.1164796
0.1209603
0.1197269
0.1158582
0.1213464
0.1226859
0.1224582
0.1257572
0.1282745
0.1218731
0.1234976
0.1179283
0.1164696
0.114995
0.117406
0.1132384
0.1151349
0.1142217
0.1091362
0.1034275
0.1071059
0.1068111
0.1081444
0.1157227
0.1187203
0.1152501
0.1165322
0.1180954
0.1210906
0.1225851
