3.498052
3.382482
3.529956
3.24123
3.302673
3.151158
2.871091
2.75453
2.630221
2.50467
2.460476
2.441213
2.259723
2.254996
2.180889
2.172265
2.15067
2.05082
2.00133
1.977831
1.932868
1.98153
1.864171
1.757111
1.73976
1.766088
1.748731
1.713605
1.591107
1.565861
1.521229
1.522343
1.478579
1.523293
1.392323
1.343171
1.271361
1.289926
1.294815
1.325211
1.291564
1.348232
1.290151
1.251457
1.299671
1.31347
1.340508
1.333638
1.397871
1.395804
1.419352
1.446894
1.417468
1.385602
1.447373
1.44263
1.369534
1.371937
1.336638
1.302357
1.348147
1.333454
1.346234
1.33625
1.354328
1.379805
1.362776
1.456113
1.493727
1.676837
1.561898
1.505324
1.496231
1.565614
1.498794
1.336673
1.338307
1.230681
1.240692
1.228531
1.194875
1.192059
1.226417
1.26744
1.254626
1.257639
1.240478
1.209323
1.223836
1.211081
1.240407
1.139958
1.202187
1.271723
1.229116
1.247117
1.310685
1.319174
1.343807
1.402253
1.322459
1.339896
1.366877
1.372894
1.34084
1.329991
1.245601
1.265928
1.245483
1.24143
1.170595
1.17564
1.237488
1.200637
1.249233
1.262901
1.20734
1.156996
1.183566
1.184985
1.244031
1.263287
1.233861
1.204725
1.160848
1.081711
1.080732
1.161882
1.120819
1.155056
1.13963
1.154441
1.088398
1.081654
0.9789547
0.9813211
0.9490907
0.9278918
0.9185886
0.8770596
0.863969
0.8160816
0.8325004
0.837923
0.8228887
0.7900785
0.7492039
0.7084707
0.7303036
0.6985238
0.6872289
0.7161631
0.6579799
0.649201
0.6606921
0.6872449
0.73947
0.6937782
0.7253409
0.738919
0.7984989
0.8606583
0.8150914
0.7907478
0.7890007
0.8258871
0.8105167
0.849308
0.8201848
0.7662562
0.8237637
0.8375315
0.8217707
0.8144388
0.8215248
0.8303055
0.8323394
0.8072555
0.8155482
0.806746
0.8243808
0.8006305
0.7981238
0.7804267
0.8092678
0.7887384
0.7945425
0.8137729
0.8435621
0.7908577
0.7999394
0.8039547
0.8379405
0.7969192
0.7897738
0.728822
0.7565088
0.803778
0.7956234
0.7841351
0.8030083
0.7467326
0.7954809
0.8195261
0.8144663
0.7925745
0.7195389
0.7246856
0.6966027
0.7121308
0.7004473
0.7436857
0.730993
0.725579
0.7159727
0.7213405
0.7228723
0.7036605
0.6881662
0.6856559
0.6927267
0.7056317
0.6560307
0.6512726
0.6604731
0.703067
0.6741118
0.7116525
0.7390541
0.7124079
0.7183997
0.7009333
0.7125248
0.7077176
0.6414223
0.6289294
0.5870511
0.5903361
0.5918558
0.600187
0.5563978
0.5465649
0.5591683
0.534332
0.5077806
0.5065729
0.4808626
0.5020449
0.5211985
0.5468174
0.5523994
0.566084
0.550903
0.5210164
0.5385468
0.5354733
0.5289966
0.5314008
0.5224318
0.5331846
0.492137
0.4860487
0.5086947
0.5217087
0.4890197
0.4980536
0.4818521
0.4576003
0.4719858
0.4574541
0.467579
0.4615254
0.4428168
0.4484199
0.4323166
0.4122421
0.4033845
0.3865996
0.4002482
0.4107406
0.4205385
0.4230082
0.4220966
0.4333228
0.4227607
0.4379691
0.4300463
0.4465357
0.4425029
0.4461771
0.4403612
0.4158372
0.4424127
0.4394174
0.4384896
0.4109812
0.4230355
0.41694
0.4043358
0.4032355
0.4045634
0.3895064
0.4031458
0.3950818
0.3941517
0.4084409
0.4010085
0.4108093
0.3964379
0.4029264
0.4171971
0.4043803
0.4035299
0.4120778
0.3856339
0.3839248
0.4047094
0.3915971
0.375637
0.36971
0.3783069
0.3635067
0.3585169
0.3779007
0.3666246
0.356687
0.3678497
0.3387706
0.3196566
0.3208397
0.3166741
0.3199156
0.3320075
0.3241149
0.3326477
0.3375231
0.3257573
0.3388831
0.3264128
0.3323133
0.3368307
0.3281299
0.3097047
0.3250106
0.3349193
0.3488685
0.3521358
0.3465155
0.3390171
0.333116
0.3604884
0.3693762
0.3719306
0.3611351
0.3619849
0.3426862
0.3327653
0.3360776
0.320762
0.3232055
0.3378142
0.3538312
0.3321936
0.3239436
0.331335
0.3232323
0.307016
0.3169528
0.3341468
0.338183
0.3464533
0.332752
0.3335297
0.3189766
0.298723
0.306139
0.3051682
0.3237696
0.3154333
0.3005221
0.2926929
0.2925649
0.2873935
0.2683138
0.2573891
0.2696567
0.2814612
0.2949512
0.2872834
0.2916866
0.2830006
0.2875669
0.2794218
0.2878606
0.2751338
0.2800768
0.2713626
0.2669692
0.2646492
0.2769232
0.2652823
0.269637
0.2919273
0.2681509
0.2724399
0.2767181
0.2805023
0.2831787
0.2672875
0.2707715
0.2649537
0.2671973
0.2586328
0.2558163
0.2448736
0.2283071
0.2300299
0.2321225
0.2327927
0.2306011
0.2298741
0.2359079
0.2342335
0.2602981
0.2549951
0.2518407
0.2639927
0.2618977
0.2624843
0.255418
0.254678
0.2517901
0.2653567
0.2477957
0.2494945
0.2557753
0.2683493
0.2769356
0.2720196
0.2566601
0.2661952
0.2518813
0.238743
0.2589957
0.256297
0.246957
0.2390898
0.2347909
0.2285969
0.2396808
0.241933
0.2335393
0.2351975
0.2386064
0.2451621
0.263167
0.2562134
0.2546284
0.2394324
0.2403646
0.2457308
0.2456425
0.2519947
0.2526418
0.2558325
0.2386908
0.2434756
0.2373788
0.228815
0.2321639
0.2258052
0.2274958
0.233734
0.229769
0.2338884
0.2388366
0.2339362
0.2399887
0.2407989
0.2497853
0.2576682
0.2572951
0.2746913
0.2751065
0.2797851
0.292254
0.3089075
0.3018736
0.296432
0.3033737
0.2970825
0.2992832
0.2643341
0.2653744
0.26764
0.2802987
0.2793994
0.2785254
0.2881696
0.27971
0.2768502
0.3039662
0.3259897
0.3311533
0.3187688
0.2963909
0.30011
0.2981889
0.2999113
0.2942703
0.3124483
0.2951364
0.2961825
0.2958533
0.3076331
0.2946253
0.2885653
0.2725125
0.27658
0.2640948
0.2555638
0.2492405
0.2558634
0.2576478
0.2591
0.2570649
0.2540691
0.2568303
0.2556262
0.264312
0.2720818
0.267928
0.2774291
0.2835752
0.279249
0.2943519
0.3058648
0.2923616
0.285153
0.2981388
0.301281
0.2964791
0.3022578
0.2914886
0.296768
0.2946206
0.2917766
0.2938272
0.2928603
0.2814167
0.2762674
0.2583852
0.2552885
0.2591449
0.2620417
0.2363091
0.2450123
0.2435893
0.2400367
0.2327957
0.2316231
0.2227277
0.2332932
0.2329145
0.2440055
0.2533631
0.2650385
0.2579005
0.2411569
0.2437513
0.2344593
0.2430663
0.2402863
0.2520901
0.2541479
0.2504337
0.2387414
0.2334616
0.2353565
0.2469381
0.2646691
0.2617984
0.2692867
0.2820264
0.264284
0.2574231
0.2717802
0.2748545
0.280449
0.2848842
0.2839002
0.2719122
0.2756569
0.2689686
0.2577162
0.2586937
0.266701
0.2619265
0.2423247
0.2350152
0.2226452
0.216119
0.217707
0.2214384
0.2121278
0.2199529
0.2126114
0.2161149
0.2107984
0.2106348
0.209045
0.2235614
0.2079257
0.2093436
0.2151791
0.2192498
0.2155544
0.2095022
0.2073072
0.2029556
0.2094203
0.2092968
0.2202823
0.2293568
0.2322684
0.2312333
0.211581
0.2035841
0.2084621
0.2189835
0.2196676
0.2216508
0.2166276
0.2124778
0.2334525
0.2197576
0.2166479
0.2282087
0.2434423
0.2386478
0.2458633
0.2445396
0.2300149
0.2232022
0.2249944
0.2166957
0.2299392
0.23334
0.2335826
0.2335657
0.2355969
0.228788
0.226589
0.2288384
0.2321865
0.2265803
0.2314761
0.2376223
0.2548849
0.2414581
0.2575487
0.2431914
0.2321196
0.2478107
0.2362175
0.2341191
0.2384467
0.2484606
0.2334683
0.2185852
0.2082508
0.2095172
0.2132815
0.2108571
0.2144033
0.2130612
0.1929372
0.1960134
0.1972902
0.1965259
0.205211
0.2057918
0.1958325
0.1952749
0.1914498
0.1884449
0.1901787
0.1848644
0.1932446
0.1875951
0.1910783
0.1871739
0.187859
0.1913245
0.1958289
0.1946127
0.2029716
0.2000879
0.1893391
0.1976322
0.2016177
0.1955073
0.1967868
0.2109208
0.2103076
0.2116338
0.2124004
0.21332
0.2076363
0.203365
0.2122917
0.2189278
0.2220934
0.2276352
0.230528
0.2454514
0.2410255
0.2406401
0.2493366
0.2493995
0.2388687
0.2595258
0.2629925
0.2604061
0.2488286
0.2455709
0.2549574
0.2578868
0.2368233
0.2354921
0.2354522
0.2431074
0.2379338
0.2445591
0.2522689
0.2648224
0.2572642
0.2576938
0.2781284
0.2763214
0.2664693
0.2733754
0.2715571
0.2643135
0.2665282
0.2650455
0.2889353
0.2796826
0.2747406
0.2701432
0.2498648
0.2610526
0.2535148
0.2453073
0.2442978
0.242188
0.2517483
0.261414
0.2649402
0.2597821
0.2681438
0.2689473
0.2680229
0.2716334
0.2824238
0.2892385
0.2772796
0.2670416
0.2789018
0.280766
0.2932953
0.2908719
0.2778094
0.2868693
0.2880304
0.3017712
0.3137446
0.3068656
0.2893701
0.2793643
0.2801397
0.2822874
0.2644457
0.2773059
0.2600143
0.2687868
0.2606691
0.2573206
0.2325239
0.238199
0.2534073
0.2550633
0.2591937
0.2650039
0.2757139
0.2762481
0.3083042
0.2940079
0.2766308
0.2836537
0.2969849
0.3016824
0.289006
0.2790525
0.2795052
0.2789514
0.2917103
0.3024979
0.3007873
0.3002334
0.3070026
0.3041471
0.2952329
0.297489
0.2902089
0.2821235
0.2884721
0.2916687
0.2932547
0.2889766
0.2753383
0.2673325
0.2745485
0.2714954
0.2832039
0.2929091
0.3151893
0.3218438
0.3191929
0.3105037
0.3027813
0.3099846
0.3088819
0.3168229
0.3155913
0.3118552
0.3027717
0.3074523
0.297736
0.2914199
0.282065
0.283804
0.2824014
0.2808034
0.2855842
0.2811615
0.2676136
0.2506156
0.2502822
0.2468245
0.2557127
0.254806
0.2593368
0.2611217
0.2713443
0.2767708
0.2675125
0.2568474
0.2371547
0.2384214
0.2346048
0.2274806
0.2278139
0.2257898
0.2402614
0.2510836
0.2650385
0.2616065
0.2794907
0.2912085
0.2963905
0.288048
0.2844964
0.2643359
0.2691555
0.2513022
0.2457607
0.247048
0.2539558
0.259712
0.2676565
0.2848637
0.2959776
0.2734828
0.2797044
0.293193
0.294844
0.2844049
0.2942379
0.3015803
0.3116381
0.3051409
0.3219414
0.3365626
0.3523581
0.363337
0.3449045
0.3302629
0.3159778
0.334005
0.3194982
0.3218174
0.3118643
0.3032529
0.3079875
0.2924829
0.2953504
0.2915605
0.2863354
0.2861122
0.28388
0.2708052
0.2563922
0.2661548
0.2602037
0.270352
0.2635956
0.2617874
0.2559074
0.2525376
0.265416
0.2771531
0.2591463
0.271867
0.2830934
0.2792113
0.290697
0.284952
0.2983358
0.3007049
0.2936688
0.2729994
0.2628412
0.2869551
0.2885177
0.3043249
0.2990584
0.3068409
0.3177033
0.3383117
0.3340955
0.3403593
0.3417138
0.3305863
0.3123558
0.3197652
0.3201619
0.3301392
0.3460696
0.3643551
0.3798369
0.3721542
0.3700454
0.3728633
0.3927088
0.3819948
0.3712772
0.4102362
0.3788381
0.3764272
0.3693492
0.3552583
0.362075
0.3502186
0.3226442
0.3385346
0.3459559
0.3391996
0.3319126
0.3370965
0.363492
0.3762279
0.3879002
0.3658389
0.3789001
0.3750231
0.3858968
0.364604
0.3721318
0.3740152
0.3862112
0.4002534
0.4015836
0.4183977
0.4042976
0.4124127
0.4098486
0.4170712
0.4012609
0.3824517
0.3883254
0.3820307
0.3646823
0.3691507
0.3859323
0.3671133
0.3838309
0.3667902
0.3591766
0.3475362
0.3177311
0.3343817
0.3179859
0.3167426
0.3174459
0.3231251
0.3200369
0.3123694
0.2969946
0.3000237
0.3029948
0.2775011
0.2653015
0.2804811
0.2854927
0.2905878
0.2695365
0.2815045
0.2727996
0.2663168
0.2720741
0.269251
0.2684555
0.2644927
0.2582215
0.2581382
0.2596238
0.2632378
0.273557
0.2696906
0.2732659
0.2552017
0.2643926
0.2584147
0.2641394
0.2697024
0.2576723
0.2565931
0.2499351
0.260668
0.2579637
0.2456674
0.2378296
0.2185285
0.2102595
0.2077249
0.2135907
0.2146229
0.2220224
0.2162797
0.2225425
0.2186959
0.2111938
0.2105255
0.2184972
0.2169506
0.212381
0.2189389
0.2296587
0.2260746
0.2282707
0.2229064
0.2355474
0.2330297
0.2237102
0.2141315
0.2133841
0.2106709
0.2144826
0.2102069
0.2082485
0.1975334
0.1942557
0.1988352
0.2022785
0.2002695
0.1979414
0.1852146
0.1812249
0.1863009
0.193264
0.1903002
0.1818855
0.1726883
0.1618713
0.1592247
0.1565216
0.1533106
0.1563802
0.1541056
0.1572716
0.1564271
0.1618488
0.1603288
0.1506619
0.1472805
0.1402265
0.1303949
0.1248097
0.1190372
0.1199333
0.1202585
0.1240799
0.1260955
0.1275857
0.1298562
0.1329923
0.1429302
0.1498779
0.1484855
0.1554943
0.1516485
0.1508238
0.1506922
0.1540264
0.1511799
0.1500509
0.1450341
0.1447168
0.1396801
0.1414345
0.1356203
0.134126
0.1347395
0.1404519
0.141552
0.1453973
0.1508224
0.150572
0.1516866
0.1495668
0.1510723
0.1522824
0.1466111
0.1520814
0.1578557
0.1533074
0.1650246
0.1670644
0.1738685
0.1733984
0.1697863
0.160377
0.1539358
0.1488048
0.1525816
0.1540114
0.1510387
0.1437793
0.1421224
0.1427433
0.1377358
0.1392601
0.1379924
0.1297784
0.142219
0.1386104
0.1349527
0.143774
0.1445217
0.1412017
0.1385122
0.1319127
0.1370122
0.1348606
0.1308264
0.128516
0.1230437
0.1205512
0.1211969
0.120183
0.1219038
0.1319243
0.1327048
0.131226
0.127754
0.1281413
0.1275583
0.13007
0.125331
0.1245829
0.124745
0.1265957
0.1242184
0.1232095
0.1276322
0.1213691
0.1158231
0.1176659
0.1172995
0.1184144
0.1252905
0.1355233
0.1384406
0.1387557
0.1432458
0.1435993
0.1511035
0.1474991
0.1521389
0.1501993
0.1522347
0.14587
0.1459298
0.1519888
0.1498727
0.1508345
0.1522341
0.1543778
0.1607768
0.1648459
0.1699595
0.1708305
0.1738914
0.1807274
0.1860805
0.1979163
0.1983582
0.2007928
0.2010286
0.1969585
0.1961151
0.2034803
0.2113305
0.2002002
0.1939183
0.1975573
0.1867728
0.1725691
0.1822714
0.1855619
0.1778182
0.1725187
0.1716463
0.1732975
0.165383
0.1656979
0.1692153
0.1748581
0.1745426
0.1714036
0.1732626
0.1659178
0.1697491
0.1745011
0.1706812
0.1681844
0.1625566
0.1556635
0.1583513
0.161571
0.1650608
0.170561
0.1676351
0.1675803
0.1687095
0.1719367
0.1679824
0.1676731
0.1676986
0.1711437
0.1789249
0.186419
0.1801351
0.1810439
0.1845337
0.1936135
0.192229
0.1891551
0.1846982
0.1835295
0.1826
0.1811299
0.1772793
0.178864
0.1680564
0.1720144
0.1736023
0.1775642
0.1832268
0.1798272
0.1711107
0.1663596
0.1553899
0.1500781
0.1476098
0.1468499
0.1426872
0.1463617
0.1408673
0.1554011
0.1516752
0.1522253
0.1432455
0.1472379
0.1505107
0.1520662
0.1518058
0.1523602
0.1517165
0.147627
0.1509395
0.1401025
0.13557
0.1305727
0.1304557
0.1348571
0.1394093
0.1405061
0.1478339
0.1518403
0.1559773
0.15525
0.1434287
0.1550942
0.1634955
0.1733571
0.1721752
0.1779071
0.1740664
0.163345
0.1541791
0.1638148
0.1686859
0.1632681
0.1572441
0.1520928
0.1478028
0.1430204
0.1438174
0.1494143
0.148584
0.1565407
0.1623529
0.1527812
0.1644039
0.1664657
0.1586333
0.147235
0.1445912
0.1431022
0.1367931
0.1387938
0.1411303
0.1449329
0.1395824
0.1426084
0.1386388
0.137132
0.1356452
0.1374867
0.1383049
0.135813
0.1406078
0.1370379
0.1313751
0.1319961
0.1292182
0.1348863
0.1427558
0.1493732
0.1513862
0.1505758
0.1576329
0.1582426
0.1728665
0.1620942
0.1536481
0.152403
0.1611965
0.161836
0.1558856
0.158339
0.1609221
0.159387
0.1616798
0.1650453
0.1653045
0.1715327
0.1703584
0.1788635
0.1745879
0.1670987
0.1572755
0.1598556
0.1612143
0.1569993
0.1520499
0.154782
0.1581978
0.1621931
0.1648281
0.1685811
0.1736346
0.1739282
0.1864313
0.1876038
0.1887629
0.1830211
0.1817443
0.1785972
0.1792109
0.184364
0.1809504
0.1715765
0.1810477
0.1830609
0.1776236
0.1763388
0.1821236
0.1798404
0.1769978
0.1825517
0.181843
0.1833079
0.1794664
0.1730363
0.1860476
0.1883761
0.1872343
0.1918533
0.1858912
0.185876
0.1774794
0.1756785
0.1744991
0.17095
0.1686404
0.1713362
0.1677615
0.1627621
0.1541028
0.1490303
0.1511429
0.1729877
0.1668506
0.1638458
0.1656145
0.1652191
0.172196
0.1714562
0.1692105
0.1644138
0.1525972
0.1481144
0.1462271
0.1505566
0.1524215
0.1600418
0.1477863
0.1477776
0.1507895
0.1442249
0.1462109
0.1553729
0.1475389
0.1552599
0.156648
0.1604355
0.1527708
0.1500323
0.1515145
0.1545603
0.1470478
0.1414859
0.1456883
0.1364695
0.1370728
0.137369
0.1437378
0.1535733
0.1567083
0.1550039
0.1540102
0.1504342
0.1549186
0.153685
0.1563552
0.1544215
0.1502174
0.1521817
0.1594089
0.155087
0.1544572
0.1564731
0.1552667
0.1561644
0.1616888
0.165035
0.1677091
0.1731172
0.1728811
0.1801852
0.1726108
0.180652
0.1816113
0.1802159
0.181781
0.1733036
0.1775097
0.1688346
0.1703853
0.1638361
0.1745661
0.1780766
0.1717045
0.17557
0.1615293
0.1651415
0.16779
0.1730783
0.1766094
0.1859807
0.1884015
0.2028481
0.1976536
0.1975732
0.2045801
0.2020726
0.2095878
0.2084751
0.1976121
0.2048812
0.2046762
0.2129448
0.2094109
0.2014191
0.2005077
0.1978693
0.1947616
0.1859831
0.1838266
0.1854701
0.1918827
0.1842418
0.1764145
0.1685951
0.1673813
0.1717115
0.1729634
0.1767923
0.1804361
0.1830263
0.1784329
0.1797594
0.1764945
0.1771542
0.1700457
0.1686221
0.1651776
0.1603087
0.162881
0.1659347
0.166448
0.1682236
0.1660186
0.1680596
0.1660778
0.1610573
0.1552493
0.1655184
0.1692672
0.1766204
0.1676963
0.1717801
0.1765664
0.1772725
0.1786121
0.1852983
0.1817656
0.1841438
0.1918038
0.1977766
0.2030694
0.2026494
0.1896178
0.1899188
0.1924961
0.188255
0.1810323
0.1856957
0.1895408
0.1895761
0.1877566
0.1986237
0.2051501
0.1934653
0.2064979
0.1945596
0.2030176
0.2027831
0.2023962
0.2029171
0.2088983
0.2008267
0.20438
0.2206509
0.2173872
0.2089998
0.1969514
0.1992198
0.1869546
0.1838981
0.1866937
0.1830102
0.19019
0.1763338
0.1788785
0.1957917
0.1880286
0.1904965
0.2070561
0.2091611
0.2026024
0.1945037
0.2047425
0.2008185
0.1995046
0.2057303
0.2013542
0.1873052
0.1934107
0.1946675
0.1922433
0.1886274
0.1808464
0.1771431
0.1888453
0.1813628
0.1777978
0.1629966
0.1608506
0.1605957
0.1582284
0.1656409
0.1576146
0.1633467
0.1635107
0.1615369
0.1566472
0.1482134
0.1441231
0.1492231
0.149167
0.153421
0.1564148
0.1655579
0.170064
0.1612116
0.1625648
0.1608458
0.1598076
0.1562904
0.1575269
0.1607294
0.1608799
0.1601412
0.168099
0.1698577
0.1627735
0.1629597
0.1652783
0.1730353
0.1659194
0.1667981
0.1729798
