2.678221
2.596929
2.701195
2.568399
2.684462
2.567515
2.718368
2.454693
2.235975
2.26496
2.513533
2.956826
3.094254
2.836715
2.863144
2.749134
2.403323
2.361893
2.472503
2.344979
2.395551
2.348915
2.628913
2.685901
2.863949
2.783029
2.829321
2.606396
2.899919
2.82688
2.834978
3.097047
3.097286
2.956252
2.60306
2.518828
2.858052
2.710994
2.384776
2.456711
2.642289
2.507864
2.598064
2.44959
2.268863
1.97212
2.213095
1.987629
2.309213
2.232044
2.541411
2.734411
2.907727
2.798883
3.225381
3.300168
2.977732
3.014013
3.215784
2.950052
2.548144
2.689666
2.735175
2.585945
2.260048
2.258767
2.156089
2.163488
2.128207
2.231368
2.422953
2.187766
2.268047
2.335354
2.350922
2.18775
1.964899
1.841462
2.039022
2.200781
2.106552
2.006998
2.294511
2.217989
2.365532
2.085275
1.836037
2.291186
2.224037
2.292927
2.340376
2.265737
2.47458
2.275448
2.389612
2.256555
2.214532
2.378685
2.127582
2.121357
2.433874
2.325626
2.454828
2.692163
2.857468
3.059995
2.849256
2.769025
2.54752
2.784449
2.812992
2.939733
2.627003
3.284478
2.900109
2.624365
2.779177
2.64335
2.837731
3.054799
3.293194
3.716118
3.510413
3.124307
3.026113
3.077764
2.91262
3.133561
3.239748
3.590594
3.744808
3.856486
3.526862
3.925702
3.570594
3.544837
3.24726
3.565817
3.506298
3.766986
4.408165
4.411926
4.524296
4.226216
4.314053
3.814238
4.687146
4.935227
5.063612
5.240777
4.831247
4.217458
4.68939
4.267562
4.401167
4.311947
4.228807
4.148875
4.344862
4.695551
4.461432
4.568177
4.60894
4.719342
4.296058
4.65505
4.437304
4.645405
4.18589
4.209764
4.870412
5.142473
5.141942
4.80431
4.420027
5.524831
5.662259
5.686439
5.760153
4.986708
5.302985
5.310241
5.592862
5.442158
5.719599
6.258334
6.507863
6.377121
6.507673
6.622928
6.433317
5.452006
5.391728
5.222947
4.883474
4.920621
5.060575
4.927533
5.139933
5.497291
5.472041
4.855237
4.7571
4.709777
4.326146
4.462872
5.007309
4.82693
4.95624
4.932178
5.557604
4.912266
4.682035
4.062747
4.061144
3.86836
3.989068
3.691164
3.811271
4.227637
3.796405
4.578468
4.47656
4.73597
4.740411
4.83757
4.595591
4.364183
4.732067
4.653944
4.421698
5.019163
4.039415
4.235681
4.072897
3.628413
3.592668
4.026431
3.749458
3.591972
4.015711
4.195979
4.110517
3.606567
3.644684
4.004738
3.83262
3.749506
4.170747
4.647379
4.09782
4.082845
3.612211
3.645415
3.64477
4.182455
4.173077
3.982981
4.517131
4.391343
4.317839
4.305613
4.194866
4.829921
4.040553
4.726885
4.747754
4.599116
4.697412
4.758797
5.033027
4.800044
5.259713
5.477936
4.652999
4.932934
4.65843
4.660036
4.628466
5.021829
5.13034
4.378092
4.010673
4.389026
4.887417
4.508835
4.024746
4.034472
3.819873
3.431966
3.742238
3.961961
3.856183
4.707429
5.167237
4.511223
4.305211
4.131931
4.198598
4.23658
4.422905
4.342341
4.345419
4.4377
4.314553
4.522641
4.417519
4.492892
4.185412
4.913944
5.337743
4.990992
4.904095
5.500153
5.625355
5.012329
5.321675
5.185716
5.744263
6.447049
6.774891
6.671899
6.850617
5.675202
5.587545
5.635469
5.475722
5.4435
4.60292
4.590032
4.95495
4.999364
4.666574
4.543587
4.601738
4.507012
4.522502
3.994998
3.7735
4.304204
4.711416
3.892199
3.607112
3.348732
3.087996
3.703571
3.44602
3.583782
3.013694
2.933309
3.284637
3.237961
3.516952
3.44798
3.460742
3.011391
2.616868
2.658169
2.756482
2.978643
2.831966
2.666128
2.907121
2.646402
2.694067
2.847093
2.78989
2.987164
3.074355
2.756075
2.967818
2.740817
2.959291
3.017854
3.001521
2.606786
2.694139
2.915576
2.855228
2.829551
3.009628
2.615449
2.798672
2.714432
2.723666
2.76457
2.520498
2.229382
2.129361
2.485421
2.634391
2.759809
3.183368
3.102534
3.295735
3.573588
3.491017
3.54877
3.794118
3.778721
3.743886
3.597163
3.795899
3.966575
3.971887
3.783542
3.528995
3.240389
2.905063
2.878746
2.989797
3.038864
3.514557
3.585952
3.501986
3.329965
3.639478
3.468243
3.316212
3.469069
3.558439
3.473985
2.928557
2.991411
3.2154
3.177991
3.125671
2.819451
3.182776
2.850695
2.910122
2.625101
2.66701
2.63269
2.804316
2.91391
2.740369
2.91739
2.87547
2.834037
2.698971
2.680819
2.667187
3.047558
3.022334
2.826344
2.661165
2.689189
2.402433
2.593158
2.47758
2.494544
2.85982
2.828114
3.107304
3.260199
3.127675
2.667279
2.266188
2.090004
2.21312
1.896633
1.992919
2.160253
2.268813
2.399484
2.375168
2.632042
2.766257
2.550657
2.613814
2.583948
2.657139
2.598617
2.799189
3.072352
2.899719
2.791419
2.738901
3.044981
2.979136
3.042496
3.062854
2.826944
2.793436
2.648738
2.421825
2.406956
2.385182
2.553395
2.410409
2.299715
2.469631
2.365725
2.47973
2.537536
2.463934
2.335039
2.44253
2.55877
2.294438
2.386712
2.496503
2.309049
2.160469
2.315909
2.490688
2.567904
2.897712
3.011577
3.070883
3.400519
3.138776
2.68703
2.793774
2.912773
3.22485
3.003611
2.921565
2.939266
3.293537
3.675464
3.775218
3.518059
3.424703
3.499945
3.438205
3.606515
3.783298
4.077688
3.459743
3.359723
3.416644
3.470324
3.46672
3.930679
3.959267
3.702267
3.909257
4.355427
4.352619
4.202099
4.450151
4.484741
4.650642
4.396575
4.153282
3.831559
4.136321
4.612168
4.683964
4.753987
4.539008
4.286881
4.882889
4.880462
4.697832
4.283358
4.734353
4.928161
4.638907
4.13456
4.276347
4.177831
4.278982
4.428633
4.175961
3.938834
3.643301
3.735371
3.606982
3.433314
3.711037
3.886673
3.800773
4.022071
3.706599
3.542474
3.899828
3.622537
4.051429
3.88537
4.158852
4.047218
4.186948
3.727954
3.327954
3.166268
3.580669
3.556875
3.459059
3.862478
3.263175
3.014282
3.209673
3.487646
3.661858
3.532343
3.437718
3.628229
3.730097
4.065471
3.664762
4.114675
4.063157
4.590457
4.547459
4.615745
4.57981
4.578805
4.425968
4.537217
4.517824
4.229277
4.555245
4.248189
4.26294
3.934219
3.394524
3.734732
3.542781
3.431699
3.224678
2.937128
3.036078
3.357024
3.133325
2.987944
3.029737
3.263684
3.655827
3.819825
3.978998
4.077352
4.177061
4.037333
3.764309
3.747082
3.967042
4.021251
4.089849
4.369351
4.232902
3.778138
3.253939
2.924542
2.878678
3.493285
3.298723
3.364161
3.118597
3.514018
3.33202
3.267011
3.117972
3.065034
2.924691
3.172729
2.965209
2.619398
2.673445
2.851335
2.888789
2.887704
2.877402
2.756024
2.703793
2.833131
2.824502
2.865961
2.909314
2.830735
2.635784
2.482321
2.481628
2.475692
2.695929
2.421504
2.11742
2.308009
2.044156
2.298296
2.17761
2.286014
2.488714
2.589767
2.581601
2.695005
2.614314
2.657129
2.627195
2.392838
1.969439
2.049338
2.210034
2.223003
2.361894
2.227274
2.073859
1.954976
2.218938
1.98848
1.959336
2.1769
2.280977
2.390627
2.503235
2.854047
3.006349
2.720318
2.7546
3.118262
3.103479
3.549733
3.729257
3.254498
3.469874
3.316746
3.654223
3.457264
3.17787
3.545003
3.165855
3.307965
3.530009
4.089981
3.661941
3.065493
3.167524
3.350874
3.568044
3.811412
4.163862
4.038023
4.060309
4.320896
4.211976
4.442668
4.180421
5.202104
5.228104
4.663733
4.543141
4.397516
4.204894
3.711355
3.242612
3.382632
3.585891
3.637716
4.116734
4.095235
4.074918
4.566908
4.223465
3.699999
3.949878
4.301354
4.091351
4.389454
4.247366
4.783102
4.804996
4.40059
3.88695
4.049768
3.412646
3.449421
3.546271
3.97066
3.741296
3.519554
4.019311
3.838039
4.093743
4.051786
4.118595
4.51334
5.131824
5.407107
4.722758
4.467709
4.83659
5.358083
4.628101
4.759805
4.35337
4.752772
4.312015
5.025751
4.349549
4.342126
4.233865
4.216536
4.470866
4.920234
4.909688
4.768443
5.106113
4.53778
4.135817
4.127857
4.199844
4.286894
4.153452
4.715079
4.456565
4.954394
5.301191
4.463901
4.72471
4.662284
4.446203
4.343372
4.259719
4.12574
4.153456
3.720599
3.632125
3.176576
3.331955
3.531555
3.211153
3.084592
3.095766
2.966619
3.034469
3.237418
3.054824
3.137841
2.773024
2.926573
2.943552
3.1509
2.825433
2.729952
2.481599
2.429057
2.382433
2.419145
2.783911
2.904041
2.934499
2.537834
2.495856
2.465947
2.607391
2.920169
2.762532
3.147652
3.043941
2.683024
2.684156
2.747623
2.739483
2.809349
2.456422
2.647907
2.733871
2.99343
3.069853
3.138138
3.127682
2.665675
2.579749
2.489606
2.587576
2.761591
2.923018
3.663834
3.286076
3.574433
3.069131
2.773847
2.705671
3.282145
3.385141
3.231054
3.030207
2.781622
2.598638
2.689619
2.900477
2.627214
2.736925
2.746501
3.228826
3.191501
3.672721
3.910769
3.609412
3.452506
3.572367
3.498732
3.497355
3.74461
3.576017
3.551028
3.636491
3.99852
3.60691
4.060116
4.250001
4.579791
4.610474
4.865664
4.866196
4.874078
4.449804
4.235444
4.133332
4.123282
3.878259
4.188222
4.046222
4.31106
3.823147
3.972115
4.959948
4.78363
4.727194
4.888105
5.327337
5.039461
4.524325
4.56089
4.659768
5.683824
5.182358
5.850529
5.493816
4.904521
4.935956
5.370908
5.663365
5.869571
5.662687
5.198967
5.266949
4.954038
4.492505
4.100268
4.487785
4.58297
4.755374
4.938421
4.542809
4.886187
5.266739
4.708555
3.826223
4.422724
4.058994
4.170665
3.960993
3.942314
3.891234
3.640002
3.00485
3.570164
3.776677
4.118852
4.270099
4.553575
4.920079
5.155733
4.829406
5.190878
4.649648
4.955284
5.477442
5.626809
5.847387
5.839866
5.375197
5.174984
5.044283
5.398519
4.993849
5.093291
4.491686
4.516781
4.557251
4.252693
4.002769
3.722218
3.895402
3.515143
3.398403
3.680616
3.49848
3.730676
3.202431
3.298553
3.578098
3.505929
4.123598
4.561361
5.009725
5.199462
5.142019
4.70507
4.937488
4.932726
4.177679
3.854108
4.396041
4.593199
5.321701
5.594888
4.892593
4.493249
4.390655
4.29786
3.700636
4.092218
3.798104
3.515193
3.865537
3.670481
3.21455
3.362545
3.253108
3.091531
3.376171
3.459377
3.787951
3.500828
3.474143
3.746216
3.960309
3.33805
3.509052
3.382808
3.17866
3.332783
3.536584
3.161353
2.999713
2.874022
3.202036
3.044619
2.702411
2.825459
2.925363
3.317058
3.135447
2.789497
2.710657
2.461001
2.527826
2.913763
2.871234
3.139831
3.323276
2.906877
3.001734
2.644899
2.758135
2.70846
2.453476
2.414094
2.140186
2.109336
2.358126
2.223762
2.475253
2.689446
2.922557
3.049316
3.284543
3.37298
3.165576
2.810891
2.584155
2.629294
2.993414
2.848236
2.681267
2.824019
3.01419
2.944025
3.007466
3.110631
3.789447
4.245704
5.139032
4.4343
4.016374
4.574678
4.575675
4.497118
4.866585
5.171433
5.013874
5.5417
5.164984
5.165952
5.248184
5.094221
4.341283
4.508173
3.836906
4.414441
4.135713
4.425107
4.597524
4.35271
4.720367
4.57425
4.480929
3.839199
3.887771
4.551203
5.233533
5.176867
5.4286
4.517357
4.436795
4.454157
4.267498
4.539994
4.2347
4.463214
4.803025
4.600157
4.162603
4.459331
4.345275
4.189568
4.770988
4.687286
5.124697
5.062029
4.496852
4.652322
4.704642
4.82447
5.134556
4.755125
5.726541
5.484833
4.609694
5.002308
5.648755
6.215199
6.107887
6.185229
6.787106
6.148795
6.092672
6.065456
7.381005
6.996349
7.709564
6.983986
6.324702
6.73006
6.638816
6.870742
6.918838
7.122071
6.918788
6.876776
7.359159
7.123932
7.957064
8.113526
7.956599
6.445847
6.107664
6.120656
5.489121
5.342128
5.614158
5.857937
5.529121
5.339144
5.208528
4.840718
4.333985
3.68038
3.425305
3.512602
3.578024
3.856679
3.404166
3.163426
3.37313
3.693315
3.652208
3.706346
3.854256
4.071068
3.88251
4.211481
4.42611
3.924405
4.234349
4.252228
4.46283
4.426866
3.761854
3.166359
3.749969
4.073586
4.079895
4.165107
4.081174
4.180496
4.148699
4.27032
4.393463
4.019376
4.103573
4.413609
4.388125
4.371891
4.3202
4.473833
4.575351
5.168467
5.227868
5.062643
4.408759
4.785073
4.718548
4.913054
4.89738
4.499857
4.602591
4.040145
4.221874
3.986981
3.642738
3.690453
3.671024
3.54501
3.389384
3.711721
3.805321
4.060332
3.869386
4.113611
4.180935
4.115938
3.813838
3.747098
3.130816
3.229889
3.736324
4.043575
3.784994
3.57594
3.382653
3.325563
3.428913
3.533267
4.159695
4.086439
3.770089
3.79087
4.077813
3.971027
3.167569
3.279265
3.016613
3.350108
3.490618
3.301057
2.992081
2.900002
3.206559
3.504563
3.390772
3.196909
3.044029
3.548334
3.510947
3.208585
2.871534
3.036672
2.715465
2.869366
3.30385
3.087814
3.14993
3.384787
3.301465
3.150206
3.834359
3.560213
3.238546
3.100236
2.757371
2.544575
2.504125
2.485663
2.366984
2.361505
2.471129
2.288797
1.992491
2.157608
2.029771
1.964337
1.943428
2.042229
2.056863
2.180805
2.163504
2.161067
2.411872
2.259004
2.732069
2.726672
3.353254
3.392011
3.384059
3.679703
3.710881
3.87481
3.655813
3.526952
3.832965
3.484146
3.042251
3.133032
3.409771
3.128443
3.749755
3.670334
3.682823
3.334397
3.649628
3.747859
3.612549
3.538077
3.234956
3.252635
3.284938
3.059208
3.329336
3.646482
3.360528
3.257563
3.647319
3.72307
3.780662
3.862363
3.726128
3.68823
4.142151
4.316973
3.811897
4.243161
4.462836
4.50864
4.219346
4.067337
3.864842
4.184346
4.289916
4.625068
4.653002
4.909906
5.116894
4.620584
4.341925
4.617566
4.765133
5.417272
5.803884
5.874016
5.388645
5.381376
5.554386
5.570907
5.292933
4.734789
4.702317
4.616839
4.723017
4.233108
3.860604
4.002567
4.229222
3.963863
4.201126
4.572303
3.959631
4.148161
4.295275
4.72772
4.932565
5.162205
4.425767
4.362385
4.365303
4.592434
4.286083
4.52972
4.346307
5.031242
5.292696
4.859914
4.763308
4.662053
5.187619
4.999993
4.637902
3.976887
3.588547
3.781353
3.591334
3.338793
3.199756
3.228811
3.412496
3.180302
3.580258
3.311322
3.600173
4.087598
3.778978
3.923065
3.581337
3.509686
3.54756
3.78533
4.203484
4.04424
3.778
3.783945
3.504767
3.254736
3.005451
2.798372
3.402997
3.249713
3.35915
3.411982
3.66111
3.090033
3.336082
3.575712
3.412917
3.461308
3.572566
3.019015
3.290819
3.093433
3.183784
3.61418
3.774158
3.674354
4.064005
4.745975
4.725793
4.556816
4.597231
4.210249
4.19203
3.969122
4.020722
4.074559
3.936904
4.420949
4.302998
4.22221
3.522431
3.436512
3.427463
3.264002
2.93082
2.747212
2.685529
2.929838
3.225966
3.411205
3.499342
3.237963
3.571527
3.469089
4.029595
4.459339
4.066429
3.59076
3.83536
4.282438
4.180852
4.403472
4.554217
3.932492
3.659035
3.825976
4.062773
4.317536
4.253065
4.309402
4.02013
4.010878
3.974201
3.763777
3.720476
4.30813
4.522272
4.951274
5.021071
4.733276
4.564313
5.095303
4.819334
5.261362
5.43529
5.768867
5.645519
5.808497
5.74204
5.676644
5.578414
5.435166
6.02809
5.876096
6.797797
6.322469
6.588132
7.435833
6.868648
6.125315
6.429373
6.183372
5.752689
5.882183
5.505909
5.377913
5.49519
6.030495
5.824588
5.763149
5.678095
4.853552
4.572747
4.96795
5.025956
4.965341
4.766489
4.502967
4.733772
5.292456
4.842944
4.157142
4.049815
4.50439
4.550944
4.211952
4.425647
4.293482
4.501824
4.79141
5.144128
5.00807
4.88949
4.912459
5.788548
5.92867
5.856796
4.890801
5.189867
5.000765
4.687107
5.104944
5.291006
5.803946
5.224098
5.794917
5.140124
5.540315
6.269451
6.405609
6.202007
6.447944
6.465943
5.607517
5.297201
4.6728
4.435456
4.665568
4.959369
5.418408
4.691859
4.708611
4.144593
3.778627
3.931892
4.04103
4.308295
3.852163
4.56537
4.331139
4.230455
4.417913
4.270285
4.253938
4.221357
3.979107
4.663795
4.014633
3.631874
3.619299
4.025501
3.870069
4.007346
3.862449
3.831455
3.79098
3.882722
3.85118
4.147183
4.236491
4.816073
4.810902
4.663026
4.162767
4.141332
4.002467
3.699711
3.582014
3.497326
3.610272
3.556892
3.379866
3.747706
3.82119
3.592333
3.887771
3.905255
3.962153
3.379187
3.344923
3.555096
3.622517
3.076099
3.761989
3.884671
3.806419
3.228487
3.300191
3.847882
3.756734
3.924188
3.854022
3.548191
3.379401
3.898307
4.438118
4.30927
4.591113
4.29245
4.247115
3.789657
3.375355
3.210546
3.334172
3.359823
3.144651
