34.34776
35.76063
37.75392
40.70819
41.73308
44.20435
47.11187
48.35306
48.97484
50.84736
51.25798
53.24725
52.75688
55.53474
56.3262
59.07994
62.47269
63.72089
64.0809
65.99738
69.01764
70.44957
72.33917
71.83209
70.73853
73.05492
74.42046
75.65669
75.45069
77.13249
74.07226
72.14474
69.69164
68.89851
67.38286
67.54646
66.91313
69.73223
71.76233
73.89224
76.0132
75.97126
76.25769
75.44303
76.92464
76.87674
78.45756
78.25293
78.90736
75.94384
79.16672
78.73039
76.82841
76.41241
75.99899
76.98818
76.83904
79.54197
78.19614
76.42492
81.77751
80.42231
79.42796
78.28598
77.29026
77.04556
79.70267
78.32974
78.52641
76.32331
78.39471
78.12308
77.64477
81.98351
81.84489
87.00096
88.55876
90.43663
92.41113
91.38715
86.51911
85.38161
88.13647
85.16181
91.28183
91.71374
92.36291
98.44026
99.55064
99.04327
97.62306
96.34892
99.53791
98.08143
100.433
106.278
107.465
106.9699
100.8876
102.1826
98.67592
97.95903
95.11682
98.65242
98.55758
94.35899
94.44115
94.82283
91.88434
93.66767
97.7828
96.48184
93.78003
98.49623
96.55006
94.80338
97.30804
93.16504
98.66151
101.1917
102.5629
104.3032
104.4743
101.8834
102.0657
101.7719
99.09252
94.02459
96.71562
93.89048
92.25383
94.6679
99.25988
100.1855
101.2607
99.13574
101.3606
106.449
105.9833
105.5337
105.0547
104.6137
104.2358
103.6575
103.6399
108.7628
113.7079
112.6624
108.7392
110.2682
106.6748
104.5941
103.1258
103.8039
106.0469
105.0272
104.6651
105.9089
108.0663
116.8308
117.5411
128.49
132.2681
127.3531
127.2784
125.3812
123.683
125.2638
123.5183
121.914
122.4162
126.9262
129.1494
125.8226
122.7294
122.6209
127.4066
125.355
125.7027
121.0621
118.2817
119.2435
120.4254
122.0641
125.6004
129.7133
120.6788
121.3495
118.0073
120.7092
120.0562
117.91
115.6869
115.2969
118.3001
123.4989
120.8511
121.072
121.9533
121.5172
115.293
117.9323
109.9219
106.8674
107.733
105.7719
106.5384
109.6597
114.8226
116.4857
119.9034
115.5793
113.7698
121.23
118.1523
116.6515
113.0969
113.654
116.2891
112.351
109.3561
110.8332
107.3152
107.1818
108.7688
108.1118
109.8131
112.6196
111.9126
112.3683
114.0446
113.807
109.8298
111.5369
103.8912
105.5144
105.6597
103.4274
103.6703
102.1093
101.9729
97.67479
97.01629
98.78084
97.03658
96.99314
94.99983
91.11001
92.41695
97.784
99.67846
100.7187
108.5258
106.4517
104.672
105.1405
109.6021
110.2682
111.7697
110.9735
114.581
114.2575
113.9372
113.0382
112.6967
112.304
114.3183
115.4381
114.1866
120.128
123.8926
121.7179
116.0569
118.8658
117.5561
117.3647
119.6232
120.1168
121.241
119.7643
122.2039
124.5042
122.8182
129.5111
130.3938
132.2116
132.7172
131.1606
130.4331
130.728
130.1882
129.2472
129.1433
135.1256
130.2737
128.204
126.6838
130.7693
128.9729
129.8366
133.8393
131.7004
130.3679
124.136
121.8418
127.3766
126.3677
130.272
132.5742
129.6618
135.4952
136.0302
141.3068
146.0433
148.4534
144.8906
147.9869
143.1969
135.9164
143.3763
140.708
137.0332
140.0419
141.7062
149.3265
155.0102
154.2365
158.1786
165.6831
167.3468
166.2153
164.4165
163.8577
167.9994
162.5666
169.5765
167.7739
164.6592
168.2378
167.261
169.8063
173.659
177.2278
174.0748
177.8858
171.6825
171.6251
166.8969
159.8575
165.7454
159.7475
157.1084
167.303
164.4519
173.3508
171.727
173.4724
176.5756
183.3778
181.4307
183.8541
175.6585
173.7771
174.6257
180.1306
186.7453
190.1845
195.4251
191.2605
184.6387
186.0376
197.8333
193.7613
198.5776
186.2143
188.999
194.7238
196.9155
197.164
200.7384
197.4919
189.5752
191.3885
191.5292
201.3162
199.0316
191.4554
199.5305
205.9604
199.442
202.1168
196.8413
200.074
198.6595
199.334
199.7282
198.4539
188.7285
195.5859
187.7338
187.7879
191.2341
182.3224
184.7642
176.7135
179.82
175.953
179.6207
172.1923
172.9246
170.2781
172.4926
168.8767
165.9375
170.9889
169.9566
173.8822
173.9029
168.0576
167.8691
177.2998
172.235
175.7688
170.2153
165.721
163.6809
164.6249
166.1074
157.1087
157.1455
155.2568
152.4009
148.5271
152.7754
158.6415
151.2328
148.9578
153.4698
150.1834
151.2314
151.9724
145.7986
140.0759
142.0851
137.7182
141.8663
143.2245
144.3611
139.0398
141.2529
142.6073
146.8067
151.22
147.3405
148.4647
149.1364
139.6608
140.842
143.9483
147.7906
148.4423
145.3826
139.482
138.7167
141.4327
143.76
139.794
145.7744
147.6884
149.0659
156.55
160.2758
160.3522
163.6111
159.5875
161.1026
156.2847
156.0821
157.1427
149.3784
150.5713
149.3947
147.3761
149.8792
148.9142
148.6408
149.161
146.816
145.7396
146.7089
151.4384
144.1357
145.0281
146.5906
148.9707
157.9926
162.8978
173.5342
173.9822
173.1322
172.3595
164.8538
158.2882
160.5137
164.9514
162.5656
162.3016
168.7657
174.7617
176.5873
177.8305
165.0615
168.4687
167.3389
163.3039
160.7074
161.8304
159.4617
162.6003
163.1175
155.3523
157.0854
153.7833
156.6561
154.0546
153.7533
156.6386
151.3071
152.1616
153.1614
160.3439
164.8074
166.5018
164.2043
167.3288
161.6832
166.5294
160.7266
162.6935
167.6097
166.6682
167.5813
165.45
165.1918
168.5638
172.115
168.7753
165.3625
170.4502
168.8353
159.1711
158.266
152.0067
154.913
151.629
158.0362
162.4126
163.2219
176.1192
172.5861
171.8504
171.1774
174.6979
173.9714
175.4735
168.4997
171.7777
181.4333
182.6494
173.0286
175.782
182.6608
177.9878
168.384
175.9452
180.5623
183.6651
178.7198
187.7185
185.8084
181.0473
182.4759
184.2401
192.2591
190.3423
189.6374
192.0044
188.4915
191.777
196.8364
199.048
199.4358
205.5121
200.033
202.002
204.3285
199.8962
197.4763
205.1557
214.0095
215.837
218.916
218.2949
216.5039
216.0609
211.3605
212.1735
212.9386
212.2656
202.5208
204.4052
202.1764
197.7017
188.9242
190.7384
200.6664
203.804
200.756
198.8544
199.972
200.597
197.4497
190.6554
194.3928
196.7773
203.5173
196.7166
196.7506
190.5902
196.0919
193.1252
203.4143
203.4731
200.3458
211.3453
212.7252
212.468
216.5764
217.6118
226.628
223.6158
219.3695
217.0731
212.2307
215.7369
213.8913
209.4848
203.9383
197.0004
184.2825
172.6574
177.1466
177.1994
185.4381
182.2909
183.2751
176.6087
178.335
172.2125
179.6981
184.0202
187.1276
180.42
184.3281
179.5519
180.3278
177.8953
176.9758
177.2247
165.8706
162.1554
161.0099
160.5793
154.5088
160.1228
152.512
159.5378
165.2732
161.2561
162.3924
161.6625
159.3768
154.5426
161.4034
160.8195
167.9616
175.6036
176.5684
180.869
182.7679
187.3158
189.2965
190.0247
191.7046
187.2024
193.5534
203.0946
205.9142
206.596
206.2722
206.8928
205.5392
215.4701
219.9714
228.503
219.6277
230.6493
238.046
230.0099
238.4202
233.1013
235.8371
246.2844
242.6602
240.7429
246.793
254.163
242.9325
238.7063
244.4439
249.1772
237.6331
243.9549
243.4204
240.4991
239.7901
245.6
238.4467
237.3653
235.9667
239.966
241.0176
236.1023
237.3822
236.3248
239.8788
234.2101
239.3492
244.476
242.8095
242.1641
238.8869
237.3257
231.1396
225.0462
233.6126
228.3311
223.8816
216.7188
205.0332
209.6936
220.4904
218.4274
224.7842
226.3829
226.1273
222.2361
222.6466
215.7537
218.4331
224.9092
227.1332
233.893
225.4347
217.925
220.5495
218.0349
228.6543
223.2435
226.3946
227.9483
238.1306
225.5936
218.1432
221.246
215.0592
218.2301
205.0649
208.2022
216.4601
216.4383
215.6239
204.283
201.872
208.2784
213.1155
210.6523
200.7128
187.7177
196.5297
199.6655
195.6303
191.1195
188.7388
187.2845
187.1246
184.871
187.3659
177.8329
175.5772
178.6076
176.8014
174.3697
172.743
180.1151
167.7248
175.9707
174.7772
178.0991
173.59
177.5179
173.5776
174.6933
171.8348
169.2087
163.5907
163.4716
163.3325
157.4114
152.0903
156.7047
158.6333
157.766
159.5441
157.0719
159.2759
159.354
157.496
159.1611
161.4498
155.7257
158.0231
153.685
162.8016
164.7375
171.7712
171.0281
176.3799
166.2715
151.6239
153.8806
155.0875
153.0219
154.1656
154.8079
159.0491
160.6448
152.2069
151.0214
150.125
150.0147
144.2726
151.2852
150.2319
146.6163
145.1829
141.5153
141.1202
141.5041
143.3934
137.9883
136.8562
134.5273
133.6549
130.6298
129.5578
136.1424
131.579
127.8042
127.0174
126.6942
121.0889
120.9691
122.0252
120.0495
122.8741
119.8957
113.3093
114.5641
113.558
117.7014
120.5932
123.6828
120.1137
118.8933
115.2405
113.484
109.0977
110.1157
111.0189
107.6565
106.2347
105.9799
110.8053
114.2064
111.045
113.9651
114.6878
118.1571
122.2617
119.3076
123.5289
120.9425
120.6159
119.0872
119.8537
116.8308
114.5759
109.7365
113.4382
113.2577
115.6264
119.3691
116.0728
114.4149
118.0933
122.0931
117.2768
116.0832
117.1981
114.5624
117.7681
115.3722
114.5486
114.1319
109.8719
108.4251
102.7439
101.1945
98.87696
97.41199
103.8404
106.5679
103.982
105.4181
104.7609
107.0062
112.0349
109.6164
108.1176
106.4648
111.3209
110.6539
115.5126
112.9577
115.5464
119.7982
119.0253
119.453
120.076
120.8371
125.4193
125.8065
130.5743
126.2236
128.0628
126.9536
126.9404
126.8598
129.5057
129.1973
127.5851
130.7138
127.0956
126.7474
136.3634
132.5029
138.0354
128.345
128.9739
125.2179
125.541
129.2609
129.5463
124.1318
122.7474
123.4212
117.6758
119.7595
119.381
123.8709
126.6559
123.9452
121.5183
119.3463
119.3162
122.0861
121.8013
122.5166
119.8485
124.2753
133.1493
134.5485
137.1171
128.4485
135.5024
138.0984
139.7577
138.7028
140.117
140.8016
143.8011
149.2092
148.671
152.0528
150.5088
154.7719
156.01
150.9454
152.7036
150.0497
153.9276
147.8568
152.7162
150.3129
149.6289
152.9454
160.6629
154.0001
147.4287
140.9328
134.7012
134.6066
133.8374
132.5247
131.85
131.9655
129.4327
127.1178
126.502
124.4374
116.2686
118.1143
116.0516
118.4829
121.6152
119.5844
116.3828
117.9823
116.457
119.3593
121.7412
113.2816
113.8353
110.9833
109.028
110.6268
115.2879
116.469
115.1517
115.2364
114.9468
110.704
111.5777
111.7221
113.3724
110.1857
111.8268
108.3045
106.4195
103.7752
100.5729
104.1379
103.0138
102.9959
101.8314
103.5885
105.6611
103.1062
105.5221
107.0471
110.2385
114.3596
110.8486
110.4092
109.8787
108.435
109.2749
105.1507
104.7783
110.6954
115.7215
117.5606
121.1488
118.5478
118.2982
115.7619
112.5353
110.9632
117.923
119.1431
121.9812
118.5673
121.6791
126.5884
129.5767
128.6966
129.397
127.821
135.4168
137.1519
131.3272
137.9485
139.3574
142.172
138.4547
137.127
136.3172
137.3703
139.2293
150.8971
144.7309
153.1649
150.4676
153.2818
161.3011
156.4913
150.4021
153.6667
160.202
154.7465
150.7294
152.0631
156.107
153.8399
160.0854
159.3265
145.7282
145.6998
146.1992
145.6306
148.8658
140.8798
139.4603
148.3461
150.2691
152.3919
157.7716
151.9473
148.8696
154.4278
159.2031
152.7684
154.6932
149.8207
156.4868
161.6928
167.3215
166.5755
166.0354
161.6168
158.7087
156.9591
158.4982
154.1853
158.1573
162.6174
158.9208
162.592
170.7867
179.9431
175.4563
178.757
179.7707
178.8411
182.2017
186.6121
186.5437
184.8028
183.2556
187.049
179.8267
183.1684
189.4561
187.8539
184.1656
183.0951
184.4137
189.205
184.5941
184.334
183.4638
181.9592
182.4246
178.4498
179.6411
182.0272
182.0791
176.6335
179.1667
177.9843
176.9353
178.2789
178.5663
175.2929
181.3324
180.3849
180.7346
175.587
171.8587
175.999
176.2673
178.1402
176.3323
174.0778
182.0125
175.1869
166.6702
166.5957
164.6501
161.2688
163.8651
162.2037
163.5192
168.7386
174.3694
173.7616
167.2174
163.7202
163.6373
170.354
175.7537
190.2463
189.4215
183.1839
185.1607
180.3036
167.59
161.4218
162.3738
157.7964
159.9762
154.7349
156.3652
152.718
156.6611
159.1242
169.049
162.0831
162.7469
168.1185
167.6491
166.5348
165.0398
165.3198
164.2566
154.5086
156.2136
155.4822
156.2328
156.4287
163.7605
162.6983
164.3892
159.0633
160.4359
156.2006
154.51
152.3977
149.757
148.5877
148.0423
150.9853
148.3233
149.5837
149.5851
147.5267
156.067
153.8286
152.003
151.0752
156.7652
147.9255
148.7181
150.2123
147.7911
141.8726
144.1659
142.7559
137.618
137.4057
132.6915
132.9084
135.0449
136.6929
130.0953
139.9473
135.9716
132.3857
127.5451
122.7838
120.0002
124.9497
122.9698
121.7277
122.3072
120.4909
121.1003
117.1652
118.2316
114.2101
110.5036
111.9496
119.6722
119.2844
119.4588
118.6407
118.3083
121.32
123.2406
119.8057
114.8871
117.1991
114.1403
116.6021
114.9261
111.6384
112.7206
107.8788
108.8388
115.5699
113.5302
110.4786
113.0183
114.4097
117.1676
113.9649
110.7789
114.9621
116.1083
117.7174
116.3585
114.2553
116.1125
121.3216
119.7209
118.071
121.6088
118.6955
124.0165
120.545
125.8508
128.7345
125.6666
128.6387
126.0361
126.1384
119.8128
118.4062
116.4933
110.9665
106.0317
109.1462
109.7054
105.0481
108.4866
110.3937
107.8438
107.0062
108.2169
110.7603
114.6752
114.4446
113.4988
112.5505
120.6754
122.9237
118.581
120.065
117.2997
118.8938
118.7784
119.7449
115.1157
112.4258
108.9249
110.5323
112.3975
114.7955
114.1551
116.6095
114.3332
116.0681
114.8146
113.8618
115.0177
113.2561
117.7038
116.2868
116.1069
112.6593
113.7439
115.8407
122.1157
127.2252
126.8434
124.9794
128.2516
127.2216
132.8459
134.72
128.8307
135.3661
131.3608
130.6608
131.1148
125.703
126.4864
128.586
131.4072
134.6419
136.7121
135.8412
133.8274
130.6654
128.5944
130.8469
126.1024
123.5773
117.5783
115.9344
120.2793
120.2824
119.0094
116.1374
124.0672
125.1297
124.6583
125.1692
123.2726
126.7121
124.5342
122.6675
119.5605
118.8809
121.2947
121.9745
125.6202
119.4207
123.5225
121.854
123.1784
133.5838
134.7631
135.7523
132.5439
130.0444
133.1542
136.3614
140.655
140.8014
137.5485
139.3021
141.7282
148.332
147.3408
143.9638
146.6191
143.3696
144.4669
137.5375
140.3248
133.6776
133.3782
132.3878
127.8757
127.5996
130.1824
127.9988
134.1426
124.4565
128.6902
129.3125
130.4824
130.3377
132.3088
126.4852
128.1085
131.8585
127.991
128.1924
130.9794
131.1564
133.6297
132.1634
128.679
125.6562
124.9054
129.5461
138.541
134.4713
127.0724
128.649
133.0034
132.8334
133.0793
130.1519
133.9909
136.5862
136.0527
136.8591
141.0379
142.5674
144.6562
145.7149
146.8078
146.4343
144.7175
150.0431
150.3766
145.0291
145.1
149.9836
151.6825
154.6905
158.4833
155.9399
160.2142
158.6282
160.9536
165.318
169.9111
167.0066
174.5125
172.4261
175.0826
173.8905
176.3773
179.0996
170.8878
172.4778
173.7611
171.3616
178.4427
174.3219
174.0686
171.5593
169.0384
161.1222
168.1303
169.4357
171.1788
170.9946
166.9324
169.9307
162.5772
158.0991
163.9518
164.9654
166.5002
164.2393
163.3704
158.1029
156.9517
153.089
153.2434
158.4533
159.113
149.9867
149.9584
146.9922
142.0007
142.9706
136.4222
130.5611
130.3044
126.7267
128.4091
131.6468
136.7508
135.3449
138.4162
136.3887
133.0437
133.0683
133.0025
134.3804
137.1945
140.102
136.2879
131.7463
133.0869
137.7573
139.2487
138.2125
140.1775
136.2343
135.467
129.3883
132.0904
129.4619
133.3545
127.9429
123.3303
118.2117
126.1659
132.7506
135.1022
131.9117
131.1235
132.6397
138.2279
139.7301
139.6804
137.4137
145.2618
144.3644
152.1806
154.0417
159.7784
168.0286
169.4183
165.5502
164.2917
163.0532
164.3363
168.0639
173.4647
179.4582
169.1057
164.8617
175.3387
178.7107
179.0074
168.2225
163.6795
158.9167
161.1062
159.5017
163.6223
163.2477
161.3782
165.3348
157.9538
156.3284
158.1695
163.1639
169.3558
168.744
165.3718
175.4566
177.7315
180.4946
186.8688
181.2127
175.0245
175.7172
173.4623
174.8783
169.0024
170.8265
178.109
181.282
182.684
178.4681
178.6021
182.9798
184.615
189.9975
191.0242
188.8695
192.2098
188.8314
195.0151
201.0582
191.0861
