21.12212
15.40256
12.17525
12.77528
13.02898
10.54704
10.82934
11.21794
9.724847
10.2068
10.96952
9.344145
10.99902
12.03385
9.797852
10.16387
9.640487
7.266512
7.877696
9.160191
8.069084
9.058752
10.22163
9.563117
10.64253
12.80241
14.10492
13.05865
14.98345
16.67059
13.11748
8.406397
5.973965
5.341307
9.213768
10.25942
9.916581
11.5465
11.26306
10.98314
12.19344
9.014865
5.935376
4.68215
4.155195
4.399243
6.930119
11.57825
11.17432
12.40591
11.18385
12.25425
12.7497
17.83738
18.42095
16.45389
15.74061
17.31803
14.91599
17.03369
20.04164
16.51966
8.847564
9.600918
10.1678
10.74851
10.72222
11.36399
11.30941
14.11343
18.64424
17.59372
14.27176
13.21326
10.52837
13.62037
14.57333
17.58446
22.76527
24.55059
19.77771
19.67708
14.85935
18.28125
13.68394
11.81717
18.1219
11.2301
10.74766
8.315915
12.0897
12.99121
10.96531
8.44185
10.64638
10.5747
7.751691
7.710192
9.40203
6.70223
5.785334
7.506625
6.506802
6.959279
7.916913
9.695285
13.29076
15.11594
12.78859
12.64182
9.738856
10.71881
14.32517
8.232801
8.025243
10.306
13.54982
16.85358
19.62655
15.50646
14.43719
13.20336
18.05987
20.60555
15.54588
12.81653
18.17831
15.77293
13.31992
13.11248
11.50712
9.942054
10.74625
9.972395
14.25024
10.8557
13.69238
14.07058
15.36219
20.12136
20.83743
19.70415
16.64297
18.29057
17.20044
19.45043
19.80513
22.04199
15.17388
11.29798
12.03968
11.1883
10.7686
10.94377
10.58644
9.774448
9.724239
8.849819
12.32133
12.28721
14.45884
14.23326
14.4238
13.99185
10.39673
11.41317
10.35775
6.475888
7.705113
8.085694
12.59393
11.28101
13.67917
12.17211
13.39155
13.60381
15.48114
15.19525
14.57513
13.64697
11.32844
9.379264
9.803085
11.03588
11.98713
18.05237
14.28916
14.88273
12.16514
10.96207
13.92225
14.63679
15.51413
10.3106
11.21778
11.10945
8.613019
10.37569
11.89178
12.42137
12.92059
9.308184
9.703658
9.312418
9.024888
9.174316
15.01937
10.67973
10.19318
11.99666
11.29371
12.60629
11.43829
9.337957
8.980618
8.674775
8.504947
13.27238
16.49954
15.90534
17.59236
21.38626
22.82872
16.8621
22.7396
16.98336
16.35206
19.27177
20.13228
16.18559
12.89242
11.24801
10.34854
12.9177
13.34536
20.83835
14.65616
16.11511
9.807722
7.893615
8.128135
7.685687
7.909573
8.896036
11.61509
10.33551
8.057751
12.3946
13.70382
11.51228
13.92114
16.05893
17.56604
10.13235
11.40921
9.294367
9.243758
8.554134
7.665026
7.536082
7.872203
6.693766
8.63023
9.467462
13.23674
10.41089
12.13672
13.06535
13.82925
17.33548
13.69561
13.83917
14.35945
15.02279
10.60723
10.24172
9.763202
8.602581
11.46129
11.86088
11.48282
10.18514
11.67399
11.45816
12.79218
11.1849
10.07531
8.977218
12.35768
25.90811
18.20549
15.01143
20.57123
14.08511
17.99409
15.28224
14.1796
11.79646
13.95778
10.86018
10.4161
9.371719
10.94963
16.45656
13.19945
11.34327
8.843271
9.690551
12.28427
9.972916
10.58956
14.03306
11.95419
9.980648
11.43548
13.17113
16.22957
12.96355
15.35888
14.39525
13.93134
14.89487
13.23559
14.0581
12.30062
14.70095
16.0864
15.30074
19.84095
17.654
19.00214
15.12484
17.8688
17.8299
15.70223
16.16702
15.46057
13.66785
12.89207
11.76394
14.89718
15.80368
15.52015
13.40019
13.571
12.39837
13.17381
12.71961
11.18291
10.09381
9.297733
11.34408
14.51715
12.06417
9.97085
11.65086
11.10556
11.55243
14.95795
11.59176
13.33784
10.18083
9.036172
8.597501
9.031559
6.910481
6.510687
6.219304
6.925858
5.960748
6.627851
7.644152
8.987529
9.806707
12.80169
15.52661
16.12046
12.70594
12.09369
8.76067
9.030829
9.649265
11.82067
15.68311
12.79647
13.53177
15.69053
17.64209
11.70009
9.025944
8.709477
10.93706
13.02332
10.51602
8.201982
12.42177
8.728211
9.626572
7.704146
7.127259
4.651916
6.546167
5.719539
7.197709
6.232905
7.711759
8.562534
8.251092
9.887707
11.34632
10.7068
9.129069
10.8168
12.25196
9.322173
10.42676
10.98642
10.67676
9.998662
9.538537
8.053628
7.763917
13.72283
11.77823
7.986238
10.49261
12.28308
18.0569
18.50537
14.0452
13.41566
13.90799
19.11642
22.10818
20.34938
19.9835
17.67472
18.51976
18.38262
17.63692
18.77506
14.84866
14.69269
11.93355
12.70253
18.60655
16.99674
21.18666
21.81055
24.48458
19.58621
26.39831
19.91142
24.11444
21.04736
19.16183
20.78921
18.99592
19.4891
17.00714
12.25017
12.70214
10.51318
8.029562
6.433687
6.308137
7.405846
8.985641
9.607468
12.908
16.3541
14.87952
18.36464
17.43378
17.26248
16.64479
11.60183
10.61183
7.756697
8.188477
11.12044
15.08968
15.28702
13.03599
15.30307
16.2353
16.90016
12.60625
16.1265
13.65066
15.46861
15.24299
10.64229
10.49359
10.79362
12.49328
13.42033
14.82471
8.710171
11.61429
10.70499
10.34337
11.31129
15.16402
14.51304
15.82893
18.15009
23.57724
28.21631
24.04775
18.81543
14.77233
14.51506
16.46741
19.0369
17.73512
21.28072
16.98196
15.98639
13.20642
9.895419
8.136966
9.067708
7.446996
8.225398
8.312938
7.261769
9.193555
11.33587
12.07733
11.37696
12.27254
11.71487
10.75654
5.788607
6.317318
7.5188
7.315748
5.997507
7.1728
10.02973
8.654404
10.09036
10.85325
7.522316
6.146577
6.141005
8.272957
8.116647
9.054474
7.95584
9.36549
12.26843
12.88379
12.76884
10.85903
8.790993
8.952812
8.633696
10.69072
11.06484
15.57479
15.69331
19.58105
18.19334
14.2264
18.46398
20.48381
20.30005
19.03098
17.35504
24.02629
16.20572
19.06259
21.16326
17.41808
14.02803
14.84235
11.93959
10.4131
14.60999
21.42401
19.68974
16.56266
15.71572
10.52967
8.803148
8.320398
10.11874
12.45204
9.909874
11.08945
13.32011
11.98311
10.19249
10.36593
6.362777
8.250402
11.31374
9.792141
8.813432
8.629272
8.90616
9.691501
9.488739
13.15166
16.26925
12.7598
19.71567
20.50112
13.44747
16.97988
21.94831
16.71139
16.087
19.66607
18.46199
20.11388
14.1238
11.58776
14.64406
10.62038
9.952936
10.33329
9.550572
13.05501
15.60617
16.05872
12.82679
15.5146
19.10977
16.85004
22.3364
18.96266
24.73306
26.71712
20.3249
13.49651
13.22691
13.03166
15.27441
17.63325
11.0959
13.27171
11.14875
7.248459
7.541253
7.982878
8.585735
8.686112
8.062026
6.68458
9.616201
7.930291
8.253003
7.063559
5.869558
6.490326
6.211782
5.819309
8.508057
10.13051
11.569
12.57542
10.58028
13.07741
10.86123
9.787759
7.500234
13.42002
14.06837
15.29769
14.37387
12.15684
15.94049
15.23737
15.59101
18.1553
17.77442
13.28597
12.09221
15.08033
11.44056
9.686198
7.680561
7.720216
9.763472
9.536871
13.3865
13.51525
10.52942
13.97493
11.28011
12.19577
10.03603
11.72283
11.58971
9.841373
8.287772
9.917603
9.117003
11.23808
10.0493
8.634741
8.583519
12.45527
14.75855
16.75162
11.39043
13.685
11.6865
15.97791
14.59654
9.03674
8.079455
10.44431
10.16233
9.206992
10.25476
10.54907
10.92506
12.06197
10.02382
7.82183
11.12859
10.89027
11.17161
13.84966
18.86048
11.68436
15.44999
18.34251
10.84886
13.4004
16.38148
13.90057
17.09493
27.09756
16.15237
12.80607
20.52804
17.17945
13.05384
15.86749
12.66308
15.01165
17.16793
12.24
12.10037
14.26224
16.57349
12.90203
12.03476
13.07127
10.96565
8.504379
11.08605
10.42343
6.346799
7.961982
6.430107
6.223235
7.289286
8.952709
9.414792
8.140959
6.87411
7.571305
7.738427
6.403137
7.877965
9.443866
10.29798
10.52724
12.25374
8.420793
8.013416
5.683629
8.226908
10.68895
11.45144
11.9721
14.9434
11.08794
12.69178
12.61045
11.1447
13.30208
13.79229
14.10163
13.33124
15.82907
11.94818
8.981054
10.64518
13.3348
14.05649
12.59926
11.34393
11.39359
10.52907
10.06778
9.948743
12.48537
10.55907
7.050239
8.820299
11.38611
15.14687
13.18445
16.66383
19.39631
21.63574
12.23102
9.531067
10.158
13.08388
12.45407
10.18621
9.678099
8.191487
8.3706
10.88057
11.59017
13.73629
14.27631
13.87239
11.35108
9.355484
9.59332
9.723613
10.89817
11.37826
11.24512
10.90652
16.16141
16.73119
20.13587
18.77746
14.81258
14.25393
11.95006
9.691734
12.08944
11.94987
9.670813
11.36204
11.86224
12.854
10.06497
13.99756
13.66502
10.79277
9.020853
10.45464
8.230857
6.735145
6.590503
7.357308
7.929074
10.09174
9.196871
9.168303
7.242838
8.507897
7.195407
8.346528
8.317756
7.33705
9.117701
10.36841
10.70316
10.73599
9.679777
11.66824
13.17544
14.67715
12.98759
12.12805
9.481421
13.28347
14.96015
13.25237
13.65444
9.777603
6.299973
4.594436
6.571394
9.862663
8.569381
9.503067
8.909873
6.976066
7.369194
9.244631
10.65036
11.13709
10.76155
9.701568
12.69796
10.75201
11.31567
8.484556
8.261621
8.47096
11.11143
12.57226
15.43224
11.10367
11.73335
13.45473
12.8805
13.24609
11.45384
13.46534
12.80929
15.98703
16.40964
18.166
15.90337
17.84878
17.16508
21.08076
19.46367
16.90471
12.70992
15.88269
15.11157
13.30845
15.31831
17.34311
13.85414
14.29091
11.7802
13.08622
12.10241
11.70391
8.932704
9.634396
10.53254
8.480158
11.03961
11.42345
9.884974
11.99768
12.67893
10.97245
9.003652
9.530556
9.944987
13.51238
14.64314
13.56772
13.24625
8.898207
8.219335
6.97864
8.320091
7.284491
9.429874
9.522483
10.80337
11.90397
8.788649
8.909085
9.246771
9.364274
8.081482
7.485119
7.251977
7.742464
6.993913
6.613576
6.826767
7.680116
7.177548
5.048419
5.439991
6.211812
6.813879
7.040511
10.39202
14.13967
12.92326
14.93232
9.797942
7.321492
10.0992
10.2476
9.019421
8.735177
10.97892
11.36255
11.46276
13.79093
12.43577
17.38705
12.60939
7.723091
7.477784
