61.13479
75.27155
74.6143
64.20811
68.55073
71.74729
75.83658
70.83558
74.58371
70.84081
65.08919
70.7523
66.11344
63.5772
69.56893
70.39067
65.04463
68.8813
61.34743
61.54842
61.65826
61.67249
71.29752
64.61637
69.7613
60.78525
66.12098
63.62877
75.82704
77.74665
73.44941
65.27856
70.00106
63.0398
70.5208
73.94052
67.91983
64.27049
62.82348
78.16524
70.62597
69.96273
82.13019
64.78655
67.26918
74.9766
57.14485
78.40987
65.70705
65.68913
71.13361
81.17638
65.41687
60.91304
65.67013
62.88369
69.29393
69.34618
69.51573
66.80808
71.58925
65.85943
74.61354
74.94663
70.08877
67.61611
69.21819
63.62802
67.04744
67.30574
62.22618
71.02082
69.80855
73.26594
59.98968
66.35054
62.87937
64.71966
67.5748
74.00866
68.26935
68.2694
66.90532
76.0214
70.26086
61.88576
75.79329
65.72775
71.11596
75.22772
71.92776
61.56061
79.10926
62.42729
59.21644
60.15237
68.37801
75.21601
71.3535
76.78707
65.16229
71.63722
76.42158
68.79753
68.48405
65.98021
56.04981
71.03945
65.13439
70.42701
61.57016
68.56838
63.30361
64.97085
70.04368
71.53055
71.27779
64.38616
72.62576
68.24514
63.44806
77.51049
65.23073
63.48011
63.91592
65.89677
73.16084
75.87954
63.41468
60.8504
61.89091
62.08009
80.62484
67.68693
65.65039
68.89311
61.79628
66.06644
70.23485
66.76481
75.577
61.07508
68.59927
70.44355
61.16227
64.6389
73.5083
65.74526
66.35193
71.34686
65.60446
69.2914
69.20836
65.86464
72.20185
65.73979
73.54316
78.03904
69.24455
68.71384
62.52742
72.30614
72.32157
67.8773
55.20239
67.46442
62.79646
63.75036
65.12672
72.54706
65.2722
63.75284
66.1984
63.69684
60.45114
86.28669
69.95722
72.97551
65.40731
71.48367
77.05456
72.80877
70.27338
69.75381
62.91353
72.77257
72.15228
70.82873
67.24139
69.80439
66.96378
63.63465
70.89406
65.46986
60.47382
69.01118
73.87902
71.50636
67.72916
80.73421
67.066
68.8826
67.71183
69.07467
69.87978
61.25541
69.87289
68.67655
66.3375
70.39706
74.35501
65.81011
64.64267
69.35927
64.50425
70.57249
69.97912
62.14744
66.28425
60.41789
60.84192
73.96637
65.88466
71.1868
71.85926
66.1318
69.95889
70.50903
76.28222
73.92214
74.19659
69.002
76.1154
72.23725
68.08542
60.00909
74.85399
65.63393
63.68416
65.5819
60.60237
63.76838
67.38224
73.03496
73.74302
64.24644
71.5628
66.1444
66.42126
65.37296
63.86808
70.37262
67.01782
63.17754
64.19419
64.88776
66.76889
67.53162
69.66404
65.08256
73.90684
67.30366
60.92119
63.539
75.40837
70.13939
66.22358
69.64109
77.64714
70.14387
70.81084
62.63285
70.59025
81.77382
64.77607
64.87121
65.45172
68.00362
75.33917
71.63225
78.26182
72.73442
65.55378
66.92971
71.72517
73.37287
75.87766
70.19831
61.31832
62.69701
68.32421
69.92524
68.2912
76.90661
76.13769
65.57988
68.43977
65.12927
61.62606
62.98115
65.38659
65.48664
71.23125
66.70893
67.1642
69.94928
63.34237
65.3227
69.17004
68.88203
72.96409
74.16598
73.63147
64.55208
64.99023
69.92495
66.57315
70.89151
66.09816
71.82128
69.73179
66.32288
63.90816
67.31123
66.03856
64.25082
74.81049
68.30776
77.78846
69.87814
66.24229
74.22396
73.82199
64.81502
66.7345
69.72451
57.85839
67.8206
64.84805
67.97309
64.57817
64.37877
61.42635
59.93422
65.8199
60.68383
60.6408
75.12767
70.31636
69.4244
61.82016
68.82816
60.85439
70.38631
63.61297
64.74221
66.1439
66.04337
72.79305
73.82835
75.13115
74.49471
64.80054
65.0329
75.46465
70.59079
73.04525
64.78765
75.63267
73.30389
61.61097
71.14522
61.26407
65.03664
67.70146
81.02544
65.4651
69.60631
75.67572
68.03364
81.10145
72.82172
66.67686
75.23853
64.77998
66.36301
65.24379
68.58079
71.69667
71.16426
64.53557
72.25793
65.08626
63.75332
68.69546
68.21687
63.50277
69.05373
61.05587
60.80709
64.3158
70.28325
59.16914
62.97698
66.18192
72.26483
60.63821
62.95537
59.28463
70.96542
72.16222
64.48113
66.29958
62.75424
91.13344
71.59378
74.03808
68.98687
65.01636
67.46532
72.77616
70.8188
73.14525
72.40328
66.53589
70.8092
68.54689
67.30468
66.48671
62.1291
65.95437
71.29976
60.8007
67.30004
66.91838
69.14826
66.21237
68.02549
67.22356
71.23257
64.17401
72.50874
62.15994
65.40587
75.00949
64.22088
68.4587
66.5842
63.43926
65.48325
69.58803
71.78489
74.39026
70.15822
67.43585
60.10072
66.9392
71.56252
69.12009
72.89851
72.83379
71.19427
64.67893
71.37678
67.74907
67.92255
65.2837
65.03658
69.33824
59.82046
70.0759
64.26947
66.08327
61.00424
73.96917
71.25785
65.48505
62.82721
57.14455
60.90706
65.3771
69.58668
65.74315
64.46831
70.38468
71.30572
67.47573
71.85871
74.57683
72.59039
65.67379
73.31519
69.08291
67.73867
62.44028
65.98292
68.1565
70.44575
68.10733
62.39811
69.02726
68.38186
75.02821
69.86926
64.33894
67.85771
67.03363
66.57924
72.20298
74.04795
64.50299
66.17201
75.26767
64.21331
72.83934
71.5945
73.89424
71.05194
65.16258
65.812
72.03629
79.46609
62.2423
65.39823
72.97535
69.04594
69.74567
69.94483
70.1063
73.15886
69.76008
72.55728
63.13487
67.39349
72.39362
73.6852
74.91342
68.76248
64.19603
68.28549
60.38382
66.37717
66.68193
60.10425
76.44839
68.35482
77.01693
64.32924
70.72848
79.5588
75.15794
65.51275
68.92058
62.79396
78.76526
70.5932
69.5686
71.35722
69.93191
62.32769
76.79466
64.70939
61.59322
64.97304
69.44864
70.81616
67.74254
78.49398
58.80758
66.22262
74.9067
73.91727
74.43476
60.3568
65.86023
65.62084
69.13009
72.70253
66.53454
63.36387
74.39597
65.80468
77.10835
70.5104
65.92749
58.93526
67.47008
68.61333
66.76867
72.14774
59.88476
63.14364
67.25438
65.38003
66.6747
70.96333
62.80093
66.85753
64.7445
74.68973
61.1473
76.70603
72.14185
67.86841
73.15704
69.50513
69.08718
69.03281
64.27678
70.25065
71.62812
63.49061
65.54432
61.23658
68.84462
63.38315
70.56297
66.28246
71.37714
65.98425
67.00578
54.63314
67.80888
60.31141
79.15745
71.84605
71.68337
67.04336
70.04048
64.28226
67.5139
68.81975
73.14856
76.16281
68.77046
65.94496
71.54265
65.56402
65.36735
71.6985
65.66401
74.52467
73.67118
68.36103
70.24582
84.29951
65.70882
68.18392
71.54226
73.65015
72.88569
66.86534
64.49696
63.26118
69.76214
62.47673
62.76334
66.73522
69.24281
65.97121
79.32186
65.11787
68.85296
63.69672
62.71277
68.55589
72.5167
58.27967
64.96853
69.83181
66.80427
67.29734
68.41537
69.82272
78.75252
69.52488
60.45443
63.30268
70.46004
58.326
65.64946
64.83312
73.75363
65.76138
59.93378
60.73499
73.7164
73.60931
63.31275
63.60528
64.4174
62.20298
69.65162
65.56935
72.96554
71.37564
65.91985
65.1871
65.73016
67.68299
60.18114
66.89199
68.48329
67.1479
65.95616
68.4801
64.83802
66.15633
67.75842
67.72902
69.32781
64.56778
65.40891
77.12573
71.07971
66.2032
66.36235
76.11175
70.043
69.01016
69.8144
69.9206
63.02371
69.08694
66.58418
73.4452
67.12548
70.0357
70.68127
70.15667
67.95796
68.41819
73.76245
67.01978
74.13981
65.23803
64.7407
69.83664
67.28283
66.36736
64.55001
67.00151
72.95593
76.64666
66.62262
71.80597
75.49249
61.64387
70.36333
68.7192
62.78663
66.99838
64.93698
67.18892
60.97848
72.33608
68.15664
70.12649
70.33484
72.72908
69.14585
69.14292
74.72574
74.0112
76.34096
70.86701
68.70532
78.70899
66.74938
67.63144
68.59329
70.89308
70.1527
69.0826
70.38383
65.16814
70.45788
71.57234
71.91081
72.0014
65.85267
67.0685
64.49709
71.72086
75.73273
65.18385
69.36445
64.30227
71.7835
59.03253
68.25163
68.556
73.52265
64.40309
68.26681
70.87093
66.98741
70.82137
68.34765
72.6367
73.20311
74.00489
71.19544
68.54315
70.20418
69.98281
63.96518
65.64179
73.7396
63.55138
74.50557
76.05023
71.24171
69.56944
66.74169
70.51748
64.06225
63.40128
67.44109
65.86027
67.24827
71.73148
60.3551
64.02449
63.71331
70.97004
70.92933
66.62527
64.60105
65.47783
72.79109
68.0947
65.67239
66.15138
71.99473
75.02916
69.65767
67.3019
60.52936
65.76061
67.53622
63.75464
66.65514
67.09029
72.47288
67.86867
69.70835
71.54646
63.41568
63.79726
63.22076
58.23473
68.28059
68.5346
75.19812
64.67308
67.96184
72.40566
76.52746
72.96636
70.35448
68.47154
63.46589
64.89671
67.23555
66.81153
71.56984
78.19824
71.60979
80.03564
66.39133
59.83662
63.96598
67.49314
75.82633
67.50948
67.85401
60.96225
64.31852
78.87316
70.10281
70.96514
74.99141
69.52215
66.01725
70.2168
60.98377
68.32955
65.38129
70.13014
70.53261
68.80327
71.17307
72.319
71.25634
70.21504
75.2767
67.37121
59.73644
72.31955
74.61282
70.56992
65.65214
71.62954
60.6499
70.87437
71.74923
69.99853
68.87082
69.1387
60.93633
60.62622
71.40491
71.57984
68.39142
65.27135
78.96187
74.7201
69.65144
67.13512
69.57313
65.88806
68.44793
68.83103
69.80249
61.51725
68.55227
70.58648
71.5226
70.11267
70.08532
63.8945
61.22955
71.23889
67.6849
63.04936
66.61493
64.44451
75.01944
67.6884
61.75253
60.72011
64.02949
71.2547
65.77094
73.66255
70.60513
66.08812
73.99725
70.31904
75.3986
71.68739
69.67766
60.8603
68.86199
66.00513
76.39997
84.18368
64.70507
68.62165
67.76952
63.75533
66.5087
78.40302
73.3846
67.0121
66.30395
65.77894
68.33191
68.86516
66.50669
72.44499
67.12588
78.20886
70.52222
67.48675
67.23951
76.93181
76.68836
64.7509
60.48392
70.10547
59.14656
71.16344
66.00431
66.76647
74.45406
67.64843
62.0565
69.64335
73.55036
80.53323
69.30407
68.1467
75.91372
63.28769
64.84856
74.4431
66.53401
62.9214
77.28294
64.46468
72.06637
61.37889
66.95362
71.99439
72.03415
69.2973
72.0285
66.4261
65.1581
64.08955
67.04094
63.23921
70.43923
61.42668
70.18743
62.78236
64.20811
72.81452
67.93694
69.94307
71.84819
60.82269
72.96468
63.82821
71.91792
70.18461
78.74275
63.1546
74.17681
66.93328
70.58712
72.14238
77.91902
69.55123
75.49461
67.14642
70.80848
75.74835
69.15199
69.7861
71.61667
78.16875
72.60787
75.15366
77.28855
81.09933
70.28914
77.15798
69.61359
80.47804
68.76035
61.47787
67.79007
65.13465
70.31951
68.92566
72.07768
73.38949
59.76582
67.95492
65.8535
63.48769
78.50454
71.63355
67.05396
63.8021
73.08865
71.20453
69.69712
65.76342
69.45822
68.73707
70.43096
66.06576
65.54503
65.6067
67.9645
67.11985
72.40228
78.6605
77.76922
70.87381
68.28114
74.4632
70.59045
69.64241
66.57279
63.59635
68.74416
64.52844
65.91322
67.31221
78.08182
69.55608
74.26157
66.91107
70.42753
71.32063
74.09588
66.11879
68.96161
68.18557
71.9309
63.45897
63.49398
68.63266
62.69581
67.99929
70.23801
70.43366
67.36616
73.94047
65.86123
73.44586
56.8419
66.29665
69.82594
61.72108
70.02337
70.29819
64.08326
69.86098
66.83908
68.87581
65.19412
68.55889
67.73291
61.43196
61.31594
68.80973
66.58822
70.53685
76.80018
76.33674
72.98416
65.38028
66.2461
70.50013
68.00168
64.43095
77.00861
76.4945
72.76127
67.57265
67.09112
65.76866
77.57842
67.42641
64.58601
63.69969
72.33009
73.37345
62.16028
63.01878
67.73163
74.1038
60.88703
83.47206
70.27352
68.3555
73.37154
59.67179
70.72773
75.32347
62.93134
61.32732
70.02572
72.3271
76.62104
63.33148
68.16862
69.22932
65.2907
68.78387
63.96128
59.45609
66.77195
65.18423
63.56988
65.08447
69.46908
70.89229
72.9182
68.5023
64.48002
69.96623
67.82831
64.78757
82.64481
76.70328
76.46452
69.76765
59.22438
77.63341
72.08262
69.02887
62.96759
61.10974
66.69888
70.07996
59.09379
59.51834
73.95314
63.4695
75.48163
65.27609
63.94617
71.36837
68.28957
71.58526
70.55452
79.48865
68.60691
74.15425
68.77775
75.91044
70.25339
65.14992
67.5774
72.52393
62.47184
65.91514
73.17445
68.81447
67.35928
68.72396
63.40141
68.11907
76.50505
67.5593
64.63172
70.35572
63.84499
73.26674
74.83702
69.00696
71.38637
68.03928
65.99402
76.23293
69.05584
67.21725
72.51672
75.42702
75.88927
64.54607
69.07752
74.87056
63.18426
78.76133
74.33885
64.17707
65.49417
62.48795
66.81946
72.64569
73.75794
72.14013
65.05606
64.53676
69.23893
72.27637
73.95611
72.60865
63.77742
59.55139
62.10034
62.42102
77.84869
68.84869
70.04768
72.914
68.51185
62.13692
68.89133
63.16803
71.31505
69.2605
66.14627
67.58899
66.03952
73.03375
59.15286
63.59515
70.20831
67.76268
67.65024
67.70171
66.98165
70.12415
67.76562
72.69492
66.31937
69.58616
65.74417
66.0576
82.21207
61.07845
63.41155
71.46898
65.46356
71.89287
61.80245
71.45971
63.94129
57.9517
70.98044
77.39297
72.51279
63.30113
68.53323
65.48262
59.11928
78.59956
77.0598
73.14463
58.42306
64.45921
64.84774
63.11693
71.24713
73.97964
68.19877
69.33424
73.66143
76.30475
67.04609
71.98996
61.40996
68.19651
56.62622
73.89093
65.16658
72.49119
68.01454
74.8663
60.63243
70.69777
81.3182
68.9805
71.21199
70.15429
68.09847
70.26192
70.11748
64.31775
68.58868
71.12656
68.06149
65.43252
67.39306
79.69341
71.7118
75.00702
70.77594
64.6737
73.09771
68.79706
66.94532
64.6896
64.18129
71.85575
71.7682
71.0367
64.86073
66.91557
69.69003
68.12751
67.20149
69.09714
72.73326
71.62806
74.67834
62.46605
67.03367
73.55952
71.07318
60.43431
73.92757
73.08176
70.17461
74.11531
68.71005
71.91177
60.63847
73.49342
68.90804
67.33803
74.92712
82.80568
64.56545
67.05047
65.10136
72.20119
77.8267
77.03352
66.2263
67.32021
66.42901
69.17525
75.02999
66.62676
68.73786
63.82284
68.48805
71.91718
67.04138
64.91143
76.6171
73.93291
63.79229
67.60847
65.55093
74.55286
75.40084
69.06223
75.9696
69.24146
64.36066
63.58568
59.27117
61.45882
62.75157
57.40749
73.48717
68.13781
62.018
63.68544
63.90021
65.36563
66.10343
65.83493
69.59992
72.36692
79.15802
72.49053
64.06147
70.21137
73.09552
65.06415
68.22423
62.85591
64.50282
62.6302
70.43921
71.57881
73.08958
70.98974
66.67098
71.16202
69.10468
70.11444
68.83427
71.71004
76.41968
60.6767
65.22243
71.80487
58.0638
70.26442
71.44085
65.22846
75.39192
66.93706
61.77714
72.24175
69.85221
68.28535
69.39806
61.85212
60.33242
68.38451
69.91286
69.86356
70.98885
68.9732
62.1087
70.02774
68.8047
61.50167
66.78709
77.4787
72.80991
68.01198
67.28154
72.94466
62.67219
76.5298
70.92416
61.08703
67.03959
66.25579
72.3903
70.16036
72.88149
74.92441
68.48588
68.82208
71.72239
62.36805
70.72549
82.87935
68.87833
59.65822
71.57509
71.75476
63.24657
66.07243
68.94302
69.06257
70.4546
69.9721
71.0001
71.1438
68.6459
63.96155
67.23921
74.23456
68.08067
64.81802
80.24735
61.25897
80.96139
73.8144
66.51473
70.96893
69.47839
64.9406
69.38384
70.6351
72.23415
69.22776
72.72462
75.39622
59.15034
61.57978
71.11102
71.73201
63.56404
61.28708
66.72805
70.72682
67.01342
63.08781
72.00899
68.97879
65.20102
68.07238
66.23871
70.80391
70.59959
70.2291
61.82604
64.47033
63.93226
67.0635
74.14722
79.9132
67.27858
64.17856
63.1165
64.53881
61.20662
66.42667
68.30613
74.72902
69.96221
73.18091
61.84453
62.37183
78.62853
68.56878
66.0491
67.07899
65.77997
67.73618
63.88117
63.56063
60.64247
65.4994
68.81633
60.60213
63.76305
73.1873
68.42073
61.94339
69.35544
75.30728
66.01601
70.47516
68.37007
65.93173
69.99062
65.75151
67.51256
64.14522
68.57451
62.63935
67.80878
66.93167
70.35163
68.82037
72.13124
70.99888
63.16856
65.41265
67.71174
63.78504
76.53964
65.49371
66.99219
66.59108
72.64783
67.08982
72.50478
63.86908
64.37096
73.30584
72.10333
68.95951
62.88443
76.7685
66.62918
67.01249
76.89264
66.82038
76.69129
78.17946
72.40983
71.74893
78.48935
69.87437
67.81666
68.44721
63.42831
71.21149
63.05231
71.6415
64.4358
70.32699
66.58809
64.32104
74.85504
75.94902
69.15758
66.21959
73.43977
70.82053
59.90703
70.11071
70.14538
66.31091
60.7873
70.44227
67.05043
67.57635
71.38619
66.67677
70.47502
72.76889
76.29235
66.22306
74.73858
70.2141
