10.99905
9.855015
8.414292
9.022969
8.380339
9.079857
11.49928
10.79648
12.36849
11.25934
13.52528
12.5184
12.5811
11.42765
9.30144
10.53001
10.57517
11.55055
12.29469
10.82221
12.70161
15.21533
15.69017
13.55881
13.47819
13.93323
16.19756
16.09408
14.6379
13.72075
10.34605
8.799783
9.564581
8.487518
9.392993
8.025594
7.554376
6.451133
5.591752
5.423052
5.915311
7.086471
7.048161
6.216236
5.855145
5.951538
5.833505
6.634934
6.042188
6.089988
5.700715
5.384507
5.55206
6.525612
5.687825
5.453107
5.652222
5.269478
4.738695
5.41232
5.670314
6.250489
5.965069
6.024669
6.920514
6.96841
7.562211
6.998574
6.509355
8.259177
7.24951
6.563262
6.69886
7.453595
7.66523
8.690869
8.566544
7.676174
6.985269
6.496181
6.01895
5.002509
4.020602
4.008796
4.210953
3.765331
3.701286
3.951257
4.197474
3.736341
3.727245
4.37103
5.440963
4.65848
4.945072
5.626664
6.205207
5.664993
5.414793
5.533574
5.5284
6.147722
7.626192
7.577599
7.574916
6.888599
6.520134
7.538493
7.450355
6.606557
6.447446
6.423933
6.385943
5.750579
5.227932
5.719939
5.320058
5.658391
6.103705
5.758413
5.479683
5.774397
5.677824
5.398377
5.651158
7.035214
6.845133
7.297126
6.982434
7.031977
5.962894
5.760143
6.09605
6.594324
6.464662
6.145458
6.886069
4.982238
5.706603
6.902135
7.047162
6.462154
6.513519
6.868108
6.525501
6.183396
5.610799
5.694372
5.603452
6.735926
7.068191
6.570477
6.890813
6.254535
7.825086
7.532358
8.227285
8.98638
6.579885
6.546938
7.944124
8.914319
9.168404
7.964299
7.82087
8.150825
8.777495
8.639576
8.856391
9.859228
11.27585
10.67892
12.4249
12.18391
12.33762
11.64653
12.21061
10.99586
10.56217
10.87046
10.19304
8.478517
9.92213
9.553763
7.729021
7.267466
7.192442
8.404558
8.516408
8.496486
8.351597
7.194468
7.585158
8.093814
8.480644
7.263665
5.598668
5.587947
5.265543
5.985133
7.937234
9.6467
13.15743
13.67115
10.88554
12.64575
10.73437
10.68229
10.12528
11.30668
9.535763
9.127851
8.837542
7.624897
8.596914
8.646023
10.40288
10.39248
10.16787
10.22229
11.69895
11.38862
13.3758
16.95425
14.21716
16.16536
15.02933
14.82053
18.68093
16.64478
18.21941
15.37346
14.72908
14.70443
14.86148
16.34663
17.22095
17.80939
16.66388
15.49324
14.1634
13.43232
13.79356
16.98028
15.68099
14.23357
14.44141
17.08759
13.82247
13.28951
14.1748
12.33687
13.4318
14.43974
17.73045
16.62887
18.61586
25.1724
25.24983
21.25049
18.01742
15.86895
14.34826
11.77955
10.56341
12.53539
11.12705
11.3041
11.25705
9.788026
11.98194
11.4832
11.60079
13.90061
14.1029
13.11551
13.65045
13.94636
14.88562
14.05791
17.57211
13.77167
13.71875
14.80817
12.65131
14.24844
13.20105
13.43144
13.18724
11.99628
12.8331
14.72061
14.46246
17.06029
17.02239
18.84741
15.06787
16.20013
12.8599
12.46973
12.04253
13.31841
11.62309
13.58407
13.63627
16.86587
17.43401
16.82966
14.58795
15.79957
13.0278
14.99835
11.54727
11.07762
11.01422
12.44212
14.58381
15.33193
14.715
11.55936
13.75829
14.55657
13.74809
16.01758
13.56032
12.75311
12.39647
11.86648
11.88255
11.47412
11.81279
10.35045
7.825073
6.490044
5.937655
6.368162
7.135195
6.735162
7.979301
8.693161
7.592472
7.538748
7.376573
6.657525
6.880127
8.059456
7.830046
6.927743
8.067461
7.736891
8.718563
8.609992
8.456271
9.26532
9.369781
9.548681
8.27213
8.713904
8.15906
9.487315
10.22562
9.782609
10.79875
11.37686
11.37397
12.08271
12.4645
12.30381
10.02452
11.88547
12.06569
14.09195
13.8775
13.98277
16.07354
16.53677
15.65215
16.58681
16.28962
16.23217
15.84804
15.24784
18.31786
18.26455
17.48741
15.17525
15.21132
12.22132
11.14033
12.16233
12.39728
9.67777
7.935665
10.95645
13.38323
11.43168
11.37708
10.7649
11.24482
12.28635
13.42589
12.88262
12.01362
13.44431
12.59613
12.28554
11.06532
12.07323
12.93809
10.12737
9.421082
9.481237
8.986796
10.0032
8.118868
9.062823
8.099382
7.379509
7.251517
7.579069
6.258942
6.816557
7.201285
9.449137
10.07031
8.923198
9.146397
9.433066
8.238815
6.495472
6.614478
6.85606
7.10192
6.588726
7.730204
8.465879
7.639308
8.011048
7.115263
7.269203
6.899911
6.959936
6.497538
6.985937
7.16698
7.896968
8.164492
8.385739
8.396332
7.611666
7.716395
9.784466
8.202391
9.763278
9.995609
11.21987
9.789438
9.624493
9.628931
9.506591
9.39269
8.345263
7.527011
7.05292
7.314532
7.226809
7.230629
6.049208
7.018129
6.75894
6.531206
6.841608
7.538432
7.597819
7.956907
8.781575
8.337522
9.536079
9.782536
9.156816
8.952092
8.458522
8.17956
8.09531
6.76619
6.501907
6.951833
6.936582
6.682763
5.817624
7.686737
7.032346
6.309778
5.021517
4.850647
5.421123
4.198207
4.224146
4.390157
4.382884
4.475035
4.313755
6.167386
6.775486
6.466884
6.588551
7.363596
6.377895
5.363447
5.7361
6.616458
5.396699
5.971432
5.626576
5.760647
6.399326
5.927572
5.549499
5.501251
5.250303
6.186347
5.612213
5.589596
5.518109
5.356053
5.827536
4.825171
5.124516
4.832551
4.522365
4.545881
4.919124
4.553377
4.352448
4.993344
5.027168
4.730096
4.890948
4.50245
4.332418
4.041824
4.16258
5.874678
6.855991
6.643627
7.308464
7.66279
9.848886
9.639926
9.794912
9.734208
8.767969
10.1368
10.93574
10.68417
9.300328
8.317864
9.871701
10.76969
11.13164
10.37853
10.15794
12.02271
9.583535
8.853505
9.930888
9.124346
8.006574
8.737553
7.213262
6.832141
6.44405
6.349969
6.283784
5.861943
5.760105
5.516961
6.070318
6.971071
7.019885
7.308938
7.513058
7.108669
8.008186
9.906792
9.156319
9.285349
8.646061
8.656054
8.23584
8.693559
7.841675
8.113721
7.552908
7.251032
8.508581
8.351161
7.649056
7.155141
6.186425
5.934019
6.392968
6.037285
8.260257
9.82255
10.70084
11.18863
11.81598
13.74321
11.74039
10.64543
10.37977
10.29247
10.09135
10.99368
11.80088
10.99094
11.01718
10.06791
10.29002
11.95168
11.54553
11.15928
9.388241
9.817357
8.70341
8.445922
7.188974
6.563735
6.195763
7.216865
8.009985
9.626255
9.745
11.4069
11.1143
8.452061
8.415559
8.751663
10.26348
10.30015
9.502256
8.943416
9.407555
10.26812
9.217593
10.92345
9.52762
8.755473
9.732898
9.081014
8.022594
8.088775
7.677886
8.722278
9.640553
9.300456
9.533145
9.573592
9.380498
9.347031
9.139297
10.07996
10.43095
11.0227
10.20861
10.42655
8.996937
9.569171
8.809261
6.139449
5.401393
6.036857
5.30324
5.517251
5.724843
6.352149
6.43755
6.478123
7.063983
7.457429
10.2803
11.23515
13.11562
14.67144
16.38434
15.8047
16.07385
15.42743
14.95441
15.3987
14.99337
12.41407
11.93927
9.861323
8.882483
8.175748
8.525826
9.680299
9.767926
8.479644
9.714859
7.7137
7.978384
8.225479
7.389432
7.052823
6.839227
6.498094
5.137282
5.429275
6.242906
6.574328
5.959539
6.301604
5.472588
4.583634
4.577608
4.851323
4.798495
5.350295
5.696531
5.641591
6.498808
5.188871
5.454262
4.474605
5.139993
5.820177
6.341307
5.547855
6.296886
7.578993
8.585118
8.51668
9.768512
12.65259
11.63584
10.92548
8.586121
8.947122
6.806643
6.840987
5.370025
5.414752
6.257988
4.696996
4.279789
4.211561
4.404951
4.011712
4.595209
5.015002
5.323145
5.599029
5.584911
5.558562
5.253106
5.319035
4.576954
4.781253
4.362297
5.371659
5.478614
6.566477
6.472877
5.912055
5.925494
5.219071
4.371752
3.242307
3.887026
4.62975
4.810643
6.220275
5.504762
4.569101
4.987206
4.604657
4.143569
4.292357
4.145894
4.675366
5.171876
5.677675
6.478284
5.839647
5.697201
6.325997
4.913375
5.411726
4.659481
3.95205
3.843954
3.82149
3.665074
3.797463
3.558348
3.771464
3.611545
3.953576
4.38249
4.325433
6.226365
6.307363
5.787645
5.657199
4.69953
5.487909
6.581822
5.854545
4.964541
5.092995
5.420456
6.49302
4.572005
4.95942
4.565785
4.728532
4.558508
4.417341
4.579548
4.721662
4.407096
4.414579
5.058914
5.831252
6.440356
7.132491
5.922855
5.677781
5.873105
6.549857
6.870958
6.948899
7.340064
7.658846
8.465284
7.757208
10.40122
10.97285
9.74449
7.197298
7.093727
6.204647
5.479096
5.437337
5.399715
6.511655
8.104467
7.930439
6.700516
7.160565
7.461683
5.737152
6.550403
6.701958
7.10722
6.56421
7.305473
7.34253
7.31368
7.361779
7.610371
9.005292
10.28091
9.128468
10.93787
11.76963
10.2838
9.041419
9.196211
9.116254
7.279347
8.470783
7.782856
9.284963
8.13897
7.021922
6.814528
6.852989
7.931167
9.361763
9.413357
10.5829
12.77285
11.24312
11.67961
9.741738
8.905973
9.382698
7.88887
9.376259
7.704263
5.558716
6.761187
5.635272
5.998741
4.343007
4.050919
4.019751
4.204634
4.902316
5.531372
5.2837
4.698758
4.834178
6.341743
6.180957
6.169049
7.00303
7.682579
8.390974
10.62418
11.62083
10.90265
11.79142
9.238624
9.980997
10.13081
10.95305
11.68986
13.98875
11.8631
9.295481
10.61094
12.0569
9.748066
8.918796
7.593549
6.666949
6.339094
6.731913
6.865644
8.189067
7.152396
7.051158
8.179052
6.941295
6.726444
7.469079
7.44306
6.689649
6.832161
7.156028
6.620104
6.593046
7.418153
7.814986
6.25835
7.080075
7.270419
7.7686
6.735312
5.739575
5.391238
5.080073
6.719371
7.41494
7.073654
6.383352
7.10605
7.689261
7.418863
6.662689
6.292251
5.841268
4.753447
4.824728
5.954735
6.158526
7.386306
9.145688
10.07922
10.37
10.13558
8.862977
7.684512
7.937959
6.56019
6.317321
5.838205
6.390424
6.185092
6.318173
6.279313
6.49507
6.468002
7.053143
7.57727
9.174996
7.986476
7.630402
7.911842
8.732125
8.272475
8.651171
7.98676
8.355434
7.115334
8.305039
8.061848
7.970063
8.809593
9.846457
8.84391
7.930317
7.502364
7.515563
6.361109
5.820763
5.224893
5.583465
5.365269
5.312963
5.829504
6.035755
5.593251
4.956651
5.020909
4.579934
5.59972
6.150981
6.105218
7.302292
6.097739
8.273397
7.464461
7.658076
9.956908
12.65534
11.75557
12.23183
13.31547
11.97963
12.88761
12.95896
12.24403
11.26942
11.42303
10.32719
9.615974
10.09065
8.914376
8.275184
8.517267
7.866893
7.768206
7.41113
7.528802
7.197787
8.796771
8.178203
7.064955
8.02997
6.795597
6.309334
6.419459
5.432077
4.631489
4.989828
5.17669
5.724733
5.685272
5.614216
5.324511
4.984709
4.672359
3.997358
4.232514
4.614643
4.97316
4.591797
4.752892
5.378202
6.170442
6.239178
7.794313
8.470215
9.174425
7.971488
7.163635
6.455817
7.532463
7.358397
7.069343
7.100211
5.894512
5.864199
4.997076
5.165268
6.192011
5.489468
5.171739
4.763949
4.422551
4.634591
5.293785
5.834148
5.57357
5.964769
5.358864
5.683797
6.108868
6.044899
6.030883
6.124385
5.614424
5.036673
4.545821
4.632405
3.939454
3.525091
4.190284
4.911405
4.624261
4.66914
4.535589
4.857966
3.975881
4.36592
4.436866
4.992439
4.843602
5.24339
5.256222
6.275504
6.396644
6.112597
6.113885
5.851318
6.102414
7.210707
6.377997
8.018719
8.369326
7.783312
8.01065
9.414153
11.95982
10.77588
10.99721
10.59885
10.28544
8.496923
6.761553
6.26162
5.692899
6.49966
7.183396
6.555214
5.900211
5.720532
6.121143
4.618415
5.089837
4.968205
4.586445
4.596749
4.800814
4.952742
4.527314
4.545828
4.72476
4.484146
4.88865
6.483187
6.386716
6.190582
5.750152
5.883536
5.747524
6.299426
8.07932
7.095318
7.68253
6.256953
5.905082
7.03547
6.268655
6.058642
5.249787
6.153019
6.326492
6.384692
6.829527
6.369452
5.556364
5.652453
5.664724
5.44599
7.152539
5.957152
5.185652
4.178329
4.178835
4.724188
4.576766
4.330315
4.548176
4.655641
4.639657
4.918633
5.307048
6.246503
6.800632
8.713117
10.25974
11.92772
11.62359
10.03619
12.92887
14.11034
12.0702
11.18784
10.29621
9.468562
7.808374
6.619632
5.884467
5.489589
5.25648
4.431597
6.197759
6.54844
7.075379
6.606801
6.85029
6.599031
6.442922
6.126015
6.693377
7.087008
6.413785
5.696039
6.828883
5.866979
5.895493
5.950634
5.306854
4.166699
4.224129
4.239404
4.449228
4.689983
5.038841
5.388662
4.803308
4.864882
5.33373
5.198377
4.019346
4.104166
3.9517
4.316299
5.292478
5.865045
5.580926
5.843867
7.528554
7.792868
9.391503
9.657019
8.732805
7.764642
8.659183
8.955677
7.897889
7.109073
6.20476
5.350983
5.47324
5.412419
5.188144
5.432588
5.641157
5.73897
4.804373
4.623487
5.429417
6.237042
5.51909
4.569118
5.108215
5.879217
5.487767
5.484903
5.451013
6.662042
6.211164
6.254333
5.260802
4.686568
4.295051
3.713029
3.2835
4.136972
4.574463
4.501608
3.66975
3.997013
4.637298
3.927198
4.359187
5.119975
4.658278
4.220632
4.833734
5.533005
5.487413
4.983497
5.599452
5.674196
6.679786
6.841249
5.599537
6.103432
5.832633
5.716194
5.276359
5.830406
5.635697
6.707378
5.987186
5.569536
5.496935
4.225983
4.190137
3.918791
4.37662
4.202836
3.894082
4.285066
5.543647
4.334068
4.522915
4.521165
4.562187
4.853656
5.033831
6.634878
7.012416
7.044007
8.020885
8.869978
9.53779
9.693249
10.29933
10.32472
10.98949
7.590597
7.871489
7.820313
6.646153
6.298948
6.838042
6.534417
6.217868
6.682189
7.896766
7.876514
7.767261
8.094306
7.706643
6.549961
6.836436
7.287839
7.698175
7.84861
7.321843
8.960756
7.493187
8.511524
8.356469
8.530341
7.617347
7.703689
8.128336
6.847998
7.380815
6.816449
6.064684
5.5252
5.933288
6.521275
6.920565
5.904645
5.604822
5.049478
4.281349
4.840059
5.140326
4.320711
4.116312
4.349969
4.023307
4.245178
4.850187
5.173221
5.089732
4.68452
3.825646
4.137639
4.633928
5.480879
4.381961
5.653735
5.494801
4.914792
6.467698
7.353119
7.656339
7.623768
6.632846
6.074884
6.010813
4.904559
5.851625
5.873355
5.935579
7.666315
6.938521
7.654849
7.871056
8.415361
7.543393
5.678778
5.33298
5.180438
5.969712
6.104173
6.290682
5.044152
5.66995
6.28107
6.038546
5.366355
6.323023
5.272921
5.832826
6.40531
7.568943
8.154209
8.62753
8.698361
10.27418
9.947131
9.801567
10.04877
10.98137
13.52115
14.4557
10.78913
9.848063
10.25858
10.43543
11.05151
11.52311
11.17656
12.04575
12.61838
14.06718
15.27122
13.44436
11.5787
12.54866
9.876799
10.59988
9.971931
11.06703
8.975544
8.92362
9.988516
9.883482
8.55673
8.920439
8.054401
7.461566
6.834508
4.921111
4.898337
6.120578
5.941709
7.293839
7.615444
7.376319
8.909347
9.439904
10.40437
8.711045
9.545618
9.900286
8.430658
7.579593
7.520356
8.510154
10.34136
10.37585
9.296502
8.976538
10.09436
10.95655
10.67578
11.29261
13.76714
16.77433
17.80658
19.57944
20.32533
18.89492
17.88811
17.75944
16.36346
15.89142
16.68472
20.04581
17.11158
15.74574
14.04611
16.01787
15.25369
14.1349
12.55891
13.52437
13.20055
12.23325
11.17808
11.5933
12.0581
11.86589
14.03075
13.00937
12.78889
12.08043
11.96255
11.89854
13.50551
13.99301
11.27711
11.27663
10.99736
9.535118
9.339544
9.137226
8.645854
8.192664
8.810665
9.648729
10.79019
10.5207
11.4648
9.580009
9.771711
8.955617
10.79047
9.429139
9.464476
9.127929
8.845543
7.974355
7.700956
8.939762
8.04421
9.559212
12.11589
12.18874
13.51797
12.55157
11.65283
12.32009
11.85653
16.68544
15.82339
17.86675
17.1058
17.57277
16.5548
17.22082
16.24477
15.175
17.44821
16.17506
18.12185
18.22044
17.51421
17.71609
15.83349
14.83008
12.6806
11.56163
10.85568
14.02978
14.39915
12.36391
14.40403
12.46305
13.84546
12.62246
11.7397
8.957571
9.214508
9.435491
8.329973
9.454899
9.136708
8.23946
8.305355
9.585885
9.742559
9.743088
9.648791
10.18027
10.45192
9.587921
10.51711
9.52632
8.686996
8.601221
8.238332
8.906824
10.16952
10.76288
9.516921
11.38442
12.1117
11.88776
11.43388
10.30065
9.409853
7.273539
8.442281
8.020593
7.845375
9.537991
8.831219
7.478249
7.7329
8.180891
7.957223
8.762399
9.330219
8.686434
7.663367
6.277044
7.203962
7.834942
8.332172
7.668805
7.056508
6.980078
7.684487
8.318066
8.034185
7.75067
8.133727
7.087245
7.013279
6.539777
6.330223
5.796521
5.444583
5.762609
6.179028
5.513221
6.715771
6.310545
