0.1521645
0.1461236
0.1345011
0.1286233
0.1252239
0.1252589
0.1220918
0.1134484
0.110852
0.1105277
0.1037015
0.09724422
0.09851483
0.09505826
0.08781021
0.08681048
0.08619453
0.08642703
0.08757377
0.08302262
0.07816377
0.07851983
0.07914816
0.07638918
0.07548628
0.07816818
0.07749033
0.07431735
0.07260561
0.07351179
0.06936918
0.0683336
0.06424985
0.06380966
0.06088873
0.05840264
0.05655149
0.05405972
0.05350128
0.05548228
0.05295914
0.05125136
0.05058724
0.05132574
0.05529118
0.05672574
0.05967367
0.06049755
0.05796516
0.05708151
0.05336958
0.05214875
0.0496824
0.04874896
0.0477476
0.046211
0.0457158
0.04691086
0.04652348
0.04251574
0.04281306
0.04083788
0.03898622
0.03982587
0.04001419
0.04023804
0.04116249
0.04288268
0.04118174
0.03739034
0.03753973
0.03826746
0.03747341
0.03647107
0.04011926
0.0396169
0.03884414
0.03853288
0.03770526
0.03464496
0.03301272
0.03240585
0.03197452
0.03211309
0.03197362
0.02876303
0.02856476
0.02719406
0.02702902
0.02830928
0.02928929
0.02965539
0.02915644
0.03010566
0.02960522
0.02954597
0.02905986
0.02886428
0.02854046
0.02753245
0.02718282
0.02695482
0.02734538
0.02791337
0.02720775
0.02820623
0.0262774
0.02674734
0.02610899
0.02726507
0.02690326
0.02745162
0.0274633
0.02786118
0.02629475
0.02501181
0.02539527
0.02533878
0.02508856
0.02545244
0.02599902
0.02489219
0.02610949
0.02745982
0.02844882
0.02797754
0.02897595
0.02882428
0.02902757
0.0288482
0.02705967
0.02615834
0.02675635
0.02792684
0.02790096
0.02636427
0.02489752
0.02612844
0.02691537
0.02614926
0.02750797
0.02652241
0.02741173
0.0285998
0.02918764
0.02905315
0.02767246
0.02744357
0.02797371
0.02664853
0.02712195
0.02649175
0.02846334
0.03059957
0.0308877
0.03111394
0.0317812
0.03000971
0.03076789
0.0318246
0.03258606
0.03100707
0.03125037
0.03093319
0.03084085
0.03157717
0.03065872
0.03066946
0.02969438
0.02930111
0.02637677
0.02812256
0.02724143
0.02620796
0.02590605
0.02552242
0.02666473
0.02692593
0.02671258
0.02963806
0.03050057
0.0295841
0.02924274
0.02923144
0.03067645
0.02854836
0.02815631
0.02614285
0.02792952
0.02877393
0.02934644
0.02746658
0.02751875
0.02680381
0.02582457
0.02676803
0.02689028
0.02622051
0.0265099
0.02601186
0.02581833
0.02634621
0.02676486
0.0278793
0.02813509
0.02646155
0.02718537
0.02793222
0.02672021
0.02642597
0.02718044
0.02854603
0.03057921
0.03042985
0.02945456
0.03023282
0.02987354
0.03011541
0.03039583
0.03100519
0.02968867
0.02974776
0.03126609
0.03114001
0.03180497
0.03284898
0.03320999
0.03123129
0.03190188
0.0323809
0.03332124
0.03397159
0.03543459
0.0383533
0.03735399
0.03580007
0.03556065
0.03436929
0.03166862
0.03287837
0.0347124
0.03373684
0.03575014
0.03413211
0.03364766
0.03464402
0.03434655
0.03479685
0.03501536
0.03482416
0.03392706
0.03274757
0.03106485
0.03106152
0.03305283
0.03205234
0.03137636
0.03220581
0.03332117
0.03567249
0.03486203
0.0344534
0.03450531
0.03325904
0.03630574
0.03615738
0.03795488
0.03469586
0.03515306
0.0352147
0.0351244
0.0330951
0.03420139
0.03418626
0.03350926
0.03405688
0.03394672
0.03220252
0.03182539
0.03147595
0.0305846
0.03021345
0.0302682
0.02869252
0.02778191
0.02611306
0.02589085
0.02616608
0.02672977
0.02657087
0.02699159
0.02507571
0.02606805
0.02586863
0.02584313
0.02683286
0.02712052
0.02594474
0.02602292
0.02553731
0.0244549
0.02329132
0.02398171
0.02477176
0.02480269
0.02396808
0.02278705
0.02238557
0.02358061
0.02506806
0.02482664
0.02348826
0.0233604
0.02303187
0.02420429
0.0236182
0.02326407
0.02359654
0.02207847
0.0216463
0.02124308
0.02193252
0.02300794
0.02288759
0.02218756
0.02115386
0.01987981
0.0196483
0.01950903
0.01888098
0.01845019
0.01949378
0.01928357
0.01923413
0.01870619
0.01874376
0.01860319
0.01886368
0.01924588
0.01993676
0.01961816
0.01983498
0.01920041
0.01917763
0.01907878
0.0183051
0.01794322
0.0167871
0.01636101
0.01646728
0.01607099
0.01520126
0.015061
0.01547185
0.01484189
0.01440634
0.01385983
0.01415951
0.01426469
0.01416009
0.01439451
0.01515358
0.01482854
0.0151455
0.01519386
0.01630114
0.01595816
0.01774297
0.01743918
0.01716049
0.01834553
0.01913273
0.01907281
0.01852055
0.01874885
0.01864541
0.01994275
0.01957332
0.019553
0.0204124
0.02031246
0.01943942
0.02146756
0.02210464
0.02318021
0.02247231
0.02267676
0.02145198
0.02094619
0.02065774
0.02141504
0.021674
0.02099777
0.02073751
0.01987403
0.01890828
0.01993641
0.0194352
0.01873572
0.01854766
0.01860152
0.01870773
0.01936609
0.01962596
0.0189854
0.01839023
0.01836591
0.01847366
0.01755464
0.01760581
0.0172357
0.01701829
0.01732473
0.0172908
0.01735677
0.01666903
0.01700897
0.016415
0.01662546
0.01668452
0.01694967
0.01697243
0.01662544
0.0163943
0.01598377
0.01580643
0.01646078
0.01533973
0.01492496
0.01417412
0.01403699
0.01416912
0.01438253
0.01466137
0.01425599
0.01493445
0.01464905
0.01568109
0.0159293
0.01632662
0.01714668
0.01662635
0.01727901
0.01715364
0.01682206
0.01692263
0.01601227
0.01607358
0.01604034
0.0162617
0.01675034
0.01584048
0.0161519
0.01661013
0.01653862
0.0157609
0.01523776
0.01518055
0.01454036
0.01425349
0.01328584
0.01269496
0.01164737
0.01266261
0.01313123
0.01294966
0.01271579
0.01198999
0.01223524
0.01235179
0.01231019
0.01177437
0.01177346
0.0121814
0.01259156
0.01291145
0.01307234
0.01238275
0.01200709
0.01160003
0.0111074
0.01214045
0.01227341
0.01288497
0.01327399
0.01351376
0.01346158
0.0135326
0.01387391
0.01427757
0.01425338
0.01402592
0.01481403
0.01480729
0.01497807
0.01483838
0.01464835
0.01506378
0.01572356
0.01531481
0.01565503
0.01607424
0.01602748
0.01557627
0.01524664
0.01517113
0.01584039
0.01667566
0.01656871
0.01573085
0.01516783
0.01501565
0.01404532
0.01393284
0.01312116
0.01307432
0.01313692
0.01258806
0.01259728
0.0126772
0.01230421
0.01295777
0.01323125
0.01381328
0.01368195
0.01304753
0.0138443
0.01381931
0.01390614
0.01341434
0.01402528
0.01370338
0.01358174
0.01373679
0.01437169
0.01493568
0.01561809
0.01473306
0.01517324
0.01485932
0.01604943
0.01546853
0.01566769
0.01520788
0.01420661
0.01390667
0.0133495
0.0138603
0.0137243
0.01328381
0.01415361
0.01425469
0.01379927
0.01413479
0.01355167
0.01347631
0.01362746
0.01319455
0.01256499
0.01270485
0.01209399
0.01252
0.01245798
0.01340899
0.0130994
0.01321314
0.01317079
0.01292268
0.01340423
0.01307681
0.01278934
0.01242634
0.01189409
0.0117602
0.01186481
0.01215403
0.01221818
0.01279889
0.0127121
0.01235728
0.01247302
0.01221498
0.01172652
0.0115307
0.01119257
0.01109239
0.01057316
0.0105077
0.01034907
0.01050474
0.01009189
0.01037482
0.01046492
0.01061176
0.01070214
0.01006207
0.009757621
0.01011684
0.01019404
0.01036568
0.0104682
0.01102598
0.01080076
0.01070643
0.01092512
0.01126206
0.01113842
0.01117856
0.01135752
0.01173222
0.01143841
0.01160161
0.01224394
0.01241247
0.01235648
0.01221846
0.01219422
0.01260514
0.01205389
0.01231708
0.01272203
0.01286194
0.0127113
0.01271837
0.01344501
0.01269874
0.01249383
0.01249738
0.0123424
0.01180371
0.0128827
0.01283375
0.01278624
0.01287251
0.01293031
0.01364595
0.01466121
0.01471718
0.01382415
0.01460494
0.01367245
0.01418507
0.01373317
0.01452772
0.01395014
0.01301333
0.01377761
0.01350675
0.01377163
0.01408836
0.01413956
0.0129132
0.01332404
0.01295728
0.01329452
0.01357757
0.01333991
0.01277168
0.01164194
0.01168084
0.01202874
0.01217121
0.01229221
0.01220697
0.01217554
0.01252073
0.01193515
0.0126017
0.01267871
0.01299964
0.01313934
0.01307032
0.01344175
0.01345086
0.01343595
0.01373734
0.01335712
0.01366288
0.01354399
0.01292857
0.01314245
0.01328802
0.01252594
0.01256829
0.01199022
0.01180553
0.01128586
0.011073
0.01035073
0.01023221
0.01115769
0.01182099
0.01167766
0.01165159
0.01236393
0.01266565
0.01289271
0.01224978
0.01236337
0.01288792
0.01254312
0.0123883
0.01277799
0.01315464
0.0140015
0.01421033
0.01436251
0.0151406
0.01538968
0.01460042
0.01356697
0.01335376
0.01382095
0.01366898
0.0148581
0.01435322
0.01456597
0.01413815
0.01366092
0.01301362
0.01268795
0.01248623
0.01293031
0.01274243
0.01185161
0.0114473
0.01183772
0.01200333
0.01190247
0.01300474
0.01323173
0.01283579
0.01276538
0.01273567
0.0126718
0.01258695
0.01255284
0.01301957
0.0128593
0.01256386
0.01259361
0.01280857
0.01304809
0.01297179
0.01291156
0.01263497
0.0128697
0.01335095
0.01412925
0.01369771
0.01457211
0.01478724
0.01499187
0.0147678
0.01444714
0.01400748
0.013847
0.01327687
0.01302491
0.01242288
0.01259811
0.01283116
0.01246372
0.01257997
0.01190668
0.01203849
0.01217491
0.01173375
0.01178942
0.01238015
0.01193792
0.01167781
0.01132997
0.01129298
0.01111225
0.01065028
0.01071352
0.01033584
0.01033554
0.009946894
0.009798988
0.009515492
0.01003299
0.01002528
0.0099948
0.01045055
0.01023782
0.009737993
0.01034262
0.01011786
0.01001765
0.01053752
0.01126719
0.01095522
0.01135477
0.01116032
0.01173455
0.01237655
0.01331035
0.01308799
0.01391866
0.01453756
0.01520768
0.01562903
0.01591246
0.01598433
0.01718067
0.01849084
0.01911611
0.01856279
0.01859656
0.01817824
0.01913801
0.01909482
0.01958113
0.01878541
0.01866193
0.01809111
0.01868804
0.01994992
0.02000672
0.01967301
0.02032989
0.02027512
0.01936219
0.01920679
0.01940392
0.01999901
0.02065196
0.0200688
0.01991641
0.02018652
0.02020765
0.02084288
0.02066088
0.02086883
0.02045155
0.02133653
0.01964646
0.02023576
0.02034066
0.02112977
0.02265722
0.02234505
0.0222859
0.02364802
0.02483818
0.02481184
0.02441057
0.02485449
0.02401003
0.02589821
0.02481556
0.02443072
0.02333967
0.02497658
0.02399682
0.02414874
0.0240984
0.02432016
0.02435196
0.02369492
0.02325309
0.02276495
0.02215682
0.02168159
0.02144049
0.02217045
0.02176663
0.02155223
0.02301653
0.02343286
0.02329886
0.02241418
0.02308249
0.02318451
0.02367738
0.02266515
0.02432157
0.0251521
0.0253932
0.02565275
0.02538854
0.02502964
0.02464023
0.02491211
0.02515859
0.02542131
0.02559323
0.02558492
0.0257106
0.02467643
0.02464483
0.02447147
0.025028
0.02602481
0.02575848
0.0267184
0.02752859
0.02689884
0.02486779
0.0260056
0.02528136
0.02647329
0.02740604
0.02549566
0.02601427
0.0255341
0.02623949
0.02516733
0.02561895
0.02445812
0.02336896
0.02355409
0.02295441
0.02298996
0.02409514
0.02449451
0.02517692
0.02530465
0.02541881
0.02720319
0.02619175
0.02525411
0.02728765
0.02854158
0.0267335
0.02564343
0.02516685
0.02417261
0.02389688
0.02400821
0.02384119
0.02531556
0.02619839
0.0261937
0.02697132
0.02649675
0.02825224
0.02875873
0.02764323
0.02766122
0.02790055
0.02697215
0.02658536
0.02657338
0.0252734
0.02445331
0.02240439
0.02355316
0.02280288
0.02238842
0.0233145
0.02246555
0.02310271
0.02350889
0.02338948
0.02313293
0.02282716
0.02330927
0.02161421
0.02198886
0.02092311
0.02208489
0.02193472
0.02446494
0.02412344
0.02221091
0.02230206
0.02080113
0.02162251
0.0209558
0.02166044
0.02250406
0.02323312
0.02356644
0.02291183
0.02426806
0.02274258
0.02424582
0.0243795
0.02453309
0.02385441
0.02333309
0.02438974
0.02522477
0.02586365
0.02749883
0.02672563
0.02684956
0.02740838
0.0270049
0.02584153
0.02575965
0.02680495
0.02623471
0.02650891
0.02655827
0.02754663
0.02671159
0.026357
0.02514069
0.02551994
0.02590294
0.02577155
0.02621482
0.02503017
0.02560852
0.02631659
0.02644766
0.02567899
0.02614129
0.02584877
0.02502724
0.02517608
0.02582906
0.02482778
0.02411819
0.02340803
0.02420701
0.02554233
0.02730553
0.02622529
0.02394956
0.02529694
0.02696964
0.02704102
0.02625004
0.02924659
0.02871377
0.02926532
0.02705949
0.02810462
0.02850405
0.02764578
0.02659622
0.02495957
0.02337314
0.02277958
0.02375779
0.02375958
0.02523522
0.02639665
0.0255703
0.0249794
0.02564909
0.02528934
0.02656016
0.02660144
0.02672674
0.02728847
0.02601852
0.02610067
0.0254769
0.0260877
0.02643676
0.02690669
0.02625934
0.0269862
0.02729034
0.02709958
0.02633387
0.0276303
0.02855538
0.02812831
0.02722937
0.02628942
0.02574318
0.02541701
0.02449177
0.02488114
0.02518897
0.02473408
0.02336907
0.02444633
0.02410232
0.02574548
0.02468981
0.02517506
0.0261008
0.02457128
0.02483595
0.02499704
0.0256988
0.02354302
0.02450212
0.02579067
0.02683752
0.02607426
0.02496067
0.02496522
0.02553993
0.02562633
0.025277
0.02524306
0.0255316
0.02635748
0.02860283
0.02906175
0.02916615
0.02810213
0.02888588
0.02938701
0.02831951
0.02904514
0.02922795
0.03011254
0.03050388
0.03099412
0.03056888
0.02928807
0.0291564
0.02970546
0.0285581
0.02810958
0.02819106
0.02685891
0.02673637
0.02697716
0.02807177
0.02763351
0.02711458
0.02802107
0.02782583
0.02798687
0.02792729
0.02673985
0.02603199
0.0257698
0.02585403
0.02584733
0.02633196
0.02648714
0.02511927
0.02653709
0.02736142
0.02747732
0.02944014
0.02761461
0.02691766
0.028725
0.02822449
0.02944653
0.02945362
0.02948777
0.0269039
0.02673201
0.02824845
0.02771039
0.02808079
0.027404
0.02839267
0.0299641
0.0312203
0.03321772
0.03263377
0.03168697
0.03173659
0.03020288
0.03060189
0.02978414
0.02880056
0.02770208
0.02678032
0.02467036
0.02257822
0.02249885
0.02286341
0.02228964
0.02148938
0.02112428
0.01937919
0.0180373
0.01853061
0.01833624
0.01864012
0.01872214
0.0187224
0.01942682
0.0188565
0.01832832
0.01902763
0.01917229
0.01815758
0.01795987
0.01812208
0.01815757
0.01714303
0.01743522
0.0164813
0.01663769
0.01598256
0.01674364
0.01594958
0.01575013
0.01641269
0.01783503
0.01844087
0.01820829
0.01725369
0.01609723
0.01579216
0.01541743
0.01412049
0.01484062
0.01580747
0.01646527
0.01705315
0.01604771
0.01535765
0.01564375
0.01645669
0.01663385
0.01638514
0.01700477
0.01601658
0.01537651
0.01605265
0.01715794
0.01742772
0.01745974
0.01793254
0.01735368
0.01789357
0.01865054
0.01781873
0.01686706
0.01685565
0.01615256
0.01560048
0.01557695
0.01592637
0.01595483
0.0157153
0.0170257
0.0171105
0.01698914
0.01706143
0.0180192
0.01744491
0.01735141
0.01779245
0.01775805
0.018763
0.01799613
0.0185289
0.01857867
0.01891231
0.0187862
0.02059715
0.01976026
0.0200377
0.01974513
0.01886648
0.01865422
0.0186561
0.01894437
0.01935846
0.01847126
0.01801711
0.01931457
0.02002814
0.02023441
0.02038335
0.01955615
0.01927507
0.01955421
0.01989755
0.02079181
0.02105172
0.02150928
0.02178427
0.02248088
0.02317686
0.02363626
0.02457504
0.02537644
0.0251805
0.02469604
0.02563099
0.02450495
0.02601911
0.0274428
0.02736318
0.02761812
0.02849531
0.02786564
0.02767128
0.02711734
0.02849019
0.02765215
0.02664283
0.02840318
0.02919482
0.02916186
0.02789868
0.02725246
0.02755769
0.0277673
0.02664401
0.02743478
0.02769642
0.02796896
0.02565235
0.02604896
0.02628376
0.0258218
0.02501729
0.02397295
0.02507474
0.02595194
0.02500254
0.02422173
0.02474569
0.02528915
0.02590728
0.02556524
0.02578576
0.0253562
0.02563529
0.0252755
0.02572739
0.02761984
0.02911391
0.02916586
0.02955245
0.02775552
0.02809656
0.02758816
0.02713206
0.02807341
0.02657045
0.02744616
0.02667072
0.02786296
0.02851529
0.0289133
0.02680871
0.02644143
0.02746867
0.02570432
0.02476852
0.02386004
0.02587334
0.02536962
0.02518772
0.02458636
0.02614568
0.02827442
0.02658603
0.02880802
0.02714442
0.02762495
0.02711477
0.0271541
0.02652414
0.02679154
0.0253847
0.02683688
0.02435643
0.02311715
0.02302435
0.02241579
0.02380045
0.0232925
0.02319037
0.02387435
0.02341429
0.02229032
0.02206033
0.02127734
0.02175072
0.02253091
0.02146804
0.02157185
0.02224878
0.02350536
0.02306368
0.02315228
0.02349472
0.02279466
0.02448274
0.02444535
0.02469966
0.0246013
0.02445281
0.02676894
0.02672106
0.02546739
0.02499388
0.02514181
0.02474104
0.02522488
0.024854
0.02419841
0.02383436
0.02404009
0.02528366
0.02543705
0.02467601
0.02457372
0.02379381
0.02400155
0.02407059
0.02337658
0.02244961
0.02368798
0.02393831
0.02418972
0.0241003
0.0233353
0.02288292
0.02225127
0.02179288
0.02192763
0.02207445
0.02189048
0.02174167
0.02129557
0.02098069
0.02094708
0.02034473
0.02039769
0.02060431
0.02077541
0.02264871
0.02350517
0.02350922
0.02328663
0.02300955
0.02305116
0.02210492
0.02200137
0.02353877
0.02403537
0.02502915
0.02422173
0.0260245
0.02643144
0.02586835
0.02508854
0.02595638
0.0251122
0.0254671
0.02488631
0.02357493
0.02388186
0.02487067
0.02382233
0.02578906
0.02537548
0.02444328
0.02617565
0.02631873
0.02636825
0.02548922
0.02752628
0.02675542
0.02810499
0.02766506
0.02750652
0.02925649
0.03011364
0.02891308
0.02797488
0.02800433
0.027909
0.02805118
0.02710093
0.02598017
0.02586347
0.02679048
0.02485085
0.02487997
0.02383755
0.02360106
0.0245573
0.02510833
0.02396097
0.02387614
0.02402574
0.02443373
0.02599696
0.02555221
0.02635857
0.02552959
0.02506303
0.02554377
0.02565516
0.02532715
0.02597966
0.02663356
0.02777204
0.02786697
0.02887815
0.02858893
0.0272856
0.02788878
0.02813588
0.02766779
0.02685224
0.02838366
0.02887394
0.03002097
0.02981874
0.03081666
0.03095166
0.02971504
0.02982005
0.02975815
0.02830396
0.0284189
0.02770573
0.02942397
0.03037459
0.030593
0.02980554
0.02858941
0.02839776
0.02863434
0.02790277
0.02715414
0.02544684
0.02629702
0.02725139
0.02756581
0.02558942
0.02588752
0.0268686
0.02885546
0.0278707
0.0279389
0.02787147
0.02945092
0.02873277
0.02857609
0.02954495
0.02975243
0.02982703
0.02921703
0.02940717
0.02731047
0.02798226
0.02660537
0.02763433
0.02828585
0.0301386
0.03224001
0.03205556
0.03102222
0.03066999
0.03081657
0.0318149
0.02970354
0.03077113
0.02965249
0.03018799
0.03031148
0.03016327
0.03129989
0.0322913
0.03226023
0.03293122
0.03138415
0.02871489
0.02881234
0.02879538
0.0284777
0.02893429
0.0289791
0.02724498
0.02696502
0.02720011
0.02599624
0.02584754
0.02535509
0.02402061
0.0253746
0.02667005
0.02660178
0.02720055
0.02597678
0.02725859
0.02703232
0.02767618
0.02775122
0.02680768
0.0265192
0.02760537
0.02794373
0.02853365
0.02980432
0.02878127
0.0288331
0.0272789
0.02748908
0.02657153
0.0258341
0.02540843
0.02576548
0.02640472
0.02539561
0.02570702
0.02570121
0.02541249
0.02533903
0.02524316
0.02453398
0.0244598
0.02592563
0.02516722
0.02490235
0.02474063
0.02481887
0.02495967
0.02628422
0.02516292
0.02543412
0.02344957
0.02547132
0.02462389
0.02369241
0.02548836
0.02533985
0.02507993
0.02620251
0.02726802
0.0261452
0.02733123
0.02941526
0.03039738
0.02934773
0.02965607
0.03070029
0.03109732
0.03024255
0.02975149
0.0292492
0.02886204
0.029381
0.03028448
0.0312624
0.03222631
0.03293665
0.03150235
0.03077831
0.028658
0.02886863
0.02971383
0.02950804
0.02890373
0.02809329
0.02815211
0.02712449
0.0265503
0.0247347
0.02585625
0.02663927
0.02753357
0.02673992
0.02650891
0.02541617
0.02347491
0.02398356
0.02314948
0.02412427
