probIn scale
0.01751904 3.690283
0.01319218 3.588712
0.006236761 3.580789
0.01005599 3.667645
0.007924472 3.834378
0.01355503 3.861669
0.006802108 3.585529
0.004641019 3.783933
0.007320538 3.82477
0.002834492 3.753815
0.01405813 3.56518
0.01419098 3.976184
0.00755748 3.889095
0.006884994 4.58122
0.005720499 4.732963
0.003951858 4.825292
0.001866986 4.825061
0.0006085143 4.504711
0.004774922 4.78545
0.001974489 4.552794
0.003879881 4.689375
0.003436595 4.534423
0.00639969 4.574802
0.0113659 4.428893
0.007366865 4.038766
0.007281623 4.022021
0.005082905 3.820728
0.009623436 3.728014
0.006553045 4.148217
0.008851711 3.973241
0.01105112 4.146261
0.00654787 4.748896
0.007227757 4.475918
0.01646071 4.021194
0.01666205 4.816899
0.009806022 4.582298
0.01073391 4.337116
0.004885595 3.995081
0.003119123 4.147953
0.01013774 4.284656
0.003313877 4.223763
0.005810266 4.028524
0.005814372 4.061605
0.010232 4.525203
0.01365635 4.787637
0.01373471 4.53647
0.01640777 4.723088
0.004070624 5.512355
0.008559279 5.470179
0.007908462 5.063343
0.006116306 4.859371
0.01183427 4.707986
0.005440884 4.426629
0.007060379 4.400335
0.002815678 4.715555
0.004547612 5.137563
0.01369013 5.63057
0.007578383 5.509135
0.005009323 4.754603
0.003265025 4.61
0.006987958 4.854563
0.01604552 4.861471
0.01704002 5.427646
0.01517626 6.0805
0.008595723 6.406236
0.01049766 6.399998
0.01517328 6.318968
0.0102476 6.33709
0.008673553 6.541972
0.01513046 7.118966
0.007424807 7.598635
0.004971413 7.89998
0.006205213 8.269868
0.006979034 7.994988
0.01312545 7.085409
0.006094984 7.642898
0.004090696 7.687968
0.007762242 7.349903
0.003794484 7.215852
0.00506896 8.071501
0.00862829 8.52424
0.004949932 9.057878
0.005294398 9.336901
0.007600038 9.460067
0.004314429 8.88866
0.009890269 8.94008
0.006176696 8.54032
0.01067715 7.783405
0.0101729 8.004278
0.009888858 7.143406
0.009193884 7.647774
0.01529359 8.092201
0.007830547 8.354201
0.008856268 9.062333
0.009134643 8.836367
0.004776418 8.467829
0.008488787 8.581446
0.009953637 8.896129
0.01114265 9.245691
0.00686405 10.14799
0.00657682 9.758024
0.002781406 9.238711
0.004675974 9.660907
0.006948707 9.63312
0.006312525 8.500518
0.01005497 8.087346
0.003619947 8.943763
0.002952164 9.374709
0.007611611 9.36106
0.004577906 9.271303
0.001950649 7.430409
0.004556297 7.793215
0.007267061 7.486295
0.004542549 8.007958
0.001290346 8.334975
0.01027642 8.913307
0.003667335 8.478684
0.009386156 8.987099
0.008069874 9.507168
0.006662054 10.72555
0.005810361 12.02456
0.003880687 11.79326
0.004672889 12.34147
0.005385893 13.86924
0.004281081 14.43495
0.004178479 14.7921
0.005937464 12.94251
0.001918527 13.16016
0.003903597 13.12705
0.005989181 13.92484
0.005775332 13.27023
0.00229373 13.44279
0.00246882 14.78146
0.006425739 15.464
0.007132887 16.61203
0.0007655483 15.79481
0.006873454 13.73237
0.003911593 13.68787
0.003759459 15.70225
0.002421377 16.45171
0.001560937 14.63905
0.0007249988 13.6944
0.006023564 14.08588
0.001203216 15.63383
0.002105833 13.60607
0.004608144 13.40289
0.001334737 13.8831
0.00106499 15.28698
0.008863727 14.48148
0.00766381 15.21896
0.006445763 15.58217
0.005852641 15.69713
0.004939148 16.52471
0.002291662 16.90558
0.003287063 15.29907
0.003916285 16.44269
0.003153931 15.46723
0.003876616 14.93157
0.003184257 14.88996
0.005578462 16.81401
0.002597876 16.51174
0.001111591 16.63687
0.003555656 17.77573
0.007144852 17.68735
0.003474224 16.89088
0.003000983 15.23165
0.003239737 13.39595
0.002431607 13.83097
0.004487393 13.8766
0.002128456 14.80092
0.004102049 13.69086
0.007774852 13.64354
0.004112385 13.81155
0.003639004 13.70237
0.006417966 14.59929
0.01257418 14.53251
0.009387486 14.21201
0.003925647 15.08873
0.004126457 14.56664
0.004200644 14.34103
0.006701761 15.1267
0.005354521 15.75571
0.003382958 15.99806
0.002907758 15.02413
0.003864454 13.94946
0.003040719 13.74754
0.002930637 15.1002
0.00449415 15.98564
0.007776731 15.83425
0.009281913 13.44245
0.008514007 13.55077
0.008432097 13.74261
0.006022375 13.35083
0.005730217 13.46432
0.00374844 14.95707
0.01013813 13.39896
0.0049746 13.50036
0.004920872 14.11275
0.004143882 14.70266
0.00115127 12.93355
0.003097945 12.90073
0.00586113 12.35343
0.004006962 11.77245
0.003333634 12.08185
0.005496623 11.50521
0.004321571 11.73764
0.004234211 11.295
0.005738375 12.57018
0.004768068 12.59209
0.003524787 11.65168
0.004557571 11.43683
0.00306269 10.61393
0.001093506 10.62909
0.004068158 11.28086
0.007663047 11.46182
0.005557275 11.57645
0.002347037 12.01619
0.003105033 12.729
0.004027795 12.42324
0.005743598 12.72338
0.0009722052 12.70157
0.003166496 13.198
0.001716739 13.4764
0.010791 14.33526
0.004804017 13.56401
0.00406571 14.29803
0.002245295 13.36706
0.005056144 12.7132
0.009705029 11.95727
0.008503876 10.83135
0.002808291 10.23463
0.003169587 8.639716
0.007399544 8.857287
0.009330584 8.373072
0.01079994 8.606422
0.007447054 8.591774
0.009653866 7.648951
0.007301092 7.858773
0.006937046 8.427619
0.00450837 7.058343
0.007090114 8.010369
0.00336056 7.683903
0.006696446 6.837146
0.006322455 6.459187
0.005511833 6.495847
0.003431961 6.740494
0.001659094 7.255396
0.006930823 6.236658
0.009430542 6.472262
0.006022614 7.129635
0.01039263 7.175282
0.01403832 6.868599
0.005663349 6.236072
0.01487269 6.716025
0.003433491 6.777828
0.003462967 6.334813
0.004923885 6.624604
0.005272414 6.864141
0.005585745 6.82806
0.01100234 7.147645
0.007531515 6.693168
0.00761314 6.612102
0.003710488 7.189835
0.004756479 6.757456
0.003608202 6.645773
0.01302106 6.970149
0.003789354 7.534872
0.003867911 6.840088
0.007146424 7.093191
0.004777293 7.199657
0.005414694 7.15107
0.009170217 7.457548
0.005185044 7.537238
0.008431331 7.042408
0.005030092 7.030537
0.006851358 6.993335
0.01027236 6.905715
0.006332642 7.238226
0.003936338 7.566434
0.01143366 6.898313
0.01629964 6.635516
0.01851389 6.687099
0.01561417 6.334284
0.01046684 6.189193
0.02015443 5.80318
0.01094216 5.343481
0.006178768 6.069246
0.007147266 5.398533
0.007350677 4.929242
0.007761665 5.041525
0.006961739 4.341711
0.007404611 3.973095
0.004129126 3.750822
0.01902473 3.333349
0.0115542 3.169625
0.01169135 3.463012
0.006995316 3.541828
0.003273995 3.677365
0.006035698 3.593073
0.006874824 3.487848
0.00508445 3.5397
0.009287235 3.347928
0.006622493 3.095464
0.006344805 2.852271
0.01105934 2.815739
0.0234786 2.57857
0.01567688 2.717355
0.008442681 2.664037
0.00780264 2.452108
0.01337103 2.532781
0.003915892 2.501324
0.01438147 2.641386
0.012788 2.847636
0.004559718 2.972715
0.007926054 3.165156
0.007100349 2.883044
0.004108842 2.576348
0.01379197 2.541736
0.02451783 2.155536
0.01790142 2.14687
0.01760049 2.214167
0.01279711 2.036043
0.01921279 2.181223
0.01976913 2.269805
0.02180245 2.42781
0.01134673 2.583901
0.02028411 2.701688
0.01255563 2.792549
0.009110948 2.729279
0.005095613 2.797272
0.003900776 2.754784
0.007398132 2.857924
0.004491747 2.992404
0.002607659 3.524505
0.004375042 3.297644
0.00657793 3.078243
0.004953664 2.817038
0.009682747 2.694812
0.0147403 2.764291
0.009349438 2.611066
0.009976171 2.680681
0.007867499 2.622878
0.01191986 2.537215
0.01142526 2.257753
0.00414624 2.176364
0.003718914 2.370599
0.001468229 2.467118
0.005379292 2.688478
0.002576795 2.743083
0.007898979 2.672304
0.003065817 2.961917
0.0113177 2.794635
0.01011623 2.946586
0.02033387 3.080884
0.01496454 3.020325
0.008620895 3.039006
0.01001408 3.044854
0.01064632 3.369451
0.01063607 3.402223
0.01633805 3.475893
0.01968649 3.533402
0.01256128 3.40287
0.02247725 3.432892
0.01405449 3.462731
0.007500043 3.250584
0.02079866 3.459923
0.0148476 3.756108
0.009716258 3.277688
0.01529125 3.218604
0.01581707 3.405955
0.003794504 3.104252
0.0151862 3.168153
0.02767435 3.437081
0.01306498 3.262144
0.01748092 3.292608
0.02906942 3.047636
0.02848823 2.653466
0.02814192 2.7635
0.03029727 2.639454
0.03454192 2.543636
0.02032978 2.466596
0.02328436 2.428658
0.02587296 2.458871
0.02462476 2.494973
0.01289732 2.53961
0.003746762 2.312222
0.008913731 2.447342
0.003599131 2.591447
0.003377022 2.713509
0.008232313 3.177176
0.008093211 3.199416
0.01568541 3.240212
0.01433728 3.323763
0.01220072 2.947545
0.02059748 2.892884
0.01919649 2.773399
0.01278957 2.603217
0.01961053 2.415764
0.01309758 2.689078
0.0175524 2.576607
0.01408239 2.838562
0.004970869 3.112736
0.01260371 3.112513
0.01562206 3.101569
0.002119654 3.020661
0.006914416 3.056763
0.003863561 3.03013
0.007187051 2.829637
0.006958255 2.683989
0.002541383 2.934828
0.01489297 3.125661
0.0102759 3.055093
0.01458719 2.967716
0.007658421 2.99498
0.01279764 2.834761
0.0202753 3.020719
0.01625151 3.224531
0.01440556 3.24749
0.01784547 3.074829
0.01215681 2.889144
0.01245184 2.993329
0.01046461 3.085964
0.0159781 3.54513
0.00873174 3.440802
0.009088846 3.702348
0.009568995 3.851382
0.009976956 4.180237
0.002186163 3.849153
0.01115652 3.829848
0.004247198 3.892239
0.005355106 4.182976
0.008956772 4.176953
0.00478457 4.107255
0.006556296 4.165991
0.007488944 4.061
0.005288277 3.81737
0.005728317 3.707142
0.002482653 3.275838
0.00633264 3.503676
0.006306894 3.649889
0.01153658 3.959397
0.01132077 3.625283
0.01304363 3.370522
0.006489152 3.434141
0.009832362 3.31652
0.00732736 3.46475
0.01371273 3.390055
0.007345679 3.06862
0.007270534 3.124132
0.006208741 3.154209
0.008948583 3.26017
0.009343194 3.148639
0.01670258 3.150674
0.02770025 3.489402
0.009369592 3.54817
0.005822056 3.431428
0.01247612 3.21811
0.01615665 2.953886
0.01928661 2.94847
0.006338521 3.012211
0.00915346 2.766977
0.01876765 2.769972
0.008776317 2.909123
0.01640225 3.159859
0.006296428 3.171286
0.009689583 3.121971
0.0131304 3.290117
0.006687183 3.797335
0.01772758 3.621451
0.01183617 3.454944
0.006361735 3.563154
0.006657547 3.344963
0.003167451 3.509638
0.01140679 3.850019
0.01502413 4.032422
0.01898691 4.499687
0.01456326 4.477865
0.007720361 4.582787
0.01466625 4.30182
0.01294304 4.166816
0.007484432 4.189401
0.01101492 3.880831
0.004120947 3.982015
0.00818346 3.912122
0.01168606 3.708652
0.01181604 3.776319
0.01517831 3.577881
0.0247864 3.652044
0.02639663 3.603229
0.02371291 3.668754
0.0179758 3.426422
0.02421517 3.473978
0.02426411 3.27958
0.02846657 3.054353
0.02103923 3.058964
0.01770444 2.791747
0.02490292 2.552678
0.004368331 2.82444
0.007862328 3.28781
0.009615549 3.186746
