36.86677
36.23408
36.67324
37.34068
36.4676
35.49723
35.42486
34.89779
35.869
34.92115
35.14794
35.4175
34.79435
33.81619
32.71427
34.00746
34.68213
34.12594
34.32248
34.97345
34.98929
35.47379
36.65538
36.04669
36.50648
35.0398
34.9414
34.1005
33.84378
35.06245
34.46556
34.75954
34.28221
34.77513
34.85863
34.16569
35.15493
35.92733
35.85067
36.04699
36.15426
35.7268
36.04185
35.19192
34.46854
34.48348
34.88484
35.10603
34.67832
36.66466
36.58305
37.52402
36.77961
37.54074
37.42426
37.10401
35.46076
35.24946
35.64686
35.42825
35.91864
35.72897
36.5776
37.75202
37.25676
37.19797
38.57865
39.13655
38.06489
37.63748
35.74041
34.62471
35.19979
34.59408
35.31252
34.23909
34.01354
34.74013
34.29381
34.28495
33.93739
33.73819
32.88223
33.89216
33.6999
33.78933
34.85034
35.82259
35.91074
36.16716
35.54073
36.37956
36.62737
35.74201
36.07156
35.60669
36.19495
36.11397
36.22334
36.43829
36.17485
35.98659
36.33467
36.40422
35.58631
34.98895
34.95807
36.10618
36.1824
36.61907
36.76396
36.95446
36.32918
36.07604
36.3378
36.23529
36.96789
36.64862
36.92967
38.02606
36.77308
36.60002
36.35744
35.72421
35.30499
34.63763
35.23308
35.43303
35.74213
35.46903
35.52409
34.81807
35.26051
34.33093
34.14718
33.067
33.18031
34.01118
33.86559
34.52638
35.02613
35.82047
34.55743
34.21491
33.56395
34.15586
33.07961
32.93209
32.77508
32.61793
32.63971
33.23588
31.85552
33.43901
34.97939
34.89763
35.67742
35.33476
35.37848
34.58075
35.14037
34.47172
34.85974
35.79877
35.88995
38.30845
38.63416
38.45344
39.0284
36.9205
36.60402
37.43157
38.06092
37.97763
37.52739
37.62916
37.80681
38.19134
38.45269
38.09763
38.42014
37.337
36.95692
37.08887
35.92725
36.23873
36.34797
36.78122
36.1095
33.78069
35.80078
35.76802
34.32596
35.61339
35.3274
35.83086
35.75444
35.09354
35.50809
36.02249
35.82665
36.03295
34.8253
34.81695
33.63252
32.81316
32.92478
33.83423
35.48532
35.01588
36.09069
35.95632
35.73782
35.18883
33.9801
33.88522
33.98056
34.72347
34.57655
35.13539
35.48311
35.42812
34.48003
34.17165
33.9535
34.1644
33.83078
33.74107
34.38321
35.27053
34.5088
34.79635
34.78309
34.78816
35.37219
34.27333
35.41809
36.1975
37.10207
37.55087
37.74803
37.70056
38.46002
39.17767
38.71017
38.96037
38.31594
37.88104
38.06389
37.47783
35.83046
36.31132
36.15686
36.17895
37.49446
37.34963
35.94145
35.31286
36.65384
38.01485
38.12811
37.91912
36.92074
37.54908
37.2367
37.53035
36.57284
35.8629
35.98862
36.13255
36.14233
35.50047
35.33226
35.36352
35.10823
35.08668
35.26214
35.21762
35.2823
35.3963
35.25812
35.61722
35.65587
35.77625
35.68835
35.31021
35.13356
33.82381
34.9109
35.4224
35.37237
35.76159
34.31923
33.40633
32.78636
32.85829
33.91225
34.55082
35.55031
35.94154
36.41413
36.71143
36.7397
35.19641
34.48677
34.59247
34.91345
34.805
35.18378
35.38278
36.37998
35.54363
35.37832
35.27737
32.99962
33.62291
34.94615
36.00215
35.27428
35.58869
35.13256
36.07689
37.26083
36.80858
37.5733
36.8408
36.04226
35.09774
34.87978
33.28115
34.32465
34.75933
35.09922
34.8417
35.65429
35.55034
35.69641
34.89121
32.78023
32.6985
31.9319
32.49187
32.14243
31.10513
31.11439
30.73126
32.16671
32.67866
31.84434
32.27072
32.89596
32.83925
32.17037
32.34444
31.85955
32.31293
32.10198
32.58956
32.27938
32.78696
33.80124
33.15507
33.36182
32.88479
32.08848
30.58858
30.3376
30.25827
30.21617
30.8853
29.54097
29.33793
30.41624
32.50469
32.72733
32.23984
34.15444
34.16501
35.61078
36.02391
36.25742
37.98308
38.42487
39.39213
38.00232
39.34818
40.22956
40.35161
41.16221
41.09099
41.85062
42.48328
42.75344
42.33286
41.73686
42.37691
43.37346
42.32747
42.13135
42.34824
41.91142
40.95354
40.45201
40.33167
38.81681
38.98893
40.61027
38.6604
38.18455
38.4331
38.52716
38.63623
38.70184
38.53342
39.00674
39.76726
38.63222
37.79051
37.64208
37.49097
35.74223
36.80563
37.10352
36.8008
36.50433
36.90709
37.32204
37.14859
37.62917
36.37394
35.95199
36.25636
37.19686
36.60797
35.40658
33.1958
33.71125
35.52047
35.36734
35.90252
35.47339
35.23447
35.22404
35.27371
35.72079
35.79421
34.98107
36.28063
35.22372
34.72869
33.77859
33.66784
34.05417
33.45623
34.34357
34.46652
33.98987
35.49844
34.1038
33.66288
34.64996
34.23721
33.7013
32.93062
31.96346
32.43251
32.70258
33.64223
32.85039
34.30297
33.48605
34.54156
34.96061
33.23943
33.87563
34.43326
35.24473
37.50252
38.01019
36.80017
36.17466
36.06652
35.54717
34.91163
34.22501
34.07701
33.95757
32.94496
33.84773
33.62871
33.85308
34.85374
33.56399
33.95053
34.55427
34.43247
33.60216
33.64348
32.82147
32.10742
33.59697
33.41664
33.14505
33.02714
32.86301
32.04165
34.03027
31.55825
31.42841
32.26953
31.62492
30.7025
31.25616
31.60266
32.00431
32.64697
33.02254
32.8924
33.87702
32.9618
32.43298
32.95866
34.4222
35.14673
35.71011
36.40749
36.62939
36.75048
37.22821
37.76966
36.75383
37.54319
36.71272
35.36151
35.66591
34.59549
34.67404
34.33474
34.55961
34.22296
34.9718
35.39382
35.12361
36.42921
36.58528
36.28863
37.07469
37.2182
37.86806
37.18771
38.02027
37.37592
37.75279
37.68387
37.88485
37.85532
38.01982
37.27524
36.78774
34.89844
35.89487
35.19484
35.24835
35.83073
35.77404
36.55241
35.92332
35.33747
35.36573
35.97848
35.84582
34.98886
36.51457
34.69185
34.79379
35.30326
34.77479
35.41842
36.14728
34.8705
35.08357
34.85976
36.14321
34.68992
34.28461
34.98067
34.4771
35.18253
35.94231
36.38635
36.30837
34.33948
34.22662
34.57716
34.77497
33.07759
33.71902
34.6331
34.83491
35.09113
34.31993
34.87848
35.90133
35.43989
34.73059
36.09067
36.48956
36.72452
37.03601
36.07037
36.64362
36.48986
36.50982
36.29531
36.12744
35.26125
35.49279
34.80515
33.61238
33.97432
34.67322
33.70164
34.90742
34.82529
35.24496
35.45436
35.74009
35.19568
35.17379
34.77482
35.04854
34.93014
35.16256
35.40272
35.78562
35.4123
34.56415
34.82654
35.07456
35.20809
35.81981
36.67172
36.52682
35.45211
35.42082
34.64151
33.73616
34.36127
34.47863
35.51991
35.19142
35.0136
36.17664
36.06402
36.27676
35.49472
36.40879
35.55611
36.32074
35.54947
35.46534
36.31464
36.018
34.91282
36.31385
36.59513
35.17076
35.02952
33.98884
34.61823
33.43733
34.11583
32.86537
32.69959
33.06734
32.65584
33.00877
31.97597
32.64232
32.91167
32.88333
33.02068
32.14961
32.4478
32.74017
32.54166
31.18468
31.72861
32.8843
33.45771
33.32826
33.60689
32.7883
32.17202
31.89439
32.10859
32.60369
33.89879
33.71245
33.8893
34.13695
35.03636
34.67224
33.84355
35.05144
34.18996
36.27196
35.30521
34.30026
34.56157
34.36889
34.92987
34.72692
35.73229
35.95653
35.37127
35.26001
35.08305
35.41052
35.91327
35.1529
34.7543
33.93757
33.544
33.55993
33.58836
33.19712
32.68906
33.38144
34.09552
33.17281
32.55333
33.14741
35.35816
35.11841
36.23236
36.85275
36.89665
36.91957
36.8585
38.39871
36.81678
37.21937
36.54082
36.0234
36.07758
34.87993
34.75477
34.05849
34.52026
34.87542
35.4292
35.98679
36.03679
36.60818
35.19982
34.43716
34.92268
34.67591
34.28825
34.54198
35.92516
35.95296
37.52174
37.24506
37.24526
37.26652
36.92692
37.80114
38.3366
39.41906
38.43274
38.56411
36.99128
37.3965
37.56411
38.34981
38.28652
38.58777
37.95505
38.70828
38.7449
39.17682
38.30366
38.0213
36.85194
35.71414
35.80525
35.93301
36.34175
35.94578
36.31119
37.00257
36.73456
36.51903
36.87473
36.89008
35.85246
35.38813
35.36142
35.18072
33.90194
34.10065
33.977
34.08259
34.49013
33.51783
32.6138
32.50914
33.83897
33.0992
32.52172
32.82691
32.4837
33.03558
33.11646
34.24165
33.31826
33.94296
33.67493
34.05437
36.91129
36.92536
36.99628
36.77992
37.71978
36.85085
37.47252
35.97183
35.0124
34.24181
33.9386
34.15828
33.9977
33.85106
34.3191
35.44023
35.06055
35.16434
34.49191
35.21329
34.82946
35.058
34.4358
35.60511
35.18502
36.08612
36.87885
35.12594
35.01849
33.99722
33.54592
32.19764
32.81641
33.48111
33.81798
34.21095
34.6759
34.40899
34.61374
35.10182
35.12981
35.52214
35.59031
36.11666
36.02787
34.75931
35.08045
33.63205
33.97992
35.15559
34.38185
35.51192
36.14913
35.24648
35.97261
34.90366
35.0863
35.71774
36.90153
37.11151
38.32198
37.21603
37.47813
36.0766
36.49369
35.50606
35.4433
34.98226
34.63781
34.29195
34.65529
34.14965
34.74157
35.26916
36.34979
36.43069
35.9741
35.42326
34.74366
34.11587
35.45669
35.62982
35.37137
34.81952
35.46036
35.85475
35.85847
34.67852
34.89171
35.68635
36.36111
35.65118
34.7976
33.64897
33.87827
33.77143
33.6567
34.96138
34.2562
33.94615
34.26051
35.72411
36.22677
36.57693
37.92729
36.97955
37.53185
37.54643
37.50714
38.33918
38.59127
38.91703
38.16618
36.91722
37.90716
36.82661
37.63846
38.32994
38.96598
39.34327
38.09957
37.00126
37.53177
36.48182
35.55424
35.51148
34.63046
33.01446
33.3737
33.12176
34.60412
34.45294
34.99561
34.69722
34.97211
34.82987
33.19355
33.65663
33.82301
32.77338
33.17812
33.32717
34.197
34.17689
35.2961
36.13347
35.7157
35.90411
35.43026
35.81574
36.31046
35.64779
35.99621
36.3761
36.59711
35.65373
35.42968
34.48068
34.33912
34.60362
35.91507
36.36104
37.07653
37.93114
37.29317
37.91036
38.26547
38.27971
37.20053
37.73642
38.15877
38.35905
38.56279
39.07207
38.04142
37.48456
37.37328
36.64018
36.27667
