36.95175
36.08922
34.66122
35.60452
31.17217
31.18102
33.09415
31.79167
35.08277
33.39614
30.80694
34.50284
30.7432
32.80457
32.28776
34.68008
38.82792
32.46108
36.29964
31.45738
31.07009
33.67234
35.86569
32.64714
33.42738
32.10789
33.95075
34.78564
30.75757
33.64767
31.02031
33.12206
38.21523
34.12457
29.02382
33.31268
28.29432
31.14293
32.0667
32.79098
34.69194
32.41762
32.99394
31.85226
34.80905
32.6007
34.36463
31.75619
36.88912
31.93572
35.26597
35.13365
35.53366
31.01309
34.80621
31.71458
37.88759
35.37869
35.09612
39.66896
31.89344
33.69382
37.09542
34.73116
33.3444
37.19004
40.7771
38.72305
34.86387
37.42335
37.14078
34.4562
37.43118
35.44314
35.34938
29.30238
30.91227
36.20279
29.31685
34.60276
34.04922
32.59828
28.28062
30.95131
34.2006
33.65941
32.64237
36.07651
33.56164
38.33727
32.05324
38.08131
31.79794
36.02211
41.10303
28.57057
34.09469
35.06256
28.39263
38.17965
34.74737
39.58563
33.97894
35.64912
33.08155
31.48575
32.86977
35.81533
32.55795
43.19056
34.50795
34.13982
31.7463
34.08331
33.45531
35.04275
34.24901
34.02984
38.27464
37.52089
34.52922
36.64843
35.96854
32.77189
37.26914
33.91084
35.30013
36.93626
33.55864
31.97669
38.22462
34.81451
34.21494
32.65942
36.68411
31.43752
34.46801
36.58776
31.50315
33.66207
33.65812
33.52796
36.55231
36.30107
32.29714
34.16257
38.08153
30.04342
35.05223
31.89901
38.43338
36.63009
33.32002
35.64966
36.33928
32.9232
37.59823
35.1777
36.63241
35.15213
37.66349
38.11943
35.74498
34.34011
30.73769
32.77593
34.49058
30.68258
35.96922
37.69132
29.81093
33.75225
33.57586
35.84209
31.33898
35.1072
31.51873
32.85247
34.64109
37.54989
34.23071
26.92191
30.42488
29.56436
31.61964
34.369
33.10242
33.85985
35.46201
30.7769
33.24003
31.1702
32.53458
32.3421
31.28713
34.68258
32.92411
36.73881
34.87523
32.65653
38.10415
38.47723
32.84421
31.8973
33.80847
35.11952
32.12281
30.27956
34.9795
37.01491
32.0988
28.87837
31.97257
30.37673
31.91718
35.14983
32.26477
32.54996
31.67971
28.04814
33.77717
29.80807
31.7605
29.53137
31.143
31.64336
30.10196
36.58496
34.09843
34.48662
29.36578
29.37007
33.8798
34.19083
32.20939
31.92167
34.44841
33.62868
31.88027
30.19854
32.96906
33.51021
37.03541
29.72836
37.19082
37.78872
33.435
30.59025
32.26581
36.30739
37.02828
33.20234
35.25168
34.53238
34.22072
32.74946
30.69219
28.93778
32.7301
30.83939
30.10669
42.70845
34.40567
33.50401
32.67593
32.97402
34.97433
32.87465
32.99012
30.6962
35.56434
31.8126
34.63725
38.43853
34.4025
35.20192
32.18307
34.01228
36.33325
37.66894
32.53236
32.96494
32.87488
32.83729
31.94291
32.82253
33.77659
36.48255
34.11189
39.25098
37.1969
30.40623
35.51006
33.35069
33.12686
31.98086
31.57384
32.39973
29.18248
33.3368
36.47728
31.55791
30.143
35.16379
30.61941
36.42002
32.23608
31.92609
33.34538
33.94443
34.60552
37.96116
37.64335
33.12252
34.78861
35.49817
30.55698
33.91844
36.19948
36.20109
30.99062
33.22394
32.53269
33.57026
33.29733
36.14023
37.3735
31.45995
32.37574
35.00248
30.90792
34.64932
30.76057
31.95924
29.28338
32.49008
31.58988
34.05956
30.76026
37.87147
35.11768
35.07251
32.76139
32.97193
33.13131
36.85388
29.35534
31.03138
33.12002
35.4338
32.50833
36.6237
34.52306
31.26005
33.85473
33.09774
38.43357
35.05091
34.8179
33.27982
35.74668
35.29803
33.16913
30.55395
36.27802
40.15693
31.92913
33.38914
32.97826
31.22054
36.18761
35.79534
32.44382
32.24535
31.48889
31.1979
38.76622
36.57131
36.54103
36.52857
36.34219
33.37452
36.50442
39.15307
37.15926
31.94139
30.95414
38.31599
35.27461
34.42506
30.95607
33.77089
32.14226
35.40748
31.49301
34.14977
30.67414
29.66106
34.96791
33.4492
28.79184
33.3177
31.94897
31.91107
33.00944
36.13148
31.95646
35.84928
36.04344
33.62371
29.44215
32.89259
31.36815
32.49627
36.04088
29.88226
33.1274
32.74341
36.64387
30.4158
32.28125
30.33421
29.75783
30.80219
32.81272
32.33379
31.72125
31.7566
36.55509
39.97525
33.62005
35.87539
30.17524
33.51364
31.32962
32.86725
31.48526
34.58527
33.86833
31.11581
34.40381
29.80352
33.43911
36.92699
29.78881
30.38783
33.73033
35.15367
35.84819
32.96386
34.40206
31.14774
35.71153
30.79635
35.5739
30.99186
35.86593
39.32774
31.88381
33.81709
33.79016
36.51793
31.4387
32.77882
36.21898
34.94092
32.14441
32.98294
29.47304
31.47105
36.43232
29.80423
34.38136
39.46657
33.35266
29.97631
29.91131
31.40744
29.95126
36.01801
33.98846
32.6113
39.94717
34.28495
32.52389
34.96368
36.09396
38.55472
33.30733
36.37678
30.47135
35.3382
33.6032
38.22847
36.9697
34.5995
29.72275
31.0579
41.29261
31.0517
33.30634
33.39953
38.50742
29.79902
33.44109
33.88637
30.79239
32.83753
36.82703
35.30432
31.80448
33.44325
35.26321
33.96672
31.84681
34.01085
34.98845
34.6273
32.94284
31.41267
33.31991
33.43221
31.6551
37.46388
32.19162
33.47793
30.16317
35.56507
34.27061
29.38529
34.58685
35.75401
31.41666
32.16082
34.3218
34.3292
41.7852
32.86153
34.59632
31.82249
33.50673
33.81881
33.48989
33.57693
31.94562
34.19839
36.27966
31.80297
34.50724
32.51361
34.67295
38.76016
35.20852
29.75294
31.03125
31.86718
31.80856
32.80716
31.4419
33.19209
34.20551
36.52647
30.12916
31.92006
32.25802
32.96057
33.93442
34.6233
36.41933
32.85688
32.12787
31.2885
32.89026
28.61932
31.99669
34.68938
31.89273
38.20143
35.69757
34.17453
33.29097
34.8547
35.0454
36.2647
37.46159
33.88135
36.08139
29.95982
32.15841
35.66465
32.99172
32.14077
32.63108
34.62548
31.21393
35.03526
33.58585
31.94452
35.00008
31.915
36.0622
31.73482
27.29994
33.51133
32.07396
34.77152
31.35278
31.2851
33.3615
37.24945
36.5619
31.99798
30.06193
31.68222
33.32255
29.51461
36.87454
30.63093
32.11412
34.33097
32.97472
32.16291
34.67749
34.86021
28.72609
32.08001
34.79897
35.15854
29.41407
32.35695
36.93512
29.26337
33.60641
35.53374
29.53145
36.39196
34.82066
30.50353
34.29395
31.93784
32.3263
30.24154
38.67223
33.79965
36.45252
40.573
31.01249
31.65315
35.1885
33.84497
33.83567
37.25091
38.5503
33.06739
34.03831
28.34686
31.68934
34.5914
35.55014
30.68932
31.92215
30.15856
32.96008
32.88791
29.23088
32.70714
35.10445
31.47319
31.17909
32.88314
34.52574
34.93482
31.5925
35.68181
34.85128
34.43965
34.15408
34.94824
34.74116
34.15324
30.96264
32.4262
34.79941
34.1761
39.45345
31.33242
33.27462
32.35079
36.13244
32.20784
33.64218
36.31187
33.4299
33.28646
32.13327
29.34143
32.35186
34.574
34.95932
34.15658
38.40089
33.14594
32.42508
34.22867
36.40395
39.80821
32.20547
35.62295
39.0968
33.3392
31.64166
37.30334
35.03553
34.37359
33.53901
35.60487
33.62245
32.90893
32.66327
34.48483
34.67739
36.26362
33.1283
34.65952
32.64643
38.24536
36.52449
29.06972
36.97113
32.01853
35.64698
31.09223
40.02725
37.54366
32.20166
33.97211
33.35586
33.80666
29.25475
35.11343
37.15093
35.35849
34.86661
29.46649
32.64968
33.54656
31.89883
33.09284
33.83154
31.75255
35.22582
33.85616
33.59016
36.10735
35.73594
31.21556
33.09815
32.75241
34.05805
32.83028
32.18891
36.2588
33.30167
33.23462
38.34342
31.27788
31.63957
36.61073
32.76132
35.10807
33.2457
34.86586
33.91827
32.47422
32.34717
32.71806
34.89417
37.28242
33.06992
30.43087
31.86867
40.70624
32.71849
33.25344
34.24411
37.1797
36.55179
34.17488
33.07856
29.79049
33.49933
33.27934
28.935
36.08841
33.09203
32.9874
31.84437
30.4477
29.67108
36.61526
32.13927
32.32858
34.97117
33.474
33.65893
35.58249
35.72805
32.02798
34.32877
30.58442
36.1509
27.96083
31.51339
35.10522
32.29772
33.0925
34.2461
29.98328
31.90904
31.61677
32.96335
37.07676
35.04624
33.30413
33.08458
34.15321
31.4641
35.54382
32.76565
33.47834
32.48287
33.0032
33.28596
32.50793
33.67475
36.37213
37.41302
32.55619
32.19991
34.55807
35.06889
36.18434
39.36503
31.5843
34.98796
34.27086
34.54126
29.87596
30.96868
33.41139
38.20684
40.52897
34.56844
34.33969
33.20305
35.47266
30.11797
33.79666
40.89235
34.03163
35.9328
33.60832
28.36037
38.35094
38.11019
30.16543
29.49948
32.47368
31.07909
33.58656
39.23166
32.31876
34.32397
37.83824
35.27293
33.88977
33.83855
34.09908
32.31043
34.18465
31.80266
38.39462
38.35485
35.24361
30.55553
32.86758
36.42904
30.77505
34.53554
31.97362
32.1658
36.59044
31.81066
31.94932
32.9374
33.24053
31.50349
31.14328
29.52696
32.13615
35.37659
32.99931
36.16157
31.62542
32.55424
35.75878
34.32409
28.89744
34.68487
33.04744
33.9237
31.58203
29.13396
30.40932
32.99333
34.40834
32.51783
36.87921
34.12204
34.01207
34.73184
35.94103
33.9055
35.85532
33.187
36.06223
32.00238
31.41049
38.35622
34.50904
30.6541
31.09719
31.06175
33.67493
32.07019
29.33494
34.39256
30.54384
34.60093
31.08954
31.38057
34.33463
30.92107
33.15367
36.77133
32.23335
29.73807
31.96297
36.00886
34.42687
35.93913
35.6586
34.23797
31.97918
26.70967
30.5976
36.84355
34.02477
33.46076
36.52451
38.02486
33.70177
34.22686
32.68861
39.07753
33.9768
29.5566
29.91976
34.79445
34.10271
39.10814
32.7911
34.69151
33.54209
35.42467
34.30328
38.58015
30.80506
40.14964
32.25962
38.13473
33.11848
32.2204
31.20268
32.04077
32.68115
33.27121
35.85661
30.85415
31.33358
33.66362
31.88848
30.49852
33.66927
35.27359
33.65199
33.10908
29.45271
35.59536
35.32305
