probIn scale
0.01951514 5.967445
0.0129429 5.565373
0.0243551 5.428031
0.01023654 5.917747
0.01429205 6.301985
0.006700526 6.539681
0.008879055 5.848405
0.01072736 6.256657
0.0112987 6.382795
0.01665427 5.8904
0.02232381 5.789838
0.02160664 6.048994
0.01254632 6.163897
0.01490448 6.043679
0.02288101 6.099783
0.01256707 6.031468
0.01566577 6.221542
0.01501013 5.23881
0.0156446 4.823832
0.02644206 4.542721
0.02741698 4.413713
0.03104699 4.053264
0.02048832 4.155986
0.02142533 3.847359
0.01205736 4.054465
0.01851123 3.966616
0.01673055 4.098553
0.01691441 3.964128
0.0156941 4.026331
0.0140804 3.70435
0.01690455 4.16337
0.008967817 4.183504
0.03624538 4.24667
0.02928346 4.588769
0.02469219 4.140581
0.02314436 4.189378
0.03825778 4.761469
0.02319782 4.530714
0.01339724 4.50769
0.006091096 4.787545
0.01005785 5.135696
0.01176532 5.422764
0.01455045 5.689315
0.01243521 5.40189
0.01711676 5.787264
0.01926365 5.824732
0.02797992 5.09363
0.02815371 4.636959
0.01043729 4.521035
0.01455845 4.176424
0.009315891 4.535856
0.01067569 4.465942
0.01282372 4.249744
0.02907838 4.132236
0.02831536 3.819896
0.01278579 3.510416
0.01269204 3.804067
0.01845111 4.119274
0.01755365 4.293317
0.01298755 3.545799
0.03333111 3.732027
0.02072114 3.912883
0.01448706 3.794102
0.01031588 3.767318
0.0187776 3.500012
0.01317385 3.253916
0.01439191 3.560267
0.01465185 3.549088
0.01842499 3.150333
0.01518997 3.303989
0.01735628 3.330115
0.01740388 3.422135
0.020994 3.057862
0.02263666 2.77014
0.028246 2.601438
0.02199477 2.921606
0.02876466 2.972087
0.01371125 2.888307
0.03193025 3.167642
0.0261163 3.914743
0.03105479 3.867227
0.02293585 4.088542
0.02614658 4.100087
0.02571354 4.109645
0.02652204 3.914781
0.01952487 3.872208
0.02883928 3.548139
0.01982948 3.481091
0.02024333 3.088227
0.03321167 3.099774
0.02614458 2.950583
0.02790893 2.65292
0.03256941 2.98126
0.05288772 2.788398
0.04023721 2.950829
0.04247497 2.834857
0.03843416 2.73327
0.0461846 2.597814
0.03599128 2.571587
0.02791624 2.613446
0.03988935 2.389583
0.03449867 2.401547
0.03012843 2.349952
0.03348113 2.23338
0.02839845 2.139909
0.0208329 2.280667
0.03558421 2.191497
0.01901845 2.454938
0.04284315 2.471057
0.01432004 2.640898
0.03066675 3.227261
0.02338811 3.336025
0.03273385 3.357405
0.04071802 3.447095
0.04223853 3.614248
0.04383145 3.311179
0.02508398 3.37313
0.02777511 3.43702
0.01643349 3.28643
0.03216003 3.124647
0.03461926 2.856353
0.0121132 2.86046
0.02070393 2.841461
0.02574649 3.082173
0.02165608 2.916737
0.0121819 3.131849
0.01847233 3.443103
0.01314104 3.347477
0.01874141 3.191538
0.01019887 3.318383
0.01760976 3.214999
0.005017281 3.494918
0.007304637 3.961576
0.01828625 4.14638
0.007656177 4.07074
0.009651871 3.813178
0.02055946 3.755135
0.01773111 3.528108
0.01759605 3.637388
0.03128535 3.460865
0.01768848 3.521873
0.02806647 3.515924
0.02449471 3.522078
0.02596454 3.434134
0.04179009 3.358165
0.0286165 3.669943
0.02768035 4.05791
0.02903392 4.032026
0.02540452 3.847585
0.02332881 3.706511
0.05133522 3.521875
0.02497842 3.538037
0.0119038 3.508734
0.01537594 3.785787
0.01487102 3.604591
0.01780633 3.407282
0.01443971 3.578399
0.01936346 3.110799
0.02010154 3.001839
0.02212191 2.708796
0.03187824 2.685008
0.04496637 2.870983
0.01737375 2.575625
0.04066608 2.508946
0.03488369 2.408613
0.05353988 2.626674
0.03912644 2.62769
0.02525445 2.602731
0.05901361 2.344206
0.03288599 2.004025
0.03525045 2.242256
0.04115862 2.501964
0.0356015 2.475212
0.03345504 2.56381
0.02799654 2.680771
0.01909502 2.487055
0.02732618 2.46113
0.0197257 2.528818
0.01647162 2.860994
0.01152226 2.654285
0.02304696 3.158565
0.02060525 2.859815
0.02257662 2.699183
0.01849469 2.692397
0.01321401 2.476853
0.007541463 2.493096
0.01251246 2.393411
0.00966031 2.143534
0.02091748 2.043957
0.04261983 1.959799
0.05332281 2.012892
0.042747 2.175217
0.03070632 2.007719
0.02287161 2.218508
0.02759654 2.262052
0.01549493 2.433733
0.02020702 2.134766
0.03781963 2.065034
0.0226717 2.137188
0.03952895 1.949913
0.03749105 2.186701
0.038959 2.034143
0.0362991 1.950766
0.06344012 2.194971
0.05049267 2.201687
0.03795212 2.324355
0.04396607 2.484074
0.04047309 2.6875
0.02474185 2.668639
0.04988196 2.473808
0.04431166 2.205801
0.03217044 2.357464
0.02941331 2.244433
0.05726352 2.060803
0.05377352 2.102362
0.05519089 1.9402
0.06899942 1.773411
0.05006182 1.921695
0.04522536 1.993633
0.06688271 1.905655
0.0511386 1.99429
0.05921564 2.046275
0.06295863 1.89686
0.06113864 1.920792
0.03303577 1.801872
0.04945819 1.792245
0.06153157 1.935424
0.05768754 2.029083
0.05235301 2.050762
0.0426529 2.226637
0.04044386 2.365665
0.02778919 2.221933
0.02982414 2.037781
0.04603319 2.1806
0.02697578 2.159913
0.02152969 2.094816
0.02906363 2.291243
0.04299285 2.454221
0.03562205 2.314151
0.05329012 2.137836
0.06065207 2.069533
0.03961199 2.246326
0.02392157 2.01382
0.02236347 2.313367
0.02741426 2.702337
0.03098096 2.516713
0.03262827 2.494274
0.03309017 2.563567
0.02708244 2.495032
0.01339577 2.501374
0.01055685 2.474271
0.02185865 2.182701
0.02440019 2.374586
0.03658444 2.323378
0.02781961 2.309628
0.0136234 2.294537
0.01496863 2.147162
0.01087759 2.108489
0.02056456 1.904565
0.01424263 1.985267
0.006364162 1.912142
0.01999705 2.091063
0.01561998 1.987421
0.02223635 1.892045
0.02206786 1.732915
0.0167666 1.760659
0.02664495 1.702917
0.01727883 1.61933
0.009473839 1.614973
0.01460836 1.688162
0.02221478 1.612556
0.02397106 1.554709
0.02601451 1.645339
0.04670091 1.578144
0.03029629 1.616153
0.02476508 1.725867
0.03935873 1.564056
0.04517921 1.556108
0.03187507 1.446968
0.02106876 1.401628
0.03079029 1.536899
0.03421682 1.486313
0.02612382 1.467269
0.02975906 1.444325
0.03118715 1.318499
0.0278377 1.438232
0.04876027 1.612036
0.04295317 1.575522
0.04980447 1.453881
0.03559172 1.484886
0.05947108 1.339998
0.04120136 1.396869
0.02764109 1.397654
0.05626896 1.450213
0.06647071 1.389029
0.05487292 1.28123
0.05458559 1.325341
0.07156416 1.289337
0.0618793 1.288367
0.05101055 1.191903
0.01304381 1.207488
0.02819094 1.366461
0.03856867 1.373779
0.0395152 1.362411
0.03424366 1.461617
0.04538125 1.390386
0.03462383 1.475159
0.0272982 1.61553
0.02352404 1.652561
0.01976671 1.492523
0.02668218 1.307503
0.01581224 1.308962
0.03442882 1.309743
0.0483398 1.295503
0.030438 1.441323
0.03404409 1.482306
0.06041026 1.528422
0.05283636 1.509543
0.05000513 1.495316
0.05396401 1.450524
0.0610781 1.564849
0.02625757 1.589657
0.0356887 1.68477
0.02549265 1.437406
0.0195454 1.474101
0.02158448 1.416364
0.0418167 1.362866
0.03636818 1.388685
0.03533326 1.429844
0.02449027 1.31146
0.02355668 1.499243
0.03214779 1.564849
0.0298502 1.441417
0.02861294 1.442316
0.02688219 1.42259
0.0127558 1.306507
0.01536342 1.422897
0.01573936 1.50403
0.04385512 1.585673
0.03722705 1.622589
0.02104749 1.597549
0.02799891 1.583914
0.0170892 1.509328
0.03099584 1.435297
0.02533855 1.358938
0.05860523 1.383212
0.05206401 1.309242
0.0352796 1.347564
0.03004401 1.357144
0.0229951 1.306662
0.02377896 1.364493
0.02581401 1.385447
0.04516716 1.419762
0.03926976 1.414597
0.09126274 1.483542
0.0508173 1.320822
0.05567686 1.258604
0.03418609 1.230332
0.03379276 1.226485
0.02219521 1.272829
0.01665032 1.345574
0.03054379 1.319024
0.03306398 1.306632
0.02798084 1.34757
0.02952205 1.435799
0.02949519 1.524231
0.03476027 1.585325
0.03271101 1.383891
0.02521526 1.225227
0.03095804 1.210282
0.02267697 1.249735
0.03476162 1.175777
0.02273621 1.209709
0.04147764 1.311091
0.03845342 1.155948
0.02278245 1.152913
0.04466364 1.000658
0.05694518 0.9065102
0.04850732 0.9613181
0.05479507 1.029852
0.0271216 1.001617
0.03730657 0.9467853
0.04084183 0.9066628
0.04096231 0.9260081
0.0315447 0.9200835
0.03270098 0.8891575
0.05042633 0.8456106
0.05973593 0.7702518
0.04061015 0.8049677
0.04278096 0.799606
0.02185302 0.8101821
0.06373872 0.7945239
0.05062354 0.7377503
0.05527695 0.841824
0.04038399 0.8374875
0.04240456 0.9442018
0.03652009 0.93549
0.04329366 0.9736987
0.02105217 0.9776527
0.0458621 0.8961517
0.05137678 0.9664525
0.04660049 0.8840008
0.03896121 0.9243678
0.02098928 0.8973923
0.008804996 1.032319
0.02929634 0.8936314
0.03253541 0.8659357
0.03959499 0.9495746
0.04760332 0.9337256
0.04119424 1.015135
0.0417215 0.9710786
0.04510493 0.7906034
0.05387116 0.7373421
0.02322429 0.7277819
0.04781589 0.7954729
0.06854263 0.7512868
0.08704062 0.7321041
0.07859422 0.7547531
0.05276402 0.826884
0.08195902 0.8264435
0.08899978 0.806847
0.09213989 0.7832176
0.08679024 0.779914
0.09135261 0.7550555
0.1198529 0.7200547
0.08981773 0.7209994
0.07948901 0.7102375
0.06163684 0.6538633
0.05986107 0.6433404
0.04208373 0.6653792
0.05172757 0.7147643
0.06652778 0.7000036
0.06887939 0.6710139
0.04729031 0.6857619
0.02865445 0.6903911
0.03707306 0.6868031
0.02951685 0.7413259
0.04524668 0.7970106
0.04955305 0.7811057
0.05891393 0.7448048
0.06470904 0.7280498
0.05320378 0.7951938
0.06073013 0.8151191
0.03813627 0.7290714
0.06020661 0.8021074
0.06855652 0.843751
0.08798351 0.7958245
0.06259114 0.7843331
0.04094953 0.8594228
0.04033184 0.8126173
0.03617595 0.773856
0.09809215 0.7322285
0.07842203 0.645187
0.1058097 0.5616721
0.08638474 0.4979882
0.08616311 0.4798663
0.1086796 0.4875606
0.107618 0.4720207
0.1330567 0.5142254
0.1072824 0.5056731
0.09263612 0.4556372
0.1005559 0.5037426
0.08764756 0.4834675
0.08937086 0.5007224
0.08060667 0.4717032
0.07735707 0.5024021
0.1007297 0.5137094
0.1054296 0.5225068
0.09939617 0.490709
0.1047562 0.4847474
0.08177603 0.5347162
0.1235794 0.5326492
0.127021 0.5801811
0.1867774 0.5722682
0.1376064 0.5236568
0.1999212 0.4695779
0.2040411 0.5046578
0.177688 0.4959104
0.103797 0.5378982
0.1225518 0.4926505
0.1100699 0.4893311
0.1202338 0.4779554
0.1035804 0.4597915
0.1111811 0.4627956
0.09104116 0.5257437
0.05352981 0.4720647
0.04932013 0.5123239
0.04648196 0.5141034
0.05969866 0.5297615
0.06013418 0.5405278
0.04125237 0.5661494
0.03630365 0.5446878
0.0457753 0.5599829
0.08171599 0.5268196
0.0647013 0.5095911
0.04318206 0.469735
0.06991613 0.5029781
0.04645268 0.4894137
0.04665182 0.5023702
0.06971989 0.5536672
