0.2774163
0.2519982
0.2259084
0.2325394
0.2208755
0.2164795
0.214996
0.2067235
0.1984119
0.2027427
0.1997494
0.2090559
0.1942766
0.1952249
0.1924555
0.1958783
0.1993854
0.1839522
0.1738411
0.1650015
0.1717291
0.1707889
0.1849809
0.1824278
0.1722848
0.1693701
0.1623002
0.1562948
0.1598639
0.1554421
0.1432569
0.1465493
0.1437562
0.1381351
0.1351979
0.1353802
0.1393911
0.135531
0.1350375
0.1305534
0.1206687
0.1307084
0.1346016
0.1285177
0.1314394
0.1323724
0.130844
0.1343388
0.1371006
0.1418282
0.1386779
0.1358838
0.1330638
0.1345559
0.1271931
0.1259052
0.1319003
0.1249093
0.1163032
0.1225833
0.1276759
0.134869
0.1382455
0.1388306
0.1328518
0.1298337
0.1211104
0.1145567
0.113238
0.1099147
0.101238
0.1016592
0.1016533
0.1004922
0.09718412
0.0988441
0.102846
0.1032448
0.1002368
0.09369915
0.0856376
0.08114974
0.07979929
0.0782345
0.07366149
0.07472701
0.07693903
0.07689651
0.07417177
0.06990538
0.07294233
0.07785735
0.07740543
0.07812159
0.07517359
0.07444054
0.0714319
0.07080172
0.07344422
0.07231888
0.07355121
0.07242423
0.07575246
0.07369915
0.06999684
0.06739565
0.06872013
0.07121915
0.07174277
0.07098695
0.0759021
0.07556356
0.07483348
0.07595142
0.07492872
0.0745195
0.07776115
0.07613974
0.07780947
0.07719914
0.07741991
0.07393119
0.07251899
0.07109587
0.06800013
0.0671445
0.06671944
0.0674887
0.07159615
0.07176037
0.07012471
0.06798592
0.06554776
0.0637887
0.06188509
0.06747301
0.06957881
0.07129913
0.0716147
0.07184032
0.07074193
0.07092063
0.06975666
0.07248282
0.07179263
0.07117271
0.06776603
0.06648824
0.0647517
0.06053171
0.05900111
0.05629175
0.05205705
0.05205118
0.05160922
0.05224277
0.05182307
0.05079846
0.05282576
0.05126025
0.05250311
0.05312726
0.05553551
0.05669944
0.05253142
0.05273315
0.05370196
0.05248324
0.05160008
0.05206078
0.05167027
0.05014678
0.05059168
0.04918219
0.05048479
0.05068165
0.04446686
0.04493162
0.04862607
0.0476826
0.05097701
0.0484706
0.0496334
0.04705623
0.04679195
0.045
0.04367349
0.04341905
0.04364626
0.04492343
0.0458754
0.04580477
0.04310155
0.04504287
0.04568401
0.04320346
0.04434011
0.04216902
0.04308787
0.03912924
0.03888453
0.03980375
0.04000821
0.04203598
0.04245364
0.04326656
0.04365733
0.04532511
0.04459641
0.04693599
0.049257
0.05079502
0.04978513
0.05112791
0.05209636
0.04898407
0.05048538
0.04848024
0.04961438
0.04922957
0.04693007
0.04954541
0.04815772
0.0469269
0.04681289
0.04867691
0.04863281
0.05042348
0.05023921
0.0518459
0.04937039
0.04726521
0.04636815
0.04669947
0.04800618
0.04979734
0.04951849
0.04883239
0.04659367
0.04909009
0.04692495
0.04670538
0.04573151
0.04646224
0.0435739
0.0413105
0.04210169
0.04195437
0.03938986
0.03893295
0.03885804
0.03835005
0.03891179
0.03990034
0.04303114
0.04314915
0.0429866
0.04084149
0.042427
0.03964651
0.03969506
0.03843236
0.03579174
0.03357832
0.03092066
0.02995778
0.03123418
0.03183809
0.03098337
0.03144279
0.02974702
0.03293956
0.03336119
0.03157914
0.03109882
0.03242443
0.03337995
0.03470656
0.03364024
0.03388337
0.03356233
0.03438311
0.03283069
0.03164264
0.03061716
0.02991624
0.029844
0.03125463
0.03039552
0.03136289
0.03339881
0.03402221
0.03242701
0.03240005
0.03415997
0.03584261
0.03494602
0.03542567
0.03601359
0.03665204
0.03671119
0.0376781
0.03583655
0.03453939
0.03526231
0.03642954
0.03873654
0.03996862
0.03934201
0.0373046
0.03776793
0.03641092
0.03415288
0.03413948
0.03480843
0.03488708
0.03486122
0.0346013
0.03424263
0.03228733
0.03079799
0.03185175
0.0322669
0.03166745
0.03178431
0.03179085
0.03023134
0.03038057
0.03206571
0.03412581
0.03275686
0.03373627
0.03461238
0.03513403
0.03614325
0.03440847
0.03392684
0.0331899
0.03453982
0.03495803
0.0355131
0.03672831
0.03734144
0.04021684
0.04210369
0.04204805
0.04551175
0.04430656
0.04294595
0.0455496
0.04327359
0.04226145
0.04304167
0.04072437
0.03885892
0.0404775
0.0402546
0.03904088
0.03812512
0.03494907
0.03621626
0.03565453
0.03694441
0.03647047
0.03506737
0.03469736
0.03631324
0.03508631
0.0365578
0.03994415
0.03793629
0.03559759
0.03391093
0.03130759
0.03081389
0.03217425
0.03278767
0.03392032
0.03441505
0.03422191
0.03436221
0.03466964
0.03316521
0.03506555
0.03557554
0.03373383
0.03333665
0.03412879
0.03269571
0.0316722
0.03255975
0.03273942
0.03273793
0.03234233
0.0309903
0.03071342
0.03235765
0.03112403
0.02983805
0.03104035
0.03146432
0.03122365
0.03127707
0.03081144
0.03044342
0.03166039
0.03243923
0.03353975
0.0351652
0.03520153
0.03511398
0.03265264
0.03446754
0.03403708
0.03669045
0.03780978
0.03831033
0.03711584
0.03708063
0.03818838
0.03844217
0.03683525
0.03488778
0.03424823
0.03457737
0.03351672
0.03367236
0.03360714
0.03261467
0.03505863
0.03663939
0.0355409
0.03451718
0.03485758
0.03592633
0.03573567
0.03741318
0.03910639
0.03942022
0.04046735
0.04029164
0.0403022
0.03882524
0.04004647
0.04011204
0.03915922
0.03812447
0.03573262
0.03531588
0.03461426
0.03578986
0.03464164
0.0343266
0.03393368
0.03124026
0.03411276
0.03257698
0.03416485
0.03422124
0.03305823
0.03304564
0.03472331
0.03502964
0.03394147
0.0323805
0.03185805
0.03044534
0.03098033
0.03136249
0.03188842
0.0320977
0.030202
0.02743568
0.02785067
0.02845995
0.0271065
0.02712829
0.0266342
0.0258742
0.02788096
0.02608235
0.02700997
0.02560749
0.02705258
0.02736711
0.02657354
0.02842503
0.02839095
0.0272866
0.02767636
0.02974708
0.0289727
0.02858241
0.02799517
0.02983913
0.02918731
0.02768118
0.0295465
0.0291208
0.02862916
0.0295735
0.02879244
0.03002971
0.03155889
0.03164524
0.03015655
0.02833017
0.02833395
0.02800382
0.02960674
0.03050137
0.03067255
0.03153555
0.03328409
0.03299511
0.03427944
0.03490471
0.03333237
0.03408526
0.03233246
0.03277034
0.03349742
0.03376757
0.03549068
0.03416838
0.03551778
0.03583683
0.03755418
0.03660295
0.03877937
0.03800229
0.03776052
0.03954502
0.03874664
0.0379005
0.04084654
0.03931049
0.04078262
0.03892193
0.03869244
0.03720428
0.03824202
0.04003135
0.04067144
0.03923483
0.03784116
0.03928483
0.0377537
0.03955958
0.04056474
0.03972147
0.03935965
0.03796872
0.03977831
0.03739003
0.03755199
0.03862342
0.03922436
0.0377889
0.03610172
0.03652611
0.03683306
0.03735875
0.03620292
0.03611448
0.03758589
0.0379577
0.03706232
0.03832822
0.03886643
0.04020896
0.03732491
0.03652635
0.03677861
0.03936135
0.040583
0.04023086
0.03907086
0.03898909
0.04010354
0.03907812
0.04011871
0.03988267
0.04071173
0.04176185
0.03924456
0.03950808
0.03945913
0.0399508
0.03896739
0.04003355
0.03863809
0.03936963
0.03829483
0.03821477
0.03824208
0.03892903
0.0352514
0.03402803
0.03387442
0.03452368
0.03153543
0.03328307
0.0321891
0.03280755
0.03443805
0.03537507
0.03524503
0.03636116
0.03713346
0.03940165
0.037775
0.03796394
0.03685926
0.03730321
0.03756565
0.03725419
0.0400788
0.0376951
0.0380244
0.04041912
0.03732393
0.03836938
0.03915781
0.03908869
0.03796982
0.03911363
0.03979716
0.04157861
0.04316082
0.04290166
0.04350696
0.04352806
0.04240831
0.04226736
0.04392399
0.04468655
0.04157206
0.03949766
0.03868779
0.03820562
0.0384724
0.03778188
0.03893178
0.03914548
0.04194631
0.0394651
0.03954035
0.03918254
0.03687648
0.03709885
0.03645208
0.03909325
0.03964276
0.03832318
0.03838319
0.0384076
0.04031863
0.04121984
0.03741029
0.03867292
0.04140331
0.04303605
0.04126082
0.04029944
0.0408328
0.04088209
0.0395967
0.04117043
0.03858149
0.04206895
0.04233341
0.04241842
0.04193125
0.04316927
0.04176472
0.0434101
0.04359801
0.04035408
0.04068635
0.040111
0.04219839
0.03962587
0.04156338
0.04426152
0.04721907
0.04655716
0.0490478
0.0505955
0.05081088
0.0527032
0.05043821
0.05171537
0.04974156
0.05281327
0.05421046
0.05498156
0.05193376
0.05297845
0.0532266
0.05170857
0.0510073
0.04975809
0.04888128
0.04747319
0.04849349
0.04649454
0.0435544
0.04096841
0.04175243
0.03864509
0.04130006
0.04320104
0.04235964
0.04158853
0.04186375
0.04306213
0.04488424
0.05075277
0.05348338
0.05455501
0.05325455
0.05381677
0.05055185
0.05026839
0.04969481
0.04815681
0.04949738
0.04744441
0.04730723
0.04751473
0.04508276
0.04283407
0.04296371
0.04132972
0.04293948
0.0424322
0.04475137
0.04243967
0.04102398
0.0405995
0.04004635
0.03961798
0.03720528
0.03730587
0.03662103
0.03664307
0.03690194
0.03643323
0.03422866
0.0339163
0.03544745
0.03647717
0.03541142
0.03510003
0.03368712
0.03314516
0.03230484
0.03148503
0.03067249
0.02932079
0.02909099
0.02864291
0.02968614
0.02977212
0.0318435
0.03117815
0.02885122
0.02785576
0.0276438
0.02779048
0.02806374
0.02696666
0.02659034
0.02742911
0.02711626
0.02700592
0.02747799
0.02753002
0.02814416
0.02873903
0.02880429
0.02831291
0.02833904
0.02765284
0.02977098
0.02932298
0.03038171
0.02959064
0.0303742
0.0307757
0.03020973
0.02985382
0.03050085
0.02956114
0.03061681
0.03071612
0.0307866
0.03008503
0.02929457
0.03038143
0.03058772
0.03088097
0.03128735
0.03111512
0.03105324
0.03202699
0.03026058
0.02924758
0.02814986
0.02841341
0.02884267
0.02857707
0.02765419
0.02816432
0.02920833
0.0302788
0.0304742
0.0322941
0.03306022
0.03127347
0.03107214
0.02892663
0.03015908
0.03020657
0.02927707
0.02997012
0.02911255
0.02887662
0.02932463
0.02929215
0.02948899
0.03026096
0.02980014
0.02925356
0.02830343
0.03085532
0.03007266
0.02888105
0.02931938
0.02904618
0.02902688
0.02895887
0.02754581
0.02788232
0.02789152
0.02638052
0.02538718
0.02626537
0.02602457
0.02594712
0.02617493
0.02488367
0.02505674
0.02517574
0.02714234
0.02746921
0.02987977
0.02860395
0.02973743
0.02889457
0.02881277
0.02989363
0.0293125
0.03043325
0.03124072
0.03283409
0.03220078
0.03353274
0.03101783
0.02848226
0.02860531
0.02749466
0.02900824
0.02940028
0.03082297
0.03147236
0.03155452
0.03074042
0.03012846
0.03031025
0.03112225
0.03130703
0.03068074
0.03035243
0.03121548
0.03140935
0.03054712
0.0314366
0.03118961
0.0317017
0.03210818
0.02966017
0.02982578
0.02908318
0.03003136
0.02817695
0.02784911
0.02901205
0.02964267
0.02924623
0.02972045
0.03032386
0.03198198
0.03090499
0.02968082
0.03117221
0.03192319
0.02995372
0.03099266
0.03077547
0.03077618
0.02956282
0.0282583
0.0298855
0.02752501
0.02850686
0.0277456
0.02825665
0.02790374
0.02714967
0.02572981
0.02515347
0.02466216
0.02485417
0.02675968
0.02605252
0.025108
0.02454179
0.02370999
0.02546973
0.02634627
0.02546754
0.02534995
0.02467369
0.02479045
0.02649659
0.02638878
0.02708566
0.02699072
0.0256701
0.02671925
0.02718195
0.02668629
0.02610581
0.02538022
0.0254131
0.02561459
0.02737436
0.0290981
0.02867328
0.03005101
0.03012166
0.0318485
0.03139369
0.03135247
0.03086188
0.0311587
0.03067567
0.03084023
0.03069389
0.03060593
0.03106584
0.03121571
0.03202126
0.0335463
0.03276377
0.03120235
0.02982255
0.02888114
0.030365
0.02980296
0.02997128
0.02956287
0.0296872
0.02896407
0.02860119
0.02964709
0.02850798
0.0280212
0.02907439
0.02880809
0.0306726
0.02949127
0.03103182
0.03063651
0.03263501
0.0318432
0.03413483
0.03247482
0.03255173
0.03177859
0.0318867
0.03213784
0.03336444
0.03193361
0.03126421
0.03224088
0.03129153
0.03028431
0.03192658
0.03244633
0.0325886
0.03036938
0.0312944
0.03060008
0.03080725
0.03176267
0.03170509
0.03229002
0.03248651
0.03231394
0.03030006
0.03102148
0.0317969
0.03064133
0.03142049
0.03154848
0.03166803
0.03147567
0.03152472
0.03018995
0.02994769
0.03095453
0.02986935
0.0288169
0.02870332
0.02873449
0.0281679
0.0275222
0.02721567
0.02925644
0.0269399
0.0300098
0.02811895
0.02906404
0.02980885
0.03066789
0.03005854
0.02879389
0.02860834
0.02776242
0.0278637
0.02839647
0.02993302
0.03011436
0.0289056
0.0295821
0.03036736
0.03019649
0.02818854
0.02694755
0.02744272
0.02587484
0.02602458
0.02618906
0.02562881
0.02420572
0.02396148
0.02530304
0.025866
0.02380969
0.0246035
0.02466388
0.02598978
0.02693409
0.02663833
0.02764263
0.02704556
0.02682124
0.02485395
0.02642181
0.02618853
0.02633475
0.02630801
0.02498091
0.02551021
0.02679826
0.02754068
0.02660615
0.02766434
0.0284717
0.02872487
0.02692414
0.02538183
0.02700282
0.02689116
0.02794271
0.02819547
0.02855996
0.02837078
0.02894307
0.02718968
0.02660789
0.02859593
0.02971928
0.03093664
0.03156382
0.03056318
0.03224587
0.03124858
0.030844
0.03164206
0.03144399
0.03301443
0.03305097
0.0353429
0.03604989
0.03749532
0.03878351
0.0405701
0.04167522
0.03904107
0.03923841
0.03870641
0.03653245
0.03872527
0.03793056
0.04093133
0.04035423
0.0402618
0.04127742
0.04161652
0.04310532
0.04254199
0.04375823
0.04331103
0.04660815
0.0490918
0.04955898
0.04853712
0.04612918
0.04257031
0.04150006
0.04185568
0.04084149
0.04121979
0.03982802
0.03905452
0.03961933
0.04159837
0.04633103
0.04540806
0.04811526
0.04676022
0.0487505
0.04413144
0.04395885
0.04254474
0.04201832
0.0409358
0.03988189
0.03964134
0.0381605
0.03813561
0.03767109
0.03876246
0.04037321
0.04033859
0.03966906
0.03955318
0.04170296
0.04212948
0.03854155
0.03865622
0.03889339
0.04054932
0.04079133
0.03842519
0.03905037
0.03844679
0.03873921
0.04124081
0.04397013
0.04294328
0.04211997
0.04430427
0.04741353
0.04669805
0.04566535
0.04865949
0.04742004
0.04440952
0.04474033
0.0462709
0.04588728
0.04679911
0.04837253
0.04643588
0.04727802
0.04870989
0.05023647
0.05009265
0.04741079
0.04392051
0.04342824
0.04342646
0.04272058
0.03920112
0.03884114
0.03761455
0.03552678
0.03823858
0.03809691
0.0382361
0.04115546
0.03865778
0.03875845
0.03814557
0.04089915
0.03955189
0.04038052
0.04163857
0.04275024
0.04575664
0.04769906
0.04687025
0.04701848
0.04559274
0.04649053
0.04537625
0.04266872
0.04198001
0.04181705
0.04200711
0.04307607
0.04452624
0.04488688
0.04540965
0.04805148
0.04694978
0.04594465
0.0464852
0.04510772
0.04894507
0.05004464
0.05251106
0.05397039
0.05307148
0.055565
0.05389602
0.0510593
0.05199141
0.05023307
0.05167511
0.05062485
0.0495249
0.04950389
0.04943149
0.0485251
0.04492984
0.04475106
0.0452489
0.04567635
0.04476614
0.04203966
0.04172318
0.04067709
0.04065206
0.04191796
0.04454713
0.04438812
0.04589937
0.04862037
0.04908065
0.04800924
0.05175291
0.04937587
0.05060262
0.04792508
0.04767758
0.04954154
0.04960071
0.04668282
0.04540363
0.05058129
0.04965131
0.04933916
0.04782213
0.04987657
0.05061807
0.04876026
0.05072607
0.05122272
0.0497437
0.04974306
0.04723428
0.04487661
0.04967823
0.04947952
0.04934854
0.04573023
0.04902471
0.05213991
0.05013637
0.05146853
0.0504486
0.04955709
0.0510667
0.04786489
0.04654157
0.04613068
0.04495722
0.04421727
0.04636705
0.04839762
0.04745161
0.04860557
0.04877477
0.04971961
0.05011251
0.0519551
0.04948198
0.04974135
0.05109809
0.0488907
0.04930399
0.04898992
0.04971518
0.05055479
0.05140823
0.0567701
0.06163779
0.06126732
0.05919098
0.06259643
0.06468012
0.06541991
0.06237887
0.06125575
0.06051708
0.06049247
0.05910951
0.05891615
0.06326417
0.05995049
0.06359771
0.06404758
0.06215074
0.06478108
0.07063013
0.0709931
0.06787199
0.07020952
0.06582023
0.06226169
0.06221082
0.06068931
0.06087782
0.06480876
0.06032285
0.05985237
0.0550408
0.05726973
0.05482853
0.05463744
0.05323002
0.05393362
0.05386124
0.05349039
0.05348684
0.05724399
0.05595668
0.05618359
0.05720441
0.05385098
0.0534907
0.05667682
0.05231912
0.0535654
0.05288207
0.05174553
0.04943295
0.04971155
0.04761329
0.04620273
0.04524656
0.04456725
0.04391349
0.04581029
0.04166635
0.04429498
0.0450683
0.04887941
0.05053477
0.05016465
0.04564536
0.04329805
0.04376531
0.04085995
0.04176799
0.04307329
0.04020482
0.03977875
0.03991108
0.03946349
0.03886021
0.03934251
0.03999409
0.03933656
0.03849411
0.04049505
0.04072612
0.04315706
0.04462465
0.04481699
0.04865391
0.0490287
0.04775332
0.04752237
0.04645347
0.04506034
0.04607603
0.04592003
0.04382335
0.043272
0.04201145
0.0427617
0.04368732
0.04300603
0.03913228
0.03723455
0.03879458
0.03800087
0.03541131
0.03614723
0.03612422
0.03470564
0.03428795
0.03365387
0.03122506
0.03008382
0.02969374
0.03009629
0.02872329
0.02807799
0.02781022
0.02884578
0.02947189
0.03069873
0.02906303
0.02920649
0.03043789
0.03243655
0.03282115
0.03132265
0.03198332
0.03124745
0.03154515
0.02911743
0.02862962
0.02774233
0.02791213
0.02699075
0.02658631
0.02686356
0.02655746
0.02507318
0.02427728
0.02508194
0.02549917
0.0267652
0.02763752
0.0273145
0.02775416
0.02704605
0.02572156
0.02655041
0.02702778
0.02723043
0.02865838
0.02793959
0.0281927
0.02877542
0.02841098
0.03003597
0.02903601
0.02911704
0.03059236
0.03135254
0.03246527
0.03294809
0.03134427
0.02991444
0.0320402
0.0327359
0.0311459
0.03016273
0.02847699
0.02822279
0.03004031
0.02969092
0.0291233
0.02813973
0.02745248
0.02904759
0.03137479
0.02950739
0.03127809
0.03052417
0.02987606
0.02879891
0.02774145
0.02986516
0.03015062
0.0308621
0.03075005
0.03339606
0.03271571
0.03062265
0.03069763
0.03037118
0.03066928
0.03010395
0.03166391
0.03007301
0.02944902
0.03053511
0.03013064
0.03079554
0.02862972
0.02965681
0.03071818
0.0315151
0.03099873
0.02937738
0.03013081
0.03084634
0.03090147
0.03109884
0.03141651
0.03311441
0.03291194
0.03399473
0.03464372
0.03496229
0.03697752
0.03867699
0.03947376
0.03752357
0.03572729
0.03731968
0.03718246
0.03691965
0.03494002
0.03479224
0.0337538
0.03247595
0.03343323
0.03342113
0.03251836
0.03072749
0.03279143
0.03375337
0.0332021
0.03338906
0.03394493
0.03173897
0.02984497
0.02968839
0.03214896
0.03027516
0.03078086
0.03101918
0.03111044
0.03037082
0.0306559
0.03297998
0.03068631
0.03247034
0.0330667
0.0335043
0.03293083
0.03500071
0.03432072
0.0337839
0.03321475
0.03401485
0.03414829
0.03414599
0.03597353
0.03730155
0.03736622
0.03810016
0.03715811
0.03725629
0.03575177
0.03691739
0.03761844
0.03699525
0.04089781
0.04018296
0.04008771
0.03873601
0.03761764
0.03786999
0.0382772
0.03948644
0.03800716
0.03795957
0.0378874
0.03678787
0.03569757
0.03643566
0.03514435
0.0338417
0.03376643
0.03241039
0.03271401
0.03150499
0.03330352
0.03218034
0.0309204
0.02955299
0.0300939
0.02871124
0.02998079
0.03132642
0.0303923
0.03038278
0.02977645
0.03127995
0.03299436
0.03282428
0.03280564
0.03268051
0.03284426
0.03174669
0.02980602
0.02943134
0.02907783
0.02721543
0.02850997
0.0279272
0.02739455
0.03015518
0.02983993
0.02934692
0.02873153
0.0286664
0.02872161
0.02969419
0.02775594
0.02858202
0.02921062
0.03022855
0.02905528
0.02981345
0.03051854
0.0313749
0.03384039
0.03265141
0.03147835
0.03077968
0.02945702
0.02880292
0.02849151
0.02810012
0.02670209
0.02540417
0.02591691
0.02494574
0.02589423
0.02516118
0.02578389
0.0256351
