18.8841
17.36017
17.53193
17.19327
19.23042
18.19352
16.5217
13.83777
13.6584
13.1007
13.83659
13.2104
15.49451
18.19035
19.76114
20.33984
24.36801
22.88616
23.30043
23.30592
19.35176
22.38899
18.09147
15.10796
15.8371
15.98558
13.45106
13.79587
14.70404
15.30391
15.40877
15.74037
17.98157
19.64913
14.98956
14.30531
15.77101
13.87929
11.98443
13.26714
12.6
13.65236
15.82687
16.73729
16.35805
15.5015
18.93259
18.79559
15.88705
17.76949
17.19962
17.22067
17.34017
18.48857
18.23304
15.52236
15.00678
17.80478
21.61286
18.0292
22.93121
19.80685
17.9463
18.89775
20.63245
18.498
19.98919
24.20618
22.26152
21.39582
22.47099
20.405
21.08394
19.73162
19.05855
21.16152
16.13297
15.3032
17.73183
17.97247
17.70861
18.25784
19.90061
19.32784
13.51881
12.91279
15.4551
16.54993
14.87196
14.53104
14.30665
13.40776
13.52371
15.20224
15.35649
17.99708
19.85365
20.76271
17.86002
16.04212
20.09519
19.79243
18.52862
21.26728
21.18704
19.02243
19.77091
17.55048
17.10719
14.82133
14.45287
13.36557
11.97382
13.9854
11.18661
10.61104
10.33154
10.72569
12.50213
14.88648
13.7552
16.20829
14.13847
14.07514
13.88958
14.32589
13.5383
15.26756
12.39927
12.21166
13.01302
13.94454
13.82988
16.47577
17.33184
19.58101
17.18685
19.04064
20.64247
20.2778
17.95489
19.3733
17.82036
19.06025
18.92157
19.45868
20.28565
18.57507
17.88137
16.31044
15.42848
14.06178
13.70981
16.59283
16.01331
16.00062
15.76566
18.51974
15.09768
15.40751
18.87989
19.14652
19.44339
23.93774
23.57893
21.09189
21.15338
23.78952
27.09253
31.68815
30.92886
33.04732
29.87491
31.16727
28.55398
24.10551
21.16819
20.34126
20.09848
23.03265
26.22798
26.33648
26.89858
25.43058
25.87542
24.46104
22.6385
24.00078
19.49833
20.47485
17.50137
20.00972
16.06343
16.59439
17.35894
18.16036
22.46766
18.56814
20.98702
16.03754
15.78295
16.54429
15.88638
17.45168
15.83644
14.0496
13.16682
10.05442
10.0623
8.451999
10.01456
8.583984
8.4668
9.075501
10.10868
10.83555
10.22559
10.18837
10.67291
8.942852
8.126806
6.165644
5.748049
5.661583
5.54255
5.85997
5.87009
6.05862
7.084899
7.090223
6.304936
6.706947
8.107751
8.949664
9.769401
11.78069
11.19244
9.338124
10.07166
10.0561
12.12494
13.50778
12.86295
14.32564
12.38174
11.94384
14.5312
17.07982
15.76
13.96966
12.74257
13.08032
9.759975
10.43588
9.814987
10.76576
10.94754
11.05339
10.96851
10.55484
9.370146
7.835516
9.206608
7.480807
9.830379
10.84164
9.997814
10.37846
8.66146
8.374727
9.977999
8.700834
9.81256
10.09958
10.02581
11.43708
10.27192
11.65313
10.12423
9.800096
11.36333
11.91341
15.01606
12.23328
12.33331
12.8618
11.00597
11.64236
12.38666
12.76756
12.99995
12.8654
15.7616
13.59151
15.94288
19.04817
16.44605
20.6551
15.18425
16.10672
13.57468
14.50054
17.18605
17.92382
17.84056
17.44835
17.27166
13.56795
13.10823
14.4286
13.8735
13.48565
15.81089
17.10917
20.73102
23.97844
22.25373
16.05219
18.23199
15.95381
13.50587
13.84656
15.61437
16.51174
14.32875
15.20742
16.33116
15.31441
16.69257
15.08977
14.94022
14.71771
14.59177
14.13375
12.38412
11.32572
10.88554
9.181576
10.35943
10.0042
12.89902
12.23183
13.87719
16.07349
20.39314
18.06346
22.05436
25.67446
24.7126
21.01258
22.72726
22.39184
21.60939
23.29335
24.16978
23.84616
24.48169
22.98153
19.41323
21.86797
22.65052
19.69717
18.72939
20.44307
16.25772
16.95216
18.99606
19.20253
18.85734
15.56822
16.97107
17.0188
18.82492
16.30449
14.5579
17.15124
20.123
22.70216
18.30573
20.6296
18.45353
16.69086
14.65797
12.86629
12.4178
14.63683
13.62414
13.80053
15.41052
18.29217
20.66934
17.40713
17.0155
13.8816
16.25918
14.94721
14.12244
15.19187
15.4292
16.66339
17.23546
23.36899
24.82941
24.68493
25.84382
24.66406
22.77491
16.75007
17.15859
18.23274
16.5165
13.89901
11.34
13.29139
11.46346
11.86541
9.245636
8.378382
8.507686
7.957661
11.54309
13.01638
13.59055
13.43046
15.29155
18.13058
17.98047
16.45729
17.5699
16.63651
15.72359
15.24142
14.39838
18.44577
18.91747
14.74109
14.87809
14.60349
15.44776
15.4543
13.79072
16.44987
15.16289
13.24364
12.86169
12.83328
12.19272
14.60751
15.03736
18.10594
23.19083
19.79493
18.85651
19.36208
19.45045
20.08546
17.85663
18.87468
18.33423
16.81639
15.28092
14.51624
12.33334
13.13151
13.79095
15.79983
18.03863
15.83342
14.59449
14.36782
16.10465
13.12287
13.35979
12.86645
10.82217
11.15975
11.84218
11.42461
11.99672
11.77381
11.61365
14.24658
15.04397
11.25037
10.91056
12.47937
12.01202
11.09988
10.97527
11.01768
10.80573
11.06506
12.92409
12.63775
13.51853
12.4202
13.99083
11.82343
11.39125
10.01682
11.38631
10.83611
11.14787
12.3692
10.85237
11.40126
10.95356
9.988902
11.21695
11.63935
11.73554
11.35197
11.51376
10.41501
11.24997
12.56788
14.13215
11.49135
11.97148
12.5823
10.86245
12.42099
11.72479
10.25487
9.795749
8.464864
10.72547
12.11446
11.98758
12.14426
13.42375
14.7409
14.77069
14.67866
15.46063
13.14402
12.48109
10.61361
10.72387
10.05568
9.379623
8.77367
9.348032
7.598922
7.555992
8.173951
9.986529
9.858982
9.272416
8.996202
8.867615
8.588477
9.623436
9.300968
9.050273
9.308183
8.45259
7.560429
8.028461
8.414388
8.724182
8.611521
8.612075
10.12134
9.60469
10.1556
9.718463
11.40975
11.64829
11.64273
12.50045
14.36186
15.38811
17.23647
14.80997
13.34632
10.46474
11.52617
10.68778
11.02273
10.4809
11.21989
10.91052
9.616577
9.426243
10.39992
12.286
11.50975
10.23833
9.287554
9.302482
8.549322
9.230349
8.559225
9.486525
8.535502
8.440417
8.270096
8.298092
8.53771
11.93186
11.56573
10.95659
13.08503
9.96521
10.66471
11.8079
12.15114
13.79546
14.39857
16.00955
13.5447
14.34874
15.8206
13.77621
13.32035
13.1375
11.92664
12.07998
10.78223
9.440566
9.577178
10.78648
9.853133
10.23502
11.17744
11.03578
12.53026
12.65463
11.68524
10.23344
9.631619
9.090397
9.230317
12.10381
13.05089
12.13045
11.20537
9.978404
10.61177
8.114848
7.613256
7.107744
6.95792
7.534792
6.919536
7.933659
9.076612
9.030306
10.58436
9.122121
8.841791
9.747801
11.33534
13.10776
9.162448
10.52799
10.00267
9.209506
10.11553
9.841865
9.487376
9.768367
11.36774
10.76664
10.3751
11.80245
12.83143
10.4485
10.70882
12.28748
13.97051
17.01663
18.42385
15.05848
14.6415
14.70989
14.58051
14.66463
14.30109
11.85416
12.54552
11.40549
9.93924
11.66793
13.13288
13.33901
13.84786
15.12272
12.99465
16.37482
15.72473
13.03811
15.28874
20.81216
22.36349
19.05384
19.95851
20.97556
22.8867
20.22217
17.91314
17.13419
15.57323
13.64533
13.45352
12.95021
12.34529
14.68952
12.58013
12.87688
12.44909
12.71728
12.78975
10.57497
11.41327
11.48574
12.0245
12.59617
14.80379
14.56869
15.9055
16.70442
17.45519
18.24746
15.62835
15.94701
14.2815
14.71495
16.30258
15.63313
14.57273
15.44213
16.80046
17.98135
14.83093
18.44373
17.89724
14.70812
9.506051
9.052629
9.713682
9.646149
13.74951
12.75103
11.41847
10.42985
9.566379
10.71281
10.9521
11.53876
7.738851
8.459172
9.709647
10.75587
9.727613
10.72977
10.20802
11.29404
10.51128
9.902629
9.891389
10.50094
11.95154
10.933
9.581761
10.1798
9.924695
9.356765
8.553645
9.393419
8.595226
8.663186
9.822989
8.374499
10.26966
10.35283
10.82298
9.199577
8.199978
7.823164
7.843284
5.942613
6.681128
7.053334
8.349467
9.896395
10.58651
10.63562
12.23279
11.89451
12.18915
11.36645
12.18552
11.55604
14.86974
16.39431
18.00523
18.94087
21.36577
23.45014
25.54245
23.85967
29.68484
31.43396
30.75856
29.34248
27.97789
19.3919
20.54156
16.69336
16.40384
16.61839
15.02812
14.04287
15.71275
14.58159
12.35548
12.04732
13.69421
17.21653
14.52735
12.8416
13.38236
12.24535
11.10859
11.43003
10.85565
9.219703
12.22827
11.83147
13.72352
12.11532
12.46716
12.3477
12.65358
11.95366
12.59502
15.71885
17.39576
17.90614
19.91296
21.90227
22.34083
19.2417
19.58416
18.38547
19.01462
18.06167
17.89287
17.14426
22.96082
23.95439
23.6867
21.4285
21.38838
20.32
20.13166
20.84002
25.95457
21.76416
20.13194
19.96265
18.62525
15.67627
16.22387
18.82636
19.54033
19.72614
20.54198
19.37303
20.44627
19.02625
18.5307
16.95675
21.99081
19.95533
16.77434
16.06892
15.32029
14.08031
13.86653
15.54639
15.68925
14.7218
14.2373
13.7928
13.82584
12.50922
12.98946
11.56681
10.93312
10.81747
11.21611
11.18325
13.80032
14.97676
12.15286
12.0267
13.11706
13.10197
15.24669
15.30285
13.48617
11.07
10.93095
8.788955
8.719867
9.326504
8.642602
9.112904
11.75588
12.10072
14.90344
13.77352
14.18767
14.48787
13.28242
12.3808
12.65683
13.7388
15.39555
15.89938
16.08187
16.63291
12.7094
12.25899
14.42782
15.29656
13.95396
14.15976
18.96032
15.3672
15.77917
14.35235
12.57318
10.68756
9.326573
10.35384
11.3878
9.881025
11.25643
12.35092
12.37629
11.12315
12.29335
12.67111
13.83204
15.64467
16.0759
19.35927
17.25157
14.39034
13.87968
16.20572
15.74696
19.77556
18.46995
20.09566
19.53299
19.15399
16.86037
15.18469
16.44979
17.63531
16.37405
16.005
17.10986
16.65401
19.19423
18.57602
16.99669
13.81462
13.96645
16.55751
14.94373
17.2853
16.11839
13.29364
11.49463
11.13577
10.50821
11.91735
12.03956
12.43623
11.04189
12.19953
13.18861
12.44236
12.35557
11.86886
11.032
11.51897
10.99287
11.20412
10.27583
14.05749
14.73996
13.13596
12.61862
12.91069
12.00148
9.787879
10.83825
13.00753
14.53204
14.88093
16.26604
17.0805
20.6832
20.72274
19.36804
16.25468
17.84598
14.07616
15.16986
15.66266
18.98352
19.6874
16.97947
16.14182
15.29586
15.62663
16.07609
18.38149
20.48352
21.03789
19.1762
19.11762
17.54453
14.02413
18.34274
17.00126
19.29139
21.18544
20.75692
20.32134
22.10162
18.51531
19.14243
18.84843
16.00287
14.18443
14.79678
19.68901
16.88111
14.12777
14.58628
16.09227
14.32756
14.40227
14.14275
13.51142
14.36044
14.00245
16.21445
18.28537
14.56902
12.85484
12.78801
12.95614
11.2395
11.00009
10.78286
9.548113
11.2345
11.77672
11.67272
12.17681
9.396166
7.261791
6.596587
6.571672
7.270482
6.989738
7.429289
7.233187
8.53274
9.299722
9.153401
6.173832
7.153728
8.25443
9.385904
9.485304
9.329743
8.6151
9.194068
10.95
10.04559
11.71082
9.994987
11.14661
9.737259
10.48583
12.5841
13.42495
14.70787
12.94105
12.55789
12.20589
11.7845
11.99831
12.21686
11.00747
11.40502
14.49514
11.71217
13.63977
14.02342
11.96531
12.50405
13.31555
16.19778
14.5158
16.44156
14.41752
12.03387
13.12133
13.0954
16.80694
17.177
16.59323
14.46249
13.40276
14.41773
16.31587
16.1774
16.84584
15.01668
15.05089
15.39995
15.57536
16.85089
18.2201
20.32446
21.34658
20.04419
19.43637
20.51476
17.68923
19.61659
20.53545
21.14411
22.78047
27.73682
25.72516
21.76905
20.36134
24.13596
25.03612
25.32902
25.19318
26.9806
18.95724
16.85292
17.30171
16.40353
14.24765
12.63973
13.80436
11.4691
11.04939
11.46376
10.63353
11.48475
9.755193
8.954557
8.20623
8.358044
10.1715
10.80712
9.939342
10.47329
10.58052
11.6728
12.70657
15.09206
13.68526
12.45668
11.3918
10.48188
10.68627
11.15758
10.7833
13.50881
12.73909
11.29242
11.57849
11.88777
12.28949
11.4902
11.57639
11.57998
13.65927
13.40482
10.92813
13.74876
10.55832
9.380633
10.68496
10.4203
10.87375
9.600093
10.57603
12.20253
13.10728
14.613
12.65065
11.6103
11.39924
10.5548
9.491703
8.15494
9.214346
9.127897
9.110739
10.37932
9.34257
10.17762
11.25283
11.11597
11.02521
10.85286
9.012552
10.41121
11.16901
11.45443
9.683884
9.663032
10.01293
12.58421
13.1436
11.74313
12.99321
14.10413
12.69171
10.7315
8.976823
7.944986
6.920757
7.397823
8.014382
7.491612
8.087283
8.115634
7.570218
9.034452
9.630078
9.398451
11.01432
10.4583
12.31905
16.60713
13.90687
14.22233
14.29574
16.4866
19.20885
17.63383
17.93118
19.032
20.90067
19.74035
20.34832
21.85181
20.14022
19.82344
19.83429
21.30086
21.50652
24.45326
25.23644
22.64356
17.71203
13.2455
10.698
10.98924
9.77508
10.29859
9.869978
8.559929
8.735838
8.302969
9.000014
8.709389
9.061084
8.351117
9.217829
7.979921
7.073188
6.850679
6.524673
6.166946
6.456539
5.862073
6.241944
6.765627
7.544988
7.926942
7.139181
7.527107
7.991517
8.159828
9.634899
8.589948
8.956332
10.18987
10.12823
8.773335
8.894188
10.28194
10.39047
10.57391
10.93665
10.8186
11.92925
12.07033
10.54057
9.260665
9.625268
10.27102
9.162299
11.41834
10.80162
10.42839
11.20191
11.33772
11.55631
11.1107
12.90823
14.52677
14.88484
17.03468
15.55265
14.64806
18.14255
17.44199
18.80607
17.63882
16.8791
16.06123
18.22746
20.76717
18.66934
17.37311
16.83711
15.45805
15.5823
14.65611
13.72925
16.64859
15.00033
14.3998
14.29016
16.17866
15.65812
16.87386
15.92741
13.40856
13.24874
12.24442
10.44557
11.36816
12.47142
15.33504
17.75456
18.38498
17.38361
14.41282
14.48926
14.23325
15.37422
17.87474
16.15735
17.13607
15.03336
18.85915
15.59798
12.96151
13.22813
12.85977
12.45073
10.97338
13.00367
14.9684
15.96365
17.91696
17.22761
14.9338
15.55078
16.93416
13.05459
14.10203
15.86186
16.68965
16.37774
17.53163
14.30363
12.3197
14.64249
16.65389
14.40628
14.80381
17.05819
16.22842
18.37139
17.35004
15.89147
15.55243
16.1867
16.78555
15.27582
13.94117
12.6574
11.06517
11.74177
11.67124
11.18369
10.04212
8.838427
8.321791
7.612009
8.164026
8.995629
7.59721
7.596616
8.076433
7.868661
6.848664
7.544975
6.857174
9.170657
10.03311
10.21603
9.049061
7.805758
8.027523
8.187918
6.642078
7.488389
7.870784
7.655899
8.496677
9.794552
10.95191
10.01569
10.42515
7.945804
9.667312
8.921389
8.168664
9.547654
9.057081
8.507062
11.23934
11.45241
10.51525
11.45462
12.58767
9.731575
10.90977
9.552639
9.605902
8.629106
8.496022
9.160307
11.10515
12.43772
13.29637
17.49133
16.78999
18.72602
15.57043
17.61441
19.03179
17.5732
21.19102
16.34055
15.26677
12.72087
12.47925
11.30851
10.78384
13.63597
13.42387
12.09135
11.82925
10.24339
10.33562
13.80708
13.82858
15.99127
14.9046
12.87981
14.49528
13.63135
15.21296
15.57138
15.88569
16.20279
16.66462
14.08678
15.34056
15.1212
15.29446
17.27517
18.17158
20.10502
21.67852
24.8113
23.85885
26.42343
25.73653
26.48412
28.10352
25.38022
26.2463
22.03823
19.43699
18.99815
16.39737
11.38482
10.40005
11.21543
10.31051
8.857641
8.968891
7.890678
9.07087
9.092484
9.900687
8.568839
9.024403
11.34812
12.72812
12.18968
14.42709
14.0181
12.28571
12.77253
12.54188
10.87991
11.88688
14.36852
18.06298
15.10661
15.61292
18.40917
16.67696
15.96107
19.28806
21.08259
19.97418
19.1086
18.73592
20.74041
22.46901
22.33663
20.85477
20.70822
18.47837
18.34601
15.4816
14.14161
18.01637
18.40841
16.10987
18.9935
16.6975
17.24963
14.51349
15.28607
15.6581
15.0604
12.53097
11.28302
10.81447
11.7847
12.30493
11.66275
11.62605
12.55747
15.09036
19.09437
17.44618
16.07129
15.25503
15.79788
16.60536
17.42814
15.6928
16.58349
16.40486
15.93627
19.93944
20.30159
21.01006
21.95574
17.2561
16.97159
16.67996
15.98919
19.83756
22.71237
24.93655
23.59535
21.04392
23.1867
22.99196
22.64348
22.70532
25.70454
23.92429
23.07977
19.60895
17.63891
15.99567
17.20647
15.88096
15.3988
16.85822
17.40379
21.14812
25.09144
28.97215
29.48521
21.89289
22.27447
19.22808
17.29005
18.38634
17.0616
17.32334
17.50285
17.16379
21.93233
22.02542
19.61006
18.66135
18.10038
17.56676
13.17859
12.70941
12.60985
12.88558
13.23773
13.00494
13.32619
15.7768
16.94468
17.2415
16.07611
15.53964
14.41583
13.31647
10.50651
13.21167
13.20229
14.49429
13.88758
13.49617
13.78216
14.25364
12.50712
11.85784
