32.72857
33.78892
34.96704
37.2593
37.25093
38.9612
39.35394
39.69776
40.62735
39.70634
40.02612
38.26361
37.91328
39.64807
38.77242
38.65583
38.46169
39.61998
40.21398
41.36162
44.1411
44.09322
44.33659
47.05012
45.33311
47.17065
47.73115
46.11213
46.9454
47.26879
48.40441
50.25162
50.96479
52.20226
53.44467
52.22979
54.58527
55.57286
56.63361
57.51149
54.82762
53.96618
53.70961
58.86186
55.87794
57.41437
56.05857
58.08664
59.21396
61.10101
62.90045
63.48864
64.81474
65.88813
67.27935
64.82191
65.53775
68.43722
67.36
68.32409
70.76441
71.06339
71.87998
74.54269
72.87269
76.93592
74.58149
73.39809
76.2243
79.05932
73.89527
73.31126
74.23719
75.34957
75.62607
75.03052
73.47424
72.87267
73.79283
78.65477
83.0098
81.21573
81.55307
81.11969
79.69945
79.74422
77.80443
77.18615
77.12575
76.07495
77.57522
73.26124
77.94464
74.82731
77.6506
79.86115
81.33021
80.75106
77.61913
76.96294
72.93207
74.91074
73.08665
73.07432
70.42871
73.66994
70.17812
70.79689
68.2672
69.66425
72.02879
74.36751
72.19344
74.05808
72.88797
75.47905
76.50443
79.92948
82.32274
80.8612
82.46445
84.84869
81.64663
81.26484
80.60629
83.56517
86.34565
89.95842
88.22501
86.74682
85.57776
86.88432
85.21742
87.30409
85.46577
88.7761
89.77515
91.70882
90.47919
89.45573
86.55321
87.61496
89.61609
90.82378
88.97752
89.55861
83.80825
84.80587
86.57752
88.30526
87.21942
87.38834
90.33291
87.59036
90.31756
89.40112
88.95743
89.1864
86.02877
88.82266
86.84751
87.01084
92.67537
94.32412
92.20824
92.80408
93.40624
92.21631
94.30194
96.01865
99.82919
101.1676
102.3997
101.9066
106.5739
102.6643
101.4989
99.06723
99.04852
99.33805
98.07678
101.4289
102.1177
107.4814
108.6697
106.2835
100.2905
100.1675
99.87612
99.87507
103.4559
104.6221
102.3564
102.5545
102.9637
105.5597
101.9933
102.904
104.8073
103.0751
104.5204
104.8749
103.1436
102.8868
103.7426
100.5299
100.537
95.11492
94.96819
99.58168
100.8727
98.42485
101.5763
105.227
108.608
108.8091
107.3448
108.4817
107.8669
106.519
105.5651
101.179
106.4099
103.0281
104.3595
100.7698
102.2744
103.2615
102.7363
95.7612
97.53947
99.93564
101.3153
104.0417
101.3182
103.3253
101.0831
100.837
99.48325
97.17902
96.18038
90.11547
95.35476
97.52854
100.6619
101.4945
100.2229
99.69627
101.1509
104.1239
102.6889
99.76433
102.9737
101.1044
96.93655
100.2945
99.55588
98.41011
98.05283
98.97607
97.8238
101.6159
103.5159
105.3797
102.7879
102.95
102.633
105.6103
110.5192
107.8567
106.2782
109.5219
107.6375
110.0113
105.2848
108.7073
111.9016
108.7077
105.0856
103.7859
102.8948
105.2727
103.1647
105.6034
105.7522
107.0486
112.1877
106.7712
105.6589
105.1947
109.3044
108.04
107.2111
108.9933
118.2938
115.9909
115.4973
117.0132
123.9504
120.7863
124.9242
121.9765
133.6132
132.4445
133.5115
136.1208
134.8477
131.7231
138.6174
144.3278
141.8272
142.9417
145.7167
146.9656
150.3226
149.7846
145.671
146.1397
139.67
134.8768
136.312
132.6804
136.6498
139.0555
139.0445
138.1553
142.0533
133.7512
134.5997
133.8262
136.2331
146.8752
143.6916
139.833
141.4732
143.3318
144.8511
144.0996
144.9682
140.0351
139.3374
142.9174
141.9727
141.5444
145.6287
153.0771
153.2083
148.6736
155.7339
150.5752
149.9605
144.7124
140.1968
141.7856
145.4385
151.7276
147.3156
137.2479
138.3633
133.9594
131.1556
124.5735
127.9852
130.2315
129.5551
135.6393
131.4464
136.2704
133.9844
133.185
136.8967
138.6506
131.3473
126.4134
130.2694
128.3332
126.0118
128.2455
130.4021
127.7667
127.7547
127.8036
127.4608
124.8682
118.5048
120.1893
114.3079
111.6934
111.3497
108.3975
111.4247
110.7967
113.6562
116.421
111.8754
109.6907
112.2643
114.1357
110.9212
110.1093
109.5928
110.5333
110.9358
111.4645
112.5784
111.4295
114.8969
119.586
120.3059
116.5208
113.7733
115.4967
115.7208
118.1849
121.1238
126.9345
127.5795
127.7532
131.2076
132.3306
134.7689
129.3642
125.7866
127.0529
127.9843
134.7973
140.7371
146.0763
146.1081
140.7731
140.8654
148.2612
143.2308
144.8346
144.1175
137.1108
130.0674
125.0635
123.4069
117.986
120.6793
122.0065
118.5127
115.5908
118.5132
117.1072
115.8601
114.8223
114.389
119.5579
117.072
119.0861
120.5721
120.6336
120.6049
120.3762
120.8106
120.5471
116.4088
123.7924
118.2907
120.0289
119.5416
120.147
124.9925
126.526
130.8865
132.0445
130.8822
131.0284
127.0677
123.5755
127.1257
123.5342
124.7121
119.5018
122.1609
122.5803
124.72
130.6525
138.2718
135.194
136.269
129.6531
129.775
127.8023
127.7536
130.4943
128.9502
123.9469
124.3126
120.332
119.9004
120.9407
126.2325
126.8714
124.7448
120.6303
117.6613
118.9351
114.1111
115.9947
112.5338
109.4929
106.5518
106.15
106.2541
109.3406
112.061
111.5138
111.0231
107.8286
105.8806
102.1859
99.72616
99.05086
101.4763
100.469
99.94488
100.4747
101.0555
101.7082
99.92624
103.3107
102.1751
97.69971
96.83082
97.14494
95.67751
99.23466
97.13474
95.9024
95.03965
99.91293
100.7386
98.656
102.7539
97.44872
98.59475
97.44844
99.43787
99.48778
97.63917
99.37737
98.47854
94.82872
97.28041
96.08212
92.77869
89.96372
92.49602
95.51734
95.96637
96.52971
99.13612
104.2511
101.7883
101.8176
103.681
98.48912
98.12756
95.28734
92.97345
92.39036
96.14347
96.78412
92.82633
92.97831
93.59524
94.15986
91.1193
90.47008
94.46824
96.64511
97.44097
97.49387
100.4765
95.26334
99.323
96.54399
92.91939
94.921
99.67012
100.2653
98.93053
103.7399
103.2759
100.2342
104.4717
107.8135
105.3342
107.3544
107.9925
104.9772
105.3738
104.3137
102.5753
108.2255
106.2826
107.399
109.857
113.8724
109.615
113.2912
111.0798
112.1967
113.1772
116.6227
113.4161
112.3791
113.8857
112.9952
109.4872
113.0945
116.6182
118.0887
116.1856
117.9219
114.8307
105.9267
103.9489
106.2375
106.2791
105.3894
103.1371
103.4717
104.1091
106.7248
104.1699
105.7396
105.2718
107.3545
102.0515
100.4106
103.4858
101.7482
105.2101
101.9322
102.8303
104.5755
101.7832
101.5091
100.4221
100.0811
98.06278
97.67931
99.90594
98.56195
95.57872
96.12117
97.50081
91.63801
88.56618
87.75003
85.53636
85.7753
84.49734
82.30709
85.00241
86.82973
84.40682
86.0503
83.35571
81.28726
83.56497
83.02438
84.16422
82.60569
88.08715
87.21342
86.76478
87.01706
85.03257
86.48357
87.56319
84.33719
83.1575
79.05169
78.38462
78.99499
78.95499
82.10964
77.305
79.23813
79.54657
76.28961
79.37577
78.99779
79.39599
80.41809
79.73643
78.92255
77.34596
76.55145
76.56338
71.77829
71.80048
69.86539
74.9352
76.67465
77.77236
79.33549
78.35677
79.81707
83.22522
86.3643
83.68789
85.26265
82.63775
83.07182
81.01477
81.24816
83.09392
83.03246
81.98178
83.69179
85.77027
86.66309
86.50772
84.39561
85.13425
83.61753
86.79063
85.84335
88.49424
85.328
87.51819
90.90956
91.20746
89.89859
91.73366
89.40474
88.90422
90.67915
88.66898
87.68247
86.08525
86.9103
81.53212
77.75551
79.78161
76.19149
80.20949
80.06432
79.12198
81.89746
79.42128
78.40815
78.46121
77.30753
80.42884
80.40992
81.08916
77.65777
76.80214
76.89018
76.29118
77.2438
76.28699
82.38966
80.35704
81.5902
82.67025
87.49587
85.2321
82.35512
82.16366
77.60864
76.79449
77.72595
77.87174
78.80526
77.67111
77.39829
79.82706
77.69469
76.82707
78.08203
76.78209
81.02931
80.99618
83.53405
85.40958
84.05837
84.74979
81.89898
83.09671
79.58506
79.84893
83.7995
83.01174
84.35312
85.18837
87.50308
89.97077
90.1897
89.76881
94.06038
99.72175
99.33322
98.56729
102.1376
97.59229
96.57601
103.0296
103.9983
103.6205
106.6224
102.652
102.7528
99.97738
97.09932
99.07448
95.22492
91.49935
91.50005
90.62124
91.70828
90.92926
89.87655
88.57335
87.98044
87.45901
87.46022
87.06904
83.62191
81.31246
78.50392
75.39231
75.7616
75.14867
72.19271
70.16969
71.7351
69.81973
69.66279
70.16336
68.14071
68.19872
66.9566
71.84016
74.45303
78.45756
80.46866
80.28516
84.86474
85.00069
85.84715
86.7794
86.27763
87.22031
85.89912
87.13555
90.57931
89.58582
92.70195
88.75928
89.51608
90.41925
90.72755
93.00415
93.93297
93.05268
99.22044
100.3241
103.1654
104.0357
103.3255
98.56258
96.3606
96.05644
92.98555
97.2386
92.46443
92.07934
91.004
91.38852
93.2403
95.50567
90.76319
93.41323
93.54703
92.04475
88.83293
85.81542
83.98773
83.17282
79.75655
79.58564
80.78943
79.50776
80.10417
80.21475
80.4123
79.05077
82.737
86.55309
82.97744
83.57909
80.21077
79.36834
77.64316
74.95658
75.0635
74.1543
76.1254
75.76173
78.00211
79.31085
76.92978
77.5448
76.59182
77.30696
75.80864
75.52117
75.16285
72.37403
74.26534
75.18137
74.17242
77.01964
78.12352
78.33068
78.5968
76.78163
81.00141
81.015
79.8489
78.9456
80.21726
80.11395
77.16519
78.06793
77.34308
80.26201
81.23272
79.71081
81.94473
83.39387
76.04579
80.35169
77.96506
79.34734
79.75112
84.08041
83.5419
81.27961
82.45088
84.56198
85.01562
85.36793
87.77549
83.30488
84.4597
84.2866
83.67079
82.45155
81.58933
81.40501
81.39293
83.42975
83.44543
85.45569
87.78089
86.24283
85.54279
85.29585
83.1462
85.16372
86.14887
83.75277
78.84178
76.68787
75.84152
72.88462
72.7636
69.82063
67.99683
67.18491
66.71275
67.09634
69.83599
68.73021
69.10316
70.64019
69.19862
72.89977
74.55722
71.48585
73.88069
77.9369
75.00035
73.30821
76.00611
76.86286
82.97083
83.13021
86.65594
83.65678
84.015
83.01556
82.44356
79.64319
81.9307
85.08804
89.35072
89.4079
93.14567
93.45521
94.93656
93.89637
91.82392
94.14209
94.6225
93.46572
88.50556
89.51412
86.72245
91.09257
91.20765
94.31855
92.80854
94.12503
86.78956
87.861
88.34589
89.67031
89.06852
85.81344
88.04019
86.09674
85.33967
83.29461
80.6322
83.40571
82.3387
83.90341
81.32643
82.30372
82.20919
82.9445
83.98141
85.70399
85.51163
85.07235
82.66138
85.13209
83.68008
84.35274
82.21079
81.21355
80.69574
81.5615
78.33801
78.62126
80.90347
79.50072
78.78364
80.39212
78.91371
77.31387
79.52834
81.89968
81.45985
82.67378
80.39543
79.95616
82.42122
82.42876
84.63313
82.96427
82.53672
87.28312
92.14496
93.04255
94.52196
91.25554
90.87204
91.22205
92.11106
92.61454
91.02786
92.90664
97.29339
94.44334
96.76293
96.73023
90.54239
93.25603
93.74294
95.93872
97.21377
95.82496
96.84642
97.11895
100.1292
101.7081
101.105
102.8608
99.71468
104.7094
110.2856
109.7036
111.4004
112.3127
116.8416
111.1998
111.3029
106.999
105.5016
107.2878
107.7606
113.1177
114.5296
116.2899
112.4315
111.7185
114.9745
113.8833
120.8853
122.4273
123.1641
118.7838
122.226
120.8363
118.1506
116.5528
115.3808
118.6426
119.2309
115.7687
118.071
119.4976
113.4069
112.6427
120.6493
114.9964
116.378
116.9575
119.4319
117.1381
118.6003
117.0025
111.4821
115.8573
112.3153
108.8936
101.0744
99.70248
101.2441
102.2702
100.3426
103.7681
100.9941
102.0266
104.9592
102.2423
98.27721
90.04086
85.03166
86.091
84.63872
83.916
84.21886
83.60935
83.3197
82.83971
84.85089
86.08183
89.33024
92.70239
94.56948
100.0984
98.30941
101.6337
99.51472
102.9308
100.8169
102.5739
99.03266
96.90994
97.48662
97.30984
98.34181
96.99177
97.61796
95.83706
96.38038
97.24859
98.68
103.0432
104.1292
104.5614
103.5497
101.0302
100.7028
100.9408
96.02265
95.92383
92.98036
95.47553
97.89958
99.73218
101.7012
97.18905
95.97459
98.7311
100.2918
103.0498
99.52436
98.13999
96.3922
98.20747
102.0867
99.09932
100.401
101.2298
101.1225
102.5429
103.6325
107.5335
104.7855
109.7135
105.2946
106.6751
111.8723
111.2831
109.8163
112.215
109.9788
110.5414
102.9677
104.9227
105.6263
104.6495
110.2718
111.5097
112.0086
115.5777
113.0882
109.3107
104.8203
106.7181
110.9199
118.8851
116.3204
117.3922
112.8805
113.6257
114.2795
113.6461
114.7184
111.6101
108.5612
108.5813
104.7616
101.6427
99.06687
101.9786
104.8239
108.0045
105.1869
103.737
101.9568
102.9335
104.5756
104.3406
99.53708
103.0124
99.45763
96.54854
105.2135
103.1239
105.0097
105.4329
109.2955
114.1614
117.7586
118.9141
115.994
117.5748
117.1109
115.3152
120.9325
118.5366
119.4316
123.9669
126.8452
126.7533
128.9828
132.0622
121.4954
119.6306
115.4172
117.9506
120.743
127.1175
123.1233
116.6885
120.0122
122.1184
126.5072
130.4932
129.1042
128.6436
121.1202
123.192
126.3256
126.8376
125.4444
121.4102
116.3526
120.3921
114.5159
113.7652
118.9937
111.7541
118.3835
116.7176
118.1546
120.3253
114.2282
113.8179
113.1558
114.4056
109.0115
110.1003
112.8337
110.1942
109.013
110.8974
109.6036
111.7664
115.0213
111.6333
113.3305
109.8026
109.2292
106.35
107.0781
107.3899
101.5804
97.97907
96.79553
97.96944
99.7584
98.91065
99.62855
95.44907
92.89285
93.78002
93.41217
94.74357
93.30461
95.59806
94.57275
95.75573
94.41163
94.6208
99.46573
98.54999
104.16
101.3952
103.5663
107.496
107.5425
101.0973
105.7573
106.5214
110.5585
111.8649
107.0218
103.9991
107.5615
105.6872
110.0993
109.7696
110.36
110.8449
106.4713
108.0623
112.6193
113.1118
115.7577
116.1417
112.6755
109.8793
108.5923
112.9488
106.7946
106.8976
103.6638
107.3159
107.5889
112.0236
111.8904
112.1783
115.8823
118.2316
116.2093
118.1089
110.2675
111.9964
115.3844
115.3327
113.6028
114.1199
107.794
104.8052
103.197
102.4131
104.6295
104.7907
99.82292
102.5514
101.862
103.5341
104.5298
103.1342
98.57885
90.41444
93.25165
93.45028
91.20801
91.14121
89.70992
90.70333
92.30878
90.37872
88.39089
83.46328
84.12161
84.12716
85.4244
83.96221
89.14354
83.81441
82.33617
78.72308
74.33339
74.51897
75.17132
76.88784
76.49538
78.96039
80.6556
77.72569
79.81011
80.86385
82.21416
84.73002
88.05407
89.89994
91.45609
91.92257
93.43216
94.93174
92.80852
90.33761
92.70412
90.32432
92.13007
89.90548
86.68082
90.37752
90.76931
89.1705
89.49284
92.24147
92.28586
92.47167
90.73263
91.06101
90.48492
92.05179
94.82455
89.63586
94.94006
94.22556
95.50057
92.88606
91.68936
91.65111
91.90605
90.0215
90.5402
91.43306
89.70714
86.86616
83.42018
84.40187
85.07907
85.24913
89.56837
88.44554
88.03983
90.38562
91.62731
92.18652
93.68614
92.95663
92.1667
90.61544
90.36456
88.92066
86.94629
87.69478
88.80427
89.21417
90.28711
94.37013
97.6269
97.17445
101.5933
100.531
99.95274
94.54522
95.38924
92.08869
89.1174
87.18726
86.38053
86.00221
84.75282
84.12897
81.59313
81.56444
85.42446
88.39131
86.06361
81.75572
82.62787
79.77669
75.89822
75.84838
75.32099
75.72359
77.98693
76.81345
75.89788
74.27405
74.79614
77.94348
79.10841
80.38567
78.96673
81.36788
82.1038
81.54328
83.93677
85.93924
84.32518
84.92393
83.6095
82.54618
79.81368
71.70359
71.79445
71.89893
70.77174
69.46308
70.64907
70.89404
70.17792
71.592
70.45113
71.0415
73.17166
75.57674
73.64207
69.90153
69.90746
70.54114
70.05606
70.05747
67.99185
67.76534
70.29041
72.54672
71.1846
73.42559
74.63851
75.27515
78.64174
81.98657
80.97009
84.40237
85.78757
82.44313
85.12102
83.52609
79.26544
80.15951
79.1801
81.12818
83.98877
85.38106
83.96377
82.88338
84.18051
89.98603
89.13889
85.83598
84.52508
86.52722
89.18311
89.75888
92.27463
90.98079
89.25185
88.92684
87.21658
88.19796
84.57381
89.24436
93.56423
90.79885
90.03343
92.90571
92.6592
92.42655
93.82337
93.30116
97.96416
93.73445
95.37107
98.17716
97.84878
93.09666
91.1469
93.92393
94.16189
96.58173
96.0424
102.0026
101.7378
97.83578
98.16114
98.97237
95.32742
99.53013
96.65004
96.80876
97.05962
95.51975
95.82505
95.85203
102.44
103.424
103.2173
108.8673
102.9672
101.2845
99.93545
103.1444
103.6814
105.8886
106.9884
106.232
110.8715
109.1442
111.8522
107.8804
110.7947
109.8925
111.4468
