46.52711
46.03722
44.76515
44.85265
45.44458
45.32189
44.85403
45.64412
46.29101
46.86108
47.66252
45.34439
45.90823
47.4014
48.65679
49.47254
50.13638
48.99637
49.9763
50.05916
50.98766
49.88897
49.03577
48.80194
48.86322
47.2979
46.8533
46.30832
46.91594
46.61786
45.85727
46.56711
46.70692
47.55801
48.11354
48.58124
49.41568
49.85004
50.7386
49.0861
49.49764
50.73153
50.61482
49.92045
49.48562
48.53367
49.32387
49.90239
50.81193
51.52308
50.62179
50.94173
50.27931
49.53587
47.80236
48.56892
49.30826
50.38056
50.13174
50.34028
50.10876
49.96873
49.54061
49.86468
50.05464
49.88847
50.06543
52.06489
52.07693
53.33111
52.921
53.31002
52.96587
52.52734
52.82833
53.7523
52.09889
52.71628
52.42998
52.4879
52.32548
51.56984
51.77328
51.50869
52.44223
53.06724
53.2587
52.95
53.11293
52.52843
53.60188
52.74201
53.25346
52.65488
52.83434
51.8512
52.29929
52.32987
51.57971
52.23185
53.51994
53.18528
51.70151
52.12317
52.05638
51.73294
51.12626
50.80531
51.44717
50.7904
50.43368
49.89024
51.03597
50.0982
50.84831
50.98153
50.35444
51.07267
50.19947
50.03531
50.37428
50.92121
50.77154
49.12187
48.99025
49.90767
51.19874
51.49864
52.05638
49.34674
49.78001
49.9427
50.31522
51.06424
49.66458
49.46512
50.10593
49.19305
48.23574
48.64637
48.20447
48.26529
48.36673
48.00644
46.90693
48.27075
48.13041
48.65607
48.81733
48.73961
48.308
46.89751
46.65596
44.96588
43.95947
44.64891
44.90342
45.61338
45.2676
44.7949
45.34242
44.55602
44.67862
43.70492
43.35417
43.05828
42.33537
42.77946
43.80461
44.53609
44.29517
43.87326
44.46338
43.80232
43.62003
43.40287
43.38858
43.25292
42.90539
42.58965
42.1592
41.59659
41.63448
42.30849
42.84498
42.96735
44.94279
43.7034
43.33925
42.67795
42.90715
43.54216
44.31562
43.89282
43.57948
43.44303
42.33487
42.3439
43.17092
42.53839
44.13784
43.97511
42.09633
41.8537
40.73901
39.1483
39.8942
41.17555
42.39911
41.8106
42.27611
42.70833
42.43998
43.57234
42.52158
43.25946
42.06988
42.51873
41.50106
40.41821
40.01665
39.34928
38.78952
38.69004
38.26556
38.24646
38.74602
38.81415
38.05015
38.3785
37.8149
39.60479
39.66955
39.66645
39.79287
40.79972
41.26754
40.72209
40.24083
40.26111
40.88114
41.39719
41.61177
40.42582
40.09033
40.09668
39.78329
39.00182
39.54875
40.74042
40.37325
42.11128
42.45018
42.51505
42.91722
41.01572
41.20918
40.83357
40.17525
40.1759
40.21307
39.79388
39.85102
38.71156
36.69907
35.64058
37.05411
35.97362
36.85784
36.93112
38.17671
37.00893
38.02274
37.25028
38.43514
38.98905
38.758
38.34347
38.061
38.27578
37.99155
37.56784
36.23406
36.61326
36.64661
36.50936
36.96847
36.14167
37.21603
37.67307
38.59227
37.82817
36.55115
36.74167
37.11389
35.58481
34.19091
33.28474
33.07344
33.63172
34.80861
34.97097
33.83498
34.00765
34.93602
34.70053
34.5673
33.59565
33.17831
33.55401
33.86852
34.39626
34.58869
35.3042
34.69705
33.99553
34.44902
34.62023
34.81009
34.42212
34.81483
35.16069
34.04549
33.76384
34.10042
34.753
34.78654
34.08023
33.566
33.61288
32.9991
33.87201
33.5897
33.41971
34.36334
34.06994
33.97298
34.97464
35.4898
36.1862
36.19545
37.09092
36.59599
37.74959
38.11237
37.0527
39.08205
38.63968
39.12772
39.77533
38.05576
39.16048
38.87285
38.40901
38.69963
38.73501
39.51053
38.79297
39.40168
38.3691
38.38305
38.61199
39.32385
38.67489
39.4453
40.13765
39.10647
38.80687
39.57673
37.31568
35.90379
36.47258
36.81163
36.76568
35.2428
36.99649
37.8271
38.5424
38.82778
40.09807
40.24511
40.24793
40.49239
40.5659
40.56818
39.09981
39.21418
37.53779
38.82972
38.68615
39.19289
39.22154
39.2823
40.29378
38.8788
38.55628
40.62326
40.97868
40.96129
40.08971
39.94533
39.27738
38.70097
38.72197
37.60963
36.43143
36.22858
35.35482
34.79752
34.60365
34.94718
34.18016
34.16022
34.23261
32.56496
32.36716
32.39193
32.76551
33.39974
33.74783
34.01139
33.01648
31.69921
31.33825
31.29039
30.02623
28.48482
28.78071
31.01447
30.57212
30.49238
31.13388
31.1251
31.77337
32.99186
32.45552
31.93661
32.51561
32.21325
31.94884
31.99426
31.51501
31.02053
31.96261
32.17032
33.35541
33.24801
32.40655
32.59251
31.35511
31.27717
31.38143
30.46737
31.47026
31.56604
32.41354
33.05587
33.24625
32.8841
32.49557
32.01467
32.25638
32.23024
31.95745
30.61433
29.98706
30.16307
30.6729
31.04926
30.82032
32.44393
33.66741
32.97444
32.04593
32.58666
34.11689
34.8103
35.10564
35.68713
35.99919
35.47666
34.36245
34.33878
34.3193
34.57448
34.9088
35.9759
36.50197
36.48102
36.14211
36.09487
37.01462
36.80244
36.41935
36.89852
37.19325
37.71636
39.00219
38.1369
38.69511
38.37003
39.05526
39.42388
38.94215
38.85877
39.40682
40.38083
39.94395
40.34428
40.13886
41.4653
41.33591
40.3926
40.74855
40.14822
41.16141
41.51504
41.03645
40.9873
40.55711
40.17939
40.89163
42.27365
40.06641
39.16601
38.73968
38.44902
38.07578
37.46259
36.04286
36.20493
36.77491
36.95321
37.23154
37.29837
36.47499
35.58132
36.36708
36.34945
37.59363
37.98204
37.63598
38.31859
38.46896
38.88337
39.07718
38.51601
38.67364
39.02226
37.43508
38.76254
38.17084
39.1431
39.43886
39.94573
39.78811
40.15246
41.40028
40.78073
39.16284
39.57612
40.62892
40.69876
41.80834
42.17173
41.89604
42.90825
42.47443
40.99924
41.23233
41.11897
40.99721
39.89697
40.81478
40.34757
40.81457
41.29597
41.1324
41.32157
40.78029
41.57511
42.27577
43.0868
42.68779
43.4162
42.97071
42.6152
41.88749
43.30983
42.9737
44.42635
44.5281
45.39996
46.16269
45.36625
45.73723
44.168
44.17809
42.69568
42.70826
41.57621
41.12187
41.26338
39.43104
39.18818
39.27581
40.01453
40.98269
41.34682
41.68685
41.26416
42.84844
42.15437
41.63489
42.12392
40.95113
40.34526
38.62892
38.91243
38.46727
37.44553
37.99382
36.90704
36.13919
35.86087
35.67323
35.34316
37.36552
37.45978
38.03924
38.8837
40.94033
40.35137
40.59973
40.89411
41.36292
40.41111
40.30947
38.84936
38.78569
39.40643
39.11134
38.35908
37.74198
37.5657
37.55594
38.33781
38.70631
37.98905
38.21867
37.77346
37.54087
37.76593
38.05892
38.99282
37.66011
37.24788
36.78366
37.97242
37.11831
38.2993
40.19804
39.349
39.33799
40.07868
40.69775
40.28054
39.51515
39.82366
38.88513
38.50152
37.66728
37.9791
37.9901
39.00638
39.36859
40.76013
42.25651
42.77592
41.78156
41.90831
44.65835
44.8419
44.60536
44.71213
43.0835
43.26413
43.58877
44.2863
44.53798
44.06156
43.98051
44.29951
44.2022
44.41328
45.18885
45.13302
45.60771
44.54402
45.20298
45.28584
45.89598
45.07893
45.39597
45.1251
45.73018
45.22172
44.8045
44.09653
44.88388
44.79519
44.74745
45.39057
46.23744
45.97989
46.3476
46.1226
47.0021
46.65098
45.80691
45.62932
44.99477
45.00751
44.78443
45.89992
45.97891
46.60923
44.88733
45.14703
45.86747
45.7691
45.73511
46.49045
45.88396
46.45553
46.03008
47.47647
48.17477
47.44483
46.95175
47.13613
48.48468
49.09382
49.47044
47.03661
46.27604
47.48028
47.53921
48.7713
50.03526
50.75778
50.52629
50.34851
48.71798
49.77737
48.97541
50.03466
49.90285
50.97095
48.64697
48.09668
49.03106
49.0419
49.32222
49.34182
50.2556
50.49936
49.91848
50.11549
49.72057
49.45971
48.74229
50.48973
50.83965
49.94918
49.85173
48.39535
48.74434
50.80578
51.10677
51.80364
52.63513
51.7948
51.05759
50.80754
52.72276
50.91719
50.38379
50.90349
52.33477
52.60408
53.15893
52.44678
52.48842
51.55513
50.98998
51.39607
52.56896
53.62234
52.35686
52.74838
51.68618
51.23024
51.96092
51.36399
50.66078
50.43579
51.05547
50.73243
49.76634
49.4939
48.45868
49.46731
49.01989
49.01384
48.51373
47.73466
47.49346
48.41262
48.036
48.01459
48.04768
47.42669
46.66635
47.16795
49.25459
49.89408
49.94353
48.87309
48.9719
48.92085
49.76043
50.07002
49.88428
49.44089
49.15228
49.94483
50.19913
50.55708
48.96413
48.9518
48.89013
47.05274
48.65449
48.19286
47.93726
47.82938
48.6789
48.76056
48.24314
46.92126
47.24912
46.89128
47.0219
47.48134
48.31423
47.89956
48.23363
48.30399
47.4978
46.22488
46.16892
46.77035
47.89026
48.1692
47.94531
48.80589
46.97834
46.30293
45.68499
46.89468
46.65033
48.30966
48.47514
47.28516
45.61047
44.71753
45.15034
44.02328
44.2639
44.22359
45.17825
45.64302
46.36028
46.34689
46.08538
46.19881
47.58054
47.68178
47.56767
47.434
48.07851
46.20271
44.63436
44.76002
43.42683
43.33281
43.14273
41.35904
40.43765
41.80381
42.10166
42.81647
42.33369
42.19867
41.97552
42.13039
42.51522
42.03183
41.35826
41.14257
41.18134
42.05122
43.06502
43.6382
43.71825
43.47818
44.24043
44.51485
45.80954
45.17696
43.85433
43.66398
42.92607
42.20765
43.07134
41.3464
40.28188
39.65009
39.46054
39.93182
39.31336
39.39748
38.14757
38.55219
38.30913
36.98134
37.43789
38.29673
38.21722
37.49213
37.31133
37.9197
38.56562
38.63591
39.18094
40.25343
40.75512
39.63766
39.46156
39.36212
39.45473
38.86358
39.17587
39.86693
41.00087
40.80124
40.13566
39.59558
39.9488
38.27931
38.99744
39.22309
37.34893
37.81938
37.39487
38.77353
39.04556
39.08123
38.63683
40.36218
39.59546
38.73277
39.25937
40.69416
40.1458
39.00005
38.09385
39.47032
40.24107
40.86342
39.93126
40.3477
40.70433
41.38543
40.62016
39.48949
39.61215
39.72607
38.84425
39.15633
39.81794
40.55082
39.81699
38.85436
39.95044
40.76651
41.83408
42.39476
42.58511
42.96722
44.01229
45.04396
44.14035
45.76584
46.43075
46.33645
46.0057
46.656
45.55316
45.5122
45.77495
47.6904
48.9807
48.53042
49.32692
49.15827
49.47593
50.50093
50.84946
48.84348
48.21309
47.27098
47.47878
47.46391
47.10646
48.01339
46.94692
47.02833
47.90652
46.5353
46.422
46.21973
45.60472
45.47113
45.06959
44.29634
44.93819
44.45022
42.52559
42.29299
40.64671
39.36697
39.65408
39.22607
39.43008
40.91409
41.89856
41.55989
41.39836
42.01216
41.48069
41.18568
42.1757
41.72697
42.91306
41.92479
42.81551
41.88906
42.48416
41.04948
41.17578
42.13765
41.90999
42.58037
42.26657
42.57162
44.42107
42.96507
42.72737
42.45208
41.66816
42.25425
42.26517
41.10494
41.44594
40.73585
40.63435
40.09107
40.7379
40.47246
40.12753
40.16218
39.73209
39.24144
38.85801
38.79605
40.10366
39.67993
40.55731
39.71149
38.98124
36.92044
37.74291
38.1231
37.87332
37.80762
38.77507
39.57834
39.55873
39.07014
39.35184
38.6176
38.72346
37.71824
36.68224
37.4751
37.83819
38.2107
38.08916
37.79321
36.75351
38.36805
36.96589
36.66202
36.60372
36.89813
38.13089
37.3917
37.9855
39.17056
38.40371
39.46241
39.9631
40.1284
39.74424
39.39227
39.33246
39.31989
39.4164
40.19627
39.95573
38.43633
39.52467
39.65097
40.35966
39.06631
39.64726
38.74169
39.09255
39.83816
38.84676
39.77254
39.12541
38.75172
37.37248
37.95215
38.17503
38.03428
38.69389
37.43057
37.12432
36.01212
35.38044
34.82797
34.61671
35.2236
34.78621
34.95442
36.00169
35.28861
35.12884
35.50498
36.84365
34.681
33.63195
33.44487
35.42143
36.34044
36.9514
37.32517
35.8134
35.56619
35.77927
34.91438
34.82043
35.51953
36.64489
37.23002
36.10815
34.66391
35.09256
35.42131
35.67174
36.76315
36.83921
35.91872
35.76106
35.35719
36.60273
37.30799
36.51379
35.61156
34.24298
33.15751
33.57149
32.79496
33.53328
33.50511
32.33138
32.13417
30.92205
30.43622
31.23889
30.72902
32.04218
31.73429
30.88249
30.97631
30.61827
31.20665
30.70664
31.08516
31.09224
31.97651
32.2678
31.45073
32.64748
33.96426
32.71813
32.43413
32.61091
31.15087
31.40367
30.79914
31.35216
30.52749
28.60123
29.34104
29.78982
31.12415
31.79026
32.28947
32.24684
30.67557
31.31596
30.59662
30.51081
29.00135
28.57179
27.41232
28.12443
28.73582
29.0426
28.5434
28.84981
28.72971
28.9363
29.20879
30.53461
30.42266
32.0034
31.73305
29.91674
29.43066
29.44793
30.42698
30.04227
30.4258
28.57358
28.78068
28.39205
29.17669
28.33855
27.4892
26.5625
26.26475
25.59304
25.46664
25.48298
25.86078
25.30879
25.66692
25.80182
24.87388
24.82598
24.3178
23.76366
23.15774
23.97644
23.87348
23.66718
24.81777
25.47836
25.33329
26.1393
25.64616
26.3352
26.50567
27.42703
28.08783
26.47154
27.07762
27.5566
25.54159
26.46786
25.88861
26.42771
26.02813
24.68935
24.02633
23.02428
23.72329
24.10987
23.90143
23.34505
22.7483
21.42171
21.63579
21.73589
21.52563
20.78167
20.43739
20.39972
20.60131
22.73804
20.53345
20.79397
19.98294
21.23351
21.23661
18.85123
18.47168
18.14795
18.4732
18.20124
18.01984
18.53686
18.09202
17.20275
16.99913
17.16628
17.14559
17.25858
17.69801
17.00205
18.1801
19.13296
18.03821
18.38302
18.30043
18.11103
19.18682
19.13787
21.64689
21.51774
21.53914
22.55685
23.54944
23.57935
24.32375
24.94986
24.8595
23.56496
23.76361
23.5972
24.79983
23.71446
25.12741
25.18944
24.62297
24.41839
25.23214
26.00877
25.70285
25.35387
24.44873
25.14268
26.27994
25.41366
26.25087
26.21507
25.54342
26.22309
25.8292
26.43725
26.91291
27.33238
27.7139
28.53927
29.88711
29.06581
27.80893
29.38617
28.43066
29.0865
30.31076
30.99928
32.99443
33.61938
34.15775
34.46127
33.54903
33.64445
33.36559
32.74712
32.87566
33.49984
33.75939
33.81158
35.09919
34.48932
34.25603
34.51045
34.84941
35.19361
36.74892
37.13104
37.21418
36.45773
35.03067
36.30004
36.99731
37.91547
39.82422
39.77725
38.04024
36.62553
36.34916
36.99213
36.2192
35.14137
35.88186
36.40838
36.75092
35.95876
35.05414
34.94946
35.07988
35.11441
34.69513
34.96111
34.98301
35.81009
36.31549
36.43994
37.65539
38.08071
36.9738
37.82739
38.44183
39.02456
39.47015
39.08669
39.20745
39.38085
39.66682
40.00663
39.27037
39.65286
38.48612
38.06135
38.50925
40.61695
40.19822
41.43838
41.97075
42.61784
42.91679
44.74125
45.50378
46.78792
47.75468
48.16974
48.21909
48.1097
48.10079
48.3267
47.88861
48.65179
48.24879
49.51953
49.74725
49.62283
48.89433
47.71609
47.68468
48.61866
49.65456
48.88863
48.41915
50.0398
50.36488
49.30722
50.71899
50.88543
50.72204
49.84818
49.26831
48.6978
47.04431
46.30269
46.97256
47.05355
49.16999
49.26594
48.47646
48.87801
48.48118
48.87402
49.01858
49.60812
48.75533
48.30805
49.13599
50.07756
50.08999
49.01796
49.07946
49.43443
48.10286
47.52631
46.74392
45.28434
45.63808
45.82166
45.39928
45.75016
46.6274
46.79511
46.16182
47.36065
47.98203
49.89752
50.69413
50.4292
50.73339
49.82558
50.92009
50.73288
51.21316
52.31243
52.04951
51.7674
52.53156
51.99024
50.88925
50.99483
50.98305
50.11848
50.80249
52.06326
52.79356
53.08597
53.25311
52.90992
52.26046
52.86015
53.49408
52.53964
52.59693
52.68375
53.27775
52.94242
52.62477
52.99892
53.32744
52.95227
52.43698
52.32155
51.13055
51.10016
51.12292
51.47279
51.67466
53.20639
53.92689
53.80575
54.54658
53.42907
52.43488
52.63895
53.91464
55.52022
55.81934
55.70374
55.85451
57.0025
54.81579
54.24507
53.8935
55.45143
54.95839
55.37968
56.1546
55.79947
55.5372
57.18527
56.46974
56.55774
56.36558
55.96524
55.8612
55.92676
56.1877
55.8912
55.01194
55.02835
54.84934
55.22863
55.11729
56.01383
54.84064
53.98303
54.28089
54.87285
53.9921
54.52931
52.79434
52.06936
51.94783
52.31859
52.19776
51.71149
50.92529
49.58736
49.93978
50.7725
50.52989
51.12208
50.87541
49.59277
51.05818
49.68305
49.0745
49.86754
50.20726
49.88091
48.85591
47.69827
48.75473
49.22463
48.39012
48.35283
48.16202
47.18715
46.46337
45.98474
46.11856
45.92984
46.7609
48.12522
48.79962
49.61441
51.23728
50.35543
50.42168
49.02145
50.44776
49.50161
48.70112
49.24146
49.16879
49.27117
47.74981
46.62842
46.71606
46.32494
46.55067
46.99665
46.34788
47.20025
47.11517
47.8737
48.0178
48.27637
