61.47923
57.96695
61.24042
60.9531
79.42396
64.92522
55.81559
74.16761
56.96255
62.24704
62.83315
58.69694
58.32235
55.83917
65.7545
68.48116
67.57155
66.80082
63.03288
72.63337
61.07245
59.77233
64.41371
63.78591
67.27057
59.45151
65.02103
67.89144
72.66525
72.01144
67.37104
57.80041
66.47012
72.64529
63.72992
66.37645
72.97222
73.147
66.29531
59.46918
67.77201
59.29292
66.31638
58.9212
64.45231
61.08618
65.33381
60.52218
55.24238
61.61393
62.32391
67.16716
61.43776
63.64592
65.28787
67.68239
71.55409
71.31552
64.24686
66.08139
67.86542
67.80355
63.35207
62.55611
63.43166
60.23978
72.45572
60.83557
73.30666
65.05985
64.42504
74.98648
69.44581
58.08756
69.80119
64.5745
64.44549
66.17785
75.85025
61.9674
64.14613
66.43713
79.90478
66.47549
60.4069
61.94644
57.89467
65.92122
63.42305
67.87417
67.13374
65.69194
60.88545
67.72862
60.03064
66.76502
70.27623
65.57655
74.42653
73.57876
68.37016
61.78784
66.30957
69.44707
60.3104
68.24146
61.05779
66.55998
69.74993
73.09797
67.04796
70.83336
75.6182
63.71406
72.56649
73.56944
69.87373
65.64454
64.00051
71.08077
63.45602
70.00149
68.76845
67.61985
68.52159
66.1735
73.48113
55.37911
53.16727
70.83474
62.28584
68.13304
74.19656
69.39885
74.95827
68.06914
70.3527
60.69302
71.51873
68.64826
67.51277
70.53227
73.30793
65.92585
60.87972
64.24328
66.59381
75.03879
68.90065
65.47733
63.16704
72.13362
71.72985
66.68415
60.95016
67.56923
64.29498
60.48237
61.87552
59.93864
68.18528
66.45065
64.84547
67.94077
67.40239
72.08539
70.74084
65.89273
66.75076
73.07554
80.88496
80.90274
63.45838
63.90297
70.592
65.17201
76.02434
81.14562
64.15574
68.22493
70.40968
58.37115
69.64199
63.00051
68.745
70.07335
66.39407
73.23993
65.57075
74.37929
71.35668
71.94303
70.21649
84.46371
70.88044
62.84015
66.95172
67.3631
74.11005
69.09241
74.87937
63.05149
66.78493
63.0605
69.8267
59.80232
63.475
64.76699
65.03316
62.92277
71.44896
66.15263
80.42904
78.21218
72.64853
69.33285
64.55126
72.03528
76.25258
64.75281
64.31255
58.0006
62.24202
59.9275
71.35544
63.00235
79.22108
68.11515
61.71326
67.96558
72.15023
65.09151
74.25129
61.6269
64.46563
65.56619
60.33153
66.34172
59.67697
71.69783
72.84275
65.1732
59.63311
68.42036
61.7166
68.18764
64.8092
67.57159
71.10325
77.25656
59.55388
72.15524
65.53206
67.78334
66.39149
66.86851
59.03605
67.29757
69.65468
71.45813
73.61706
78.19702
67.62948
60.86487
77.68101
73.48526
71.15351
60.91489
70.93603
68.59267
67.57844
56.30001
68.54298
66.54227
59.91807
66.63865
67.26196
63.59449
68.2898
64.14565
69.08234
64.3527
66.79435
68.08605
64.82745
63.09673
70.03088
75.69923
60.24584
64.8483
61.98315
61.69281
58.94756
60.73974
62.63034
65.6221
63.86292
69.51562
66.75517
62.85391
66.81869
64.07906
59.24986
69.34584
66.10272
61.59328
67.97591
66.13425
56.28111
60.9862
63.57856
63.55218
65.81797
59.77992
63.574
66.57342
67.14069
58.80527
54.79611
61.93629
65.80383
73.14744
67.02579
64.99346
65.40577
67.15022
75.54117
62.70086
69.98786
53.09623
58.08823
65.95763
75.07431
64.81603
58.58788
67.19341
60.56136
65.63016
82.37484
62.05721
58.7731
64.84527
61.29231
65.1916
61.54482
60.61228
59.52578
62.10499
69.67308
69.842
62.17753
64.79885
64.34963
62.00408
56.06561
60.44358
57.39923
56.38288
67.48052
57.8296
69.65274
71.50291
61.63706
62.57664
62.97939
65.49138
72.2804
64.22182
69.71542
59.71288
64.76663
72.22028
61.24598
64.0418
61.31256
65.30316
64.88527
61.45911
61.30445
59.41103
61.11511
68.96361
58.73332
57.32051
60.36349
65.66812
64.73521
73.11087
59.16336
58.9262
60.32456
62.23639
68.81227
65.66717
82.32726
62.21942
67.74655
57.7214
64.23228
66.33771
62.95696
67.90465
59.0444
56.42565
66.11324
69.9053
64.84949
67.22303
66.88363
63.82333
57.31525
65.08493
71.70546
62.48817
59.49328
65.34294
68.28826
64.01371
71.16843
58.99718
61.97875
65.38167
56.35828
64.22386
54.06054
63.87475
64.05436
65.9643
57.86843
61.11775
59.31493
69.69462
68.63182
64.30503
66.46704
58.67998
71.30021
73.57886
76.09806
67.6221
62.96065
59.81937
64.12229
69.23656
67.84906
68.65577
69.60804
69.97746
59.65235
68.21409
63.28209
58.6959
56.14737
56.51928
62.93214
65.62194
60.3967
60.73977
60.54733
61.06631
70.45966
53.99052
64.50337
64.40906
60.0792
57.86865
60.03138
68.34028
70.92446
66.99841
62.69352
58.01191
59.8784
63.6004
57.80927
60.90577
62.44644
64.64154
64.93236
65.36039
64.71696
63.13718
67.75732
61.14972
53.71377
59.25059
63.08773
58.46811
65.33595
61.86235
61.25008
65.29857
54.13274
65.24601
62.58226
68.96055
56.85128
71.3273
66.46961
63.96865
60.76427
59.43968
66.90595
70.52313
69.45299
67.25224
71.98296
63.97524
70.19953
58.59027
66.36344
73.03532
65.08271
66.3029
69.73136
64.23544
61.32846
61.97399
66.72445
63.63266
63.42806
70.89529
62.65703
57.21117
62.94403
60.35814
63.45709
60.16789
59.559
60.31983
59.57495
65.25527
62.39235
68.28557
67.70157
59.94874
56.62134
64.99072
60.17273
57.68517
56.59403
58.11215
57.56913
63.28695
51.70585
57.64837
60.62092
58.40233
61.87758
56.75373
62.72156
64.2131
58.71967
71.67494
67.82754
73.03978
60.84249
59.15715
70.15954
64.41027
56.93501
56.83568
67.469
61.30725
57.18069
56.52138
53.99111
62.99754
61.46918
57.20798
62.75715
60.11169
60.68065
59.01201
55.92406
68.79094
57.73411
65.00649
66.6649
64.44344
65.12425
63.68364
61.13527
61.94024
62.0604
64.42288
69.1177
73.06907
69.87124
62.98494
71.18313
62.60231
62.02131
60.19851
68.5735
58.03073
72.42946
60.73895
64.06523
63.92446
62.84763
65.29562
67.46214
67.72104
62.44971
63.70881
64.21332
66.78408
57.88771
69.63234
69.91987
67.19778
64.40817
69.48251
67.12161
64.59974
61.37175
70.6697
72.00945
63.90415
65.77369
66.19207
67.10474
78.35409
59.46292
70.85757
63.56694
67.81845
70.85835
71.3318
72.1458
62.31955
68.96524
70.24353
54.85638
57.66687
59.29622
63.01633
64.42629
68.09444
61.69266
63.18694
67.12927
61.00031
61.1788
66.28572
77.79696
61.95397
67.49096
71.37537
63.42769
61.93951
65.98408
63.29469
66.80762
62.31648
65.47141
63.22011
62.59145
58.15206
66.64907
64.62838
61.98864
54.7497
71.12926
71.6096
69.16153
59.37842
57.17121
57.21274
69.96422
65.3617
58.30029
60.69959
59.34285
60.79834
62.04616
63.85366
62.80435
71.56029
76.77171
67.09386
69.07249
67.61063
66.89549
61.65073
61.0996
65.98203
57.90688
71.68966
71.63484
70.49097
68.00529
67.32468
71.27287
72.20578
69.4438
68.2539
60.0496
65.77272
64.0435
68.66764
66.95611
69.26462
70.97239
55.55536
61.93546
61.76283
72.10161
69.23573
69.20041
59.84971
59.96955
62.74723
71.46141
66.59344
74.61031
71.59458
67.02513
64.54069
59.54705
51.16245
64.75692
63.18826
63.29435
59.9675
65.6755
73.59684
61.31253
56.50465
63.54536
61.65871
70.58747
56.42189
59.02436
63.2083
52.65231
64.00766
63.16779
65.55584
65.80286
62.43158
64.84972
61.77986
65.12467
67.55138
59.95742
58.84169
70.24377
65.75836
65.90478
56.73313
66.24769
70.08911
60.93755
62.74637
61.45889
60.50091
63.04945
68.52832
72.27126
60.00706
65.67776
66.89597
69.04681
72.05245
74.35297
66.11648
60.91466
60.9241
70.03237
62.60707
61.606
64.97002
64.72722
65.61859
66.94739
62.41046
60.92323
68.54427
59.91912
57.40224
71.047
68.86882
59.77993
65.83711
65.54548
61.59613
66.67592
67.40746
58.15108
58.90393
59.74366
60.48752
57.36499
58.79376
59.62455
54.8283
72.41784
60.89533
59.47642
58.28613
68.2487
60.46268
67.46717
68.45664
59.07271
66.24051
69.49109
63.4131
66.34496
60.33335
64.20814
59.71937
66.08608
63.35285
56.06175
63.78675
65.37532
73.83651
62.81573
67.52927
60.46748
66.39767
57.70165
65.56587
67.32585
57.32972
65.99253
71.98672
67.60396
60.36291
62.85419
69.71566
77.64568
58.04896
66.76318
64.32745
73.82204
68.07883
68.27
76.67057
68.08845
67.50942
62.56197
63.92474
54.16587
60.73491
67.92233
71.6231
58.66683
73.9162
64.32642
64.41107
64.02685
75.81288
63.04815
62.6843
65.91581
61.18062
55.62533
66.06369
61.56882
67.64873
65.52168
65.6566
78.7887
62.96774
78.65543
63.5927
63.36001
64.07499
60.13381
73.94773
63.1212
71.52629
67.8371
60.45636
58.83585
59.46339
54.04625
66.37697
59.88245
61.16349
56.08893
65.21743
60.03901
64.1048
58.82002
61.0649
67.09084
62.80685
57.25597
56.85626
55.98631
59.99437
59.1761
64.97581
64.34721
67.1669
65.97588
71.63499
62.05683
61.26322
62.6765
54.81272
61.60679
69.59077
59.32765
64.7217
59.86743
62.24956
64.7099
58.52461
57.1071
63.68143
58.25914
56.16151
58.75042
56.30789
64.42796
65.17385
63.72443
52.31339
56.66975
63.37312
73.72474
65.78146
58.39145
64.41821
57.69408
67.45497
66.7072
67.24853
62.87371
63.84789
62.37216
51.79728
61.16176
66.19235
59.84713
63.7324
68.65736
58.94956
66.65565
66.49507
65.3479
63.04916
66.92173
58.97632
72.63424
61.9997
66.61628
60.94391
56.86954
64.46135
59.25392
56.21221
68.47497
60.03308
64.2708
61.60086
72.18166
64.63406
64.94952
62.62139
64.79307
65.62576
64.26045
57.79841
65.3583
64.25882
66.26311
59.41449
60.85154
62.35337
63.73075
54.93164
71.73468
60.5848
62.68732
61.70075
65.35224
60.57774
58.34018
57.13004
63.06331
69.14345
68.95106
60.27891
54.3745
58.36969
57.26705
61.03771
59.8891
63.62834
63.28401
62.74467
60.77796
66.18142
54.69758
62.08218
60.54862
60.03218
61.47274
63.24262
71.84151
70.90567
68.09218
65.74929
65.35979
65.42567
59.34357
61.70626
61.94208
63.60328
64.6078
79.87755
69.84264
53.23836
59.84994
65.47747
62.25444
57.67095
59.25146
62.75507
63.36071
62.3273
68.84672
66.31718
74.02338
63.19469
62.99661
62.04278
65.59473
61.56419
64.42667
68.70831
65.74724
60.22674
60.05213
62.52355
58.09198
66.00246
66.31419
60.72703
57.91523
68.00119
65.79558
69.29248
60.02343
52.99907
59.77834
73.05137
62.64169
70.18203
63.57383
72.47618
56.74467
59.13774
69.09175
66.32326
64.43798
66.0522
58.89496
59.64062
64.01542
70.96125
67.7969
63.46578
58.59174
72.77125
64.59479
62.9048
68.62908
54.69914
59.4429
65.65016
63.21243
64.65822
63.09452
57.88015
58.11341
68.02381
58.32283
52.19424
58.1018
54.53624
60.34138
55.59296
60.91369
66.30616
66.56024
62.7558
56.47975
58.51711
68.16307
75.43776
70.54452
61.66782
61.09245
56.71786
55.05057
61.65444
68.74474
71.18028
62.68182
61.27674
58.98059
70.15933
61.1916
78.08428
66.89784
65.34443
62.23544
57.09039
59.95485
61.82371
71.6787
56.59702
58.51272
60.2365
57.49172
57.88485
58.17872
61.61501
63.43112
63.44286
69.63977
62.54583
65.99069
63.52075
72.94992
63.98302
69.02849
68.75409
60.70736
63.01098
67.05627
67.77199
69.40059
65.93986
63.48917
56.00041
59.26822
60.09092
65.17909
66.54549
61.90186
63.36474
64.10553
65.67377
71.7351
67.63559
60.52784
65.89685
67.45738
64.21409
64.46531
67.34499
65.83795
60.78661
61.63855
68.56762
68.02402
68.63546
60.27803
72.68189
65.05455
60.5088
61.95362
66.32451
63.26629
72.1651
60.83451
61.59019
61.98122
59.85889
66.19955
60.26322
61.16962
64.52868
58.291
66.69053
56.47279
64.00573
60.22514
61.65021
79.04479
58.54577
68.71093
69.92668
61.91091
72.6237
65.44198
66.77566
63.94699
63.79741
61.55163
70.54908
65.56242
52.80665
67.1947
73.45156
68.00332
56.15893
60.16719
60.37147
63.26201
63.04027
65.93215
66.78989
65.68543
72.49825
58.55926
67.13185
53.75556
59.59671
68.15734
75.06171
72.47995
61.0707
67.22837
74.44242
61.22945
59.70079
70.42955
65.76815
66.90166
75.24053
66.96303
65.21361
62.93334
62.13642
64.01829
59.26354
71.83807
66.723
65.96957
68.08481
64.29448
60.26137
64.14992
68.74871
57.52821
59.32442
64.02024
67.22515
74.68574
67.48364
66.35578
64.98133
61.0182
58.17309
58.89874
65.49965
74.1918
56.98611
61.02586
69.01283
60.72582
57.18447
71.53176
72.91076
67.99169
55.50599
62.85997
63.93389
62.26558
68.00747
71.26394
69.83588
67.08784
66.87517
58.40426
62.75629
67.82498
63.88952
69.96764
69.18313
68.13744
63.48997
61.67871
63.08989
72.52532
60.89575
56.08095
61.31892
61.2043
52.39982
58.96376
62.35116
65.13084
63.29875
64.71252
77.31386
59.94087
62.14292
63.14478
60.96229
67.746
57.51038
70.73738
55.75113
62.15085
59.14439
55.6748
69.49381
60.88092
56.22728
71.5692
68.03049
59.26422
62.08439
60.93634
67.57066
62.84923
64.39438
62.92923
60.76465
69.78292
60.5991
60.37552
72.79161
67.81578
63.7357
63.93233
72.42662
68.06018
62.42642
71.48571
64.45322
71.9765
72.90762
60.25036
66.6578
57.26183
65.8584
70.33601
56.45199
67.63522
68.8358
61.88511
63.06047
59.43615
65.08516
70.60713
68.77416
68.08503
64.33414
68.25961
62.0649
60.98072
70.36282
73.32567
76.957
80.23155
66.75816
69.32617
60.00221
59.94912
61.79166
65.98314
71.81607
72.18386
72.9387
64.01617
69.82808
69.75084
66.38853
62.50531
58.38368
69.59902
67.5079
67.14354
64.36228
67.73352
71.47293
65.99465
71.51514
81.14028
56.52807
63.24751
66.01799
68.14288
56.30536
68.32106
65.20121
61.19309
69.02694
64.35638
63.90384
62.04813
68.67224
59.31453
57.79428
62.31961
62.31652
66.53465
68.71859
65.77613
60.7185
61.56862
65.65831
56.59133
59.85445
61.72086
65.68004
57.90906
65.43213
56.36474
63.92401
70.8191
59.62549
62.77165
62.13564
58.8677
70.35779
64.18026
65.23733
55.23457
54.72704
72.52643
63.64353
61.44646
57.56341
62.24481
59.11826
66.48367
59.95658
60.14765
63.42528
63.87028
64.61117
64.03715
69.00538
66.06283
59.66592
75.58139
70.58791
73.67247
59.36671
56.4606
65.63301
71.13623
67.6486
65.4821
65.33649
68.92344
73.17642
60.62528
66.74152
70.87374
69.13786
71.95317
68.63922
70.14591
68.57329
61.70218
65.22975
65.51081
59.51108
60.42593
61.70725
61.05699
67.80154
73.45333
67.49254
59.98199
64.6429
73.73697
72.75843
62.13275
63.99059
67.53038
61.399
57.97669
64.41589
68.98497
60.96253
67.81128
67.19417
61.62809
66.96972
58.24729
61.59845
60.78125
59.09614
66.64426
57.99771
78.53507
70.84766
58.26632
64.9678
66.35359
68.16569
66.38711
54.81423
62.31995
60.0711
60.30838
59.82898
59.44364
61.04051
63.29588
71.86452
57.86208
68.10409
57.49859
66.66658
58.63248
62.28528
61.39977
65.63141
65.27223
64.09604
60.85656
55.8327
59.48133
70.50283
72.96674
64.60452
69.19955
69.80528
65.54989
61.38038
60.4413
67.46682
53.40524
59.61248
60.67751
70.66352
58.23977
64.35162
62.24214
65.88093
56.66411
70.04951
63.95115
65.19451
66.35465
64.27278
66.98539
61.71653
71.35382
67.60922
60.35332
68.24894
67.57609
78.73257
62.055
56.27446
63.49419
67.33094
72.64334
56.82266
61.92732
56.1287
61.74468
59.03574
65.79649
65.88763
61.46186
61.62036
79.79804
72.9353
66.48144
55.31368
59.6413
65.21341
59.73498
69.46177
64.70741
68.38115
71.23843
65.79339
70.38843
60.65564
70.88755
63.24967
70.05081
58.01645
59.67931
60.85014
63.6254
60.29244
63.60029
64.76946
61.96221
70.14523
52.14512
66.11007
62.29819
59.86859
56.14032
55.66728
58.60863
67.72656
66.02408
64.4462
70.43906
63.44438
57.87556
66.45464
68.69351
66.11641
54.31413
62.91514
56.65864
54.49889
55.375
66.75018
66.42387
69.94561
63.5782
68.58599
69.48654
64.35731
62.93184
66.48852
68.06996
76.30745
66.29953
62.94197
67.08312
56.42099
56.66207
65.36022
64.47025
63.62868
57.79229
72.7739
61.03604
68.51045
70.60477
65.92194
62.25113
60.68353
55.77689
60.42296
58.4804
56.40609
69.82873
59.73846
66.52517
54.07754
58.44351
56.02861
71.0007
64.54215
69.13011
59.68197
63.3686
63.4266
61.26161
58.43819
60.64504
62.24999
68.77546
68.59208
68.37767
72.51239
69.34124
63.24629
65.59854
67.29692
