0.290416
0.286356
0.2805293
0.2807745
0.2636215
0.2584809
0.2493787
0.2398326
0.2294615
0.224913
0.2122991
0.2104019
0.21192
0.2035338
0.2103863
0.2009564
0.196739
0.1943127
0.1958064
0.1994005
0.2022509
0.1950829
0.2019199
0.2066482
0.2090857
0.2025117
0.2040719
0.2011632
0.2083212
0.2055515
0.2028541
0.2204498
0.2236235
0.2186451
0.2103021
0.2044094
0.1957842
0.2087829
0.2171337
0.2082299
0.2050488
0.207422
0.2034436
0.1899724
0.1830045
0.1801475
0.1711471
0.1582338
0.162092
0.1650478
0.1630163
0.1599462
0.1683869
0.1650374
0.1643184
0.1611929
0.1531946
0.1585604
0.1700157
0.1661004
0.1656712
0.1687797
0.1614521
0.1628235
0.1637414
0.1657352
0.1629091
0.1656894
0.1604784
0.1499272
0.1542583
0.1480077
0.1421473
0.1367819
0.1269409
0.1323469
0.1321566
0.1337695
0.1373276
0.1331443
0.1328952
0.1267511
0.120857
0.1183272
0.1164542
0.1181063
0.1219698
0.1241262
0.1211949
0.1235453
0.1179743
0.1187823
0.1248669
0.1265632
0.1215676
0.1180082
0.1197025
0.1229814
0.1254519
0.1230657
0.1229051
0.1200535
0.1156152
0.1148237
0.11133
0.1130269
0.1112714
0.1133015
0.1163004
0.1129691
0.1078467
0.1033181
0.1003662
0.109379
0.1080709
0.110803
0.1126676
0.112689
0.1131654
0.1145415
0.1164498
0.1060805
0.09923165
0.09731951
0.0948888
0.09363266
0.09868047
0.1014634
0.1019688
0.1034918
0.1030288
0.1067682
0.1072925
0.1088486
0.1048687
0.1007583
0.1013321
0.1007888
0.1049758
0.1007069
0.0988693
0.1027408
0.09753098
0.09224857
0.09443013
0.09097681
0.09706915
0.1007329
0.1041325
0.09675446
0.09980811
0.09839478
0.0988765
0.09941263
0.09498439
0.0918713
0.09436781
0.1043935
0.1039799
0.1051201
0.1102958
0.1166294
0.1153768
0.1121083
0.1199594
0.1191712
0.1233997
0.1212388
0.1260891
0.1271627
0.1205592
0.1185065
0.1273676
0.1325067
0.1260534
0.1254146
0.128553
0.1281248
0.124797
0.1319251
0.1376052
0.1469797
0.1380198
0.133304
0.1302022
0.1301896
0.1292867
0.1305047
0.1200364
0.1207487
0.1196147
0.1144022
0.1157553
0.109764
0.1056707
0.1083587
0.1016958
0.1022196
0.09616495
0.09510412
0.09456871
0.08843029
0.08968245
0.08425639
0.08666598
0.08841301
0.08530934
0.09069752
0.09679911
0.09709156
0.09937838
0.100973
0.1005687
0.09251498
0.09368535
0.09358502
0.08995309
0.09083946
0.09354737
0.09773866
0.09516646
0.09202988
0.09200032
0.09687538
0.09405608
0.09362528
0.08924401
0.0903943
0.08225538
0.07745555
0.07745833
0.08020764
0.08116267
0.08048065
0.07452859
0.07294737
0.07138235
0.06905256
0.06794971
0.06805204
0.0695588
0.06870696
0.06907268
0.06915883
0.06477678
0.06322948
0.06486528
0.07087288
0.06998537
0.0692628
0.07048431
0.07273394
0.07795312
0.07825019
0.07668284
0.07749542
0.08006684
0.07690081
0.0762735
0.07966863
0.07859065
0.07935073
0.07516053
0.07768426
0.07972624
0.07422673
0.07179638
0.07246251
0.07756208
0.08044302
0.07443767
0.0773464
0.07335328
0.07635226
0.07199985
0.07255532
0.0769611
0.07555592
0.08022304
0.07794763
0.08040497
0.07991773
0.07961711
0.08434776
0.07941284
0.08394341
0.09026964
0.08813841
0.09340258
0.09505096
0.09483428
0.0939615
0.0932454
0.0938856
0.08871591
0.08749592
0.09374979
0.09437106
0.09599301
0.0959669
0.09990023
0.1040013
0.10254
0.1015345
0.1011751
0.1062403
0.1046575
0.1093224
0.1104245
0.1092071
0.1050571
0.1062768
0.1056567
0.1083442
0.1075291
0.112384
0.1080377
0.1105692
0.1143545
0.1104581
0.1132708
0.1107827
0.1077296
0.1084474
0.1036235
0.103104
0.1064471
0.1025708
0.09987145
0.09909613
0.09822655
0.09278268
0.08938115
0.08467808
0.08492941
0.08283474
0.08395838
0.08480946
0.08568401
0.0916297
0.08667114
0.08373679
0.0800603
0.07996923
0.08152527
0.08074081
0.08370476
0.07901844
0.08097316
0.08267201
0.08169026
0.0815676
0.08055502
0.07738053
0.07824747
0.07874325
0.07938869
0.07791088
0.07451591
0.07333325
0.07197693
0.07061581
0.07211387
0.06756833
0.06301328
0.06425434
0.06235516
0.06230554
0.06145905
0.06470642
0.06260221
0.06560483
0.06808335
0.06766046
0.06711953
0.06608368
0.06607777
0.064318
0.06318344
0.0655675
0.06760243
0.06545138
0.06367694
0.06419313
0.0608838
0.05989946
0.0578714
0.0588211
0.06400732
0.0650962
0.06291333
0.06411055
0.05988466
0.05936215
0.05712598
0.05930308
0.05720209
0.05866835
0.06114827
0.06268913
0.06023202
0.0578236
0.05850644
0.06185626
0.0624883
0.06173398
0.06015251
0.05776248
0.0562668
0.05719473
0.05659763
0.05378819
0.0528775
0.05074296
0.05181397
0.05445268
0.05579955
0.05583188
0.05409578
0.05614893
0.05779501
0.05723172
0.05621192
0.05374404
0.05459987
0.0551998
0.0575134
0.05419055
0.05589819
0.05662427
0.05473675
0.05258259
0.05230628
0.05342005
0.05057987
0.04935787
0.04869857
0.0462606
0.04785956
0.04874644
0.04777177
0.04848497
0.0477966
0.04809369
0.04436318
0.04422647
0.04441645
0.04398292
0.04425586
0.0441054
0.04320864
0.04375364
0.04572892
0.0458337
0.04748741
0.04871207
0.04746697
0.04936217
0.05096465
0.04997989
0.04976046
0.0518322
0.05199246
0.05219231
0.05177146
0.05061414
0.05039955
0.05161177
0.05515618
0.05339571
0.05170967
0.05566591
0.05978349
0.05765494
0.06070309
0.06074153
0.0594526
0.05892298
0.06251483
0.06141584
0.05972491
0.06273787
0.06483083
0.06778227
0.06963203
0.07331712
0.07147662
0.07056018
0.07014752
0.06205772
0.06098346
0.05949412
0.05398423
0.05339759
0.05292247
0.05169599
0.04995243
0.05131645
0.05283956
0.05185184
0.05048289
0.05135633
0.05147281
0.0491448
0.04957455
0.05361355
0.05206088
0.05295082
0.04942524
0.047929
0.04968613
0.04970079
0.05103583
0.05140943
0.05248471
0.05192205
0.0482309
0.04854619
0.04822856
0.04928005
0.05061749
0.05030662
0.05059767
0.05031055
0.05072906
0.04647024
0.04476792
0.04422554
0.04247578
0.04127525
0.04267413
0.04329725
0.04712725
0.04677988
0.04539913
0.04459456
0.04700675
0.04807198
0.0480587
0.04764532
0.04928132
0.0465346
0.04565262
0.0456691
0.04535308
0.04592519
0.04489026
0.04270518
0.042302
0.04241937
0.04194443
0.04123541
0.04346423
0.04037342
0.03757519
0.03629352
0.03517851
0.03525336
0.03484501
0.03269335
0.0346155
0.03476336
0.0341785
0.03605146
0.03562611
0.03609448
0.03566208
0.03665134
0.03744665
0.03771774
0.03655241
0.0358812
0.03687463
0.03780002
0.03934147
0.03914102
0.03907943
0.03846325
0.03996954
0.04195523
0.04264574
0.04045972
0.04061523
0.03689908
0.03802695
0.03812197
0.03896343
0.03708211
0.03721251
0.03664717
0.03850614
0.03728403
0.03675747
0.03557949
0.03315091
0.03519028
0.0318676
0.03308677
0.03179079
0.03185843
0.03128688
0.03500791
0.03289695
0.02986967
0.03012655
0.02828369
0.0297357
0.03094735
0.02978274
0.03221987
0.0329737
0.03379322
0.03340829
0.03209446
0.03108103
0.03157314
0.02910183
0.02884743
0.0286249
0.0292184
0.02837644
0.02924914
0.03006201
0.0308364
0.0322916
0.03300884
0.03231368
0.03127904
0.03032338
0.03041776
0.02941537
0.02851707
0.02709911
0.02691661
0.0250148
0.02402729
0.02333918
0.02448228
0.02456128
0.02356188
0.02236583
0.02183124
0.02248146
0.02243655
0.02320574
0.02371014
0.02327944
0.02402007
0.0270124
0.02731122
0.02835336
0.02938705
0.02974636
0.02863054
0.02871474
0.02780263
0.02686606
0.02805664
0.02853371
0.02840857
0.02889864
0.02839777
0.02895964
0.02899473
0.03045145
0.03032557
0.02916097
0.02779887
0.02741228
0.03013427
0.02845812
0.02923853
0.02673993
0.0267165
0.02575921
0.02767804
0.02803059
0.02723377
0.02545737
0.02679581
0.02462818
0.02638296
0.02499497
0.02427914
0.0246625
0.0241241
0.0261387
0.02690091
0.02633744
0.02729346
0.02818561
0.02733606
0.02669597
0.02676526
0.02696921
0.02742935
0.02738632
0.02777721
0.0292626
0.02939942
0.0297986
0.03054585
0.03076182
0.03118507
0.0297459
0.0296358
0.02851597
0.02839954
0.02768101
0.02616637
0.02649199
0.02642998
0.02624992
0.02628581
0.02687913
0.02583146
0.0255965
0.02789564
0.02792443
0.02871134
0.02856872
0.02558136
0.0254353
0.02485939
0.02411322
0.02307916
0.02256418
0.0235477
0.02487485
0.02557035
0.02458332
0.02514348
0.02475103
0.02603971
0.02676685
0.02675017
0.02900419
0.02914081
0.02783138
0.03006073
0.02915705
0.02976612
0.03005141
0.02983803
0.0314878
0.03301572
0.03198338
0.03246748
0.03363187
0.03297178
0.03468401
0.03520887
0.03457037
0.0341397
0.03494311
0.03458804
0.03575984
0.03787094
0.03814137
0.03774931
0.03762971
0.03795805
0.03710404
0.03590349
0.03580212
0.03504138
0.0366765
0.03700379
0.03876643
0.03827783
0.03741634
0.03659563
0.03843554
0.03873089
0.03719911
0.03723741
0.03645165
0.03711113
0.0359608
0.0355197
0.03696296
0.03782041
0.03573349
0.03815558
0.03765761
0.03649732
0.03569731
0.03482741
0.03387491
0.03579202
0.03534647
0.03531213
0.03411445
0.03401187
0.03395706
0.03616226
0.03791571
0.03782112
0.03802192
0.03756881
0.03765955
0.03727737
0.03683647
0.0377058
0.03808576
0.0362282
0.03652067
0.03501355
0.03607082
0.03653754
0.03596567
0.03578643
0.03607959
0.03627012
0.03497144
0.0331682
0.03282126
0.03536244
0.03609682
0.03590371
0.0360716
0.03635792
0.03675419
0.03706575
0.03751695
0.03868068
0.03815003
0.03702735
0.03812534
0.03830315
0.03642783
0.03864693
0.03850269
0.0409313
0.03818783
0.0373957
0.03755043
0.03527641
0.03624052
0.03532292
0.03607247
0.03792766
0.03822755
0.03819041
0.03552336
0.03631543
0.03435431
0.03352012
0.03228025
0.03297399
0.03310421
0.03140161
0.03147901
0.02910028
0.02933483
0.02758899
0.0254056
0.02542446
0.02465589
0.0237291
0.02461107
0.02606755
0.0260267
0.02662127
0.02650309
0.02545273
0.02578643
0.02554528
0.02450368
0.02520352
0.02439474
0.02498567
0.02516559
0.02514541
0.02342998
0.02251844
0.02306737
0.0238208
0.02279302
0.02387221
0.02322867
0.02149326
0.02181818
0.02208471
0.02127352
0.02195244
0.02119549
0.02088228
0.0203519
0.01996774
0.02012277
0.02089123
0.02048467
0.02073362
0.02153124
0.02229026
0.02443731
0.02531584
0.02390345
0.02396645
0.02409005
0.02506131
0.02224403
0.02316688
0.02204956
0.02238476
0.02175726
0.02101673
0.02234889
0.02233051
0.02237396
0.02235601
0.02220669
0.02227191
0.0226464
0.02138515
0.01960011
0.0192856
0.01892658
0.01919215
0.01773797
0.01870787
0.01785419
0.01708585
0.01629398
0.0160904
0.01497938
0.01511371
0.01485363
0.0140758
0.01506621
0.01465835
0.01386996
0.01342719
0.01405148
0.01399872
0.0145855
0.01372328
0.01350087
0.01268161
0.01254727
0.01240946
0.0115822
0.01197546
0.01328072
0.01396076
0.01325674
0.01407154
0.01397971
0.01350576
0.01379806
0.01423759
0.0148618
0.01488827
0.0143802
0.01422086
0.01384216
0.01459771
0.01386976
0.01477697
0.01388938
0.01414258
0.0153896
0.01608949
0.01549879
0.01570671
0.01538422
0.01541886
0.01599401
0.01477797
0.01533158
0.01561445
0.015557
0.01533714
0.01599339
0.01609846
0.01661432
0.01599071
0.01592555
0.01567312
0.01592106
0.01559464
0.01612263
0.01668748
0.01647907
0.01623556
0.01632603
0.01740052
0.01802536
0.01857232
0.01787006
0.01759209
0.01711397
0.01699056
0.017196
0.01716976
0.01764643
0.01707303
0.01762081
0.01836876
0.01780516
0.0173879
0.01757122
0.01726633
0.0189141
0.01812517
0.0179657
0.01840546
0.01776659
0.01891574
0.01903535
0.01845045
0.01838506
0.01878457
0.01970656
0.01935748
0.0194278
0.01870191
0.01988274
0.01863873
0.01771297
0.01850447
0.0200168
0.0197469
0.01933048
0.01914385
0.01861801
0.01815703
0.01742323
0.01678142
0.01715116
0.01775153
0.01867645
0.01730835
0.01684146
0.01678233
0.01646353
0.01759587
0.01772419
0.01859079
0.01991613
0.01943135
0.01848511
0.01851958
0.01794187
0.01759849
0.01702522
0.01790256
0.01740832
0.01734313
0.01778743
0.01799553
0.01863493
0.01712509
0.0158393
0.01617394
0.01570164
0.01541525
0.0148041
0.01482139
0.01423435
0.01449887
0.01542274
0.01629949
0.01689415
0.01682952
0.01686942
0.01726547
0.01718041
0.01626813
0.01654207
0.0158018
0.01553311
0.01631555
0.01671503
0.01727296
0.01659851
0.01598518
0.01654631
0.01743648
0.01720196
0.01761032
0.01736076
0.01669548
0.01643035
0.01729665
0.01635886
0.01609515
0.01716117
0.01726389
0.01649384
0.01567922
0.0153378
0.01570264
0.01562014
0.01543706
0.01501184
0.01452612
0.01452122
0.01488491
0.01462968
0.01432049
0.01402818
0.01427504
0.01382745
0.01388743
0.01405762
0.01420444
0.01450847
0.0140388
0.01399519
0.01488904
0.01428961
0.01417531
0.01332121
0.01317233
0.01270293
0.0126458
0.01288469
0.01197045
0.01251891
0.01285437
0.01299248
0.01263846
0.01243358
0.01205614
0.01246658
0.01255114
0.0121367
0.01238539
0.01276927
0.01389778
0.01363538
0.0144303
0.01488822
0.01511578
0.01559194
0.01553727
0.01521818
0.01588832
0.01563761
0.01608946
0.01612141
0.01521092
0.01508055
0.01442637
0.01520055
0.01685826
0.0165299
0.01587965
0.01555862
0.01580025
0.01526479
0.01531503
0.0153883
0.01505051
0.01537435
0.01510892
0.01556876
0.01573477
0.01459363
0.0137503
0.01293319
0.01305567
0.0137535
0.01317037
0.01304465
0.01257758
0.01229387
0.0127583
0.01236375
0.01323924
0.0131707
0.01364655
0.01302301
0.01361626
0.01301192
0.01317046
0.01329152
0.01278235
0.01284624
0.01287837
0.01345208
0.01325275
0.0138751
0.01493217
0.01503726
0.01540526
0.0156484
0.01579905
0.01564367
0.0153005
0.01512986
0.01470131
0.01389189
0.01395158
0.01302845
0.01324691
0.01352353
0.013056
0.01373689
0.01276461
0.01256799
0.01197304
0.01209979
0.01230422
0.01273791
0.01335681
0.01412389
0.01476922
0.0134179
0.01323578
0.01285981
0.01305859
0.01311425
0.01339101
0.01270957
0.01270136
0.01407104
0.0152503
0.01569924
0.01598534
0.01613277
0.01546509
0.01535964
0.01508384
0.01523319
0.01603834
0.01582883
0.0157552
0.01491647
0.0152678
0.01554038
0.01601742
0.01564747
0.01608611
0.01662683
0.01604323
0.016218
0.01737746
0.01801567
0.01883456
0.01832241
0.01897807
0.01910727
0.01900141
0.01917097
0.02009522
0.02007454
0.02061466
0.02143874
0.02133162
0.0212909
0.02363447
0.02252047
0.02446176
0.02452899
0.02420576
0.02365309
0.02420618
0.0226706
0.02287157
0.02265212
0.02237546
0.02150372
0.02068393
0.02045042
0.02103202
0.02130881
0.0209332
0.01979504
0.01916097
0.01873289
0.01812243
0.01768937
0.01768634
0.01781305
0.01803053
0.01848788
0.01931472
0.02009853
0.02020335
0.01924219
0.01851038
0.01884055
0.01920567
0.01929926
0.01995468
0.01981043
0.02042297
0.02222269
0.02244388
0.02306656
0.02311994
0.02461777
0.02537821
0.0254025
0.02410126
0.02601481
0.02875824
0.02871228
0.02967307
0.0301483
0.0290538
0.02918336
0.0283292
0.02781419
0.02865707
0.0287104
0.02926115
0.02839659
0.02793418
0.02627331
0.0259122
0.02655335
0.02565126
0.02697348
0.02696458
0.02651173
0.02765433
0.02648421
0.02622111
0.02704184
0.02791348
0.0284966
0.02883487
0.02786067
0.02889831
0.0272575
0.02688602
0.02779303
0.02778582
0.02930513
0.02902403
0.028207
0.02937733
0.02920952
0.02985736
0.02864054
0.02831003
0.02786915
0.02734241
0.02951865
0.02914695
0.02986769
0.02920719
0.02950447
0.02996516
0.03062189
0.03054067
0.03067109
0.02864384
0.02843613
0.02710875
0.02781062
0.02850212
0.02950365
0.02935617
0.02977092
0.02912202
0.02985319
0.03030994
0.03216057
0.03012476
0.03087348
0.03184896
0.03236719
0.03275645
0.03193301
0.03186197
0.03297833
0.03276106
0.03190617
0.03075036
0.03171537
0.03070146
0.03040332
0.03144204
0.03189262
0.03341281
0.03301338
0.03317203
0.03301608
0.03210401
0.03218153
0.03287312
0.03181022
0.03081317
0.02874922
0.03021641
0.03211418
0.0307317
0.03220694
0.03082825
0.02892702
0.02928313
0.02929256
0.03072152
0.03056246
0.03136687
0.03009901
0.0296537
0.03023147
0.03017199
0.03109838
0.03002552
0.03064559
0.03087556
0.03197577
0.03067342
0.02917076
0.03008758
0.03116946
0.03168583
0.0318412
0.03231213
0.03552444
0.03494066
0.03670592
0.03574864
0.03810941
0.03605399
0.03503881
0.03456665
0.03432869
0.03244583
0.03223383
0.03182294
0.03028845
0.02989841
0.03099248
0.03017684
0.0279428
0.02894446
0.02997014
0.03037738
0.03440625
0.03467609
0.03386526
0.03480628
0.03453627
0.0358182
0.03414423
0.03044146
0.0276865
0.02616865
0.02706888
0.02566317
0.02548737
0.02578799
0.02551959
0.02503925
0.02573473
0.02570724
0.02653755
0.02616949
0.02704275
0.0276558
0.02998472
0.02837052
0.02956404
0.02908292
0.0273856
0.02831483
0.02893969
0.02909455
0.02822109
0.0277207
0.02706423
0.0255498
0.02578649
0.02437252
0.02350723
0.02403383
0.02414417
0.02218187
0.02291279
0.02495117
0.02548129
0.02564506
0.02583163
0.02521904
0.0251417
0.02379537
0.02365839
0.02286312
0.02439158
0.0229859
0.02226447
0.02126375
0.02218662
0.02202463
0.0231394
0.02339432
0.02375149
0.024822
0.02508723
0.02440273
0.02454309
0.02350667
0.02426606
0.02501304
0.02451716
0.02645001
0.02664377
0.02839281
0.02934039
0.02985349
0.03092113
0.0301312
0.03161416
0.03265107
0.03359782
0.03250008
0.03336369
0.03424151
0.03427789
0.03620996
0.03626199
0.03662483
0.03822137
0.03774669
0.03583579
0.0364839
0.03755546
0.03741752
0.03684414
0.03491749
0.03531927
0.03639654
0.03431963
0.03440298
0.03429919
0.03519527
0.0355265
0.0364882
0.03769469
0.03525367
0.03235649
0.03105767
0.0334114
0.03236594
0.03036871
0.0304867
0.03064335
0.03024551
0.02963332
0.03054495
0.03151736
0.03047281
0.03118696
0.02980297
0.0307629
0.03205771
0.03221612
0.03362717
0.03443548
0.03298288
0.03527408
0.03825398
0.03874614
0.03988714
0.03819381
0.03681465
0.03653387
0.03404281
0.03315014
0.03128791
0.03039161
0.0293766
0.03105171
0.0312266
0.03200183
0.03285575
0.03352331
0.0340912
0.03511361
0.0346387
0.03183245
0.03196571
0.03205034
0.03270913
0.03495448
0.03474314
0.03302147
0.0360582
0.03545932
0.036303
0.03567955
0.03712473
0.03680717
0.03653299
0.03303707
0.03259751
0.0320798
0.03263212
0.03539928
0.03562054
0.03670558
0.03767059
0.03508606
0.03412372
0.03301495
0.03339254
0.03238978
0.03133737
0.0326336
0.03267715
0.03429432
0.03335978
0.03306032
0.03373549
0.03423952
0.03517185
0.03502111
0.03509145
0.03670515
0.03661802
0.03873685
0.03833935
0.03997144
0.03888791
0.03989653
0.03988575
0.04099692
0.04081243
0.03870513
0.04108259
0.04252102
0.04183438
0.04048038
0.04047232
0.03982677
0.04038973
0.0405416
0.04103115
0.04064407
0.04087047
0.04167686
0.03958701
0.03854615
0.0401235
0.04159369
0.04176367
0.04000918
0.03973084
0.03995885
0.03979919
0.04239303
0.04160419
0.04279886
0.03955551
0.04074403
0.0427832
0.04551468
0.04628435
0.04578306
0.04663347
0.0459586
0.04364133
0.04546291
0.0459782
0.04574018
0.04551746
0.04443379
0.04313855
