77.06634
69.83575
71.09961
69.95692
68.33952
66.62916
62.20897
59.39926
58.32036
60.18437
63.85533
68.09361
64.54216
66.32239
62.94269
59.61744
59.2455
55.24244
55.43998
54.94143
53.63619
53.28257
52.53056
51.40657
51.42686
48.13927
47.09948
44.04033
41.78289
38.12234
38.42906
37.31375
36.35776
35.61747
33.21339
31.33437
30.55903
29.38854
27.4858
28.57604
27.98272
27.37367
27.06889
27.96484
27.07134
25.48937
24.15441
25.73224
26.34131
28.65436
28.57778
27.72396
28.48605
28.44277
29.12117
28.71845
27.66044
27.45328
28.46044
26.78505
25.60195
25.55349
25.30199
25.62825
24.51425
25.40008
24.36654
23.8312
23.59339
23.56472
25.18812
24.02612
24.33626
24.61123
25.1632
24.29703
23.05523
23.17488
22.89329
23.36709
24.02392
23.65036
23.86704
24.72247
25.87841
24.1463
22.93007
22.62098
21.92867
20.66331
21.13182
21.59182
21.05424
21.41256
21.73886
22.88685
22.19912
21.06729
20.38588
20.01925
19.79317
20.30564
19.20451
18.18502
17.75925
18.0481
19.18534
19.39845
20.37615
20.80997
20.11482
19.85686
20.02215
18.76453
19.55184
18.05782
18.60145
18.19369
18.32511
18.97571
19.26586
18.8898
18.47662
18.00993
18.17554
18.51587
18.47201
17.75197
18.16121
16.98874
16.40848
16.94566
17.19879
15.79502
15.47297
16.00558
15.97199
15.76634
15.38397
15.99852
15.41612
15.87532
17.16908
16.29854
15.69734
15.90756
16.12307
16.27852
15.99544
16.06265
15.69929
15.09937
14.80934
14.79859
15.01317
15.47733
14.43584
14.26461
14.03161
13.86249
14.61853
14.76844
15.2541
15.36213
15.94113
15.14001
16.0929
15.98045
16.00761
15.82824
15.62352
15.5705
15.48121
15.34592
14.77388
15.26397
15.86452
15.244
15.33278
14.4027
14.74646
13.93369
12.90896
12.80177
13.81637
14.39952
14.47699
14.35366
14.14375
14.72907
14.18089
13.82236
13.81706
13.61924
13.57646
13.22644
12.90924
13.26768
13.40511
13.90348
14.00925
14.51973
13.91952
14.6692
15.1744
14.48177
13.83078
14.0202
14.18505
13.8076
13.72087
13.13924
12.63889
12.78699
12.67365
12.29801
13.64933
14.01906
13.89312
13.33785
13.5351
12.77562
12.86154
12.8663
12.37009
12.33734
12.93914
12.78106
13.14877
12.95896
12.82789
13.04548
12.7064
12.14946
12.05455
12.98878
13.45883
13.83085
13.76933
13.79225
13.5907
14.23892
14.93699
14.76483
14.5656
14.59324
14.44391
14.63472
14.09811
13.72071
13.51753
13.58272
13.62091
14.24904
14.00637
14.28229
14.67268
15.67862
15.73965
15.53698
16.09602
15.91133
16.40674
17.76278
16.78889
15.81884
16.1584
16.51551
16.99931
17.52282
16.98188
16.42284
16.35092
16.99992
16.86829
16.43701
16.36286
17.06653
17.24668
17.20071
19.40824
19.23199
19.65417
19.03363
18.82924
20.24021
20.65786
21.17959
20.46379
19.53353
19.04248
17.96238
18.96848
19.51657
18.51399
19.68831
20.59387
20.45703
19.4585
19.15791
18.07298
17.25364
17.16232
16.44394
17.14571
18.03795
18.856
18.33757
18.67805
17.46239
17.03037
18.46357
18.27617
17.71523
17.85369
17.57319
17.38209
16.58674
16.20678
15.69828
16.19984
15.97277
16.10141
16.47143
16.21156
16.13358
15.85615
15.72167
16.2915
16.29153
16.2727
16.26873
16.71781
16.95075
15.79868
14.84276
15.22362
15.63863
15.24593
14.72394
15.37419
15.62228
16.08822
15.61593
16.00672
16.79691
16.87789
16.2028
15.73087
15.71751
16.94815
17.31896
17.50024
17.15679
16.16785
16.66641
17.49267
17.76734
17.99353
18.55517
17.23783
17.43628
18.60888
18.24325
17.79398
18.17258
17.93312
17.39005
17.41151
17.37355
17.38709
18.61287
19.72198
19.15548
20.10414
20.02572
20.48108
20.92213
19.4323
19.79793
19.24099
20.01305
20.94504
20.46432
20.09466
19.7142
19.00492
19.2704
17.23949
17.21817
18.0258
17.2117
16.84067
17.57685
17.50913
17.25103
16.67731
16.96361
16.84322
16.3667
16.48721
16.18672
17.36685
17.94476
17.73219
17.91132
17.20154
18.12804
18.68853
18.64872
16.69365
16.62675
14.88226
14.94953
15.13548
15.6932
15.52285
15.08128
15.27438
14.62606
14.49212
14.54661
14.16905
15.05836
14.91063
15.78944
16.02008
15.65193
16.09875
16.58839
16.40003
16.72335
18.0791
18.03957
18.42009
18.08165
17.8772
17.64078
17.8836
16.75436
16.41303
16.97449
16.35555
15.40696
14.5224
15.78353
15.74574
15.37039
15.04674
15.17905
14.19739
14.90041
14.48817
14.67876
14.22081
13.9655
14.30174
13.53631
13.66471
13.41973
13.67907
13.79896
13.88482
14.46296
14.5418
14.01338
13.91611
13.1411
13.38289
12.83913
13.30536
12.81574
13.17691
13.66217
14.56743
14.57585
14.68179
14.59854
15.19878
15.07524
14.53372
15.50017
16.38707
16.16727
16.93794
17.23463
17.13206
17.08623
16.625
16.85122
16.99429
17.31407
16.34204
16.66428
15.56392
15.88078
16.48145
16.44925
16.65102
15.74614
14.94579
15.17753
15.8442
15.34197
15.30604
15.47952
15.83386
16.35359
16.61141
17.30392
17.0346
17.69818
17.6241
18.4958
18.47069
17.63787
17.90692
17.73287
16.86164
16.0771
16.64998
16.81207
16.90181
16.15549
17.19735
17.38737
16.93691
16.02296
16.53857
16.43536
17.12475
17.22287
17.46318
18.2151
18.51699
18.4767
17.70126
18.12303
18.18256
17.55244
16.95521
16.55726
18.17818
17.67374
19.17072
18.67927
18.72174
18.86819
18.36975
18.98011
18.40001
17.76193
17.62852
16.98825
16.34871
16.4673
16.43044
15.77558
17.19733
17.84035
18.30914
17.60139
16.69841
16.38862
16.5457
16.13968
17.16384
17.43158
17.56134
17.25753
16.9055
16.59211
16.64115
16.18464
17.41718
16.83137
15.90114
15.54203
15.68509
16.26527
16.11917
16.39876
17.12495
16.61276
16.67674
15.76215
15.54389
14.66597
14.87214
14.86658
14.58287
14.55411
14.14929
13.85018
13.59908
13.88317
14.50373
14.31664
14.21976
14.04839
14.62946
14.26829
14.02212
14.25317
14.48537
15.34004
15.39708
15.36893
15.75816
17.08654
17.7892
18.97409
18.14345
19.21001
19.2172
19.24872
19.44952
19.74057
20.04703
20.08256
20.7258
21.47388
21.6177
22.03892
22.18428
21.68374
20.62185
20.82982
21.19732
20.3412
20.59499
20.92241
20.39052
20.08236
20.42481
20.52026
21.72544
22.14257
21.68411
21.57945
20.27609
19.0909
19.78649
20.29712
21.3835
21.02448
21.31119
21.37036
21.64525
21.24326
20.35863
20.23202
20.64986
21.24653
21.52819
21.43638
20.33764
19.49975
20.18663
21.35914
19.88735
19.99821
19.93949
18.79752
19.6105
19.86938
19.60667
19.27553
19.53271
19.22134
18.37132
17.83469
18.39099
18.2481
18.56226
18.22569
17.42113
17.55324
17.36301
17.81914
17.12225
17.21049
16.6046
16.86912
16.66385
16.59277
17.88727
18.56513
18.32065
19.22872
20.42692
21.81639
21.25301
20.62676
21.06544
20.5076
21.22678
20.64013
20.22878
20.33658
19.65243
20.31941
19.87738
20.59602
21.10609
20.56665
20.20695
20.30729
20.31481
20.2061
19.67263
20.50887
21.1013
20.09305
19.36768
19.19738
18.87184
18.32946
18.55194
17.55283
17.2227
17.66608
16.88999
16.94438
18.09896
17.93335
18.50426
18.79429
19.86194
19.60236
18.25146
18.90451
18.90174
18.80378
17.8777
17.91649
16.9661
16.94487
17.14337
16.77101
17.67684
18.06854
18.93786
18.35374
18.15642
17.61418
16.90213
16.32972
15.80129
15.31881
15.60968
15.07904
15.37184
15.51405
15.57792
15.76389
15.63064
16.10322
16.50889
15.327
15.21273
14.7272
14.54967
14.08453
14.1362
13.8731
13.41781
14.4241
14.41311
14.09058
14.30449
14.00557
13.73361
13.41458
13.84836
13.76104
14.14637
14.52221
14.97671
15.82455
16.11232
16.12325
16.00431
15.20869
15.58564
15.24542
15.36061
16.07241
16.5003
16.05474
16.57564
16.1229
15.55808
15.28272
15.88119
16.13124
16.68456
17.71423
18.2625
17.51462
17.63529
17.63793
17.93061
17.90389
18.1281
18.42468
17.6589
17.77281
17.99869
18.1841
17.97571
17.54814
17.29041
17.50218
16.89376
16.79009
17.36116
17.78881
18.00913
16.94667
17.46036
17.05637
16.57345
17.0783
17.4117
16.76791
16.76566
16.445
16.81396
16.61277
15.19924
15.69458
16.32199
16.5328
17.57137
16.79033
17.2593
16.2563
16.07863
16.2407
16.25266
15.76642
16.1786
17.09818
16.43196
16.58297
16.82192
16.80116
15.73445
15.55908
16.3473
16.11102
16.86633
16.99543
17.28385
17.57942
18.28684
19.19263
20.05556
20.55897
20.81562
21.06299
20.726
21.1262
22.09794
21.46895
21.95007
22.91122
21.84122
21.44984
22.02347
21.92154
21.83082
22.18953
22.54578
21.82383
20.86209
21.89806
22.64559
22.161
21.74722
20.4718
20.69613
20.36996
20.35111
21.06123
20.93281
21.43359
21.29973
21.58473
19.73847
20.03434
19.524
20.93129
22.7536
23.91025
23.1429
23.18188
22.98974
23.92813
24.21389
22.39101
22.23013
20.82871
20.1747
21.06543
20.09027
20.59746
20.39953
20.17701
19.75857
21.35094
22.33756
21.12995
20.92485
20.25314
20.90498
20.47069
20.18007
19.61218
19.67635
19.86771
20.38112
21.14985
20.48753
19.71463
19.54255
19.75381
21.23456
20.75404
22.45278
23.30277
21.36209
21.52565
21.60979
21.7713
20.78964
21.42863
20.4232
19.46572
20.10873
21.09414
22.07912
22.84127
20.79866
21.56199
20.97829
22.06256
22.74954
22.30907
21.96152
21.9917
21.96128
21.16517
20.84281
20.07884
20.09001
21.28528
21.85382
21.83729
22.42697
21.74587
20.53911
20.09263
19.96895
20.08075
20.24783
19.86491
19.97647
19.67118
19.25753
19.1694
18.80114
18.28168
19.1571
19.43529
19.08988
20.68538
20.02588
18.68367
18.52156
18.95732
18.71724
18.32098
18.59397
17.58146
17.23412
17.88626
17.00143
16.89967
15.96982
15.77665
14.63141
14.37482
13.23214
13.58162
13.7198
13.93761
15.14355
14.60668
15.67235
16.14517
15.56944
15.332
15.26682
15.9474
15.54669
15.4035
14.74235
15.21152
15.09256
16.02835
16.36713
15.15526
15.29419
15.12525
15.27177
15.32317
15.34228
15.55007
16.07184
15.7759
14.91063
14.96909
14.9409
15.12086
15.57793
14.8119
15.04826
14.74394
15.30309
14.6149
13.2816
13.15182
13.50728
12.58447
12.85299
12.77788
13.04676
12.44397
12.07115
11.24798
12.42664
11.85988
11.61534
11.22154
11.66684
12.01442
12.36927
12.25902
12.21878
12.59693
11.84457
11.27925
10.98706
10.82736
10.82962
10.77979
11.78266
11.19572
10.89335
10.53644
10.64343
10.58526
10.49215
10.62053
11.16432
10.77031
11.04426
10.97356
10.81918
10.94403
11.0567
10.60471
10.15229
10.17203
10.26737
10.97044
10.86958
11.53036
11.79736
11.37876
10.92976
10.9348
10.8119
10.41476
10.44566
10.61289
9.96672
10.39807
10.1885
10.16831
10.13362
9.752866
10.16165
10.24946
10.0861
9.952683
10.41953
10.17489
10.33378
10.07526
10.53151
9.767954
10.09682
10.0342
9.824801
9.894226
9.495689
9.064752
9.208708
9.634929
9.743946
9.989538
10.1002
10.01158
10.30727
10.80007
10.32135
10.03854
10.66928
10.09296
9.738518
9.450542
9.803741
10.59513
11.24011
10.67143
9.830486
9.555839
9.651747
9.331049
9.309267
9.169042
9.433318
9.110372
9.151383
9.410489
10.19233
10.19559
10.29467
9.933104
9.601687
10.59037
10.31809
9.88895
9.595363
9.837951
9.910969
9.76892
10.1211
10.008
9.690848
9.780399
10.13991
10.91867
11.27347
10.95898
10.81245
10.11117
10.38921
10.78751
10.67104
10.38108
10.98652
11.57652
11.79514
11.95733
11.96846
12.15363
11.52883
11.77165
12.14213
12.27136
13.06356
12.27426
12.14496
12.63843
12.56557
12.86039
12.12296
12.41123
12.35178
12.33062
12.29019
12.23865
11.83471
11.60037
11.58702
11.46503
11.54559
11.09154
11.46754
11.10447
11.1281
10.59073
9.902398
10.21436
9.863926
9.94643
8.844687
8.671659
8.436382
8.804254
8.718753
8.547401
8.85614
9.223856
9.592197
9.890018
9.170555
9.183923
9.487147
9.38649
9.111544
9.352603
9.774613
9.166275
9.051782
9.049456
9.186733
9.276966
9.707021
9.299808
9.335274
9.575228
9.121035
8.624638
9.079063
9.025154
9.597086
9.107947
9.03273
9.220111
8.699242
8.79429
9.011478
9.102204
9.235056
9.163428
8.845589
8.343188
8.563476
8.546657
8.471363
8.704204
8.768822
8.261067
7.914803
8.297989
8.640305
8.909834
9.011497
8.870904
9.028507
8.859722
8.172025
8.479534
8.462123
8.546373
8.429005
8.562835
8.719412
8.219644
7.997095
7.819886
7.480293
7.227786
6.944229
7.31621
7.007113
6.789801
6.583771
6.352702
6.409707
6.234983
6.600594
6.706289
6.450133
6.417768
6.832567
6.906269
7.119029
6.721301
6.530885
7.037607
7.198769
7.272729
6.995862
6.599262
7.285295
7.322716
7.199417
6.980114
6.902877
6.900867
6.829123
6.44889
6.468431
6.772615
6.628331
6.410464
6.131933
6.498395
6.444549
6.655407
6.735927
6.722678
6.488212
6.365483
6.475071
6.424226
6.560402
6.808793
6.657503
6.836577
6.699306
6.636464
6.328425
6.193391
5.827997
6.103458
5.854297
5.753045
5.715508
5.501641
5.399073
5.640489
5.589103
5.675032
5.550982
5.745417
6.070617
6.042122
5.85464
6.13292
5.719162
5.752433
5.545398
5.505293
5.291578
5.395932
5.230281
5.34971
5.407078
5.457683
5.634575
5.898734
5.831924
5.964779
6.017781
6.061006
6.046727
6.125033
6.288087
6.457822
6.31494
6.211066
5.881203
5.946879
5.958242
5.938997
6.3375
6.456355
6.187693
6.132885
6.2414
6.112528
6.145734
6.108853
6.465728
6.54383
7.021842
7.092782
7.342881
7.569474
7.577225
7.613514
8.273498
8.394677
8.545238
8.749454
8.085262
8.474665
8.7235
8.453468
8.749223
8.869967
9.395246
9.982402
9.735196
9.653103
9.582338
9.818399
9.504076
9.268245
9.118087
8.562338
8.68966
8.704864
8.857204
8.72303
9.16195
9.522007
9.610555
9.45097
9.890997
9.900553
9.882395
10.08974
10.04874
10.51967
10.82102
10.50651
10.89263
10.6976
10.74432
10.43091
10.41003
10.20889
9.91352
9.934255
9.597111
9.876852
10.64676
11.15958
10.7455
10.84164
10.09221
9.486899
9.444665
9.622406
9.736344
9.98343
10.04913
10.06604
9.884498
9.481346
8.896864
9.063394
8.952022
8.875967
9.196882
9.486427
9.469088
8.955735
9.196728
9.119844
8.783089
8.749099
8.584002
8.474313
8.185553
8.378637
8.049722
8.603544
8.482622
7.993008
8.013445
7.657461
7.920852
8.286679
8.075996
8.011809
7.700705
8.27097
8.345064
8.165876
7.989567
8.442032
9.077604
9.084823
8.926782
9.117287
9.191361
9.599868
10.08336
10.03802
9.358422
9.072321
9.022132
9.587529
9.441385
9.677152
9.240101
8.949755
9.109521
9.433846
9.431447
10.2758
10.37781
10.34028
10.34085
10.2048
10.02466
10.25062
10.04692
9.803078
9.555586
9.250228
9.308509
9.314527
8.869641
8.636589
8.31745
8.514909
8.498193
8.662509
8.382444
8.454069
8.680968
8.628676
8.29331
8.342727
8.053592
7.660771
7.956917
7.790958
7.926728
7.563466
7.636702
7.343372
7.082392
6.975811
7.049909
6.978211
6.899591
6.894399
6.928314
6.974388
7.109415
7.363809
7.060021
7.519685
7.485351
7.230851
7.138527
7.267301
7.34433
6.988693
7.224931
7.478443
7.375018
7.058588
7.44585
6.959011
6.412204
6.033364
5.799936
5.83874
5.908396
5.967312
6.199435
6.490314
6.507609
6.642851
6.775327
7.0783
6.78978
6.767068
6.79228
6.700974
6.656134
6.852163
6.990106
7.095512
7.218646
7.232436
7.222775
7.293951
6.951029
6.621314
6.524973
6.971249
7.074822
7.02793
7.371965
7.167459
7.205198
7.246669
7.406065
7.31269
7.529969
8.188428
8.529901
7.92998
7.81325
7.579628
7.455605
7.37829
7.549244
7.980521
7.629733
7.135081
7.218492
6.580705
6.593453
6.455612
6.633784
6.594698
6.699492
6.534654
6.737306
6.451986
6.670598
6.117466
5.99307
5.917932
5.718583
5.612705
5.487094
5.470591
5.533846
5.717942
5.575886
5.830124
6.10318
6.150777
5.893739
6.046912
5.98888
6.088331
5.971763
5.935576
6.03592
6.338905
6.862386
6.913657
6.951736
6.944124
6.998581
6.855401
6.851108
7.02301
7.157163
6.72709
6.449232
6.36633
6.577003
6.659702
6.585356
6.602215
6.200014
6.357787
6.598547
6.654532
6.644288
7.143123
6.872558
7.073211
6.938038
6.698393
6.331512
6.097291
5.933068
5.792421
5.781472
5.8967
6.061309
6.569617
6.637791
6.57826
6.760342
6.737816
6.671789
6.92298
