203.5327
188.274
205.8488
184.9302
192.2362
179.5542
163.8459
168.166
175.0308
132.0072
136.8916
131.1771
142.6622
139.3516
148.4883
168.0723
173.7715
173.1041
141.5828
142.6075
141.3588
138.9442
127.7058
107.2833
99.89138
96.144
104.5924
117.0175
107.653
139.9869
132.1865
149.9735
142.891
156.5835
159.1458
155.2783
129.2835
105.8421
108.1496
113.9389
92.42071
94.5638
93.6387
84.06072
80.94173
84.65484
71.6128
76.13249
70.86159
68.54182
52.5767
45.51766
42.65829
49.22948
18.74741
24.49426
13.65344
16.4498
18.64403
48.46172
56.08667
73.12015
78.80269
95.49018
102.2833
108.3516
125.5466
113.5516
127.1208
117.4824
115.8873
119.8469
149.2038
156.5849
187.3562
163.172
155.0303
162.9421
165.8586
161.2447
150.6976
130.8938
124.0598
98.84056
96.15998
94.26416
97.68143
96.67096
76.28961
81.85528
88.33586
81.31866
71.12357
84.29284
93.33595
83.7371
87.43985
90.27839
108.3749
108.2313
115.1879
115.022
88.43881
85.99416
85.10709
51.2057
70.87285
63.03791
40.83845
41.96624
53.7382
64.06056
78.84991
86.17873
91.41212
70.78888
70.32175
71.54964
84.54512
84.84003
89.56133
108.7528
102.077
96.15583
89.25448
88.02557
64.71702
52.53691
68.99905
67.87901
81.46956
90.22332
95.20964
124.0148
129.3919
114.4924
136.8907
133.2145
136.2817
142.769
136.4742
154.2653
151.1495
168.0547
157.5393
154.8069
154.9081
157.0944
161.8565
158.2232
142.1202
157.1024
157.1437
145.2359
117.4119
118.6615
129.5363
102.9533
105.1963
121.4774
106.1738
110.4686
125.3761
117.2999
100.738
84.30995
82.44733
80.64315
63.97328
70.46989
63.23344
66.69659
50.59726
60.875
77.68927
76.70251
59.09662
54.66534
64.21943
99.04183
104.4958
111.2982
115.6395
125.9148
126.9379
129.3395
128.8364
153.3171
151.015
150.9195
152.7883
174.2846
191.9086
207.3751
214.2943
208.0387
191.4613
187.9262
187.5226
177.9886
168.367
137.3968
159.2343
160.659
186.1902
195.7723
200.3222
213.6933
214.9944
201.0465
207.232
224.6545
241.0057
235.3686
230.5899
242.6932
243.1921
238.8013
264.791
255.0765
237.5128
209.1812
243.2459
247.2035
260.3257
224.9444
252.9839
256.1109
244.3655
225.6156
213.648
234.0484
237.7217
254.159
260.3877
241.1495
248.2422
257.4922
225.3723
235.9648
224.2762
228.744
213.4178
221.9569
229.6238
234.5578
247.7446
250.2555
265.5805
282.5869
290.9315
301.6966
289.3264
285.4628
293.3926
319.0477
323.3622
325.0457
309.1653
287.7329
301.8475
294.9521
304.5163
294.5822
293.67
271.6897
300.0081
310.9405
306.3922
298.2726
300.4522
295.8281
318.327
297.6046
290.6622
285.4825
269.4143
270.7303
277.6922
272.0767
251.3111
280.63
277.9391
266.1096
240.9473
222.8942
204.4597
196.4824
184.4517
175.851
176.904
180.7214
186.101
189.3499
203.3833
189.6951
155.3961
144.6875
124.2917
128.0567
133.2037
124.9865
135.7821
153.0178
171.0996
180.1414
170.55
169.0607
168.0003
178.3397
164.3408
146.2532
146.4615
164.4464
169.98
202.9636
202.4564
199.3751
212.2175
237.8033
225.4447
206.629
194.2163
192.2073
195.5646
181.5495
190.3934
182.6866
181.7367
172.9597
145.0126
139.1794
158.3347
151.031
140.7584
143.9469
139.309
133.3557
132.3309
148.2124
155.647
143.3458
143.1271
124.2407
93.6323
94.46774
95.64399
85.09211
81.25579
87.70036
90.78346
99.46501
114.6893
106.1903
115.7947
101.8639
126.7697
121.7894
107.4777
119.9845
121.6954
148.825
154.3772
160.2136
177.8457
179.3829
160.113
164.5685
185.4793
205.9515
212.7443
217.1053
237.3652
242.0928
244.3005
245.4859
253.6383
256.3963
254.5675
263.741
279.0157
253.8614
281.439
266.9062
264.8962
286.9011
299.0681
284.5979
268.1452
292.3021
295.5182
309.4136
321.824
322.9911
307.788
311.9737
326.097
320.6943
307.3753
292.9797
280.4216
264.1836
264.4669
244.2096
240.7309
227.9805
244.1457
228.4048
242.3535
231.2507
245.0411
244.1569
266.351
287.982
291.6638
295.0411
297.8594
301.2475
297.54
287.4172
303.6195
300.9088
309.276
285.2237
298.6418
300.003
301.7934
300.2641
300.9862
308.1488
323.1809
308.2342
319.7831
327.4341
312.4944
300.2476
303.8622
306.6559
299.8431
308.0606
299.0015
293.3592
316.1339
331.9965
347.4103
350.0775
355.4741
358.7768
362.3322
325.7401
312.8372
294.9857
292.3843
276.7197
270.2197
270.6951
230.5182
226.1465
222.0809
208.5819
193.2744
171.4489
160.1914
153.7089
144.491
131.8237
123.1566
124.9982
120.9509
150.422
162.9126
163.4972
170.3556
163.2091
167.5412
178.9167
161.691
178.9031
183.7105
180.5231
169.2439
166.0071
170.9487
142.6976
132.4604
126.7002
114.4945
122.6917
114.3885
117.886
107.3442
116.191
93.5284
91.75119
87.67494
88.31136
109.1678
100.2884
111.7935
114.3124
108.0385
126.9597
100.8149
109.122
125.3928
144.3599
145.3385
137.1798
119.8981
121.3651
104.3015
112.2299
106.6798
108.4166
114.915
100.7308
85.39935
81.78674
100.5969
108.7872
96.70598
108.8261
122.7787
128.7267
123.11
126.1332
133.9609
147.7657
189.6649
173.899
183.5757
183.3921
175.9446
186.434
207.4914
194.5654
192.1789
184.3399
184.5982
182.1504
160.6456
144.2384
131.8506
123.0738
138.3184
165.849
187.192
184.2658
207.539
189.6151
204.9187
199.9325
199.4379
217.3439
223.6741
221.5091
223.9531
215.4023
206.4304
203.0546
203.0073
204.9695
206.987
209.1561
207.605
220.7853
203.5765
200.3059
219.0076
193.4317
197.4379
190.6702
213.804
204.2486
236.8938
231.3369
249.3915
250.9808
266.7832
265.4289
268.4474
290.9826
285.1442
271.3173
268.7924
261.6837
277.8248
282.6029
269.8991
274.0763
274.5178
253.1047
245.9026
266.3186
254.5491
234.6991
233.6765
230.9879
239.2065
243.0647
232.4731
243.3939
264.704
244.9281
249.1211
245.2171
246.3428
243.0238
247.6345
255.1729
255.7161
245.5013
234.7008
225.4557
219.5926
227.3708
221.3773
208.4146
212.3083
216.8001
210.3226
213.6778
231.1116
219.7569
222.044
217.4854
201.943
207.4431
207.7648
206.4494
201.8829
221.7178
216.8055
190.1842
196.7649
191.4018
158.775
151.0818
129.2831
124.4275
130.9008
133.0414
144.696
173.5848
186.0108
198.3231
231.0261
241.978
231.4118
230.6214
234.4342
241.6499
221.7185
211.2437
201.7411
199.2058
189.5266
203.215
199.8064
200.6993
186.4707
178.71
194.6067
187.9628
207.9186
214.6753
223.8942
211.2831
209.8992
208.5911
210.7578
226.4313
204.9177
214.0707
198.4412
208.6807
212.6203
213.6863
226.2564
239.4873
228.0968
230.9588
232.8163
233.5785
223.66
211.6384
218.5652
215.4616
204.8116
198.6678
181.1448
155.9388
160.9868
159.5171
116.8023
117.5722
133.7054
122.3121
123.9438
111.7034
105.3344
116.7554
113.0552
96.67674
98.67011
94.65197
88.98148
92.72107
80.65371
79.5776
74.31781
73.033
69.70847
70.71218
65.96628
91.03756
100.853
118.8994
98.5095
98.2346
110.8324
119.484
126.1706
120.8869
104.567
125.1425
114.1065
137.4754
154.9967
156.3155
140.3283
124.4447
123.441
105.1744
109.0462
125.069
130.8182
144.3238
129.3719
149.1801
140.8226
147.5838
126.1794
130.8776
134.2578
143.56
139.9931
128.8529
132.856
130.6305
146.9503
185.8197
168.5702
186.433
205.7479
210.3764
228.1247
205.968
189.5915
205.0584
196.2488
202.2287
174.0438
177.5357
177.0571
156.7057
144.6801
156.0767
149.8042
155.2779
182.8437
188.2917
205.548
189.6622
174.7814
175.3606
175.3312
187.9158
175.8544
192.4083
193.5717
195.5237
198.3058
216.9837
217.6225
221.437
239.0349
257.0896
269.9478
276.9677
301.8944
296.4295
288.8448
293.7216
263.5763
269.7245
252.6431
253.3769
261.976
257.7549
247.2324
245.4819
236.9827
223.7381
212.1539
222.8802
200.821
189.0749
190.4273
176.5802
159.5171
163.1371
152.5504
159.5257
171.6578
176.0977
195.3602
196.5789
195.0952
169.1643
160.3564
133.3917
133.3582
153.3961
175.9698
175.754
173.456
178.6524
188.9315
181.4152
177.4397
180.9802
183.5447
205.0973
204.4364
204.313
208.2899
237.2339
225.8044
232.1548
237.5446
243.1491
245.0483
250.7814
246.6886
210.9
215.3838
201.2415
180.3237
173.7717
186.746
177.488
160.7864
181.7955
145.5361
138.2686
135.9622
124.6745
108.387
95.56142
101.6015
86.72228
108.2363
98.9957
59.90264
59.70847
79.33263
79.72364
82.77685
65.41967
86.84431
93.48462
77.07079
58.42029
41.64104
44.63119
56.45917
50.42243
51.22594
72.97635
57.724
58.44202
50.42559
51.37691
39.09764
49.4589
50.80611
39.96444
25.07527
39.20804
67.13177
58.20981
48.47788
56.56142
60.70192
48.14208
50.05531
60.81656
75.32454
67.79304
84.24628
80.77714
86.82391
74.97562
70.81966
74.81628
78.72886
97.24588
124.746
137.4502
132.3273
141.024
145.8687
149.7273
164.6141
163.3001
183.2115
174.0799
183.3706
190.7969
187.588
217.3797
215.9233
225.4864
210.7687
207.9745
175.9073
167.2029
148.758
143.3613
139.3318
132.7774
127.9804
98.49607
105.843
101.0133
97.62696
93.51321
106.4506
116.0374
119.7573
136.3454
137.6807
146.5715
138.1137
133.8495
135.8742
159.6067
163.3917
171.5946
172.5719
157.8349
138.5012
141.4381
148.6111
143.4206
145.3926
159.7124
167.792
196.5067
208.7191
222.9484
242.748
253.8371
265.7982
260.8352
265.2244
282.0874
286.4451
271.3588
278.9986
277.7542
256.2296
255.3031
273.0993
277.644
295.1694
329.0574
313.585
292.2956
288.7016
278.7179
292.2699
300.1535
307.5975
287.7187
318.6589
294.5055
276.4688
262.7285
270.8654
281.1112
241.7444
225.4634
204.1805
203.2435
172.9139
182.8207
177.1351
181.0571
203.4402
204.9398
197.7998
218.0432
220.4466
223.2509
218.2878
214.555
226.8891
216.4189
206.8918
226.3086
204.756
213.0076
195.2273
192.2469
192.1511
202.4789
211.7732
212.3269
218.8012
217.7021
209.8582
211.3305
219.6482
226.975
221.9751
221.9332
221.3065
203.9927
207.176
185.4311
165.9433
166.0716
194.3905
170.7909
189.2861
191.7609
162.0025
146.7316
161.765
163.8151
166.4847
144.9847
147.2431
150.5286
164.0426
166.7804
180.5848
195.8068
209.3668
196.8633
213.038
209.7611
212.0034
202.7447
216.2722
214.0361
219.3843
249.8319
241.4975
229.1852
234.7248
233.725
242.0499
230.9018
237.0706
270.6778
255.1388
245.2121
269.445
280.4686
288.338
285.2518
312.1185
340.9617
334.4674
319.3222
338.5753
341.6047
326.2965
352.4205
354.0698
344.872
343.3686
343.5259
329.5137
344.1196
371.3898
368.598
361.7115
349.6201
334.8009
320.7289
315.2379
312.8242
301.2037
319.9754
304.7366
315.5052
299.2023
297.266
286.2763
275.0094
274.1221
284.4935
285.0427
285.4852
285.7444
260.7042
267.8115
269.4989
258.7508
255.4271
261.4649
253.0642
235.6975
217.9005
213.3012
199.6722
167.3396
180.3852
178.0122
172.8375
146.5594
122.0098
102.3163
113.1862
133.5668
113.7098
123.0556
116.1284
92.10215
106.4714
96.40222
116.6889
129.9337
118.654
128.4208
137.2534
144.6002
168.1535
171.5188
171.4644
170.8202
176.5377
155.6896
155.7679
152.1691
172.6756
180.7382
182.4999
186.1634
178.9972
190.2887
197.8495
205.7987
202.3081
195.1572
199.1753
215.8801
210.8528
204.676
204.925
172.7855
165.0822
176.7226
165.5283
149.5848
143.0043
153.0314
135.4492
123.7242
140.4897
139.8072
126.641
127.9896
140.1282
143.3359
107.8758
119.6241
93.2116
99.79858
122.9407
118.5832
103.2639
91.70108
102.3099
89.77572
66.50958
68.55321
65.70668
69.05573
61.14641
55.91404
29.27907
15.90654
-2.482619
14.02776
5.514723
18.79501
14.24286
31.2562
27.97784
54.86078
49.5756
55.25692
62.51318
57.33995
75.50689
76.39364
93.78935
82.28801
115.0842
132.0086
126.7971
143.3959
131.9537
141.1327
142.8629
147.3363
175.899
171.5991
176.1501
188.4731
193.4471
215.4112
216.6115
216.7094
235.1299
248.7969
267.5647
293.647
298.9654
284.5541
277.3543
264.1219
272.4238
270.5949
271.9136
298.1276
296.8012
299.0656
280.264
282.4637
274.1398
290.9395
313.2375
322.4713
325.2637
316.8929
313.3127
333.4611
324.7241
297.6809
299.42
309.2802
299.2875
304.1008
316.0838
330.802
320.6007
310.7104
292.3584
296.4372
315.9095
292.8569
312.9887
302.9486
302.1299
294.4451
290.2242
256.9531
244.5078
253.6659
254.6931
257.0871
250.7177
239.0403
246.0674
220.4572
197.2252
177.2669
185.0173
189.9272
209.5895
212.9502
230.8019
235.2429
216.9047
210.2851
211.7219
203.1469
206.2214
193.3744
196.6594
197.1071
190.015
177.8166
177.3033
188.7277
190.637
174.223
163.7911
158.2057
168.1162
162.6086
155.5642
157.7966
161.0483
150.28
129.3039
131.4335
116.2477
110.4532
94.60536
80.35109
84.48479
61.21819
44.47734
57.02676
73.65859
62.11707
70.06531
93.33141
70.38129
78.75242
83.75187
68.96913
81.7425
84.70616
94.59488
107.52
105.2653
98.40254
99.94147
95.87185
82.79972
98.38248
88.23283
87.02939
82.71873
110.5842
123.4605
125.4995
138.1191
153.7158
133.3939
146.4622
160.312
162.3103
152.5441
147.1517
180.9018
164.8984
158.909
181.9523
185.0721
190.9953
179.8695
192.2484
174.2886
170.7503
173.6244
178.9222
175.5469
156.6164
140.6012
181.8388
187.8746
166.4067
166.5013
176.0568
192.4137
193.0999
189.0959
190.5004
176.1224
160.8472
158.0901
141.6333
162.2989
166.0012
161.9509
145.8417
161.8252
161.4521
172.4068
194.9783
207.1186
192.5174
207.1539
205.2119
213.9627
208.8262
209.0957
224.5748
245.6854
239.1263
248.7749
247.2737
242.2689
244.7021
227.3946
217.8907
205.2446
199.3982
211.8205
211.9663
207.7889
219.1338
242.3715
247.4197
218.9552
226.3552
208.6389
195.932
189.3146
189.3181
184.6038
183.1601
195.6415
185.8091
170.0436
172.0204
188.4448
181.1552
186.4401
184.9746
194.65
172.0197
169.6336
148.266
152.3733
136.8879
123.4393
145.1609
158.3505
161.4817
184.2169
177.1484
160.9482
143.3448
136.4655
153.4075
142.7424
119.5106
107.3217
125.2577
162.8098
166.0186
184.8057
166.8541
154.7514
167.9608
131.9365
124.9142
129.3126
128.95
128.8377
122.1282
144.8997
137.3458
143.9975
135.5775
121.9574
127.9834
132.5589
113.8402
128.9405
123.0108
135.1166
121.074
129.076
135.7338
107.9013
116.2397
90.68817
94.68939
80.75691
54.43912
66.33439
61.79268
80.25846
119.2572
92.7226
110.1692
102.3828
107.4566
112.6775
111.366
115.5184
115.7923
133.8172
148.1012
128.7226
138.5576
137.3825
121.5421
104.4974
108.2898
107.7368
122.5733
120.7622
129.4784
137.2004
150.7426
142.6504
128.2871
124.9748
124.6585
136.7726
162.7045
162.5522
160.6535
147.7037
149.2496
161.287
167.9052
178.6481
174.7114
185.5011
191.1121
202.4239
203.7346
200.8948
213.0166
230.2629
205.5106
186.4854
196.1782
196.1409
178.8266
165.1821
160.6063
147.736
132.8294
137.9378
111.1244
103.0036
114.4346
151.0386
161.3971
167.0715
156.0573
151.1746
142.7869
155.455
186.3299
166.082
177.504
169.3762
158.8834
162.461
148.2056
141.1418
155.3565
158.1087
154.2345
154.5274
151.0626
169.2943
172.1868
180.6673
189.0672
189.1158
185.4107
220.4099
209.6904
229.3794
226.9621
235.0146
194.2884
195.5676
201.2797
189.7498
192.1173
204.1972
211.6578
183.4141
196.821
185.6605
201.2655
227.3298
212.5389
194.0958
196.2363
208.044
195.776
199.3565
220.4504
226.6184
232.5446
211.057
227.4488
237.8081
232.8359
222.68
222.7839
236.9476
234.4004
238.7545
226.1119
205.2887
187.3959
178.8449
164.4093
182.9211
200.7815
198.4788
185.8709
201.6924
200.7188
232.4958
215.2024
196.4676
192.7841
208.5367
227.7139
212.541
210.3832
191.9964
183.6288
202.8654
207.659
186.9966
190.3961
188.838
183.5439
186.7088
188.1647
176.0159
156.9868
142.3629
130.4707
144.7352
116.2273
101.2738
97.16094
88.55766
78.99262
75.37614
76.28032
76.7134
95.94091
95.87954
86.68419
86.11206
79.2574
87.64562
111.5082
98.08698
117.7558
118.4485
107.8273
91.98842
119.4057
131.9059
161.8204
175.3501
193.3588
204.0793
196.5547
208.6804
213.59
243.2191
