16017.29
15202.49
17549.05
18906.51
15063.88
16791.79
17796.98
15175.02
15869.52
15064.55
16276.49
16497.12
15363.97
16527.33
16343.41
16040.66
16235.17
17447.91
15910.2
17036.16
15304.1
17002.17
16784.41
16526.43
17074.36
15701.74
16965.04
17529.67
14270.03
18675.51
19876.11
17933.32
17222.76
15698.64
16035.71
15172.32
16895.44
18736.79
14942.57
16255.07
16790.85
16517.29
18065.99
15687.34
16703.49
17837.5
15011.07
16998.09
17286.85
18886.24
18662.86
15865.99
16512.89
17109.91
16527.77
15624.74
17443.61
17363.83
18890.07
16992.79
16426.75
16760.73
15688.35
18322.99
16935.16
14206.42
17624.67
16536.68
16040.3
16331.72
16103.89
17427.42
16398.17
16240.24
15644.73
15279.27
22971.02
16419.42
19367.24
16847.97
17181.42
16463.94
17468.7
18409.35
19281.37
18080.84
15545.21
17007.62
17869.79
17064.43
19484.47
16866.57
17877.76
17440.15
17451.87
17650.74
16479.53
15488.77
15025.05
17439.02
19515.04
17873.84
21037.91
15550.67
18155.06
16375.42
17730.57
17170.28
15747.27
17551.74
15618.62
18480.49
17473.84
18044.01
19948.02
16317.2
16364.38
18135.35
16333.72
18174.83
17466.15
16702.97
21151.41
17581.21
16341.05
18160.06
16919.83
18303.04
16514.98
15123.32
17393.63
16726.07
17041.31
16666.89
17930.98
17586.81
16945.21
18318.19
15221.91
18828.19
16063.87
16631.58
16943.84
15888.47
17222.54
16671.83
15911.75
19378.12
18121.04
19156.71
19151.35
16451.52
18599.04
15226.06
16322.4
17854.37
16826.03
15912.35
15649.1
17506.74
18375.72
16889.91
16068.69
18801.96
17069.88
18432.74
14476.59
20004.17
16804.92
15878.84
17818.06
20527.35
16221.64
18520.31
15124.03
16277.91
16837.64
17994.74
19887.1
17779.67
16260.73
16885.99
17419.52
18598.63
18388.1
18479.45
16956.2
17983.22
17509.91
18122.66
15751.94
20385.93
17153.73
18497.43
16728.04
18445.68
17468.12
15802.21
21281.22
17543.82
18512.47
17812.83
17216.48
19749.91
16255.89
17444.66
18745.21
18134.29
18907.39
16931
18670.04
18609.86
18055.86
17223.91
16454.43
17275.94
18973.31
19235.32
18692.77
18362.38
17169.72
19811.13
19504.92
19694.02
16976.32
18813.5
17248.96
19016.3
17778.62
16604.76
16658.82
18775.12
16389.29
17174.49
17921.83
17854.77
17024.49
18354.9
18565.92
15983.41
17625.9
16922.24
16764.49
16967.13
18207.14
16848.48
17547.31
18804.08
17189.84
16847.25
17717.57
17973.41
16680.44
15746.23
15743.19
17971.12
16841.51
17524.08
16555.86
16951.9
17772.29
16435.87
18133.12
18651.45
19116.9
17925.32
17417.4
20067.05
17986.82
17051.66
16968.08
17439.63
19397.47
17517.28
17522.32
18378.92
15259.67
16367.7
16541.27
16725.64
17520.5
17194.99
17360.36
18492.53
18494.16
17042.16
16452.28
16637.95
17644.8
16820.25
16135.12
18105.63
17642.56
18431.82
15614.71
20343.21
19524.76
16471.7
17029.2
16856.9
16793.69
16732.53
18107.27
16780.62
17298.3
15635.56
18304.46
18101.79
17506.03
18363.84
19802.95
17254.54
17200.15
17842.82
19269.38
18169.71
16698.37
18454.25
16907.68
18405.46
16498.01
20574.74
17652.02
17176.17
16175.8
17002.8
17702.14
19019.87
18844.87
17411.35
15611.47
16790.74
18405.94
17844.31
18470.49
15541.92
15797.88
16120.06
15332.06
16405.34
18723.9
15912.26
18116.35
16647.45
17413.86
17017
19086.42
17450.64
17035.23
17335.01
15819.18
18428.7
18803.05
16503.81
18282.41
17337.58
17815.41
18492.37
19476.41
17153.55
17636.26
18916.43
17413.13
17718.97
14750.37
15714.38
18152.66
17548.69
18952.86
16335.43
18131.33
16895.59
17118.09
17565.72
19304.61
19056.62
18683.76
17461.04
18576.59
15941.56
17573.84
18074.54
16948.35
16209.74
18391.1
19655.35
17424.86
15514.39
18637.41
18106.7
16166.08
17248.86
17880.9
17353.26
16742.77
18507.89
17945.26
19694.89
16905.4
17394.09
17401.29
18238.46
16477.19
17355.42
17817.04
18507.33
16650.05
15866.97
16490.12
18592.43
17274.53
18439.92
18330.1
17543.76
15610.14
16277.08
16675.93
17280.73
16143.43
17975.79
15357.19
16454.04
17035.02
20279.67
18346.58
16863.29
16230.48
17209.82
17019.49
17997.34
17112.67
17098.09
16604.2
15738.18
16652.26
18790.06
17362.75
18542.83
17836.02
16621.03
16183.14
16713.5
17209.68
19665.2
17690.77
18099.29
17491.65
15375.78
18063.63
17109.42
17050.99
17173.49
16376.76
18979.01
19392.16
19630.9
16341.27
15428.1
17993.92
16470.3
18931.96
16075.44
18555.58
17906.82
18148.91
18608.8
17275.56
16299.46
16880.38
18940.14
16349.09
15664.38
18003.83
16300.62
18090.02
18102.45
18055.56
17993.95
20492.48
17223.96
18232.59
16896.79
18124.57
19152.97
17965.4
18224.39
14544.85
17886.27
16946.49
17812.1
16113.69
19062.72
17066.9
16719.47
20404.55
16667.08
18033.64
15940.36
19295.83
17528.8
17984.25
15547.73
15164.04
15595.14
17055.62
16085.21
14275.91
17428.31
16297.38
17932.58
17203.98
19018.36
15650.99
18145.28
16323.75
17345.65
18187.16
18617.36
16961.42
17209
16687.37
17599.34
17659.1
18619.55
19049
16897.31
17083.88
18089.66
16582.38
15849.35
16354.38
17976.2
16681.21
16883.32
16999.2
17070.15
18901.09
17294.99
16863.8
16218.19
18955.06
18087.61
21664.84
17327.97
18043.54
15070.36
18357.79
19021.5
18519.19
16179
17920.29
19708.51
16507.87
18376.48
17889.13
15543.28
17287.61
17444.99
18050.39
17468.07
18037.06
16293.83
16618.41
19602.23
15954.85
17510.06
19310.37
19675.62
15173.72
16171.77
16187.86
16166.12
18175.85
16329.61
18396.24
17008.83
15940.96
17538.52
17534.52
17757.34
16916.59
17272.19
17294.01
17254.6
16538.08
18382.81
17626.65
16340.4
16673.78
18845.5
16642.86
16470.55
15586.51
20802.66
16946.28
16505.13
17159.25
20427.6
18739.74
17855.22
17947.21
18209.55
18032.96
16707.78
17351.8
18253.66
17277.35
16350.66
18516.21
15771.13
16702.64
16811.68
19422.86
17880.61
18002.79
19797.97
17306.55
16549.79
17441.9
16029.06
17267.81
16925.32
16762.17
17130.24
16433.52
18233.79
17166.38
19883.94
20108.54
17281.07
17093.99
17383.39
18028.02
16819.37
17404.49
17333.42
19034.69
15834.62
17447.81
15972.74
16259.26
16324.56
18025.49
16623.28
17861.01
17189.19
17091.01
17455.16
15441.92
15333.84
17431.9
18765.12
15508.18
19403.51
17446.67
17578.61
18181.69
18798.58
17424.38
18302.51
15386.57
15878.65
18280.66
16556.04
18282.59
17295.95
16805.22
15844.78
15974.31
16690.72
15634.42
17990.49
20075.23
16978.62
16810.55
17308.07
18176.5
15731.78
16548.43
16465.89
19227.69
16981.28
14854.69
15595.69
17900.09
18154.84
17589.3
15060.74
17592.41
18565.23
16122.85
18890.52
16915.14
16479.24
16815
18600.94
19913.2
16664.66
16510.87
17334.46
16301.58
15343.97
19452.03
18461.28
18423.61
16552.51
17743.49
18488.64
17004.58
16374.04
16840.42
18430.89
18592.94
15603.18
17834.33
19795.58
17146.42
17694.03
16380.66
17460.41
19344.82
17927.57
18145.59
16916.29
17247.32
17442.83
19191.22
18584.42
17443.22
17261.16
15580
17286.7
18856.74
20137.06
17191.28
17480.62
15427.86
18817.69
15628.66
18393.18
17863.96
18787.45
18624.1
17638.93
17694.2
16074.3
20692.15
19225.74
17044.97
17147.95
17551.49
18726.41
16754.14
16377.3
17169
18007.6
16938.41
16484.02
17407.56
16268.89
17169.7
16497.9
17553.87
18361.67
16671.8
17454.49
16496.13
16468.52
17517.84
16680.87
18092.95
18586.49
16538.37
18149.54
16351.93
17174.26
19070.1
18211.78
17407.72
18925.75
15928.1
19493.5
15982.23
17265.85
19271.1
18293.2
19233.05
16821.38
16392.59
19253.41
17719.51
17241.33
18714.44
18571.57
19181.04
16520.7
18265.18
19011.74
15593.54
18411.94
16277.64
17002.88
18022.38
16804.37
18307.72
17722.66
18726.2
21039.48
15966.68
18160.94
15607.7
18780.75
16479.75
16382.08
17622.06
17807.03
17215.87
17824.12
18282.64
19131.06
17717.01
18824.37
16931.93
18110.94
19117.7
18383.18
19790.47
14930.14
18720.65
16256.78
18153.55
17026.94
17420.95
17593.49
18206.7
17496.62
18798.07
16884.67
16347.29
17287.82
16334.91
18906.67
17688.93
16404.45
17480.71
19941.44
15742.35
16768.19
20634.51
16805.19
19825.48
17047.1
16175.35
16801.16
17002.7
16066.21
18262.47
16737.05
15977.19
17685.48
15532.04
17146.75
15620.54
16059.25
16570.9
17626.84
17500
15555.58
18199.11
16524.51
16541.53
17056.77
17749.71
17931.03
16033.4
16713.43
19016.67
18736.81
19262.29
17180.16
17525.99
16900.21
19409.34
19229.28
19212.54
17312.31
17160.41
18684.06
19344.3
20184.08
16931.18
19266.09
16145.55
18404.41
18369.76
16357.48
16670.13
18439.75
17287.25
16321.99
16821.08
15602.29
18514.65
17779.13
18476.04
17739.98
17712.77
17856.57
17024.88
16167.12
16372.65
18138.75
15304.83
18529.86
17490.32
15651.53
18153.24
16411.1
17413.97
16577.32
17002.92
17566.99
18375.73
16520.98
17374.41
17743.93
16008.9
18684.91
14698.77
19147.58
20145.68
16050.12
18798.01
16516.56
15870.05
20945.72
17629.88
17799.48
15694.34
19412.16
16155.96
17262.66
15563.61
16638.85
18199.45
15833.25
16386.75
17434.78
16232.34
17900.22
15940.91
17932.52
16852.17
18888.21
18253.69
16230.83
17388.87
17678.38
16886.54
19206.86
17436.75
20128.75
19645.67
17841.93
19279.67
17938.88
18083.43
17280.22
18787.63
16470.79
19138.13
17248.86
19494.98
17771.32
15423.96
16818.05
18222.32
17140.81
17482.63
18335.33
17258.62
16279.19
19382.38
16389.76
18251.67
17474.65
18415.64
18119.53
18357.01
16084.73
19137.53
18213.33
16887.35
15098.12
18724.96
19155.04
19449.24
16372.6
19135.09
19066.4
18103.18
16057.77
19323.83
16745.8
16458.4
16667.26
18312.37
19086.07
14819.16
19475.83
17473.53
16323.31
16820.22
19698.69
19049.57
15410.08
18511.06
19522.19
17449.85
18683.13
17208.65
17186.36
19733.21
17582.13
17028.71
16787.36
16788.94
16950.29
17265.37
17548.83
15221.61
17529.64
18279.24
18216.79
16748.36
18016.05
17256.92
17906.59
18497.23
16712.51
16961.9
18561.53
19487.32
17033.09
17251.76
17580.04
17623.2
18517.93
16591.77
18755.65
21234.4
19052.42
16484.69
18427.13
18777.78
18647.49
17194.61
17168.59
19736.97
18711.6
19085.87
18222.97
17371.54
18546.04
18123.91
18515.96
17893.1
17909.94
20579.79
17004.56
20504.79
19566.1
17967.77
18642.83
18812.85
18920.45
18107.54
18436.36
15186.28
18487.92
17696.45
17826.17
18498.93
17421.98
17916.19
18072.18
17882.83
17633.39
16835.7
19959.04
17935.28
16695.62
17464.71
16080.58
22001.63
17181.23
19240.9
19181.7
17435.89
19043.64
19042.4
17777.47
17010.6
20136.74
19408.93
17842.56
19333.54
18465.46
18222.53
17650.79
17990.18
18502.5
17380.01
16136.31
17978.05
16695.91
17373.8
19537.06
16499.48
16025.13
16737.75
17280.78
19239.34
20044.97
17289.42
16710.53
18784.09
18212
15971.28
18936.67
18410.14
17238.02
20529.48
16589.06
19432.35
18688.05
18206.95
19175.81
20772.34
18943.06
18079.14
18465.97
17216.42
17014.16
15898.48
18567.15
17926.85
17267.01
17841.39
19289.11
17096.17
17227.74
18488.24
16951.11
15914.86
15972.74
17654.73
18796.37
17379.34
18184.11
17828.29
17691.74
16390.78
20764.4
19765.06
15183.22
17049.78
20097.2
17252.01
16276.37
16477.94
19681.71
18246.21
18035.84
17024.67
17072.48
17958.19
18278.12
18412.89
18099.67
17006.33
18549.85
17389
18417.35
18827
17847.68
18822.01
19924.42
17248.89
16957.36
19519.66
18634.98
18185.37
18426.03
17536.55
18570.02
16356.56
19906.04
17071.03
18014.9
17969.08
18718.09
15686.93
16479.37
17742.17
16999.77
18617.41
17157.72
19099.4
16628.51
18770.19
16629.62
16856.14
17287.96
18340.42
20520.68
19063.05
17579.15
18636.44
17639.63
18128.45
20011.36
17509.09
16552.95
18146.11
19253.3
18522.79
18964.22
18093.51
18001.1
19814.16
19834.65
18779.39
19254.11
17624.21
21050.52
17233.27
17761.94
17235.31
17632.25
17159.64
17654.87
16034.58
16514.64
17872.51
17680.13
19699.39
14977.94
19062.51
16931.28
16610.63
15603.21
17983.97
17218.36
17410.4
20144.04
17869.45
19592.63
19785.99
17902.23
19850.65
20342.06
19191.05
19092.11
19119.57
17914.88
19305.98
19455.13
16950.9
19805.82
19078.63
16847.27
16828.15
18383.66
19149.97
17585.51
19534.22
18435.37
17802.76
18036.05
19842.03
18243.41
16593.74
16705.42
19904.15
18944.57
18733.65
19089.59
16868
18557.42
16783.93
20127.29
19098.65
16116.03
17022.33
19471.08
17902.78
18555.56
17563.78
20352.07
17865.81
19305.13
16960.8
17647.39
18494.7
16986.31
16405.02
18212.13
21331.2
19656.56
19186.56
17128.57
19574.53
17128.46
19109.54
16200.16
19051.57
16197.2
17022.89
17561.95
20243.22
18207.26
22838.06
18564.29
17803.4
19215.95
17156.96
15628.34
19078.07
18235.28
18249.24
20025.4
17561.89
17856.84
16376.04
17793.29
17461.38
17217.2
18562.95
19528.38
19437.62
20131.71
17285.73
18978.41
17073.62
18913.68
17336.26
19598.31
16972.36
15847.09
19511.75
19704.07
18294.37
16559.68
18460.15
18316.61
14871.57
20788.57
16384.18
18533.53
20613.06
17683.69
15966.93
17587.97
17856.56
16813.58
19328.33
17255.03
18129.98
17314.66
17121.59
18869.59
18384.6
17745.06
18772.09
16378.39
18892.31
20001.06
19360.88
18133.55
18739.39
19313.22
17341.69
18720.18
18094.84
19226.94
16513.64
18241.99
15469.45
17934.12
16394.66
16463.26
17576.23
17912.87
16176.88
16480.66
18693.01
19184.8
16690.31
16048.91
16649.49
16738.14
18653.45
18115.07
18821.88
15966.46
16547.19
17079.61
17478.05
17505.49
17253.18
17131.47
18623.3
17669.02
15101.15
16952.13
15871.47
16244.22
17634.91
16379.69
17137.18
17123.24
17876.81
17395.13
18516.05
16481.78
19012.28
17930.63
18626.25
18480.49
18931.06
17597.22
18532.22
16252.2
17961.37
18018.04
21035.44
18698.69
17994.4
17210.71
18804.98
17240.6
16847.41
17946.51
17265.65
19400.95
19784.56
17667.29
17015.33
16178.23
17071.01
17014.03
16181.95
16494.57
19901.33
19259.55
18601
19136.39
19734.93
16744.09
16806.69
17464.98
16504.78
15313.64
17367.95
18105.82
18143.78
19196.2
16068.75
17255.75
20629.46
16993.43
18757.38
19013.1
17648.94
17096.87
18557.73
18427.58
19993.4
17815.84
19681.35
17152.65
20097.08
17409.36
16128.22
18594.13
18548.96
17375.97
18698.94
18188.15
17811.73
18610.56
16406.48
18308.67
19171.99
17209.47
15426.73
15880.05
15512.73
15680.19
18692.4
18916.15
18064.83
16891.92
16714.25
17402.77
16877.6
19287.38
17147.56
18727.92
18035.02
17490.94
17820.38
18306.08
18205.49
17431.76
20317.07
21052.93
17833.87
19568.79
18198.87
19964.12
18857.38
16336.76
16859.28
19477.47
19117.19
18111.91
17145.65
18023.02
18096.34
18143.94
18556.35
17711.82
20594.88
19568.61
18661.15
17557.65
17600.54
19775.78
18605.78
15138.23
17789.4
18136.94
19897.94
17493.99
18361.65
17457.66
17925.86
15461.92
18069.2
20772.28
18852.16
22044.15
18269.08
17994.13
19182.51
17951.03
19127.43
17202.07
17836.75
17677.54
18053.79
19027.66
18746.22
16430.25
18969
16523.09
16408.88
18306.45
20074.71
17650.5
16894.1
17840.04
19073.41
17790.01
17083.73
18293.3
19002.65
19284.28
19014.23
18696.75
18962.95
17768.64
19160.22
17572.55
18324.93
20040.6
17736.69
17934.06
16278.12
17299.27
17425.91
19967.22
16393.16
19467.48
16786.81
19035.47
18061.32
19058.56
16934.83
17534.7
16283.87
19775.61
16428.82
16530.05
20431.16
17298.54
18116.02
17961.15
18037.37
17639.38
18684.58
20781.1
16394.19
18648.55
16815.69
18973.35
19683.78
17890.24
19941.8
20025.2
17280.15
17324.56
18921.59
18159.03
17948.52
18704.9
16188.3
18510.6
16251.69
17247.3
18584.02
17922.01
17043.57
18738.98
21249.96
17313.72
18638.05
19093.15
16374.48
17168.62
17366.97
19868.22
17330.05
16145.03
17092.46
18937.51
17636.39
18070.96
18761.6
19551.81
20041.39
16837.4
17241.58
20215.39
17219.44
18732.8
18054.42
20245.75
17759.86
17010.69
17147.7
17083.99
16524.78
19250.77
