31.46746
38.7805
44.08846
49.32623
39.42092
34.71202
34.14463
31.20081
24.71218
30.401
34.429
31.9077
22.29473
22.54384
23.31409
26.07856
29.14665
24.87033
23.35843
29.31877
25.13042
27.43987
31.29968
26.66498
26.58938
21.43623
22.71951
18.31206
24.74326
24.41466
47.08133
44.82107
44.59309
55.86974
63.88958
69.0358
42.27483
36.45689
28.12106
36.47872
38.13453
42.33764
48.57406
54.7252
53.62702
57.38741
41.22646
36.06336
28.47202
28.07654
25.58056
23.45556
28.20718
34.83812
50.79436
39.69927
39.41924
45.62556
35.65151
51.45008
48.60888
52.62844
48.63421
45.28813
45.49484
40.15952
39.64215
38.38753
30.97568
39.56979
36.87022
46.98698
44.09662
37.11932
53.10956
82.7605
73.81595
54.39303
39.45395
51.51153
52.59581
41.0652
27.61197
22.99944
23.0602
34.34974
35.29509
36.56238
29.94056
37.01409
42.54033
46.35063
41.75225
34.50655
20.05746
31.70129
34.88318
28.13028
23.75029
28.22669
36.04596
44.01949
34.95116
25.21282
32.70039
28.11241
37.03006
41.8289
38.27291
39.57287
39.68766
36.38432
33.06663
34.9601
38.60173
41.29794
52.55335
44.94231
44.98922
39.99897
40.3634
37.91462
41.8598
36.38599
35.84663
34.87994
32.68168
27.66952
22.19443
25.91799
27.73837
30.06715
37.71765
51.74003
40.86966
34.18814
37.27965
41.5626
46.63966
33.87878
35.95097
51.05416
61.76755
42.16106
52.59494
39.8887
60.90682
54.0406
51.21763
33.98057
23.81744
30.10966
36.17187
49.0588
44.29398
34.73566
36.20038
32.97532
48.60366
42.50341
35.17834
26.85596
24.55946
27.77326
16.01844
14.7526
20.34833
18.75183
21.66591
24.98521
31.89293
29.49396
36.13388
45.15084
43.54515
47.9058
68.98599
64.92743
62.4855
67.88743
37.59125
33.62038
34.20374
51.24329
35.65476
25.21532
28.25683
40.01528
31.35135
28.46574
24.87028
22.96351
21.10857
31.4979
25.10078
26.06546
27.90927
31.97506
32.27965
32.68829
30.71616
32.53783
34.63821
35.62179
41.55967
61.9158
57.82443
56.4154
43.21746
48.77967
38.70497
45.92233
50.82362
42.3847
39.85134
43.35286
48.63735
45.75537
41.59273
38.98266
46.50883
43.66114
41.78061
47.3665
46.94645
38.83739
32.68377
50.31856
49.38551
39.52531
38.00418
38.86229
44.39812
57.69403
59.87568
46.96359
54.078
46.21531
38.38812
38.32549
49.61612
65.89723
66.92555
89.24261
74.28997
74.64639
61.15836
62.50597
40.4955
32.25984
26.47915
28.48108
24.89804
25.76279
33.58019
19.78677
22.94066
35.94587
30.55172
30.89993
35.99528
31.94773
42.29474
45.50302
37.09963
32.95723
51.74689
65.59797
48.98042
39.71233
45.65268
37.42189
45.52856
44.35166
46.14964
43.27479
39.36619
29.81173
25.89258
25.64328
30.46744
44.9694
37.60183
34.398
39.83317
31.7004
24.12011
28.8917
28.94703
32.00566
38.83253
40.29035
30.66827
29.99915
29.97664
35.40614
38.28997
34.76608
37.55465
52.90981
52.35387
36.30527
53.58726
40.58319
56.43341
47.30058
52.20955
56.63989
41.07071
37.01544
31.563
33.7103
35.28933
41.4342
44.52608
58.04774
47.77429
52.83768
52.41935
41.93717
42.10219
34.22503
44.17596
34.72126
34.42649
24.9956
22.03632
22.88104
37.74548
39.40214
42.13455
32.76636
39.19086
38.18139
37.24954
34.78062
41.63768
29.29408
29.06293
30.09833
22.12934
31.94675
39.77701
38.99913
57.56451
63.58788
50.99926
39.24397
53.94294
48.26479
52.0629
52.4892
46.81471
68.20829
51.29711
39.81833
52.40505
39.26023
31.2237
30.15087
41.84234
56.09518
63.93124
58.93651
49.14039
51.68994
54.97009
43.58854
53.32697
64.13194
52.33844
44.69672
56.61696
53.62534
57.37475
61.51941
67.17872
59.72404
44.97325
36.98374
33.61192
33.87514
40.3988
55.05979
63.67204
48.57129
54.8998
53.07025
34.01144
36.87176
47.82411
50.0739
41.49877
40.09576
35.22226
34.89506
43.13256
41.54362
40.83183
44.01799
51.85523
57.63408
62.16946
54.71582
54.86343
44.26385
48.21981
55.37764
57.67311
36.64342
44.89876
41.18619
41.73622
36.8964
44.03493
32.51037
31.28783
26.71433
24.28827
28.6748
33.01224
39.71329
37.90403
33.72213
54.10657
45.12393
61.40892
57.47973
43.10764
24.20405
25.64062
34.6742
38.25863
34.5275
36.38814
41.29089
33.41028
27.64679
31.04964
33.05843
38.36494
33.16162
27.08801
29.61951
31.36727
33.58863
40.08871
36.59186
50.74102
40.90323
37.30535
34.77598
44.84551
40.96656
53.04549
45.71428
54.31884
42.37906
30.01308
27.01672
35.98674
30.50591
32.07368
31.60224
38.3565
43.37434
55.06878
50.22291
50.8837
28.3406
35.29086
43.78212
44.596
34.28313
47.5459
52.70569
48.74924
40.93486
36.02143
49.55716
51.08969
51.06673
64.74884
51.6756
46.20376
37.65857
30.4926
26.99342
38.44516
36.30922
39.39145
38.01208
34.72094
32.1287
42.05096
32.55939
31.98658
34.08423
32.51572
35.4443
40.38327
44.31825
44.68813
50.16862
49.2819
36.62199
34.27837
35.16276
35.24025
26.84909
39.53855
47.63968
47.65853
42.23877
34.48024
30.30768
33.16901
42.85588
56.01419
40.09919
31.39077
55.1805
39.46267
34.53312
37.61772
36.22511
52.04319
64.4364
62.4031
58.34892
54.34019
43.71897
38.09422
38.2768
29.73852
26.97629
22.76228
20.6733
21.8083
33.6527
31.29757
28.91357
26.2693
33.85628
34.37862
43.3327
38.4197
36.67054
37.26698
39.91012
34.5418
34.01944
33.3886
31.57926
33.3543
40.13621
43.9686
37.24595
29.41664
35.00633
45.86523
40.90177
45.28398
33.6856
34.32909
29.04423
44.62624
37.02086
39.82582
31.91319
30.2035
30.63827
29.26612
32.30116
38.907
38.95274
44.00137
36.53899
49.20152
49.75379
52.3926
47.54663
41.89036
34.24829
40.57718
36.48644
31.78658
34.27831
45.80298
49.77649
49.77513
55.47125
55.31302
47.17306
47.955
43.38796
49.20848
60.64435
59.27341
50.9964
46.71573
54.16472
53.86453
46.73731
55.38425
47.68746
69.92945
58.32389
44.46811
39.42567
33.0642
32.46062
32.86723
40.2009
42.36119
42.10658
39.69733
42.8496
43.4092
42.69871
43.6763
34.6248
40.49158
46.9754
29.77845
34.76566
34.1618
32.57397
29.39581
31.51479
33.50889
36.98358
37.95422
31.90255
42.53889
43.70489
36.72933
28.92716
30.55441
28.33577
27.0273
29.74155
37.1226
54.92826
49.24241
53.47882
50.70817
46.56235
71.80418
50.64885
41.40286
35.04211
38.09646
37.91544
38.29529
48.55164
32.54833
30.37604
28.46189
27.07224
31.75648
36.36125
33.04322
33.30021
33.03397
32.32704
38.57362
44.81151
49.40451
53.79296
34.10023
42.14639
51.22028
52.57747
59.7814
56.85169
44.78801
37.55614
47.19184
36.32533
40.013
35.78878
38.26682
44.39807
44.76508
52.41968
48.20171
68.50839
45.89421
69.23218
59.67891
80.19737
39.44857
42.65316
28.8145
47.48513
40.84365
42.97094
39.09269
39.41428
38.79334
33.61726
42.5023
57.0071
50.52035
46.59152
70.53674
76.76097
46.15947
45.59347
41.80442
30.26112
24.32514
29.62951
33.5828
35.57868
36.34208
28.97253
32.95461
38.26915
37.69406
34.57719
32.06542
32.56087
48.94464
30.67607
38.44452
41.44475
45.61091
44.31403
35.25907
54.12211
73.8517
78.31848
61.38937
55.04933
64.03112
52.86013
55.5748
47.56585
39.25843
31.41223
30.87718
36.59522
35.43741
38.33027
44.39926
52.49348
41.14876
31.76514
35.54199
26.52633
32.3005
43.10168
47.4106
30.91136
38.20861
42.73885
41.94787
44.19944
40.79169
35.13643
37.24112
42.95389
45.88474
40.45589
48.39736
60.87347
44.06499
46.55872
37.02521
42.4624
38.09369
45.98438
47.60848
35.95784
27.4342
26.14375
29.47456
47.76957
42.96945
43.55553
57.21084
59.87158
51.53395
65.85436
42.39015
39.91855
29.17948
29.78059
26.36664
27.88324
23.04628
25.88858
32.42064
27.07944
29.13422
28.99202
40.07057
30.13855
36.4587
38.61254
42.48036
35.75277
41.04883
43.46545
34.06683
41.64076
33.14575
38.95177
40.42159
39.65029
42.92101
41.06834
32.53625
33.09886
34.07576
28.97949
28.26894
32.45761
44.57482
40.25915
47.31445
47.11895
44.14666
43.58455
41.13779
45.5778
41.60571
39.61368
51.96128
51.14996
68.75227
66.66337
46.95011
42.02611
40.08186
36.82426
44.94543
47.48951
33.63348
40.24169
31.12784
31.78243
28.36151
42.93188
40.56057
48.85628
45.17413
43.93348
40.92718
37.36678
31.764
33.77639
34.50685
32.78565
38.03566
28.34808
37.09936
41.17472
52.08836
61.5632
61.28084
56.16211
62.61964
45.5988
45.3641
53.1117
36.26813
37.67069
33.30662
30.93135
22.39087
25.84246
29.38091
24.07297
23.95929
29.54356
32.44559
45.10242
37.02416
38.53863
44.61732
43.38842
45.39768
31.21655
18.08224
17.96752
17.1882
20.82926
23.4901
23.92547
23.88776
24.66351
32.62332
28.86807
33.4639
38.7513
46.82514
57.37885
48.6718
51.19556
44.78301
51.04265
42.95194
41.52183
40.49604
40.66255
31.85225
30.57093
31.62995
22.93884
29.69533
36.58504
33.11125
41.41694
29.52572
38.5072
39.97983
46.88433
49.86763
49.98143
40.85088
40.77112
45.28731
43.65658
48.97704
37.71082
34.04924
41.59726
32.90424
37.32889
39.31033
42.66756
45.88157
40.92642
24.88063
34.26077
30.75706
32.88068
27.00068
23.79524
31.04449
29.35741
38.41636
34.39533
34.75897
33.67701
30.46589
23.69712
22.09768
17.16374
21.0755
33.5643
35.76042
43.91893
36.4856
38.46351
35.93812
41.36369
41.53361
50.36186
40.06083
41.0786
55.0817
40.87977
37.7394
40.77701
62.78027
48.75152
45.50232
57.79273
66.85539
65.90547
75.19078
64.90848
76.85318
57.55294
57.10981
53.94066
52.90838
37.99593
43.54374
55.18852
49.57189
43.48095
37.03371
39.9875
49.19783
50.79988
46.3577
34.32409
33.75845
32.92295
51.07776
59.86578
59.53094
42.61713
52.00984
48.63519
