0.01913555
0.01730045
0.01789992
0.01578954
0.01680886
0.01774643
0.01805169
0.0195569
0.01951199
0.01915966
0.0188134
0.01568287
0.01526519
0.01395256
0.01306848
0.01426285
0.01314857
0.01573072
0.01531394
0.01554931
0.01444844
0.01257942
0.01337256
0.01493087
0.01562717
0.01722225
0.01627055
0.01778367
0.01855094
0.01752288
0.01774576
0.01749333
0.0163999
0.01670989
0.01583414
0.01754166
0.01749321
0.01888815
0.01961943
0.01820161
0.01913203
0.01805732
0.0154979
0.01714963
0.01725006
0.01491989
0.01598328
0.01556832
0.01546306
0.01680862
0.01676401
0.01750616
0.02129465
0.01856465
0.02080668
0.02535371
0.02871777
0.02801075
0.03064955
0.02889984
0.02852761
0.02763862
0.02998546
0.02711652
0.02528333
0.0239222
0.0282709
0.02689725
0.0234635
0.02303033
0.0234423
0.0236261
0.02522862
0.02332324
0.02681859
0.02593419
0.02735189
0.03107023
0.02894051
0.02601753
0.02329118
0.02358717
0.02451942
0.02445403
0.02494465
0.02619177
0.02556312
0.02589238
0.02565844
0.02521352
0.0256194
0.02588016
0.02453668
0.02926097
0.02413204
0.02279179
0.02151547
0.02294781
0.02080855
0.02588395
0.02483915
0.0238953
0.02336212
0.02232711
0.02304545
0.02592177
0.0248743
0.02603039
0.02576581
0.02450111
0.02524705
0.02515529
0.0247238
0.02205679
0.02283919
0.02323972
0.02150917
0.02415194
0.02516448
0.02397452
0.02436356
0.02701911
0.02732002
0.02872839
0.02900362
0.02836764
0.0293259
0.03221892
0.03269229
0.03038334
0.03228913
0.02994916
0.03736601
0.03583396
0.0290972
0.0272567
0.02586412
0.02664452
0.0268271
0.02795538
0.02924849
0.03127261
0.02914945
0.02863372
0.02698067
0.03059036
0.02855506
0.02833261
0.03227537
0.02865408
0.02866295
0.03181236
0.03016673
0.02946826
0.02974413
0.03133243
0.02822331
0.02630702
0.02606265
0.02856672
0.02733112
0.0245307
0.0272948
0.03141672
0.03015869
0.02985381
0.02949821
0.02928489
0.03019352
0.03202936
0.03120594
0.03359139
0.03479182
0.03366525
0.03475853
0.04308356
0.04230607
0.04395016
0.04178088
0.04170516
0.03549396
0.0304578
0.02926422
0.02900704
0.03076178
0.02995128
0.02713606
0.02787908
0.02747174
0.02790179
0.03034868
0.03365545
0.03142989
0.03349339
0.03537723
0.0355807
0.03551884
0.03551309
0.03986885
0.04075495
0.03568802
0.02929298
0.03004191
0.03094658
0.03217306
0.02923139
0.02462666
0.02604957
0.02496233
0.02789216
0.02466594
0.0249626
0.02466069
0.02530608
0.02823564
0.03002138
0.0302453
0.03143354
0.03495938
0.03764666
0.03407312
0.03301837
0.03175215
0.03309156
0.02770395
0.02940884
0.02929316
0.02920282
0.03298456
0.02805195
0.02750127
0.02782949
0.02816346
0.02857644
0.02759227
0.0303187
0.02693733
0.02748224
0.02777519
0.03140868
0.03429273
0.03070321
0.0299095
0.03272254
0.02964257
0.02976293
0.03186931
0.03263883
0.03578149
0.04234245
0.03975383
0.03929191
0.03592503
0.03134449
0.02661461
0.02653352
0.02627445
0.0240589
0.02235445
0.02187077
0.02049079
0.02221847
0.0246852
0.02774875
0.02692307
0.02798584
0.02774755
0.02454381
0.0223988
0.02246651
0.02442418
0.02102769
0.02054574
0.02170162
0.01900448
0.02138431
0.02415115
0.02490452
0.02791981
0.0249476
0.02386571
0.02723185
0.02587561
0.02625887
0.02801573
0.02675229
0.02854139
0.02943743
0.02813932
0.02810495
0.02876012
0.02934276
0.0311766
0.03398704
0.0310623
0.03305187
0.03837234
0.03758652
0.03281516
0.03609407
0.03905812
0.03663377
0.03568494
0.03183369
0.03455635
0.03309637
0.03038533
0.03305004
0.03220379
0.03543209
0.03395733
0.0335719
0.03233795
0.03243159
0.02856733
0.03386296
0.03138872
0.03390831
0.03531599
0.03192858
0.02779823
0.02940018
0.02672008
0.02894494
0.02546305
0.0251783
0.02592939
0.02645333
0.02838006
0.03028603
0.02772686
0.02762591
0.02474584
0.02393386
0.02789407
0.02720915
0.02870235
0.02678028
0.02669172
0.02994223
0.03277655
0.02701537
0.02546174
0.02986389
0.03282143
0.02691475
0.02418538
0.02473892
0.0233571
0.02223514
0.02506699
0.02816469
0.02829139
0.02691096
0.02958302
0.02879485
0.03090286
0.02911788
0.02599646
0.02565789
0.02407234
0.02217508
0.02308416
0.021946
0.02489315
0.03096861
0.02921553
0.0317538
0.03573889
0.0373605
0.03213208
0.03080687
0.03124684
0.03058398
0.03599997
0.03830851
0.03479498
0.03236695
0.03184032
0.032875
0.03365545
0.03207866
0.02581013
0.02450998
0.02657495
0.02349021
0.02362277
0.01877014
0.01644459
0.01915502
0.01900905
0.02155319
0.02316187
0.02449804
0.02385852
0.02190278
0.02452047
0.02297213
0.02384546
0.0220071
0.02319672
0.02213781
0.02396585
0.02621375
0.03326814
0.0334034
0.03429549
0.031138
0.03417282
0.03093295
0.03282809
0.03567888
0.03408802
0.03506225
0.03241315
0.03212611
0.03186385
0.03011016
0.03257521
0.03110861
0.03383785
0.03435695
0.03322352
0.03114716
0.03270996
0.03466277
0.03500302
0.03426025
0.03149243
0.02693713
0.02966816
0.02581524
0.02324494
0.0255725
0.02671309
0.02645979
0.02376859
0.02497983
0.02767708
0.02428551
0.02508518
0.02356633
0.0231666
0.02388552
0.02495836
0.02335645
0.02336189
0.02493814
0.02794334
0.0278801
0.02756145
0.02856027
0.02848802
0.02583742
0.0249461
0.02269255
0.02611823
0.02748735
0.02511978
0.02601554
0.02728864
0.02721029
0.02568184
0.02635638
0.02676269
0.02691293
0.02669049
0.02738799
0.02476578
0.02493067
0.023776
0.02657555
0.0273779
0.0301057
0.02731763
0.03085637
0.0311296
0.03591338
0.03256843
0.03554943
0.03964182
0.03601016
0.03292382
0.02976335
0.02952363
0.0284595
0.03058106
0.02693233
0.02635347
0.02479248
0.0241447
0.02819837
0.02819465
0.02853164
0.03167757
0.0320243
0.03203193
0.03010124
0.02946691
0.02927569
0.02761487
0.02923308
0.02997557
0.03035051
0.03426463
0.03249355
0.03227916
0.02579064
0.02544591
0.02997359
0.0326111
0.03329638
0.03195526
0.03158044
0.0318956
0.03092334
0.03126023
0.02881386
0.02706933
0.02657296
0.02909885
0.02695906
0.02891952
0.02767919
0.02910182
0.02576784
0.02639231
0.02632299
0.02410636
0.0243451
0.02503498
0.02470186
0.02588391
0.02700191
0.02589244
0.02510274
0.02546183
0.02177834
0.02289471
0.02402162
0.02168241
0.02526291
0.03055448
0.03077775
0.03274307
0.03123189
0.03088304
0.03098259
0.03509672
0.03213187
0.03238103
0.03396983
0.03186993
0.02981145
0.02917914
0.03015747
0.02985134
0.03042062
0.0302339
0.03099048
0.03161601
0.03340919
0.03092043
0.02959465
0.03053769
0.02660142
0.02432918
0.02558445
0.02677489
0.02679642
0.02813943
0.02965617
0.03171539
0.03338291
0.03666972
0.03475652
0.03602176
0.0380939
0.0394554
0.04549618
0.0572831
0.0526701
0.05259245
0.05116385
0.04875856
0.04433428
0.04055293
0.03997816
0.04120274
0.03823354
0.03799402
0.03823621
0.03513963
0.03814655
0.0340045
0.03167809
0.0367526
0.04253367
0.03818974
0.04022036
0.03287166
0.03767825
0.03767218
0.04242465
0.03889298
0.04154649
0.03746889
0.03718766
0.03920455
0.04434005
0.04064291
0.04828041
0.05055497
0.04290768
0.03753401
0.04472824
0.04338987
0.04086328
0.04579735
0.04340284
0.04163134
0.04184536
0.03979514
0.03799459
0.03652759
0.03636393
0.04112343
0.04458747
0.03781987
0.03542963
0.03339598
0.03643934
0.03244627
0.03506298
0.03799469
0.03407345
0.03614308
0.03453474
0.03438411
0.03460083
0.03906247
0.03092518
0.03564808
0.03489379
0.0366564
0.03691232
0.03654916
0.03564555
0.03350109
0.03234504
0.03535287
0.03537973
0.03552671
0.03744733
0.0371399
0.03626374
0.03507856
0.03433735
0.03503941
0.03840239
0.03352942
0.03558133
0.03446015
0.03507748
0.03332049
0.03334844
0.03641026
0.04019049
0.03957016
0.04339421
0.04447053
0.04562257
0.04415954
0.04109457
0.03951805
0.04484754
0.03843417
0.03620532
0.03959166
0.04091794
0.03612632
0.03519691
0.03752168
0.03652148
0.03753134
0.03811483
0.0392296
0.04592842
0.04512892
0.04212099
0.04274585
0.04797051
0.04448046
0.04743828
0.05122935
0.05067075
0.04384259
0.0462002
0.04907216
0.04930599
0.04737537
0.0471041
0.04552605
0.04752691
0.04438897
0.04034992
0.03959684
0.03604441
0.03284824
0.03503025
0.03747924
0.03819778
0.03231185
0.03474996
0.034311
0.03339985
0.03299963
0.03587618
0.03434724
0.03314127
0.03261992
0.03645358
0.03924987
0.04053756
0.03707808
0.04247965
0.04150977
0.04431305
0.03920925
0.03689778
0.03541325
0.03577929
0.03466493
0.03352006
0.02889118
0.02698476
0.02759307
0.02764403
0.0309469
0.03134108
0.03143863
0.03053634
0.02875665
0.02825841
0.02596628
0.02935979
0.0307907
0.02937832
0.0294143
0.02871351
0.030459
0.02485038
0.02536625
0.02607346
0.02705129
0.02435604
0.02801248
0.0283186
0.02709794
0.0282521
0.02721028
0.02813317
0.02847037
0.03025506
0.03193817
0.0275813
0.02802334
0.02652466
0.02939293
0.02805082
0.02773643
0.02710153
0.02685014
0.03118427
0.03296451
0.03435979
0.03419426
0.03271588
0.03271556
0.02758287
0.03137775
0.03076271
0.02962995
0.03244565
0.03196676
0.03088382
0.02672909
0.02656052
0.02836292
0.03030298
0.03558103
0.0331411
0.03345798
0.03254566
0.0351536
0.0342529
0.02947676
0.0282519
0.02915137
0.02623967
0.02624715
0.02845997
0.02848706
0.02645293
0.02929211
0.03028978
0.02870995
0.03256162
0.02797825
0.02688593
0.02901205
0.0297927
0.02634585
0.02783684
0.0264929
0.02530326
0.02698364
0.03131655
0.02986097
0.02964869
0.03095561
0.02940127
0.03129346
0.03569873
0.03987995
0.04278842
0.04126995
0.03830151
0.03947435
0.03573735
0.03590712
0.03159463
0.03348284
0.03244008
0.03401997
0.03267343
0.03066959
0.03541414
0.03627918
0.03670679
0.03487334
0.03517065
0.03672172
0.03936127
0.03876091
0.04294488
0.04384417
0.04023674
0.03990373
0.04232417
0.04445732
0.04218301
0.04121199
0.04216972
0.04260862
0.0458533
0.04561524
0.04716785
0.04334527
0.03535502
0.02891348
0.02934068
0.03514812
0.03360497
0.03856573
0.03644331
0.03674808
0.03612223
0.0360762
0.04077404
0.04107444
0.0389834
0.03644574
0.03546549
0.03480119
0.03917719
0.03482398
0.03248665
0.03531947
0.04143749
0.03999097
0.03900065
0.04026115
0.03651118
0.03291794
0.03079678
0.02973439
0.03037479
0.03138179
0.02861319
0.03123296
0.02923959
0.03169487
0.03327644
0.03234076
0.02994819
0.02756422
0.03103614
0.02942006
0.02869515
0.02866325
0.03176585
0.033818
0.03238453
0.03288039
0.02956812
0.02631646
0.02474075
0.02172057
0.0213218
0.02170774
0.02158423
0.02165996
0.02221502
0.02247048
0.02055412
0.02029915
0.0218782
0.02294042
0.02098916
0.01861192
0.0177601
0.01688244
0.01677783
0.01795248
0.01856029
0.01815833
0.01853022
0.01701488
0.01922612
0.01969505
0.01952718
0.01893481
0.01903361
0.01964656
0.02229231
0.02072685
0.02143342
0.01840645
0.01696557
0.01803238
0.01851442
0.01827215
0.01983922
0.01843308
0.01700026
0.01785117
0.01731346
0.01874428
0.01832033
0.02027067
0.02104795
0.02326317
0.02464694
0.02621633
0.02545878
0.02532004
0.02506889
0.02739259
0.02845227
0.0300097
0.02728823
0.02909825
0.0306636
0.03140879
0.03355526
0.0326668
0.0306268
0.03076521
0.03107566
0.03017836
0.03226279
0.03281952
0.02802973
0.024309
0.02255213
0.02339507
0.0241111
0.02501234
0.02666698
0.02521506
0.02581771
0.02695004
0.02470177
0.02969707
0.02896796
0.02828545
0.02710047
0.03042714
0.02825352
0.02887991
0.03300681
0.03162303
0.02951578
0.03079198
0.03143498
0.03005203
0.02936416
0.02767892
0.02647029
0.02626653
0.02635306
0.02616131
0.02691347
0.02674505
0.02888352
0.03284586
0.03194654
0.02932735
0.02726455
0.02789577
0.03124305
0.0333582
0.03553359
0.03226592
0.0365714
0.03319272
0.03198251
0.03149707
0.02957837
0.02923687
0.03222879
0.03014553
0.03077888
0.03037704
0.03219502
0.02939973
0.03060652
0.03205608
0.03358184
0.03505558
0.03908257
0.04162076
0.04232218
0.03913781
0.03968344
0.04184147
0.03955603
0.03889177
0.03680934
0.03562584
0.03903459
0.03989568
0.04291198
0.04038475
0.03846564
0.03873333
0.03836014
0.04088469
0.04316061
0.04225757
0.04000661
0.04217903
0.04626308
0.04509422
0.0473344
0.04536801
0.03666817
0.03735857
0.03802918
0.03887307
0.04081475
0.04154341
0.04219729
0.04498398
0.03965791
0.04151845
0.04361285
0.04279891
0.04516934
0.04393232
0.04300458
0.03696538
0.04197796
0.04092562
0.04054293
0.04160372
0.04694423
0.04508168
0.04471699
0.04906587
0.04499686
0.04607437
0.04841483
0.04719785
0.04368499
0.04195063
0.04532712
0.04537208
0.04415165
0.0549821
0.0494575
0.05569615
0.04920371
0.04630669
0.04033708
0.04253077
0.03785077
0.03843961
0.04262605
0.04351053
0.04329506
0.04348142
0.04327205
0.03877437
0.0407998
0.04118719
0.03639232
0.03378679
0.03270672
0.03240453
0.03461856
0.03158925
0.02922989
0.02632035
0.02688962
0.02838353
0.02733851
0.02985297
0.02999018
0.02942098
0.03061158
0.02938192
0.02977858
0.03248662
0.03212441
0.02963528
0.02931193
0.03001737
0.03042879
0.02846151
0.02798486
0.03006182
0.03315733
0.03707296
0.03659907
0.03486993
0.0325714
0.03705892
0.03968551
0.04002804
0.03742389
0.03438377
0.03750168
0.03772502
0.04030091
0.04451169
0.03816945
0.03279746
0.03517759
0.03287295
0.03351976
0.0328797
0.03291621
0.02589079
0.02486188
0.02482619
0.02572654
0.02899731
0.02860839
0.02729715
0.02758375
0.02732607
0.02702847
0.02992199
0.02536626
0.02473324
0.01992796
0.0175111
0.01648289
0.01838882
0.01989444
0.0192703
0.0225878
0.02569515
0.0234242
0.02820521
0.03070839
0.02995297
0.03170961
0.03250677
0.03134878
0.02862286
0.0252315
0.02545256
0.02742597
0.02490246
0.02291485
0.02211648
0.02126445
0.02304461
0.0222192
0.01877729
0.02207696
0.02185185
0.01976184
0.02226715
0.02359989
0.02343395
0.02350858
0.02487637
0.0204854
0.02121367
0.0216839
0.02533648
0.02253196
0.02355167
0.02428647
0.0236482
0.02404057
0.02644845
0.02345331
0.02317205
0.0219016
0.02312871
0.02081668
0.0205253
0.02067261
0.02307687
0.02620815
0.02621348
0.02478115
0.02683117
0.02449854
0.02699794
0.02559788
0.02105687
0.02072539
0.02212412
0.01921157
0.02006565
0.01997966
0.01949822
0.01862319
0.0192879
0.01749243
0.01716248
0.01876
0.0188448
0.01774677
0.02008005
0.02047424
0.01706724
0.01583268
0.01635618
0.01759441
0.01926972
0.01785232
0.01795186
0.01851113
0.01833399
0.01709664
0.01713953
0.01551238
0.01677085
0.01644916
0.01719953
0.01837297
0.02286117
0.02210345
0.02473292
0.02319419
0.0216871
0.02653492
0.02628498
0.02689023
0.02495759
0.02149061
0.02095996
0.022463
0.02274465
0.02360215
0.02047708
0.02006994
0.02056016
0.02272719
0.02424854
0.02453826
0.02420595
0.02177892
0.02209811
0.02218546
0.02234264
0.02702913
0.02459652
0.02036426
0.0161381
0.01728191
0.01740339
0.0161114
0.01566938
0.01841202
0.01828166
0.01998138
0.01949241
0.02014505
0.01943139
0.01817283
0.01826119
0.01689296
0.01789308
0.01687748
0.01534428
0.01485864
0.01360389
0.01531585
0.01628912
0.01091404
0.01163172
0.01119276
0.01115372
0.01264864
0.01290711
0.01519472
0.01361023
0.01443873
0.01527791
0.01563806
0.01662794
0.01598248
0.01440873
0.01553821
0.01595706
0.01576897
0.01441346
0.01490767
0.01550013
0.01587409
0.01660937
0.0166157
0.01805422
0.01908678
0.01885121
0.01795433
0.01870541
0.01864107
0.01902579
0.01865373
0.01965873
0.01952123
0.01777458
0.01586296
0.01608376
0.01649032
0.01594587
0.01540219
0.01615132
0.01706745
0.01832928
0.02056603
0.01643931
0.01900765
0.01681272
0.01732272
0.015666
0.01584029
0.0168893
0.01736775
0.01579977
0.01811659
0.01921202
0.01700152
0.01980744
0.02109137
0.0241557
0.02282043
0.0219283
0.01952388
0.01921049
0.02100446
0.01787667
0.01695066
0.01866501
0.0180564
0.01829512
0.01853632
0.02055794
0.01980145
0.01997498
0.01735253
0.01717798
0.01536587
0.01832694
0.01919489
0.01966514
0.01959165
0.01987225
0.02006931
0.01893799
0.01862059
0.01747881
0.01736715
0.01881596
0.01803494
0.01926152
0.01808631
0.0168521
0.01971509
0.0182704
0.01711687
0.01863597
0.02013413
0.02124603
0.02160687
0.01921107
0.02373425
0.02221175
0.01981515
0.01852327
0.02091786
0.02242926
0.02678216
0.02715018
0.02737751
0.02690458
0.02485791
0.02552545
0.0231271
0.02284239
0.02334477
0.02648591
0.02547555
0.02636275
0.02422358
0.02327496
0.02474227
0.0225742
0.02301319
0.02372776
0.02380207
0.02388732
0.02423442
0.02416027
0.02558826
0.026174
0.02462821
0.02123211
0.01865668
0.0218112
0.02239843
0.02195197
0.02078496
0.02097624
0.01943651
0.02132987
0.02126365
0.0219541
0.01987762
0.0178143
0.01903041
0.01892644
0.01962845
0.01752062
0.01834864
0.02075976
0.02173068
0.02218914
0.01810255
0.0212835
0.02221501
0.02433056
0.02393921
0.0241382
0.02495031
0.02552995
0.02632246
0.02889819
0.03023592
0.02728285
0.02969849
0.03008816
0.02693223
0.02704404
0.02649683
0.02731221
0.02645369
0.02935597
0.03160048
0.02680575
0.02733095
0.02772726
0.02672995
0.02793618
0.02812913
0.02534396
0.02575431
0.02582687
0.02761937
0.0283868
0.0262567
0.02495782
0.02634512
0.02510985
0.02433573
0.02774406
0.02547541
0.0236029
0.02719572
0.02639546
0.02681553
0.02855956
0.02714463
0.02470222
0.02888564
0.0288195
0.02539512
0.02507169
0.02416957
0.0239217
0.02312964
0.02885858
0.03086779
0.02595186
0.02961217
0.02818305
0.02501925
0.02590997
0.02902494
0.0314051
0.02886748
0.02499297
0.02258403
0.02396488
0.02398821
0.02188744
0.01997512
0.02569645
0.02415491
0.02494319
0.02532658
0.02316475
0.02449514
0.02277923
0.02008921
0.0208911
0.02093535
0.020502
0.0203431
0.02063183
0.02352374
0.02385128
0.02486361
0.02776752
0.0283152
0.02781515
0.02572729
0.02457023
0.02501817
0.02423906
0.02283464
0.02150296
0.02157734
0.02344652
0.02353524
0.02504201
0.02509058
0.02254962
0.0231827
0.02131259
0.01836361
0.02105557
0.02456782
0.02588064
0.02530848
0.024063
0.0240145
0.02321986
0.02248829
0.02406319
0.0272252
0.02409889
0.02182992
0.02335174
0.02332587
0.02450545
0.02217911
0.01859668
0.01938672
0.02170664
0.01946478
0.01935566
0.02073597
0.02205113
0.02114475
0.02313483
0.02310956
0.02038949
0.01939806
0.02062304
0.01926191
0.01911344
0.0193164
0.01944155
0.02236483
0.02293543
0.02416113
0.02284992
0.02004842
0.02168845
0.02116956
0.02077638
0.02422941
0.02743485
0.02935869
0.03233967
0.03262429
0.02732726
0.02714203
0.02602756
0.02695979
0.02408599
0.02298451
0.02431664
0.02380322
0.0232652
0.02155267
0.02321266
0.02258341
0.02454372
0.02337438
0.02008316
0.02263142
0.02118489
0.02139999
0.02344866
0.02422894
0.02504565
0.02254758
0.02358952
0.02079745
0.02263175
0.02322256
0.02531979
0.0279704
0.02788135
0.03108727
0.03013587
0.0265597
0.02802087
0.03238895
0.03499
0.03482904
0.0354426
0.03368479
0.03273188
0.03656925
0.03483222
0.03177669
0.02961335
0.03273712
0.02989162
0.02795181
0.02541153
0.02747772
0.02825261
0.02837809
0.02646303
0.02475739
0.02090692
0.02303048
0.02317998
0.02391911
0.02279974
0.02555747
0.0215412
0.02201986
