33.24366
36.87969
38.96879
40.15779
42.90191
44.8128
46.03452
48.28313
52.04656
53.57301
56.77672
56.74894
56.61505
59.93378
58.87787
60.24319
60.76009
60.81889
59.55073
65.1236
64.82363
63.06208
63.86207
64.76809
64.30366
67.27371
67.66517
67.14751
67.20901
71.10907
68.39081
69.4055
66.35201
66.81288
67.16475
68.0984
68.41882
67.18996
67.46977
68.91368
73.26466
73.83501
74.74631
75.28868
79.3656
79.88104
83.02221
80.95516
81.00278
80.93811
81.98017
80.34188
81.35509
80.67075
79.32528
82.78795
82.79732
83.03636
86.20081
85.05455
91.68486
91.54571
89.56345
89.18065
87.88891
89.8723
89.91159
87.47082
90.53624
87.39509
91.10336
88.01193
88.62853
93.01759
89.3291
91.63213
94.37688
97.26336
97.4026
99.24744
95.68054
96.13635
95.49773
89.86163
92.18798
92.16723
91.60431
86.25748
85.56933
87.38812
87.32612
88.16887
92.98409
98.12096
96.92697
92.28309
90.55935
91.6033
92.6233
88.64442
90.75032
89.32158
89.94268
88.98892
84.84621
86.88319
88.77063
90.00102
89.14033
89.2072
89.74271
91.58392
88.51279
87.38481
88.99362
92.77115
92.50602
89.53572
88.5784
87.93067
86.70491
87.43169
90.46865
90.31848
88.34739
90.2459
85.9921
85.00876
87.31186
83.67839
89.5089
91.74031
93.08451
92.55076
91.2724
89.44269
90.79165
92.69111
93.32601
94.33291
97.7855
99.9156
96.94453
94.10827
95.96893
92.56785
91.16359
92.62893
93.16688
92.81037
94.04861
93.78093
95.24912
93.60396
91.63416
94.08441
92.59233
86.55977
86.39932
85.00243
86.51928
83.27731
83.08829
80.30907
79.88927
81.15282
79.62055
77.54417
75.49279
73.52268
75.97225
73.09081
72.84801
72.47909
74.53964
73.38056
74.90046
72.81235
73.19834
74.53756
75.76278
76.9657
77.57885
74.24966
73.84447
75.01685
74.5655
69.34235
71.3764
73.00081
75.59989
77.8883
78.50638
78.2973
80.39682
81.08527
80.33722
81.23456
85.61357
82.36969
77.99588
77.69529
75.80512
75.16275
76.23914
80.42672
83.11637
82.0258
81.9631
77.19029
75.52868
75.29029
73.69884
75.94305
77.60458
79.55239
78.20762
77.32726
79.86894
77.82882
77.89462
80.33459
81.91278
78.66415
80.40915
79.56154
79.30003
83.23602
84.74889
86.14766
88.91309
87.16292
89.36219
87.53501
88.44346
89.33989
85.5425
90.89389
91.39084
88.54983
90.40955
90.26419
92.20768
91.99886
90.78865
90.31807
88.52868
90.45544
87.46725
83.65368
80.40928
79.86916
80.21209
79.52476
82.99503
86.22394
86.63362
84.86863
81.45496
81.12697
84.17879
81.43172
85.87274
86.90503
89.36347
89.10409
88.65299
90.41983
90.86466
90.10389
88.70036
86.75419
84.15897
84.52019
84.58238
87.62499
85.96903
86.3084
86.84797
83.72596
84.06736
88.13846
91.52989
87.02766
93.44156
95.59112
92.80523
91.96774
91.94794
96.46399
95.28541
94.39017
93.90976
91.53318
89.87858
91.31395
88.3594
89.08656
88.18733
88.19346
89.38545
89.17115
88.18816
86.64436
87.55478
86.86882
87.46677
92.72794
94.02702
97.39907
96.81338
97.01112
103.9247
106.0367
100.5691
102.3448
104.809
105.1506
104.468
104.5128
106.1433
108.5367
107.6632
108.9235
107.383
109.1237
109.3879
108.7105
110.555
109.8122
110.809
110.5449
112.9619
104.3462
103.5329
104.6573
105.5844
102.9125
105.925
107.2919
110.5465
113.7069
110.5359
107.9792
108.0435
109.1892
108.3888
112.6188
113.8419
114.1108
114.036
112.0533
112.3216
110.8841
108.1488
108.1923
108.0619
110.9497
116.3683
120.1829
120.0667
122.7297
122.0412
125.6592
131.2779
135.6966
138.2343
143.885
134.2857
138.7443
135.712
133.8226
129.3027
120.6948
123.9097
126.3563
124.3035
129.2374
131.2891
122.5961
124.1966
123.5009
121.672
118.202
116.5793
115.4285
114.2547
115.3149
112.5217
113.6981
117.7661
111.9133
115.2361
117.1329
119.5489
115.1613
113.2852
111.5003
114.4226
111.1494
111.4278
112.3363
113.8421
111.9599
111.989
109.8558
110.7693
109.4004
112.6358
112.0013
112.665
113.6655
115.5564
116.6099
120.8095
115.4581
113.316
117.7978
119.8993
118.6195
126.9667
125.4161
121.9693
119.7611
120.985
119.0573
118.9961
115.9256
114.8615
120.4556
121.3451
118.3134
118.6188
118.2997
118.7467
122.0644
125.2594
123.776
124.4896
120.8172
124.0702
123.9458
123.3008
125.2922
126.8393
134.8384
133.7507
137.0496
147.1586
146.6537
148.8653
154.865
154.8568
155.9685
158.2244
152.8848
159.9786
158.4703
161.8192
157.2204
152.8002
150.1791
154.1079
155.4286
154.432
164.8877
165.8652
164.3613
163.8493
170.0384
166.7435
165.0242
158.745
159.1711
162.6356
160.3779
170.2906
172.3017
168.0719
172.7115
176.54
178.0491
181.5814
185.7704
184.2488
186.4467
187.0645
198.043
199.5361
196.9319
198.7996
197.9961
197.4231
192.6193
190.9638
198.0004
199.6964
191.1435
184.4929
179.848
170.2628
175.0742
172.0329
174.0108
169.2195
159.002
152.2423
152.3276
155.7194
152.7077
157.7803
149.1225
147.2459
147.5225
138.887
142.471
146.6793
146.4866
145.2731
142.1311
138.3454
141.4816
144.3753
148.4494
146.2939
144.0729
138.7096
131.3217
128.6422
129.4369
129.6222
132.4
134.9158
136.9401
137.8874
136.3409
129.4162
134.6938
132.756
137.4531
140.5401
139.7052
143.3505
153.8107
152.4272
148.183
150.2301
150.5973
153.3814
158.4822
157.8953
163.4184
164.5898
169.6755
168.3473
169.9518
170.3322
172.0423
172.9141
170.5629
169.5803
169.0975
168.492
162.9738
168.1844
163.2691
160.1635
166.1917
165.9632
167.9713
165.8388
162.5878
160.1453
154.814
158.6728
161.725
161.1354
169.5522
168.1129
169.9101
172.9098
173.517
168.7972
164.7359
166.7503
166.5916
167.6846
173.6735
175.408
183.0689
185.071
186.8777
180.4512
177.1793
175.1884
183.6836
175.4653
177.5453
173.0882
173.2066
167.7578
168.0309
166.0744
165.4275
159.7922
158.9841
154.7093
163.7856
161.5333
169.3186
171.7334
179.7146
178.2708
172.4632
169.4357
164.7797
165.8479
169.457
170.7622
179.132
170.8869
163.3645
161.0463
158.1467
157.1405
158.579
162.883
163.5973
168.0025
171.7369
172.8122
171.3097
179.5613
177.2901
179.8085
175.7056
172.0783
167.3385
171.0691
175.8783
172.0437
178.2238
178.9304
179.9664
172.9126
176.0151
178.0915
176.8113
180.9083
177.8324
179.8449
180.3821
177.7769
174.8206
169.7792
173.6302
170.6925
167.8621
169.2459
165.5885
164.4596
160.3351
165.4022
174.7933
172.2475
167.5945
174.7027
181.0619
185.8226
183.9595
183.5382
172.9687
181.6974
173.3717
178.0583
174.6815
181.1218
175.0091
175.4913
182.2895
177.3322
170.779
178.7255
182.049
177.2575
177.007
176.9615
170.952
169.0253
173.875
171.2004
168.8801
170.5838
168.7183
164.883
163.6914
166.4967
167.9912
167.2361
168.4665
164.0772
170.5844
179.987
172.421
166.7263
168.2033
169.5778
159.7073
156.6224
148.0428
149.1232
150.5337
146.2175
146.0281
140.8855
145.2967
141.6428
137.9983
142.3488
143.437
133.9221
136.8502
133.5406
131.1872
129.3876
133.1117
138.4646
135.2187
139.2277
136.7273
137.9519
138.5115
136.3893
135.4771
140.505
137.3243
138.4808
136.124
132.4612
137.3667
133.4739
127.8738
130.7245
130.3894
126.7771
124.5004
124.5398
127.5951
129.718
129.5205
129.6142
133.7533
132.1345
132.79
131.9649
124.1224
124.4549
127.367
126.6343
127.2003
130.7816
135.4572
134.2439
137.9926
143.7953
144.6093
148.2828
148.4785
147.4872
139.4434
138.7685
146.1507
145.9125
141.026
140.18
135.7981
137.8819
141.3532
142.1839
142.1171
142.6166
143.1634
140.4474
138.3003
135.6485
138.471
143.4324
140.8125
142.98
146.8261
147.3816
140.5298
138.8074
135.0698
142.4479
137.4988
135.7616
133.2117
125.0291
127.9012
129.3576
133.699
129.0841
123.9
119.8571
115.9094
119.7223
120.9228
122.3794
121.7469
125.4358
122.1726
123.6156
128.2627
128.125
125.3419
131.2885
134.574
131.023
133.113
134.202
140.6366
141.2668
140.4258
133.6426
135.8529
129.1626
130.5925
126.7571
124.3272
122.3421
122.5994
125.2948
126.7383
132.3501
132.5544
127.4549
120.1373
114.5103
115.7443
113.9011
110.7002
108.9458
110.0956
108.6722
109.1073
110.3303
110.8092
114.7781
117.0141
115.4829
117.4792
121.6949
115.5582
117.527
115.2386
114.8603
114.8464
117.3331
117.7151
118.2155
124.6319
125.094
125.9343
131.3242
125.4536
120.857
120.2184
119.0709
113.8091
113.3823
116.3
119.1901
112.6865
118.687
117.9527
112.9141
113.6382
112.687
113.8305
110.6368
112.6685
114.7787
118.3866
117.8858
119.3601
121.7451
115.106
112.1232
113.5493
110.062
115.3231
114.0916
113.1268
113.5469
116.0098
116.0144
118.2095
119.5857
121.1433
123.8167
125.5149
121.8499
118.8403
122.156
119.2565
119.7147
114.6107
117.3704
117.9168
112.4225
111.2831
107.7001
111.6993
110.3399
110.4973
107.3954
106.501
106.3173
105.5636
104.1899
104.6219
105.4245
105.6411
102.7238
104.7074
102.3197
103.7807
105.5971
103.3707
101.8952
101.1292
99.73929
103.7639
107.7234
106.8372
108.4214
108.186
106.1427
105.3959
104.2061
106.9705
105.3511
106.7346
108.3798
112.5357
116.8146
117.7404
116.5046
118.0911
122.947
124.3834
123.0514
123.9505
126.6566
128.7085
125.8597
127.6621
129.4952
126.4049
128.3477
131.4446
128.7905
126.5721
120.4846
119.0919
124.4561
123.3827
120.0895
123.1562
122.0995
130.7681
132.7248
136.7194
135.3512
132.6107
136.2266
131.8781
132.1276
134.8313
133.5453
129.6192
128.6297
122.1241
119.9513
121.6629
120.3501
122.5884
127.7814
130.1686
134.1474
131.4571
132.5948
138.8078
144.0598
146.7033
146.8035
145.4355
144.3102
144.2699
144.8812
147.6802
143.8182
149.7415
149.8088
151.2741
151.495
150.9408
150.2108
149.4136
156.8164
157.2568
163.8004
163.0311
155.908
158.9978
157.5134
158.1619
157.7026
161.7137
155.9657
152.3431
145.6625
141.4891
140.9551
143.8258
144.0046
147.1345
143.7541
147.3589
147.7617
148.1072
146.4296
143.3358
149.7849
157.495
161.321
163.2189
167.1331
168.9187
159.4296
157.4188
148.1864
146.1148
144.8536
148.0473
152.9005
152.8823
154.3263
156.5234
150.1943
149.485
152.8744
149.0118
148.9313
146.4962
152.4835
147.6498
149.4843
151.8897
149.2522
162.5791
164.5439
166.7649
163.9101
171.7847
165.4773
167.7809
159.0354
157.9335
151.8048
151.2023
146.2832
141.7919
140.8971
147.8777
149.5318
158.8959
160.7572
161.455
161.5381
159.8119
159.3342
154.6512
157.4696
161.0804
157.7469
156.3029
156.365
162.0225
164.8737
158.8619
158.514
157.8821
158.0195
158.1502
162.6673
157.8352
153.666
158.1761
151.3006
150.9033
148.3631
156.8903
160.5417
164.1128
150.2492
152.0635
153.9621
149.889
155.5977
156.0559
158.8751
152.9096
160.3087
161.1286
162.6949
168.8107
171.0207
162.2486
162.9852
162.1559
157.8809
155.373
157.3047
150.5619
142.7798
146.3957
148.6872
151.2143
144.1681
149.8453
149.3406
153.32
160.1304
169.6732
162.9921
163.0932
158.6003
159.0345
158.1693
158.0302
165.2147
161.7563
155.4273
155.0633
158.9764
156.9811
151.4263
149.4205
144.5803
141.7072
155.8882
152.0206
153.979
159.6401
156.1489
157.4945
156.3297
157.6399
154.7787
160.7922
159.8329
153.5165
151.9099
156.3762
148.4655
146.1424
145.1247
145.6831
151.618
151.4377
155.8952
159.7756
162.672
165.5309
166.9931
160.6306
157.9742
150.019
149.0366
144.5772
146.2955
148.695
144.9678
147.9098
143.5117
144.7417
146.3325
147.9177
147.3852
145.0264
144.0591
143.9704
139.7332
144.8866
147.0906
141.0563
140.8142
145.101
150.5563
156.3254
151.4096
150.3995
141.2486
139.7104
140.7907
151.7456
152.0538
153.8938
150.7163
149.3731
148.1694
155.5426
154.9612
158.6332
155.0183
161.5059
158.2843
162.0341
168.3704
169.8664
169.7517
171.9667
162.8671
164.8222
167.3621
166.3181
164.257
163.3921
165.4262
166.4091
163.6541
161.368
165.3464
166.0265
161.7582
157.894
143.6601
142.3238
132.718
134.1824
135.2642
138.6885
139.8445
137.0546
129.9942
131.0546
135.4364
136.3632
132.172
133.5068
134.7443
136.9473
132.7262
131.7692
133.9294
136.2
129.0266
128.8182
123.9815
121.4329
120.7388
119.0353
121.7453
121.0191
123.7289
129.7699
120.7404
125.0994
117.089
115.1943
117.0622
117.6341
127.3912
126.6764
135.7445
127.7085
132.7885
133.8783
134.5157
139.1355
132.9114
132.6456
132.2917
134.2679
137.2492
132.8891
138.4338
136.1032
136.9043
139.0573
143.6807
137.6697
143.8187
139.0828
134.9303
135.5758
135.7886
135.9685
132.6248
141.2114
142.8516
144.4857
140.8999
142.4379
141.046
133.9092
131.5571
129.9222
128.647
131.2567
129.2973
132.6615
134.0068
138.2347
139.9362
139.6367
137.9609
136.4351
139.0704
135.0312
133.2902
135.8596
136.1254
137.4239
140.9418
134.6692
133.1896
134.0309
133.215
132.6447
130.933
135.181
133.1444
139.7941
139.7549
137.6076
135.4421
131.6605
137.6054
129.007
122.3497
120.6337
120.0489
124.821
128.6468
124.7657
124.2343
126.0788
124.8822
127.726
125.8221
128.9389
137.3686
131.5873
136.442
137.1676
131.7155
130.5898
134.4986
131.7669
131.9494
123.4334
123.6763
119.4618
123.5954
125.0502
127.0967
126.2606
129.7807
131.2414
130.5948
128.4457
125.5965
121.9658
120.3668
127.1363
126.7336
122.3651
123.4822
122.9399
124.077
120.1635
117.3226
119.7362
120.6329
118.7761
120.9436
122.9515
126.6058
124.7915
127.5228
124.4645
123.6689
132.604
127.092
123.5293
124.4586
129.3811
122.9895
121.8132
121.3736
122.9537
130.4589
127.4702
130.5466
124.5663
129.2864
128.6983
131.5331
130.6134
128.2821
130.0881
127.0718
126.18
128.2891
124.7523
125.7699
124.3727
119.8302
118.841
119.9409
116.1423
120.3712
129.5859
127.9133
129.3775
126.0499
123.4305
125.9203
124.9674
128.7011
132.7577
133.1274
132.8068
127.9539
129.7132
126.7095
131.6987
131.6364
131.4341
133.6126
139.5354
134.404
138.9282
136.4218
136.3975
134.3846
131.542
132.153
134.7136
133.272
139.9768
136.9633
142.7437
138.9138
139.1969
134.2765
134.444
135.0215
139.3045
133.3474
131.4704
130.439
128.3249
126.256
122.4603
126.9816
134.0454
132.6299
135.5369
139.2131
134.9296
134.4538
134.0361
134.8574
134.1721
132.1638
132.7581
134.0888
131.0254
129.2361
136.041
137.4138
133.2932
126.1805
126.6049
123.1759
126.6203
130.5071
129.0586
131.0677
130.672
130.1955
129.3467
134.9739
139.1398
143.32
140.0325
143.131
138.5487
144.1545
146.5237
146.0327
152.2791
158.183
152.6337
151.092
153.2738
152.0144
154.5474
163.5154
157.7577
157.0347
155.0421
151.4509
146.5443
148.0084
150.0275
154.7272
158.5649
162.9331
167.5668
166.1819
171.0901
170.1351
174.8514
170.3152
168.7521
164.8818
170.8284
172.4941
174.744
177.8187
176.4271
169.2563
163.5511
162.8235
160.2179
165.7641
171.2105
172.9344
168.7779
169.5319
171.714
169.9413
166.1404
162.7022
176.0518
170.0143
167.3918
165.0239
159.4204
156.695
169.6007
167.4183
169.5318
175.1424
178.111
171.8009
175.3258
171.7193
180.9657
174.1497
178.183
177.0575
177.1481
177.0746
185.7137
185.3956
188.3864
180.1729
174.9444
169.7502
174.5968
161.0431
167.4735
173.7354
173.2275
177.7007
175.8812
177.4138
177.089
173.7476
167.8994
161.0853
155.3644
150.5609
154.4123
154.3264
154.4771
153.449
153.1619
150.8528
146.1935
145.9963
145.073
139.3205
146.221
146.1547
149.032
152.4656
151.908
145.7827
140.8891
141.2761
143.8369
145.6648
142.2786
144.8683
142.6531
147.6042
143.7719
137.6185
138.7374
134.9883
137.1321
138.809
140.9833
136.7237
133.6139
135.3386
134.1125
134.1739
130.1552
130.8644
130.7258
126.667
122.1853
124.0893
126.9213
130.9459
138.4912
133.4964
133.55
134.6551
133.4383
129.6126
126.3996
132.1771
125.8385
129.1797
127.7768
125.9812
127.1568
126.3714
119.7137
121.9689
128.2589
127.304
120.1398
119.5135
123.1802
126.6084
127.0837
124.577
128.2239
128.5235
130.6862
126.4025
127.1548
132.9883
134.0182
134.5003
137.8938
