17.85121
16.3799
16.59546
17.47257
15.13111
10.98426
11.97831
13.35754
15.78259
22.022
24.78274
26.14898
24.44219
26.53022
22.47194
17.68866
17.16928
16.87562
16.10388
13.20778
13.63615
14.16808
14.38864
9.996882
9.026759
7.812816
8.086699
7.394012
9.312638
10.09695
9.77372
9.558115
13.9618
13.12971
11.6322
11.17062
16.63984
16.61986
12.36995
9.366828
11.06361
11.18645
10.87102
13.95892
16.68618
18.75679
21.60186
26.96076
19.85362
11.09126
11.85351
11.08684
16.13317
14.04926
15.5369
11.10486
8.560809
10.3903
15.03073
17.25474
18.18306
16.16127
17.38249
13.25437
10.91228
9.36026
9.195102
11.8477
12.3556
9.814306
10.3627
10.45194
11.54097
11.54552
12.28155
9.691843
10.62135
11.82054
11.92094
10.12802
8.781036
11.12284
10.50468
12.1599
14.28312
20.58783
17.36668
14.76171
13.16979
15.10962
11.40238
15.78147
16.93872
16.61632
16.66069
15.96731
12.10954
15.76743
11.43852
13.05061
10.88933
11.98368
10.17748
9.196262
8.295593
7.767504
8.952087
10.31449
8.940165
10.11675
8.75768
7.078301
6.694393
7.461369
8.863393
10.35792
12.0767
11.93881
12.71186
12.07798
10.85264
7.40044
8.963499
8.431615
9.764324
9.001306
9.522147
8.785209
6.998538
7.711778
8.955294
12.03206
14.12483
12.33177
12.73011
10.98311
9.382565
10.11564
10.53816
12.21427
13.04368
10.34233
10.1379
13.9318
13.47744
14.25824
15.26926
13.81473
11.98453
9.769056
11.73454
12.37456
17.09746
16.53564
17.65649
17.55387
16.16618
11.3615
11.99152
14.50792
13.6239
17.06955
16.04585
13.87138
11.00404
12.01225
11.75454
9.002069
8.978096
7.880319
10.76423
10.89268
10.11103
11.12636
14.00345
18.34431
16.42084
18.53704
14.29358
14.8501
12.16117
10.60345
13.11922
15.51524
12.37918
13.58477
17.72178
18.43045
16.87567
18.3944
17.1502
21.38518
19.43474
17.91352
22.11313
22.62225
20.29006
13.03897
13.38122
15.32899
19.41712
17.09035
11.44352
15.44475
10.08508
9.641649
12.69468
13.59119
9.138008
10.09167
8.387353
8.020727
8.133716
8.276999
7.081027
6.891418
7.140504
10.61313
9.396198
8.178057
9.166401
9.504225
10.37375
8.662542
13.72078
16.01866
17.55059
16.61504
14.83785
13.25632
12.54313
12.64456
14.21438
14.72797
14.00481
12.70303
12.47851
12.42276
10.29077
13.93332
17.84717
17.264
18.44928
20.9723
20.92602
15.22104
11.62628
14.80265
14.47983
19.26145
19.37245
23.17598
17.06635
19.05429
13.51141
16.30258
12.66516
12.43136
12.64427
11.58884
9.772737
8.72531
8.422735
10.76783
11.69079
14.58645
17.48884
14.02098
13.41157
13.08951
16.9859
11.68664
10.36192
14.51789
15.41506
12.67944
13.32032
13.47164
11.098
11.03429
10.27321
10.94176
12.35188
10.35155
11.94829
8.8844
7.529945
8.826223
12.72735
10.14959
9.481557
8.078177
10.13796
10.51391
8.916751
8.806861
11.83982
12.12083
11.58805
12.51327
13.63969
14.03492
9.900166
11.45012
13.48306
17.40079
14.9923
17.14734
23.08986
16.45695
16.39373
14.67155
12.02812
10.15673
15.2933
11.93924
10.30421
9.412643
9.607206
12.04836
13.64807
14.15361
14.61152
11.33977
11.18974
13.3728
12.48154
18.08078
18.54868
14.6462
14.28511
17.0408
10.90143
14.20137
15.53245
10.34412
9.655704
9.010588
13.23796
15.35903
13.77386
10.95676
9.218336
8.947434
6.726848
7.380206
9.835541
13.22584
11.74799
10.53527
11.38393
11.86885
11.23849
12.20192
13.97878
13.59031
14.08443
13.51717
14.22189
12.1168
14.0408
15.07539
13.40183
11.94049
13.48122
8.964294
12.21503
18.50979
15.95506
13.37955
15.32216
11.98094
12.42128
16.56013
10.97258
11.7945
13.12007
13.6464
11.10937
10.92687
8.982348
9.571262
8.735107
8.255368
7.584483
7.553683
7.903147
7.352142
7.409429
8.575613
11.90057
9.074611
7.537799
7.502239
5.105559
4.710771
6.060506
7.225897
8.47579
9.862788
7.308231
7.110675
9.989208
12.27557
9.97351
9.359776
9.535564
7.02192
7.391759
9.978899
10.91618
12.5851
14.11354
14.63653
18.02661
20.69736
22.26213
19.02131
13.03422
14.34197
18.06948
21.01184
19.96362
24.79095
16.08419
11.55084
8.001883
12.36384
11.33183
9.787202
10.22027
8.49311
8.910014
10.07967
8.362655
11.35505
13.02973
15.08834
14.31667
13.02231
11.70631
10.90741
12.18671
12.48629
13.51483
16.07554
18.06142
11.46527
15.05986
15.77349
18.08923
15.22279
21.54744
23.66375
23.10671
14.59255
13.70986
14.83443
14.89563
16.41906
13.99782
19.56996
22.37638
23.18289
24.16818
19.56439
18.73336
22.7917
18.03961
18.15333
18.26227
19.8305
15.98637
15.02299
14.58008
11.39504
10.66756
8.967582
9.908865
11.48955
10.90453
14.11233
12.13231
13.07534
13.39804
13.27102
11.11496
12.5297
11.90619
13.19961
10.25617
8.522991
8.678233
11.2008
11.13423
10.13074
9.270688
8.730207
9.000394
7.552381
10.45717
11.65553
13.25742
11.23064
14.27538
14.88075
15.45661
21.85564
12.09304
11.14239
15.07046
22.21745
14.60214
10.60166
13.9749
12.43616
12.38
8.323346
10.3323
9.321097
8.387987
7.145063
7.77924
10.72249
10.92598
9.360269
11.42338
10.43433
8.439221
12.77344
12.30482
11.61498
13.42565
17.88068
17.46684
17.33991
13.7592
15.13115
14.06397
14.31272
12.566
11.25258
9.746783
13.54961
15.95046
19.24484
23.91644
22.38592
20.27522
17.66737
14.91405
16.73604
17.02046
14.73117
9.77677
12.53148
14.34854
17.92213
21.37464
19.69532
14.50317
13.03972
13.18159
10.16623
12.12034
11.64655
9.15117
8.059134
9.682784
8.696549
10.3361
9.94972
13.68732
10.66605
14.1723
10.62092
9.942221
12.0654
9.640977
11.99292
10.99663
8.97361
11.39627
9.867947
11.21293
13.92198
14.16206
13.98172
12.03602
15.29314
14.62595
10.66609
12.65411
12.31891
15.51745
12.5363
8.752247
9.906829
9.064999
8.695226
9.884945
9.796993
8.35781
11.4425
10.87809
12.19067
19.64401
19.78275
17.98507
18.97165
16.63633
11.23339
14.41772
18.086
18.92706
23.13383
21.82793
15.467
21.33856
17.63415
15.42882
13.47027
12.26687
12.73456
12.2103
15.87042
13.23217
11.36592
12.79847
10.773
13.41464
12.60705
11.40119
10.42458
18.22409
19.72292
19.91238
14.80687
12.32703
14.53465
13.90577
15.38715
12.97832
13.25064
13.91532
19.53175
16.89591
14.92945
19.04267
16.72449
16.93685
22.55004
19.01053
16.75268
18.47896
15.7048
9.937137
10.08899
14.45368
15.09051
13.34764
10.827
9.407714
10.8087
11.49491
8.947441
10.48077
15.17069
12.61818
16.0855
16.83588
13.55408
19.2052
17.0707
18.99413
16.88056
16.12766
11.97387
9.725907
12.02074
13.5531
19.98084
23.02995
22.49361
23.73836
21.5495
20.81219
23.63867
21.42324
18.45621
15.41686
19.86378
18.76873
17.22701
14.47357
13.335
12.83918
13.21611
11.55529
12.74922
21.04887
24.68686
21.75086
15.79273
12.07817
18.42753
19.16704
21.38245
17.87761
15.04404
17.81904
15.30239
9.797231
11.84138
11.07399
10.31967
8.977732
8.407329
7.032311
7.246059
10.43511
12.47219
12.09599
17.32117
15.39825
15.20828
15.97092
22.90511
20.93603
20.82408
20.46112
18.03414
18.09401
15.61661
10.85208
12.25962
10.61539
9.28606
11.38618
15.15652
9.368706
12.80627
7.395349
8.56456
11.09392
12.96182
10.99332
14.77612
14.32723
18.74432
12.50772
7.7387
6.484058
8.744955
10.31252
10.34627
10.14068
7.737836
8.112993
10.0669
12.37099
14.21363
17.62654
14.23789
14.49974
10.69181
12.5206
11.97503
14.92221
15.4856
15.784
14.3403
17.16095
20.9013
17.95993
12.92858
13.78115
11.64513
10.91374
11.23417
10.51748
14.26804
13.15826
13.65314
10.34736
10.06705
11.11648
13.95935
13.86296
8.940732
14.70299
10.76126
11.58964
9.78382
8.230089
8.120037
9.527692
8.505901
11.57822
14.29948
13.01537
10.97174
12.96057
12.34389
13.51141
13.84815
11.43291
9.388717
6.657064
7.351747
7.910405
10.1992
9.339434
9.759608
9.169911
7.32822
6.398777
9.252949
8.171854
11.78529
10.00038
14.03692
13.00667
9.708095
6.986323
6.594903
7.354358
10.55614
11.64254
10.65089
14.67027
17.40742
22.36178
18.59138
17.17582
14.98801
12.46497
10.06
8.079136
8.845173
7.736895
8.129461
6.112994
6.763239
8.407932
9.503539
12.70327
11.75161
11.49715
10.0783
7.818732
9.218213
12.35098
7.312481
5.969201
8.605969
10.26197
9.696024
13.93916
10.8263
9.256218
7.725019
12.17397
15.7245
12.60726
13.23529
13.45299
16.06829
15.81773
19.36271
13.5774
13.89089
19.18364
26.47894
30.75809
21.99024
19.27291
16.21005
19.31654
14.86206
12.90767
17.35974
22.21465
18.47205
14.82921
13.66908
13.76056
15.82565
13.50709
12.66814
14.73649
12.70543
15.41379
10.21772
19.19166
18.13197
20.02847
21.37053
18.73872
15.76995
16.45459
20.3244
18.617
24.75828
26.39585
21.24576
21.75224
20.48446
30.42572
23.74267
17.61036
22.94822
14.34553
13.85445
17.77355
19.02598
19.90865
20.93663
18.0375
12.57394
11.0887
12.50297
12.25728
12.49869
17.64219
12.3508
10.26512
9.33082
11.5967
9.839928
14.06533
12.60826
14.39505
9.489465
12.26232
10.12759
10.51647
12.22263
15.88833
16.22508
14.61317
14.24757
12.30851
9.707589
8.88167
9.974346
8.770552
9.416994
9.895225
10.09489
8.82268
9.190055
10.41951
10.86282
6.708121
7.698371
10.842
14.86681
15.52979
12.73682
10.75399
8.366532
12.29057
13.6779
13.66793
12.05266
12.5772
15.14054
22.23734
17.46678
21.28527
20.40919
20.24556
23.38908
21.97713
23.32092
12.7983
10.29735
8.600479
8.0432
8.641647
7.746665
7.86724
10.01589
7.471463
6.68195
7.408921
7.48965
7.651461
6.516161
6.867949
7.854178
7.190606
5.854186
6.393389
11.85426
14.84692
13.40162
9.835523
10.18257
