32.97677
32.6312
32.00674
32.45752
31.24266
32.37978
33.13884
33.78799
33.5482
34.22802
33.54307
33.43068
33.94037
34.04034
33.72607
34.39312
32.98681
32.3476
32.72323
33.50196
32.98403
33.98594
34.66672
34.10801
34.58768
35.38015
36.57973
35.51885
35.67942
36.12563
36.84978
38.00028
38.25936
38.64068
38.93593
39.02559
39.54379
38.30326
38.83043
38.24054
39.40726
38.97623
37.35418
38.51024
39.435
39.05388
37.70106
37.45383
38.00844
37.77342
38.57674
38.3827
36.92649
38.54912
38.3528
38.75994
38.04401
38.83155
39.65337
40.24721
41.72124
41.7115
41.41923
41.47825
41.72879
41.54528
41.65558
41.66058
41.11943
38.74547
38.82599
39.11764
37.52312
37.78105
38.13889
37.28992
37.10963
36.96436
37.39173
36.95175
37.64212
37.88994
37.41037
37.36527
36.81989
36.54495
36.30953
37.22443
37.71194
38.31932
38.61572
37.48988
37.48235
37.28472
36.98888
36.15077
37.56946
36.99826
36.20165
35.75928
35.32698
34.3628
33.81944
33.755
34.18322
33.28477
32.88813
32.55936
33.17633
34.12717
33.21059
32.08103
32.46606
32.74099
31.13262
31.46688
31.16352
31.587
31.06515
31.12529
30.73576
30.52799
31.0541
31.62803
30.97906
29.84506
30.18227
30.15442
29.19853
28.94636
29.20613
29.81358
29.05053
29.48353
28.61807
27.50375
28.54196
28.58998
26.91564
26.44065
25.95239
25.97353
27.32658
27.12219
26.98188
26.57974
26.61251
27.70766
28.60806
28.55038
27.60992
27.95668
28.71183
28.44942
28.58773
28.81396
28.34579
28.86467
28.23986
27.48208
27.6199
27.69898
27.79689
28.00435
28.35376
28.44729
28.91794
28.94042
29.7122
29.1511
29.96373
29.95802
29.65013
30.0647
28.97064
28.7308
28.9271
29.65568
30.27181
30.19557
29.98871
29.87826
31.10705
30.63595
30.86225
30.11101
29.63008
29.39438
30.38418
29.43276
29.74671
30.53814
31.64148
31.37883
31.93869
31.98623
32.31093
32.73945
32.20834
31.33079
30.96801
30.58558
29.53064
29.17508
29.76726
30.58965
31.08023
31.40076
33.15311
33.15907
32.79382
32.25973
32.60527
32.32517
33.15373
34.04311
35.0967
34.34159
33.40785
34.4904
34.53201
35.25763
35.73604
35.97615
36.27574
37.4373
35.81864
35.54942
35.81576
36.65907
36.63137
36.45535
36.42994
35.86281
37.60481
37.28853
37.0843
37.46629
37.02189
36.84387
37.24666
37.60758
36.84929
37.38035
37.18587
37.78135
37.01427
36.12438
36.51775
35.63663
35.95591
35.41956
35.60206
35.77875
35.83856
36.04856
36.09135
35.49712
35.24073
34.48786
35.13519
34.80202
33.81047
32.76635
32.60929
32.46106
32.3585
32.80557
31.71767
32.59719
32.25286
32.54977
31.16095
30.254
30.03131
29.44234
29.49201
29.38146
27.87327
28.81505
29.46187
31.03038
30.73611
31.10843
31.41959
31.4691
31.89242
32.54624
30.51274
30.25321
30.67574
29.6621
29.13004
29.3404
30.39962
29.81719
29.17611
29.65869
30.18369
29.64546
29.75061
29.21726
28.43965
27.43967
27.19346
26.95181
27.07157
27.23418
27.20971
27.09683
27.66478
28.16895
27.51828
27.07766
27.04462
28.02541
28.5621
28.02227
27.20397
27.64373
28.26082
27.78665
26.55737
28.50137
28.33828
28.8432
27.2085
27.8331
26.76819
27.81402
27.87789
28.39917
28.73248
28.8817
29.17858
29.74442
30.41706
30.41815
30.42493
30.62138
29.89367
30.17222
30.59739
31.28785
31.02052
30.93302
30.0046
30.59346
30.49042
30.96115
31.28069
30.68763
30.88889
31.71065
31.1731
31.5716
31.71132
31.90379
32.98422
33.17281
33.89495
34.58602
34.85787
34.97105
34.08845
35.18726
35.87922
35.54361
35.01114
34.54857
34.4335
34.2518
35.17379
34.91871
35.2653
35.75141
35.3225
36.78187
35.5093
37.21326
36.62901
36.6141
36.54629
36.94936
36.50338
34.88477
34.59736
34.57748
34.07968
33.88371
33.67368
33.78109
33.72184
33.8534
33.73071
33.14088
32.16478
32.15471
33.03004
33.46295
33.01193
32.59235
32.80627
33.45215
32.92003
33.15881
33.62589
33.36753
33.1927
33.39998
32.93797
32.46411
32.50858
33.68334
34.02998
32.49051
30.94424
32.62863
32.4203
32.03754
31.70033
31.4477
31.86743
33.21774
32.54716
32.80413
33.86095
33.75187
33.25257
33.73012
32.77037
32.50948
32.32063
31.65823
31.40452
31.45422
31.97054
32.43851
32.37908
33.1177
33.24091
33.41649
33.68026
33.88627
34.15064
33.74972
32.7999
32.29213
31.60039
30.49335
31.22002
31.13781
31.52483
31.0152
30.96495
29.79748
29.20462
29.88695
30.65749
30.75509
31.94121
31.6232
32.37004
32.60442
32.93314
32.97737
31.25385
31.00268
31.75243
31.75912
31.1299
31.15977
31.33205
30.2992
30.28479
29.62519
30.73813
30.45743
31.22969
30.98938
31.3928
31.56617
32.64179
31.59471
32.23731
31.1967
31.69839
30.70879
31.95552
32.50805
32.81892
33.72135
34.25103
34.83438
34.97938
35.33008
34.34094
33.4859
33.882
33.70788
33.57581
33.73448
33.97505
33.90494
33.67225
33.49481
32.97389
32.67429
31.96593
32.68085
31.67484
31.60898
31.27763
30.75882
28.66103
28.92811
29.6078
29.98664
28.81381
28.86085
28.9512
28.94015
27.95866
27.36451
28.49092
28.3492
29.42243
29.87478
28.61132
26.95702
27.67505
26.81486
27.62239
28.0047
27.82447
27.81269
27.41784
26.75759
27.45214
26.59159
25.86463
27.67567
27.15563
28.42065
28.43551
27.62403
26.96214
27.60199
28.15303
29.64868
29.16789
29.06069
29.50677
29.22123
30.17854
29.86257
29.51951
29.1195
29.68625
29.50645
29.42675
29.87227
30.9437
32.30407
31.60079
32.04577
31.85051
32.22319
32.93659
33.95367
33.74925
33.29019
33.21767
33.08332
33.02884
33.40945
33.01319
33.1327
31.26286
31.99386
32.25912
32.49058
32.64862
31.99042
32.24012
31.81649
30.90251
30.98291
30.59311
31.36036
30.76247
30.50069
29.43702
29.5387
29.5603
29.63087
29.77974
30.94987
29.85664
28.90847
29.09432
29.63421
29.93684
27.78493
27.50212
28.433
27.88413
28.75877
28.13202
27.80181
26.61115
25.99813
25.92357
26.13513
25.75079
26.4666
26.62113
27.45969
27.05405
27.41331
27.35312
27.75692
26.37743
27.37387
29.21172
28.69949
28.23019
28.25213
28.27558
28.61942
28.87714
29.6841
29.70437
29.52673
28.79444
28.56048
27.97827
29.05771
30.00809
29.51475
29.03312
29.69066
30.14741
30.24078
32.06577
33.54732
34.03997
34.89032
35.15259
35.23557
36.56515
36.36393
37.61016
38.243
37.49917
38.17792
37.94382
37.94193
38.87494
38.32966
37.87081
38.23235
39.94834
41.19772
41.39065
41.84465
42.97144
43.27262
42.75648
42.30268
41.63455
43.48471
43.96409
44.32552
44.26101
43.13936
43.35221
43.0917
43.77037
42.44795
42.26597
41.97346
42.17769
41.55548
41.36155
41.49597
43.00532
42.94082
42.63188
42.3977
41.77699
41.6676
41.41106
40.82027
40.82301
40.85631
42.09745
41.75024
42.08768
41.49628
40.15174
38.04334
37.38865
36.87424
37.33588
37.51981
36.98375
36.20226
37.89772
38.68557
38.25255
38.05299
38.07801
38.161
38.45936
38.0227
37.45847
37.81783
36.85017
36.51129
37.05155
35.93487
35.50327
34.70511
33.57237
33.53814
33.22097
32.20357
32.99068
32.69556
32.50326
33.29406
33.10238
33.6119
32.50079
33.80675
33.74497
33.00905
32.98052
33.23473
32.32142
33.22082
33.04943
33.14911
33.06896
32.99694
32.22764
31.7204
31.23478
31.15498
31.71376
32.30902
31.35277
31.62502
30.98814
31.13738
29.23661
28.72797
28.85972
27.70867
26.35713
26.33771
26.13033
26.38665
25.31432
26.50073
26.52336
25.98467
26.66565
25.0518
23.88274
24.05243
23.75141
23.37577
23.84188
24.16415
25.05864
23.99436
23.08696
22.79821
22.85588
21.31018
21.45993
21.70595
21.3542
21.90881
20.50744
19.78096
20.39783
20.45329
20.82926
20.48535
21.21225
20.30047
20.92088
21.26685
23.04792
23.52753
24.44212
25.27942
24.1796
24.60587
24.49139
24.0179
24.93565
26.03219
25.64653
25.38067
26.02027
26.48445
26.23853
26.2157
27.71525
27.63942
27.07129
28.68745
28.44938
28.56228
30.56228
29.89176
29.47013
28.82499
28.81427
29.91101
30.17921
31.8919
31.71438
32.26378
32.14154
32.65443
34.01532
32.59542
33.83448
32.96896
32.43232
31.94543
30.89416
31.63982
31.6813
32.60738
32.73476
33.28708
32.94206
32.02123
30.62713
31.74274
32.28653
31.67673
30.34454
30.37873
30.73652
31.66642
31.36388
30.81357
31.1299
32.14859
32.39359
32.04952
31.75472
32.50009
31.88138
32.03583
32.11467
31.77712
31.61951
32.12122
32.04972
32.23385
32.04589
31.5482
31.62615
30.97026
29.95174
30.89384
31.35826
30.09126
30.02998
30.36864
30.46553
30.96902
30.48326
29.9566
30.6922
30.34835
30.21631
30.2761
31.31882
31.35299
32.74586
32.44585
33.06278
33.42424
32.58872
34.79883
36.7207
36.62809
36.39668
36.98707
37.13248
37.40327
37.29273
37.50992
37.09671
36.7233
35.92084
36.29074
36.6614
36.68426
35.22482
35.67917
35.50144
36.37629
37.26125
36.92915
36.16384
35.79313
35.95271
36.39218
35.28358
35.16048
35.08015
34.95861
35.54206
35.71028
36.30658
36.23032
35.68558
36.92246
37.12023
37.71163
37.47878
38.1301
38.14364
37.75411
38.77863
38.05337
37.80749
38.31893
38.4663
38.31767
38.45445
37.01751
35.78795
35.35764
35.75876
36.11745
33.69019
33.01834
32.81253
33.66214
35.50463
35.39081
35.50844
35.43553
34.50918
34.16357
34.93495
34.693
35.1074
34.97492
35.03808
34.52722
33.54675
33.63126
32.56345
33.03509
32.43595
32.53747
32.41284
32.46968
32.11385
32.35142
31.34848
30.06991
30.19978
30.30996
30.35175
30.3742
30.41689
30.93871
30.99032
30.15786
29.68144
30.29895
29.71361
29.17175
28.88883
29.64514
30.7473
30.13018
31.07404
31.0618
31.44525
31.54442
32.20241
31.62188
30.74917
32.00841
31.87434
32.42639
33.41313
32.80169
32.00304
33.15979
32.92124
32.07418
33.15791
32.76735
32.91596
33.2529
32.76973
33.10148
33.24723
34.09178
34.15223
33.55034
33.84712
33.69175
34.42802
34.56155
34.63773
34.38643
34.67545
35.40737
34.26419
33.94011
34.32139
34.72295
34.75329
34.26896
33.24984
33.2743
33.71321
32.39017
31.57871
31.85284
32.11245
31.96741
32.49637
32.64494
32.26124
33.45051
33.83377
32.44782
31.95025
31.39189
31.16882
30.11373
29.21881
29.1589
28.39703
28.47221
28.48468
28.51161
27.66521
28.33475
28.92525
29.22483
29.45985
28.57083
27.47468
27.32086
26.82507
27.45506
27.16274
27.14842
27.94502
27.56993
27.69309
27.98892
29.12131
28.88366
29.46006
28.82082
27.8255
26.95244
26.99196
27.12639
26.76565
27.49027
28.10875
28.62849
28.23043
28.58145
29.48042
29.21558
28.89754
28.19522
27.17692
26.66607
26.42324
25.24243
24.06532
23.50848
23.78196
23.56227
24.0015
24.44872
24.13827
25.18431
24.89897
25.46281
25.83996
26.4739
24.44626
23.6975
23.92048
23.42676
24.13925
23.36959
23.99777
23.61219
22.91174
23.60041
24.35785
24.09224
24.18742
23.9616
24.72927
25.69372
26.18034
26.62445
26.73171
26.62459
26.12873
25.42177
26.86535
27.7583
27.00042
26.82312
26.86231
28.47951
29.20665
29.47771
28.59937
27.89943
28.80271
29.13453
28.87964
28.99392
29.60301
30.75829
30.05211
30.48458
29.81069
28.51132
30.0832
29.29821
29.43873
28.88351
28.47828
28.00626
26.95361
28.87777
30.28952
29.76031
29.99793
30.75853
32.19708
31.66513
32.09373
31.78727
31.91909
32.55211
32.06498
33.29181
31.89268
31.42305
32.20285
32.63537
31.19734
32.04762
31.47766
31.16237
30.73313
30.92501
30.1262
30.22705
29.29447
29.58732
29.82582
29.49013
30.38742
31.4033
29.81343
30.56679
31.14551
31.88329
31.76253
31.9015
32.48993
32.06057
30.4951
31.51823
32.28531
32.10889
30.07632
30.79507
31.46378
30.6736
31.25881
30.80301
31.02569
31.08062
30.77232
30.61454
31.23051
31.18276
31.26569
31.33697
31.56051
30.90766
31.44494
30.83729
30.89039
31.62974
32.63776
32.44917
32.95921
33.37165
33.48813
34.11872
34.85279
33.92213
33.64451
33.65261
34.52192
33.9784
32.89067
32.22442
32.29007
31.90107
32.16534
32.6637
33.11556
33.59072
34.12725
34.17985
34.50005
33.87318
32.88638
34.30167
34.72087
35.11866
34.30045
34.3143
34.47617
33.78916
35.14098
35.56558
35.31322
35.84341
35.40847
35.44688
35.39284
34.77475
34.65198
35.81107
35.90477
36.73015
36.15789
36.4761
36.43419
35.77195
35.63189
36.55811
37.28611
37.3733
37.8271
38.50508
37.94975
36.78985
35.73515
35.06853
35.49574
36.31155
35.4793
35.45006
35.34525
34.86466
35.03027
34.22826
34.84136
35.01592
34.77403
33.9375
34.10542
33.88554
33.19089
33.78249
34.13834
34.42969
33.41398
33.17437
33.34778
32.18694
31.72238
32.20883
32.62787
32.49432
32.50436
33.32604
33.11135
33.28686
32.67937
31.79908
31.67474
30.69806
31.22638
30.18795
30.60137
30.65616
31.36223
32.40024
32.50092
32.29619
31.22276
31.26522
32.10044
33.37181
33.36716
33.54657
33.49303
32.09648
31.35623
31.20642
30.18159
30.88086
31.43536
31.92922
33.73771
33.776
33.30107
33.78025
33.56113
33.48554
33.44801
32.203
32.50232
31.54102
32.09045
32.49772
33.44282
33.53486
33.58231
34.92785
35.45781
34.91872
34.86188
33.96484
33.06523
32.71359
32.9296
33.60573
33.26291
33.64794
33.03878
33.76628
33.62395
35.49126
35.45629
35.81501
35.15409
35.42855
35.15625
35.164
35.39614
35.17762
35.25295
34.62548
35.52395
36.90242
37.92383
37.7049
38.17039
38.9674
38.41743
38.98097
39.48452
39.93332
40.0115
38.9024
38.82557
38.75229
39.78617
40.19983
40.71369
41.48705
40.99951
41.44865
40.34834
40.6173
39.93416
39.6843
39.55152
39.22402
39.61526
39.96594
40.7268
39.50799
39.96446
37.99343
38.1221
38.81421
38.94783
38.48485
39.4715
38.60095
38.54883
38.43791
38.66775
39.10013
38.93671
39.66185
39.09346
39.15753
38.99605
38.81364
39.48
39.09777
39.32745
40.2077
39.30425
39.08764
38.11188
37.94786
38.25269
37.85394
37.44041
37.40948
37.8594
37.00863
36.7527
35.97039
36.0273
35.89915
35.45026
35.20356
35.75209
36.04269
36.18713
35.80302
36.26388
36.53332
37.24661
36.28461
36.56635
35.02019
34.87987
35.46587
35.64966
35.99144
35.09508
34.45031
35.13378
34.46756
34.68447
34.66778
34.22847
33.49674
33.65059
33.90367
34.91749
35.44873
35.67383
36.26731
36.15726
35.78524
36.13466
35.24548
35.38207
34.85926
34.89611
34.60131
35.54404
34.92211
34.72025
34.76738
35.29193
35.73077
35.71776
35.76618
36.16798
35.29455
35.54052
35.33899
34.72621
34.10732
35.59816
36.30277
36.96932
36.16566
36.86457
36.90811
37.50778
38.63702
38.26859
39.90703
39.15462
39.29159
37.30399
37.83823
38.20221
39.24252
38.98141
38.29738
38.53459
38.88254
38.23732
38.88739
39.19711
39.24368
40.78109
40.22838
39.09891
37.95985
37.82599
37.47193
36.37437
36.98656
38.41653
39.03122
39.02662
39.48149
38.91361
38.84251
38.88372
39.71207
38.77152
39.00968
39.0894
38.78066
38.45392
37.87175
38.19226
38.25906
38.50838
37.89675
38.65716
39.13939
38.35379
38.86883
38.82108
39.03086
39.8384
39.20025
38.81821
39.03253
39.75398
38.86152
40.03837
39.98046
40.24535
39.99945
40.62011
40.45829
41.01583
40.70158
39.64426
39.63692
39.89805
38.97428
38.80726
39.5413
38.77206
39.38076
39.48206
40.58612
40.75758
40.46055
40.0471
38.37504
39.07483
39.90347
39.49446
39.26939
40.30939
41.14817
41.04071
40.42681
40.50251
40.26795
41.26084
41.25033
39.2638
38.27142
39.60682
39.84555
39.89715
40.21405
39.55752
39.97184
39.93792
40.74612
40.42916
40.06317
39.18317
39.94431
39.35584
39.25982
38.00287
37.60368
37.00233
37.52851
37.21019
36.52612
36.83725
35.87362
35.74888
35.70172
36.17288
35.61416
35.97128
36.68176
36.40923
35.117
34.57771
34.38581
33.60787
34.49084
34.82634
34.79565
33.8587
34.49786
33.3856
32.90725
33.32699
34.02905
33.01932
33.14376
32.58382
31.09449
29.94468
29.97167
30.38915
29.88588
30.27423
30.46789
31.29072
30.09184
29.59806
28.60191
28.87768
29.34005
28.09102
27.30715
27.3511
28.00321
27.9492
27.17455
26.11508
25.96649
26.04992
26.33136
26.53806
26.47556
26.47475
26.10394
25.66075
24.46921
25.11939
25.31255
25.52142
25.08365
25.54181
26.17856
