33.9319
31.87442
32.81711
33.44917
31.53884
31.68845
32.48461
31.66829
30.79494
32.61872
34.09879
34.21624
32.61208
31.06705
30.21943
30.50915
28.86063
29.28711
27.91868
28.42279
26.88857
27.62542
26.93031
28.48816
31.50804
30.88688
31.67174
30.59644
30.36982
30.32329
31.27713
30.87625
29.96341
28.49711
26.35425
25.09427
26.65975
24.08961
24.52624
23.72923
24.1637
23.41913
23.72199
22.90692
22.83019
21.23572
21.71836
22.79026
21.7383
22.03861
22.21947
22.80207
20.83091
20.14004
20.64368
18.69106
18.58988
18.17524
17.14287
17.23374
16.56921
15.99963
15.18867
14.83161
13.32022
13.18867
12.56864
12.40918
11.77092
11.21124
12.18838
12.66286
12.02163
11.92133
11.87908
11.9374
12.60846
12.09342
11.9526
12.37599
12.5573
11.59359
11.50246
12.13315
12.21682
11.69538
11.94346
11.44088
11.21364
11.3424
11.28869
11.0968
11.11708
11.1022
10.68092
11.57525
11.13447
11.31089
11.24721
11.568
11.85994
11.6829
11.3213
11.02648
10.25399
10.11179
9.780663
9.718715
9.824943
9.639888
9.036827
8.870222
8.638466
9.153916
9.449188
9.394038
8.754265
8.41239
8.265994
8.337722
8.248632
7.884132
7.800462
7.444504
8.016042
7.682051
7.705654
7.34542
6.9995
7.379976
7.020714
7.051334
7.003157
6.853075
7.207168
7.511555
7.313819
6.763921
6.672779
6.480756
6.365519
6.430324
6.235789
5.870661
5.782501
5.54177
5.549042
5.458974
5.598581
5.932176
5.815937
5.910933
5.996951
6.081738
6.22513
6.108593
6.16535
6.423414
6.528288
6.41036
5.991817
5.685157
5.616481
5.231954
5.318102
5.510023
5.633187
5.52743
5.534265
5.354206
5.32691
5.094343
5.244379
5.510523
5.602561
5.741473
6.005116
6.308388
6.220123
6.582107
6.546789
6.4981
6.617751
6.959174
6.845282
6.882988
6.821924
6.543274
6.089948
5.839894
5.864251
5.61324
5.774414
5.776699
5.681368
6.121238
5.995342
5.365982
5.241
5.252957
5.240537
5.316964
5.129335
5.020449
4.949628
4.82951
4.800738
4.404865
4.457409
4.286872
4.287429
4.417381
4.647186
4.738764
4.804268
5.061254
5.104117
5.422802
5.619926
5.665619
5.453187
5.492005
5.017286
4.850039
4.747804
4.440317
4.319928
4.209668
4.423996
4.527664
4.203464
4.361155
4.565949
4.673913
4.49803
5.007838
5.026187
4.936505
4.644436
4.760358
4.533389
4.303261
4.602205
4.441695
4.393774
4.474265
4.525333
4.796101
4.685387
4.626905
4.578128
4.604922
4.566895
4.808716
4.99546
5.110637
5.23987
5.320082
5.106067
4.881887
4.736162
4.897521
5.094876
4.910845
4.70932
4.650676
4.561577
4.476504
4.60072
5.008876
4.678421
4.718269
4.768628
4.67885
4.920972
4.980981
4.876898
4.769184
4.740805
4.276365
4.38736
4.477322
4.762745
4.671392
4.517819
4.751866
4.579025
4.711219
4.554797
4.45973
4.529781
4.592841
4.857484
4.94783
4.831232
4.96524
5.144548
5.118751
5.113696
4.838653
5.111758
5.011197
4.927703
5.264451
5.339748
5.339994
5.195939
5.234477
5.101466
5.179639
5.020674
4.966971
4.603359
4.736152
4.620818
4.611319
4.750914
4.42396
4.452706
4.447917
4.666195
4.704766
4.967848
5.142084
5.239119
5.278936
4.8663
4.713112
5.039269
4.917647
5.093514
4.849091
4.98896
4.992267
4.719211
4.981926
4.951509
4.808311
5.09356
5.123681
5.150124
5.01974
5.186557
5.150016
4.870487
4.947849
4.706568
4.954611
5.015617
5.137615
4.989547
5.040071
5.134769
5.666754
5.77428
5.636838
5.645076
5.542098
5.888814
5.498972
5.31093
5.642311
5.652846
5.71376
5.522818
5.753735
5.717726
5.499129
5.393052
5.355035
5.349556
5.163216
5.366969
5.408869
5.269509
5.539337
5.392878
5.462093
5.470964
5.38382
5.542685
5.352811
5.167759
4.997493
4.821657
4.549657
4.594935
4.648378
4.728397
4.490224
4.345722
4.549475
4.553738
4.680011
4.539441
4.705417
4.704894
4.845466
5.160012
5.338305
5.328707
5.30784
5.417894
5.12102
4.863701
4.996387
5.246807
5.263605
4.886822
5.084077
5.112969
4.971874
5.348997
5.486958
5.439387
5.041262
5.195086
5.310693
5.377562
5.492231
5.824019
5.8004
6.119829
6.177486
5.97209
5.83329
5.799948
5.921523
5.726632
6.209001
6.27744
6.506755
6.363033
6.2804
6.374647
6.213421
5.848164
5.782383
5.797922
5.584751
5.258176
5.287722
5.487679
5.437838
6.090368
5.726007
6.23428
6.058829
6.388221
6.325546
6.652606
6.580901
6.383163
6.112289
5.890046
5.751837
5.644215
5.400957
5.451144
5.76103
5.56769
5.365494
5.267672
5.223495
5.045277
4.774657
4.666919
4.828162
4.653265
5.15889
5.274626
5.416857
5.561711
5.519479
5.58602
5.66801
5.280669
5.0227
5.231401
5.190579
5.434679
5.422599
5.380355
5.089923
5.15041
5.30302
5.480111
5.327632
5.176897
5.278943
5.522063
5.634447
5.695924
5.540729
5.475207
5.68887
5.604868
5.338676
5.203787
5.479754
5.567233
5.557856
5.541405
5.890587
5.757664
5.36307
5.458268
5.339587
5.4142
5.417053
5.722755
5.453484
5.191851
5.397009
5.413052
5.287884
5.114605
5.150899
4.875252
4.950928
5.217165
5.12995
5.386125
5.328024
5.484417
5.502549
5.344871
5.379355
5.66725
5.306289
5.2919
5.505066
5.350174
5.501439
5.683917
5.843132
5.805865
5.626812
5.665129
6.152386
6.077155
5.772789
5.591992
5.612892
5.724573
5.763454
6.03538
5.915605
6.093131
5.801619
5.886212
5.708835
5.555985
5.435892
5.279288
5.555466
5.682411
5.946623
5.549582
6.005529
5.595749
5.495392
5.74523
6.114956
5.795482
5.694661
6.154857
6.214495
5.612464
5.294755
4.990072
4.961985
5.117318
4.907336
4.921909
4.840481
4.86179
5.156265
5.053276
5.03166
5.180617
4.898172
5.082847
5.35799
5.647678
5.909416
5.777144
6.197471
6.161295
5.759925
5.749782
6.084878
6.265625
5.98979
6.122011
6.151591
6.153363
6.25653
6.166902
6.220332
6.165704
5.90681
5.947694
5.971038
5.789473
5.914294
5.75154
5.881413
6.008867
5.997204
5.949252
6.162526
5.882004
5.404338
5.285932
5.455157
5.69609
5.287123
5.138196
4.950485
4.81195
4.9116
4.482345
4.634145
4.632144
4.503636
4.497253
4.499751
4.417946
4.558202
4.556337
4.369077
4.24008
4.188316
4.21963
4.238058
4.374057
4.342908
4.156218
4.428141
4.566023
4.359116
4.332197
4.488027
4.242239
4.319301
4.507359
4.438524
4.384209
4.354548
4.35666
4.628966
4.590346
4.587931
4.426976
4.40434
3.989208
3.854691
3.860535
3.708204
3.511686
3.52851
3.597264
3.649633
3.506744
3.535053
3.504184
3.566616
3.53715
3.521879
3.38672
3.344288
3.196326
3.246651
3.20584
3.39739
3.400734
3.509772
3.511273
3.399576
3.289068
3.304859
3.30681
3.291694
3.260751
3.314566
3.555127
3.335161
3.084653
3.342186
3.357513
3.105853
3.015469
3.003471
3.166382
3.418571
3.400614
3.350601
3.255982
3.450251
3.455087
3.369467
3.410044
3.582555
3.857421
3.642682
3.420256
3.628404
3.712479
3.84019
3.698398
3.759671
3.666516
3.643865
3.833882
3.759023
3.590526
3.626141
3.426631
3.484413
3.48712
3.587937
3.821485
3.676672
3.396896
3.404354
3.389394
3.373486
3.339532
3.274952
3.153601
3.212402
3.013465
3.183808
3.153168
3.294813
3.15748
3.126761
3.119507
3.091982
3.106881
3.001795
3.022832
3.214391
3.179516
3.083642
3.21441
3.243231
3.359732
3.38848
3.523208
3.471686
3.671946
3.879494
3.980087
3.995823
3.79218
3.719264
3.598349
3.473225
3.528035
3.573496
3.606387
3.611093
3.562191
3.526181
3.60723
3.805219
3.784275
4.234507
4.14464
4.044961
3.799802
3.916147
3.900328
3.934902
4.082274
4.169178
4.033873
4.261646
4.136266
4.343949
4.464277
4.27645
4.132716
4.267346
3.865601
3.679453
3.451489
3.433366
3.473068
3.40014
3.242791
3.073638
3.210525
3.260482
3.114356
3.075321
3.272558
3.09776
2.998363
3.000618
2.966018
3.008554
3.210514
3.208977
3.030391
2.982614
3.00773
2.833866
2.665062
2.555541
2.551259
2.654717
2.725835
2.723411
2.879242
2.813593
2.814836
2.657652
2.663532
2.686112
2.721152
2.492332
2.49769
2.516077
2.505392
2.592107
2.52273
2.422323
2.516734
2.690524
2.807271
2.762647
2.668076
2.694027
2.710845
2.752125
2.865149
2.762823
2.725232
2.683887
2.78219
2.704699
2.679183
2.688569
2.781267
2.553906
2.493793
2.522469
2.674092
2.738127
2.853645
3.0381
2.932055
2.936954
3.043288
2.902034
2.789817
2.860838
2.712141
2.662909
2.55045
2.583275
2.420974
2.479897
2.631462
2.567259
2.496073
2.6021
2.570502
2.56908
2.431474
2.455626
2.389478
2.35138
2.34883
2.496321
2.591626
2.598135
2.456044
2.32489
2.33292
2.312777
2.421179
2.348393
2.275019
2.313789
2.366518
2.336676
2.374185
2.339656
2.505946
2.467452
2.412182
2.398253
2.440435
2.296266
2.332888
2.183286
2.26287
2.294788
2.408265
2.339252
2.37933
2.326426
2.36536
2.413236
2.406026
2.582102
2.650703
2.608679
2.527703
2.416888
2.60973
2.615537
2.476896
2.428869
2.429775
2.402257
2.553666
2.644166
2.466836
2.262332
2.380271
2.268589
2.223367
2.205748
2.152054
2.190977
2.299762
2.363559
2.452862
2.468984
2.596726
2.566487
2.667996
2.430529
2.596565
2.586027
2.51022
2.53246
2.430423
2.3895
2.499543
2.475679
2.465475
2.608597
2.582343
2.63088
2.628567
2.667148
2.707342
2.752674
2.913601
2.918702
2.977269
2.921445
2.877133
2.990794
2.830024
2.879637
2.827241
2.665817
2.715442
2.871573
2.982138
2.986913
2.922829
3.036221
3.170672
3.235006
3.117554
3.084492
3.046061
3.205271
3.116397
3.182799
3.214584
3.226023
3.298686
3.183198
3.188429
3.227307
3.364619
3.547895
3.494153
3.630153
3.467673
3.575689
3.690479
3.593893
3.693394
3.712445
3.716559
3.564497
3.507713
3.346467
3.105271
3.170483
3.117556
3.23393
3.228878
3.382566
3.317479
3.159012
3.07149
3.152633
3.299714
3.252556
3.271867
3.145698
3.272938
3.223363
3.195169
3.109273
3.297803
3.251594
3.25354
3.358317
3.373208
3.45393
3.445926
3.382919
3.385517
3.516505
3.260154
3.037044
3.174256
3.339546
3.348127
3.583534
3.539714
3.349826
3.218425
3.132293
3.101555
2.987386
3.235505
3.180407
3.204807
3.210548
3.274863
3.118481
2.884931
2.769415
2.826012
2.990168
2.879276
2.929442
2.950866
2.99465
3.015177
3.139658
2.976376
3.131823
3.254629
3.254052
3.319812
3.243022
3.200068
3.119051
3.059429
2.931995
3.031221
3.087507
3.13407
3.367343
3.366104
3.371274
3.533769
3.520524
3.326904
3.349297
3.503503
3.727923
3.62546
3.701531
3.548235
3.616783
3.501459
3.41195
3.318625
3.33283
3.297131
3.454461
3.452074
3.477406
3.530938
3.450304
3.492537
3.637145
3.624392
3.649831
3.758334
3.794181
4.074777
4.352754
4.161846
4.398219
4.263742
4.198775
4.139983
4.187643
4.027915
4.083276
4.099724
4.252995
4.475409
4.312263
4.298856
4.28683
4.255323
4.099259
4.265223
4.286251
4.216088
4.40254
4.302634
4.166522
4.29633
4.116668
4.165364
4.307917
4.187153
4.26298
4.279576
4.450279
4.476555
4.647678
4.688212
4.592894
4.704639
4.824214
4.691308
4.764254
4.775699
4.900573
4.843373
4.87408
4.888794
4.83285
4.849248
4.96516
4.711398
5.054386
4.794801
4.609343
4.400136
4.222866
4.618768
4.384463
4.262384
4.307734
4.494256
4.647034
4.786606
5.006735
5.338654
5.080735
4.780192
4.829223
4.959377
5.177553
5.345145
5.473083
5.592082
5.746152
6.115318
5.991634
5.906558
6.121671
6.077139
6.369895
6.38386
6.74438
6.620903
6.778067
6.666752
6.526828
6.561364
6.661253
6.594534
6.593201
6.403676
6.391153
6.766049
7.081886
7.006281
6.942754
6.958915
6.789
6.274418
6.404804
6.210587
6.328798
6.414701
6.013812
5.775881
5.639478
6.183202
6.127769
5.962875
5.974288
5.862731
5.88089
5.744353
5.510489
5.054929
5.054754
4.9296
4.793113
5.002376
4.824765
4.636109
4.574822
4.483294
4.640657
4.514622
4.445767
4.255751
3.924942
4.052266
3.873109
3.959326
4.100887
3.972483
3.982942
3.890375
4.151041
4.29728
4.456828
4.17635
4.02169
3.98109
4.150213
4.249821
4.408746
4.007274
4.25013
4.253805
4.296164
4.299804
3.935252
4.03492
4.132921
3.96793
4.136009
4.358734
4.579271
4.741956
4.438336
4.365257
4.596725
4.676026
4.685772
5.008736
5.10358
5.368637
5.326155
4.888909
4.575095
4.345378
4.748677
4.832168
4.8789
4.797412
4.536183
4.466761
4.457325
4.349898
4.407576
4.457227
4.455968
4.375611
4.449704
4.366224
4.274543
4.493494
4.57651
4.567356
4.62778
4.512936
4.476846
4.615198
4.669403
4.673539
4.960386
4.617104
4.414833
4.27279
4.093218
4.202911
4.022717
4.028937
4.084295
3.801041
3.76967
3.718704
3.524097
3.391944
3.186723
3.284117
3.187014
3.020543
3.038882
3.103747
3.135202
3.00419
2.906653
2.934318
3.018901
2.802343
2.636736
2.619168
2.576772
2.542837
2.464102
2.390175
2.194527
2.304373
2.214233
2.217297
2.07617
2.068546
2.006329
2.196298
2.194805
2.139893
2.252251
2.244692
2.271963
2.391253
2.447796
2.406429
2.315359
2.386174
2.522433
2.576536
2.457012
2.460138
2.476768
2.533766
2.453769
2.409827
2.426722
2.50605
2.388209
2.493472
2.63762
2.661664
2.675711
2.693829
2.515068
2.544058
2.508449
2.51581
2.523563
2.466954
2.409247
2.446109
2.39687
2.323841
2.32002
2.34005
2.308356
2.203241
2.133437
2.155513
2.064319
2.112612
2.088179
2.057754
2.053472
2.030871
2.017902
2.066124
2.10946
2.00241
1.970165
1.997742
2.043954
2.062154
2.158343
2.081031
1.965518
1.943091
1.893395
1.903524
1.859275
1.86548
1.790801
1.722423
1.662505
1.643637
1.689214
1.784019
1.699121
1.655345
1.653976
1.580246
1.526541
1.601438
1.686881
1.637284
1.714646
1.631647
1.56624
1.690192
1.674251
1.669959
1.76665
1.884258
1.844672
1.759883
1.832152
1.853259
1.915421
1.867011
1.848702
1.842393
1.888442
1.865337
1.805856
1.921011
1.98419
2.088687
1.981564
1.793772
1.754617
1.728044
1.734366
1.728374
1.768281
1.734925
1.809325
1.734573
1.711718
1.671608
1.703806
1.707848
1.675547
1.740651
1.745093
1.732698
1.732575
1.773503
1.711782
1.719935
1.665042
1.620762
1.588231
1.60788
1.595465
1.560102
1.650001
1.636713
1.629703
1.681601
1.674878
1.767347
1.804577
1.862092
1.7669
1.842873
1.811387
1.805592
1.811904
1.810643
1.851709
1.843714
1.909761
1.992754
1.9625
1.969288
1.917545
1.992046
2.006705
1.941379
1.958442
1.882643
1.92361
1.941738
1.886218
1.842035
1.842024
1.857264
1.830423
1.909872
1.899953
1.758097
1.889762
1.913867
1.890894
1.808596
1.761175
1.737907
1.670024
1.711674
1.602705
1.671201
1.678271
1.760831
1.699967
1.720025
1.604186
1.550269
1.475739
1.456557
1.541995
1.544714
1.483649
1.586434
1.650889
1.712389
1.768363
1.779086
1.694465
1.653575
1.799425
1.797504
1.797747
1.755678
1.779342
1.779566
1.813769
1.807564
1.798361
1.758283
1.717996
1.879906
2.024718
2.012939
1.870694
1.801932
1.838234
1.786688
1.708777
1.692076
1.693069
1.734289
1.826962
1.774639
1.898206
1.919991
1.9054
1.774353
1.706784
1.674352
1.715753
1.641789
1.574595
1.599491
1.61077
1.607337
1.602239
1.591153
1.566917
1.610988
1.641693
1.697479
1.675617
1.614428
1.694645
1.691056
1.604753
1.635391
1.571566
1.559981
1.544003
1.477838
1.3828
1.263428
1.223386
1.236204
1.291435
1.280751
1.26891
1.345682
1.310153
1.301187
1.276854
1.280049
1.283882
1.279295
1.35372
1.337034
1.29984
1.36363
1.482708
1.507021
1.492119
1.446105
1.445645
1.435764
1.415333
1.408421
1.353228
1.306982
1.296579
1.270172
1.306269
1.286486
1.381357
1.478844
1.420807
1.435796
1.472969
1.599689
1.601616
1.61887
1.622651
1.638488
1.580529
1.549511
1.509268
1.461031
1.480134
1.466166
1.476783
1.562008
1.50083
1.530979
1.582935
1.625525
1.585666
1.548145
1.618127
1.734457
1.767298
1.686506
1.630442
1.585066
1.572411
1.52168
1.532552
1.538091
1.533675
1.560165
1.420733
1.390748
1.362317
1.419638
1.278975
1.181436
1.193124
1.283287
1.302521
1.23682
1.190166
1.199531
1.164127
1.15274
1.155883
1.166096
1.131548
1.120114
1.071105
1.069811
1.08428
1.043443
1.041395
0.9973311
0.9705258
0.9272838
0.9320478
