32.66301
33.62474
35.02857
35.74336
35.84164
35.94047
35.77729
38.36758
40.33206
41.02514
41.54633
41.56703
40.63143
42.93658
42.75097
41.51698
42.27992
42.4289
40.47984
40.55296
40.78113
41.39289
42.87623
41.7018
41.23328
41.94927
43.3532
42.52722
42.43522
41.99313
41.06034
41.4877
41.53616
42.26455
42.37275
42.45618
40.55357
42.16994
40.09599
41.5687
41.79872
41.74132
42.48656
43.38486
44.41486
44.93747
44.58692
44.25259
44.11154
45.53744
46.80969
46.89294
49.2311
48.57634
49.33752
48.70962
46.9457
50.86337
51.0424
50.99181
51.84923
52.58638
52.21174
49.88269
49.6335
49.54928
46.70945
47.27462
48.15697
48.2115
47.00404
48.27066
50.40897
50.87996
49.63104
50.33818
51.92816
50.36036
50.84196
48.54996
48.41173
48.57651
52.20115
50.82113
50.49384
49.14563
50.98674
52.2519
51.71711
50.62731
51.7966
50.55487
51.5801
51.63891
52.41163
54.10561
53.48721
51.30093
51.59707
53.34377
54.5083
55.70598
59.6654
60.95918
59.15766
56.20497
57.40293
57.28953
58.51242
60.08753
60.7119
63.49322
62.58821
63.4506
63.65496
65.40624
63.80236
64.33005
63.98943
65.56364
65.07267
63.61875
61.0087
59.67707
60.84301
59.96869
57.25449
56.80789
55.4172
56.10051
53.87873
54.28313
53.82461
53.00552
52.64258
55.83555
55.40518
57.17317
58.43166
57.51455
56.51568
55.96054
55.13008
52.87869
53.33926
50.87267
52.29315
52.60937
52.21958
51.84007
51.16157
52.32629
52.2543
51.6378
50.93582
52.44713
52.18904
52.02188
53.11683
50.66519
50.06992
50.93262
52.03141
51.63579
52.66447
52.37343
52.94277
53.04332
54.30317
52.65317
52.66459
51.13731
52.53394
52.04926
51.58145
49.43663
48.36168
48.49377
50.14839
51.00819
49.30655
50.50849
51.02624
49.02101
49.02373
50.80558
51.53019
48.40844
48.97224
49.02126
47.36819
48.08768
48.10732
47.76163
47.44005
49.33838
51.33568
50.44685
49.35364
50.70371
50.15425
50.00494
49.32978
49.91619
52.47312
49.89676
48.42711
48.19524
48.252
46.94483
43.97561
43.07065
43.6904
44.2671
45.92048
45.64505
46.99979
48.73173
49.09706
50.37035
51.95445
51.22825
52.05672
53.42832
54.36761
53.5506
51.71998
52.71007
52.30024
51.29937
51.25493
51.02359
49.33649
49.46472
47.9734
46.36256
49.06746
48.47747
49.62578
52.0479
51.83404
50.04482
52.0117
53.14426
54.79674
50.55325
51.31355
49.42852
46.168
44.78851
45.05752
43.01984
44.98173
45.97208
47.91477
45.52558
44.74151
45.28912
48.12736
47.96659
46.42065
44.76906
44.16001
45.3539
43.78564
44.28209
43.81032
43.695
46.78347
45.59194
44.78664
45.3986
45.98841
44.95705
44.19912
41.67343
44.1702
45.1241
44.93685
44.7293
45.04598
45.95241
44.16066
48.37157
46.72178
47.61888
48.00666
46.59422
45.20905
46.67925
45.78093
48.0931
45.39754
46.49486
45.60257
47.28781
46.22305
46.32333
44.48321
45.50915
45.25038
48.44935
50.61852
50.25226
50.52175
50.7311
54.28169
52.63687
49.76393
49.41909
47.42561
49.39542
49.49918
47.50975
48.09226
46.03094
45.17763
45.29909
47.66766
46.34343
45.69507
44.86229
43.91107
43.04052
43.18513
41.81979
42.54454
41.05769
42.93991
43.37167
44.6525
45.02475
45.92551
45.96676
45.89156
45.50459
46.29596
47.19925
47.58419
48.30154
48.4415
49.8024
51.38395
51.4034
54.48964
51.47582
52.03469
52.39547
51.03137
50.63323
50.00765
47.82524
46.35172
47.09124
48.08226
49.54808
49.62668
47.596
48.77883
50.30917
52.29311
51.89101
50.21597
53.33776
54.52099
52.61366
53.64515
54.94196
52.54428
52.10788
51.54221
50.99214
54.83632
53.61948
51.4383
49.76647
50.23553
47.97315
47.3892
48.25766
49.75897
52.28589
52.60699
52.33036
53.80295
52.61979
53.91484
52.73764
53.28373
53.4287
54.75702
55.76228
59.01733
59.35041
56.02911
55.12458
55.41623
51.08594
51.1409
50.72577
48.68752
50.30053
48.59921
46.65707
46.64307
47.50234
45.1423
44.59424
44.14712
42.66216
40.69531
40.66422
39.1775
40.57418
39.8721
40.35137
39.58058
39.95097
40.03716
39.43073
38.51958
38.15333
37.75981
37.65974
36.82694
37.51962
38.57711
39.84319
39.85365
38.49736
40.73175
41.2047
42.18835
40.53216
40.90042
40.48884
39.95333
42.02114
42.02094
41.85582
41.70212
44.86468
45.04916
45.74029
48.51677
47.09343
46.7174
47.94351
47.53415
46.98894
46.62284
45.50963
44.47778
44.5263
44.60264
44.14479
43.26334
41.14622
40.99554
41.85993
41.843
41.86921
41.11604
41.41255
41.54089
43.42746
42.29952
41.78011
43.16584
41.54835
42.60769
40.08508
41.36534
40.45664
41.76881
42.92194
44.65524
45.02604
43.72347
43.2742
43.03176
43.02532
42.3961
43.34909
41.97603
44.21055
44.3146
44.27774
45.02833
46.79974
47.68975
49.93266
46.65977
48.12448
49.63385
47.93998
47.5876
46.35428
47.15715
47.65991
46.92256
46.3563
46.78819
48.38036
47.084
47.04981
46.26478
45.8889
46.01605
47.51862
48.74004
47.9181
47.63131
51.00789
50.39285
49.30892
50.16055
49.93586
51.53625
50.45756
51.11533
48.15367
49.62568
46.53422
46.46429
47.41353
49.30971
48.03531
48.87047
51.01432
52.159
51.13141
53.54725
55.11121
55.31916
55.53871
55.81149
57.17713
57.86575
56.55406
57.02257
58.99882
60.48545
58.53039
57.90623
57.88818
55.25087
52.9947
52.64313
53.63718
52.16333
52.21264
53.4043
52.29298
52.88993
52.77335
55.94254
58.30072
59.44844
58.11152
58.11299
58.45307
55.2407
53.02856
54.70603
55.26805
55.76847
54.01367
53.01544
50.37379
52.28588
51.55126
48.75507
49.96966
48.97035
49.95402
52.07552
53.49348
53.54013
52.32076
51.40659
49.67863
51.11376
50.02405
49.13847
46.63312
46.35602
48.33277
48.80428
51.78607
51.1202
52.60051
50.63028
50.2501
48.67623
49.62484
49.35462
49.13504
49.41897
51.36807
52.91837
52.39887
53.21129
55.00031
53.73894
54.03092
55.26142
54.57685
56.31996
58.25196
59.6291
58.81009
58.22882
56.79426
55.66436
54.20451
54.72341
53.90658
52.99068
52.85903
51.65181
50.47165
52.09714
52.56276
51.88676
52.71559
52.10178
53.0235
52.49432
53.33673
51.89328
52.77331
51.50925
51.52629
54.22509
51.92882
51.7997
52.87437
53.12149
55.14194
57.50003
59.60885
60.47403
60.9387
60.37436
57.97675
56.092
55.32232
55.74391
53.27676
51.16441
50.56633
50.63649
50.67186
51.46627
52.01615
52.0798
54.00774
54.49277
54.53742
54.5384
55.97132
58.46442
58.44217
58.83134
58.73015
57.78267
57.11733
57.06656
56.84863
57.11769
55.92543
54.48582
55.74978
55.02269
53.20843
52.65583
53.97218
55.2707
54.84482
52.94612
55.27925
54.83122
54.56201
55.31909
53.86819
51.89986
50.27902
50.3792
52.97336
52.43352
53.84704
53.84199
52.34339
54.4809
53.75612
52.50565
51.69725
52.05922
53.04475
55.08145
55.84008
53.61084
53.16702
54.26582
52.48943
53.49228
51.16061
51.05646
50.08492
48.91502
50.83496
50.25902
51.78899
53.00907
55.25032
55.25517
55.83233
57.29709
55.95416
53.8466
53.37157
53.07052
52.41394
55.63604
54.53042
54.52816
58.40633
59.94005
61.63052
58.83852
57.9699
56.44182
56.3029
54.54229
53.2937
53.45557
52.46802
51.67358
50.60202
51.05761
50.22058
50.03225
49.56197
49.04905
49.508
49.38469
49.20947
48.7803
48.16236
46.68391
44.5027
44.97535
46.09481
47.83587
48.8167
48.2721
48.04094
49.77861
48.53954
46.04373
46.61494
48.41967
50.00688
48.60539
49.37824
49.80673
51.44928
53.19507
52.90071
51.30667
50.95659
50.66134
50.36788
49.18682
51.53957
50.5548
46.0998
45.8469
45.71806
44.63975
45.64816
45.52078
45.20212
42.00407
43.20283
42.81562
44.35516
45.32269
45.30463
46.12167
45.52562
45.07661
45.36962
43.50232
45.47536
45.98757
43.04002
42.05863
42.16946
41.51899
41.78117
41.51524
41.0058
39.73009
40.32653
40.61484
41.82868
43.09114
41.98732
43.7065
43.31075
42.79464
42.69176
43.71521
43.04292
44.76995
44.15789
44.54763
47.44838
48.99799
50.92525
49.56843
51.2471
51.38701
48.86384
47.38499
49.48341
47.56161
46.67094
46.23273
46.30593
45.89422
46.19863
45.19835
45.92335
47.68288
50.16197
50.32487
49.61462
49.28334
50.4774
51.42153
50.94944
50.22494
51.27873
52.55357
54.16385
53.26253
51.76131
50.2588
49.12745
48.73075
49.46127
49.70844
51.25393
50.56585
52.41801
54.22841
54.45306
53.79132
53.74765
51.16345
53.15985
55.01716
52.64172
51.51431
50.00215
50.71352
50.05321
51.74251
50.50685
48.3976
49.30295
47.8059
45.76413
45.16082
45.64383
45.80959
46.31035
46.35628
46.96568
45.88443
47.27227
47.25709
45.70212
45.53866
47.05389
48.64852
47.81833
47.63031
45.77103
46.17285
46.9244
48.45718
47.7619
45.53794
43.85922
44.38386
43.97695
45.45272
46.94408
45.89248
45.84286
45.59906
46.50265
44.28069
45.90843
44.73452
42.41542
43.86281
44.09921
42.95679
43.45902
46.73634
45.94245
45.78311
45.381
44.88075
45.70863
43.86981
45.13161
43.87071
44.27996
43.34106
41.35662
40.28795
39.10291
39.7818
39.81033
38.26235
39.81679
38.69506
38.78475
37.03652
39.05606
39.55233
40.3051
41.39508
38.58315
38.48769
38.9618
39.82071
39.76691
38.90631
39.68581
39.03478
39.83967
37.64537
36.68974
35.32708
33.93719
33.26403
33.45662
34.13437
35.42674
34.97966
34.48731
33.41843
33.20041
33.50935
34.86442
35.89392
35.28037
35.41045
36.37613
36.91259
36.80238
36.80274
37.54179
38.19484
39.36492
38.2865
36.25486
36.28444
36.17786
36.54055
35.21998
34.74263
34.55677
35.75632
35.46162
36.60053
36.67023
36.69599
37.22483
35.70128
35.05037
33.88055
34.00039
33.80602
34.15482
32.29981
32.58147
32.52495
32.79601
33.58151
34.21235
35.94388
36.1024
35.57976
35.09751
34.17333
34.54706
34.10174
34.01449
33.26615
33.31871
33.87154
34.6566
33.94414
34.29268
34.02344
33.31732
34.80569
34.40639
33.46345
32.47236
33.05164
32.20392
31.64929
31.83964
32.39788
32.21578
31.2654
32.27391
31.80705
33.25497
34.12821
33.35118
35.38865
34.76105
34.30535
33.28632
33.65482
32.42114
32.34426
34.24654
34.34315
34.50943
35.74337
36.45964
34.96639
36.99858
36.61811
36.54857
36.18077
34.7993
33.93087
34.18441
34.65576
35.8234
35.83811
37.12625
37.78921
37.65357
37.49989
37.69233
39.01569
39.32069
40.77029
39.66367
40.54466
40.15971
38.4107
39.47877
37.37506
38.24258
39.53384
39.13748
39.07168
39.13025
39.60295
38.60058
39.07536
39.30532
37.599
39.87854
39.38824
38.81695
36.81
37.19024
37.43928
38.0652
39.27176
38.82063
38.44704
39.7727
40.56324
39.87784
41.73307
40.12616
38.5013
38.83675
39.56078
38.81435
40.7123
41.3838
42.993
41.7704
42.87909
42.16438
44.39888
43.0916
41.50704
40.95583
41.02491
39.31868
38.25596
38.36376
41.19843
42.36307
42.62383
40.91103
39.0421
39.12607
41.11322
44.32245
43.90871
43.31867
43.62899
44.54666
44.59468
45.55896
46.40559
46.44211
44.77769
43.36949
42.81502
43.90983
41.97334
40.74803
41.20083
41.66155
40.71612
42.38568
40.04307
40.84208
41.25236
41.7413
43.68274
45.03627
45.83088
43.7986
45.77823
45.13493
47.003
46.72412
47.85169
46.71251
47.33528
48.33176
46.79348
46.76243
45.86881
45.72271
43.47345
44.10212
45.39548
43.76751
45.3338
44.78598
43.89548
44.22762
43.17686
44.52569
42.82515
41.42932
43.29622
42.8097
40.51038
39.04631
39.16745
40.87667
39.83417
41.25892
42.6131
43.32561
43.36856
44.52855
44.31178
45.60154
45.97196
46.15832
48.15058
46.82255
46.08058
46.9579
46.54436
46.32167
45.69086
44.94957
44.93546
44.10038
43.22239
44.6603
46.02128
46.92758
45.92662
45.7689
46.45015
47.88378
49.08849
51.99318
52.24797
54.35176
53.30879
53.22052
53.54368
54.77451
55.0753
54.56217
53.03392
50.52644
51.15677
50.57858
50.90125
50.85517
50.88628
51.66947
51.88843
50.26838
51.56108
52.43873
51.84599
53.05802
54.29524
54.86946
53.03246
55.04967
55.72869
53.22226
52.48205
50.87476
52.1412
54.90554
55.6072
53.76968
55.44979
52.70566
52.59428
54.14139
54.77215
54.8758
52.73519
53.43269
54.18825
53.71175
51.43938
55.05644
51.89315
51.77458
50.08971
48.82508
47.41635
45.70168
45.71946
44.74273
46.52305
45.80538
45.56127
45.42034
48.40596
46.3581
46.4861
46.61295
46.73545
45.75636
45.27551
46.43678
45.60182
43.70104
44.44976
44.04634
45.14429
46.22183
46.25102
47.29182
47.93045
45.70902
46.37811
46.37169
46.66619
47.18746
47.9277
47.52328
47.69201
49.55202
47.37928
46.91018
46.90889
48.16223
45.5976
46.43982
45.52768
47.61129
47.55491
48.89328
48.99825
51.35156
49.86349
50.67473
53.09578
50.43518
50.72501
51.19109
49.25865
50.19723
50.40888
47.28383
46.8064
44.16469
44.06495
42.62608
42.44315
42.75007
41.45253
41.56757
42.13554
43.76786
45.70029
44.67138
45.72958
47.19436
46.33849
47.2885
48.54379
48.42374
46.4456
46.15327
48.11534
46.75276
48.46721
48.92355
46.76677
46.24172
47.67193
49.15594
47.69007
47.13553
49.269
48.18127
49.50357
48.74248
50.05346
50.99797
53.77267
54.71507
55.90023
54.30631
55.19621
55.39373
55.27943
52.2703
54.03834
52.76176
53.36837
50.33801
47.71139
49.0323
49.33016
50.9343
50.25131
51.70547
49.41527
48.51846
47.04707
47.71386
48.53831
49.38969
49.90109
50.89509
50.36493
50.95302
49.77497
51.30942
53.48339
53.24065
52.27784
52.50548
50.73144
51.18581
51.39509
51.86876
53.53891
54.02217
51.54558
52.47879
54.20788
56.07968
53.59072
52.17152
52.13107
51.65362
52.1869
51.15471
52.72338
53.39261
52.08924
51.44761
50.76012
51.41846
51.62594
50.94611
49.41581
50.86809
50.05162
49.76232
48.01403
47.84089
47.36663
45.81007
44.66788
44.46461
44.43961
45.95722
47.01139
48.07466
49.29035
51.78865
51.51904
52.525
53.88759
55.37381
54.27666
57.58983
55.75887
55.74876
56.56297
55.81318
55.60479
56.86631
54.37084
56.3702
56.47326
58.04551
60.96621
57.35016
57.94655
58.48816
58.76769
56.72082
56.46364
57.22771
59.04304
61.08609
59.09704
59.79574
59.45252
59.37764
61.61834
58.65768
58.45816
56.23616
55.86966
56.48421
55.15825
57.10059
57.37308
56.56694
57.58948
59.1767
59.49901
60.33028
58.55188
61.77925
62.30049
62.68305
63.32332
59.5871
60.21841
59.26889
59.87933
59.44099
56.79533
57.76677
60.27879
58.32864
57.61808
57.5858
57.68625
55.93768
56.33166
55.30482
53.34708
55.76481
53.59971
54.74213
52.83273
55.71088
55.96985
55.86426
60.91937
58.00062
60.1721
61.38523
56.5463
56.42771
58.2656
59.34582
58.85632
59.34378
58.78834
60.00022
61.16146
62.29759
63.04723
63.38204
57.7668
57.06219
57.29521
55.78531
56.45449
56.86701
58.27345
57.42559
60.02167
62.25461
59.15575
60.90891
58.7594
58.96065
61.72916
59.85007
59.04278
58.901
56.94898
54.72903
55.8882
56.47145
56.39278
55.40292
55.93958
56.22013
54.77721
55.09315
55.04669
53.83589
52.20696
51.28012
51.26044
52.29068
50.95755
49.886
49.22745
53.10234
54.31316
51.85887
50.91616
50.84936
50.22007
51.22853
51.422
49.94627
49.00173
50.67292
50.23479
48.02177
48.584
48.63487
49.36926
48.5233
48.63432
48.71829
48.48088
50.764
48.66215
49.18116
50.0812
48.69408
49.07582
49.85523
49.71782
51.64253
55.1167
54.16047
54.70988
54.39066
55.12655
55.67211
55.24164
54.2816
55.38711
58.98603
58.37807
56.41562
53.87463
53.74044
54.43529
51.86281
55.13734
54.15755
55.29596
56.49549
54.94268
56.51936
58.31093
58.73663
58.49046
56.72537
55.69371
56.46013
55.62769
55.40007
55.85112
56.58523
55.544
56.05237
53.64356
54.44061
53.7518
54.30795
55.68304
53.56586
53.37767
51.69292
50.08992
50.49647
52.79427
53.52175
50.23588
50.66749
50.171
48.82051
46.39875
46.39731
43.75417
45.48781
46.32268
44.54728
45.04725
45.31925
45.89681
44.38437
45.26688
47.23154
47.28108
46.85536
45.34892
44.18876
43.12843
43.81163
44.20662
44.3208
43.2945
44.11384
44.34866
43.02818
42.60021
42.93957
41.63121
42.83675
44.60428
45.47333
44.36477
44.20544
42.97505
44.17891
44.14281
44.25298
44.77477
45.14518
45.97851
45.08669
42.61593
43.07589
