0.1322377
0.1245321
0.1145686
0.1172641
0.1200599
0.1355281
0.1461971
0.1459981
0.1379729
0.1278135
0.1144327
0.1177684
0.1128216
0.1102016
0.1082263
0.1080986
0.1053341
0.09444514
0.08788921
0.08915891
0.07310627
0.07722703
0.0825522
0.08729521
0.07905435
0.08091783
0.08420392
0.08269535
0.08407827
0.07678479
0.07627395
0.07471043
0.07813723
0.07497697
0.07085413
0.07979043
0.08310378
0.0715632
0.07403725
0.07256709
0.07039707
0.07569431
0.08684771
0.08120908
0.07548617
0.08520894
0.09076728
0.09052112
0.09002149
0.1034817
0.1053543
0.1055421
0.09992926
0.1091309
0.09759655
0.110631
0.1119077
0.1096547
0.1127679
0.1192763
0.1144746
0.1030656
0.1094231
0.09305899
0.08718141
0.08298776
0.0799382
0.08080732
0.08079097
0.0798016
0.07767608
0.08038895
0.09081287
0.0903026
0.08252645
0.08260086
0.07780936
0.08250624
0.07806766
0.08199649
0.08693722
0.07274749
0.0726953
0.0693712
0.06686604
0.06572554
0.06575105
0.06770197
0.07799436
0.07496947
0.07058126
0.07231796
0.08493497
0.0799149
0.07406252
0.0871351
0.08708128
0.08339431
0.08207409
0.08703511
0.09312087
0.08965707
0.09981407
0.100312
0.09911414
0.09873943
0.1034443
0.09957672
0.09979327
0.08846571
0.09781248
0.08521997
0.08895732
0.0925858
0.09028463
0.08705917
0.07918266
0.08148946
0.08200114
0.07730806
0.08906596
0.09005002
0.09038005
0.09877867
0.08666928
0.08553997
0.08759149
0.08908617
0.09093552
0.1031999
0.09142489
0.1036101
0.1124998
0.1214777
0.1200981
0.112017
0.1184382
0.1292505
0.1511004
0.1399774
0.1330692
0.1273644
0.134533
0.1298529
0.12269
0.109476
0.1126707
0.1275168
0.1168284
0.1138578
0.1054635
0.1106512
0.1008452
0.1043667
0.1114654
0.1284442
0.1241074
0.1295081
0.128129
0.1389504
0.1413756
0.1724561
0.1808576
0.1829861
0.1799648
0.1882774
0.1915518
0.1663898
0.1811028
0.1809611
0.1849595
0.1497468
0.1653015
0.1639998
0.1675454
0.1699248
0.1681589
0.1508092
0.1517202
0.135459
0.1429408
0.1461812
0.1547084
0.1465841
0.1599092
0.1482735
0.1501765
0.1705075
0.1492748
0.1689575
0.1726956
0.1625999
0.146535
0.130346
0.130729
0.1422043
0.1305182
0.1524426
0.1657717
0.1719674
0.1761471
0.1937269
0.2018123
0.1921268
0.1861725
0.1820771
0.1886431
0.2014537
0.205741
0.2061313
0.2042972
0.2051764
0.1799962
0.207383
0.1996799
0.1907816
0.1966448
0.2152287
0.201166
0.2251785
0.2233795
0.2067385
0.2387113
0.2401406
0.2498092
0.2837964
0.2775594
0.2567066
0.2690402
0.2362357
0.2529247
0.2284541
0.2345649
0.2567132
0.2625036
0.2243864
0.2253282
0.2478569
0.1957407
0.2181631
0.192524
0.1920305
0.1891232
0.1770635
0.1683517
0.1716814
0.173828
0.1530383
0.1379084
0.1399484
0.1375893
0.1382667
0.1487055
0.1491184
0.1542886
0.1558368
0.1758934
0.163768
0.1636858
0.1528168
0.1615801
0.175628
0.1860281
0.1680391
0.1626353
0.1585846
0.1354902
0.1497824
0.1503022
0.1478492
0.1645737
0.176326
0.1663606
0.1735893
0.1806149
0.1954078
0.1791249
0.1574238
0.1459087
0.1406994
0.1471727
0.1441949
0.150331
0.1561639
0.1487314
0.1503789
0.1549026
0.1447225
0.1601988
0.207412
0.2318815
0.234361
0.2491714
0.2431414
0.2519497
0.209806
0.192782
0.2066812
0.2162378
0.2297362
0.2132808
0.2052479
0.2126621
0.2352408
0.2093649
0.1994779
0.2069443
0.2269603
0.2464532
0.2434412
0.2532692
0.2541358
0.2306055
0.2293806
0.2202483
0.234717
0.2294423
0.2049047
0.2243063
0.2184636
0.2598673
0.2331161
0.2184778
0.2165701
0.2254774
0.2385256
0.2080768
0.2193113
0.2059411
0.2141386
0.2260327
0.2187119
0.2221106
0.2349467
0.2419243
0.2295021
0.2533263
0.2323121
0.240134
0.2467499
0.2478101
0.2574594
0.2308035
0.2306575
0.2231215
0.2546788
0.2620355
0.2516585
0.2293042
0.2258678
0.2224188
0.2332277
0.2299191
0.2652344
0.2729446
0.2683412
0.3237592
0.3677647
0.356121
0.3119015
0.293341
0.2953518
0.2948779
0.2608221
0.2641897
0.2605192
0.2256825
0.2160758
0.2303635
0.2256894
0.237081
0.2572595
0.2534992
0.2622303
0.2401932
0.2535458
0.2551168
0.2334012
0.205313
0.2357656
0.2484701
0.2567633
0.2650774
0.2278627
0.2240822
0.2012062
0.1843907
0.1799894
0.1637632
0.1663079
0.1673067
0.1732596
0.1947513
0.1494501
0.1574858
0.1470798
0.1504611
0.1461287
0.1281103
0.1373132
0.1625315
0.1724696
0.1795782
0.1655529
0.1741187
0.1778705
0.1735412
0.1967945
0.2070897
0.214353
0.2146799
0.2415626
0.2341999
0.2443564
0.2346566
0.2101127
0.1988164
0.1942388
0.1936772
0.187439
0.1744382
0.1621922
0.1729305
0.1799642
0.1638393
0.1474881
0.1521836
0.1751965
0.163691
0.1524008
0.1332274
0.1332836
0.1098412
0.1107226
0.1092071
0.1111053
0.1086357
0.1047637
0.0990689
0.1136915
0.1019562
0.1151986
0.1116021
0.1043078
0.1097678
0.1014122
0.09821734
0.09511872
0.09521448
0.09826485
0.1031562
0.1068963
0.1147662
0.1203157
0.1169989
0.1041451
0.1035859
0.1103202
0.1060119
0.09181412
0.1008943
0.08159856
0.08142977
0.08227748
0.07649657
0.06356448
0.06395608
0.05992713
0.0672136
0.07794227
0.08340438
0.08795722
0.08617851
0.08024234
0.08270169
0.07924669
0.0833364
0.09175369
0.09143377
0.08935803
0.08464348
0.07991414
0.0885352
0.08891653
0.0998567
0.1070185
0.1107224
0.1148158
0.1175555
0.1155599
0.1184854
0.1209545
0.1384556
0.1525435
0.1566226
0.1434682
0.161189
0.1521416
0.1620546
0.1515958
0.1549943
0.1394428
0.1550966
0.1445272
0.134514
0.1161678
0.1219869
0.1308706
0.1227525
0.1182041
0.1158606
0.121897
0.1129027
0.1222194
0.1226437
0.119649
0.1304263
0.131268
0.1429317
0.1445899
0.1404234
0.1304968
0.1361816
0.1370303
0.1255632
0.1212345
0.1117916
0.1174157
0.1209608
0.1312598
0.1269602
0.1457425
0.1463379
0.1464246
0.1281379
0.1311275
0.1495731
0.1499067
0.1587232
0.1823807
0.1832392
0.1889174
0.1988567
0.1868299
0.1955717
0.1959265
0.2093197
0.2252652
0.213439
0.2136809
0.2251959
0.2005541
0.1704927
0.1786962
0.1810588
0.1787165
0.1767755
0.1739889
0.1598507
0.1837126
0.1886514
0.1843301
0.1772992
0.1866305
0.184425
0.1960851
0.2008993
0.1954317
0.2013102
0.197736
0.1821424
0.1888699
0.1913182
0.1803371
0.1772929
0.2047002
0.2088612
0.1996487
0.1798192
0.1666419
0.1755805
0.1645312
0.1661718
0.1478136
0.149339
0.1491963
0.1350821
0.1382055
0.1605857
0.1660151
0.1561055
0.1560632
0.1334816
0.1374074
0.1273862
0.1307409
0.1322668
0.1394035
0.1305781
0.1319567
0.1234483
0.1341644
0.1332795
0.1197816
0.1155877
0.1159838
0.1219243
0.101671
0.08945247
0.08892816
0.07650852
0.07939161
0.08283087
0.08002451
0.09138803
0.08484303
0.09343049
0.09376967
0.08636593
0.1043351
0.1139868
0.1143866
0.1077623
0.09086882
0.08937024
0.087825
0.07841986
0.07184492
0.06534222
0.05974301
0.06677719
0.06221989
0.06178799
0.06342503
0.0654827
0.06543634
0.07062321
0.07072273
0.08014762
0.08503225
0.08273995
0.07796288
0.07017039
0.0739772
0.08454876
0.09624934
0.08913218
0.08642634
0.08320043
0.08312435
0.09160461
0.08097435
0.08592147
0.1015112
0.09973886
0.1122677
0.1100422
0.1059959
0.09897835
0.1066391
0.102606
0.09904571
0.1104747
0.1105497
0.1207025
0.1109533
0.1050603
0.1053075
0.1172836
0.1088715
0.1036377
0.109393
0.1125601
0.1049582
0.1136642
0.1220923
0.1130497
0.0951859
0.09005423
0.09073993
0.0909995
0.08207521
0.08980442
0.09430517
0.1081042
0.1121282
0.1198237
0.1122105
0.1081331
0.1131791
0.1030974
0.09737999
0.1099052
0.1109448
0.123858
0.1260704
0.1101849
0.134512
0.1284148
0.1333385
0.1446065
0.1298489
0.1283231
0.1386011
0.1264493
0.1270755
0.1255285
0.123707
0.1297387
0.1275036
0.1221314
0.1086114
0.121251
0.1193575
0.1136903
0.1098296
0.1059537
0.1038272
0.1262372
0.1303481
0.1235562
0.1143336
0.1221616
0.1371024
0.1228575
0.1086709
0.118965
0.1169766
0.1246009
0.1456133
0.1576503
0.1482611
0.1566718
0.1428503
0.1350485
0.1308146
0.1283007
0.1301747
0.1086136
0.1192785
0.1301953
0.1355356
0.1375583
0.1485889
0.1620914
0.147372
0.1583092
0.1468666
0.1498996
0.1721614
0.1640603
0.1656043
0.1628754
0.1712869
0.1804746
0.1855577
0.1861376
0.1621849
0.1608403
0.1770615
0.1786939
0.1893379
0.1765342
0.1548219
0.1548321
0.1785602
0.1821392
0.1868814
0.1814008
0.1519314
0.1585578
0.1738211
0.1903918
0.1644082
0.154786
0.1712592
0.1588777
0.1724158
0.1768955
0.1857376
0.2275518
0.2159142
0.2285143
0.1838925
0.1854652
0.182183
0.1650146
0.1594159
0.1444525
0.1647138
0.150226
0.1666957
0.1830312
0.1795487
0.1731689
0.1684979
0.1664574
0.1695328
0.1575253
0.1664099
0.1607997
0.1576497
0.1669162
0.1929562
0.1880663
0.1669106
0.1766539
0.1803603
0.1772466
0.1577971
0.1537641
0.1640049
0.1648471
0.179516
0.2108301
0.2193054
0.1912601
0.1729859
0.1761277
0.1685632
0.1759596
0.1812795
0.1823448
0.1617282
0.1585911
0.1683812
0.1686216
0.156653
0.1457019
0.1351602
0.1281179
0.1267047
0.1083587
0.1253925
0.1117638
0.1299598
0.1288936
0.12577
0.1155833
0.1162909
0.1458068
0.1435052
0.1506535
0.1476333
0.1521128
0.1714972
0.166362
0.1636576
0.1751674
0.1872955
0.1929422
0.1998855
0.2000864
0.2145543
0.1718659
0.1622018
0.1841536
0.1870595
0.2064403
0.2398325
0.2179472
0.2318321
0.2185973
0.2390683
0.2560835
0.2291242
0.2282523
0.2257165
0.2075434
0.2086614
0.2299168
0.220315
0.2320328
0.2268176
0.2081988
0.2393549
0.2297078
0.2285121
0.2250576
0.2342978
0.2278232
0.2087068
0.1970691
0.1963164
0.191842
0.1811763
0.1843625
0.1899957
0.1887114
0.1749587
0.1893132
0.2038021
0.1994558
0.2245704
0.2294195
0.2001364
0.1909802
0.1966253
0.1807252
0.1693432
0.1799229
0.1867451
0.1688681
0.1748633
0.1462934
0.1423623
0.1341538
0.1297148
0.1157625
0.1158935
0.120572
0.1352377
0.1304961
0.1247929
0.1282682
0.1265741
0.1137603
0.1314583
0.1126165
0.1084771
0.107667
0.1161774
0.09894447
0.1070964
0.1010142
0.09787959
0.1040421
0.1140719
0.1074427
0.1182282
0.1108248
0.1178481
0.1320336
0.1334683
0.1329198
0.1200543
0.1151181
0.1225262
0.1269176
0.1393191
0.1455652
0.1565278
0.1741986
0.166093
0.1685235
0.1553234
0.1474617
0.1860741
0.1895976
0.1901632
0.2155569
0.199179
0.2016169
0.2129856
0.1979652
0.2199259
0.2330792
0.2315455
0.2055208
0.2179505
0.1765228
0.2029904
0.1753461
0.1839963
0.1984123
0.2119781
0.2161334
0.2151937
0.186675
0.1834584
0.1999866
0.2093399
0.2272082
0.2372588
0.2205973
0.2204188
0.2538563
0.2741054
0.2959974
0.2936164
0.2665304
0.2999442
0.291743
0.295155
0.2758908
0.2925159
0.3076913
0.3002598
0.2955017
0.2944824
0.2928003
0.2771297
0.2502639
0.2894955
0.2947203
0.2960532
0.2569467
0.2522498
0.256722
0.2674732
0.2507705
0.2476031
0.2331715
0.1941302
0.2151554
0.1850344
0.1951474
0.1921721
0.1954569
0.2149783
0.2212413
0.2329414
0.239036
0.2233354
0.2102536
0.1819779
0.2063602
0.2284271
0.2120829
0.2084359
0.1975675
0.224892
0.2202099
0.223838
0.2569196
0.2532815
0.2540835
0.2611822
0.265567
0.2611835
0.27542
0.2978471
0.2848567
0.2958556
0.2676487
0.2671526
0.2412434
0.2273995
0.2147641
0.2021541
0.1863956
0.2078757
0.2183936
0.1965871
0.197156
0.1834934
0.1716797
0.1856932
0.1793981
0.1504119
0.1562215
0.1667774
0.1521411
0.1377959
0.1223734
0.1165126
0.1257772
0.1401283
0.1531653
0.1278373
0.1247421
0.1351997
0.1345852
0.1224287
0.1288741
0.1202509
0.1209635
0.1257657
0.1412167
0.136853
0.1395716
0.1492221
0.1710329
0.17563
0.1889802
0.1865814
0.2214288
0.2130101
0.2241093
0.2420975
0.2282392
0.2538452
0.2663629
0.263587
0.2528256
0.22563
0.2115378
0.2254231
0.2048404
0.2364843
0.2245457
0.2321759
0.2245053
0.2050701
0.1964707
0.1971562
0.2136446
0.2096424
0.1882419
0.1981214
0.222767
0.2351463
0.2325977
0.2157053
0.2223764
0.2209131
0.2240908
0.2192375
0.2251272
0.2199234
0.2471842
0.232429
0.2322526
0.2415194
0.2577486
0.2413038
0.2390266
0.2413391
0.2492119
0.2515857
0.2356216
0.2404512
0.2426493
0.2573005
0.2542712
0.2485485
0.2314459
0.248094
0.2520186
0.2370188
0.2111016
0.2074927
0.2049867
0.2159137
0.219725
0.2007843
0.1916093
0.2051106
0.1522608
0.1486839
0.1545896
0.149437
0.1692338
0.1875367
0.1821587
0.1966969
0.2039225
0.2108904
0.181952
0.168983
0.1777528
0.1520125
0.1510433
0.153552
0.1641806
0.1682232
0.1761515
0.1738188
0.1860439
0.1746725
0.1688666
0.1746288
0.1592711
0.1526035
0.1405567
0.1468147
0.164293
0.175359
0.1695688
0.1983092
0.1935268
0.1773077
0.2083801
0.2129808
0.2165459
0.2466748
0.2294412
0.2674931
0.244715
0.216847
0.2126823
0.2286433
0.2152733
0.2086078
0.1887227
0.1775583
0.1855149
0.1919881
0.2006694
0.2426316
0.2336859
0.2388327
0.2211443
0.2185921
0.2203891
0.2312406
0.2224319
0.2410926
0.2655654
0.2527686
0.2399588
0.2415659
0.2373612
0.2392849
0.2318733
0.2362647
0.236279
0.2188291
0.2459662
0.2439899
0.257601
0.2184992
0.2363195
0.2199876
0.2149641
0.2449382
0.2222787
0.2473323
0.24075
0.2241013
0.2162385
0.2418076
0.2427405
0.2610749
0.2526855
0.2332156
0.2491825
0.2437643
0.2525234
0.2429201
0.241985
0.2268332
0.2021273
0.2166584
0.1843178
0.186934
0.1896987
0.1862168
0.1870012
0.196924
0.1866591
0.1839224
0.176099
0.1755571
0.1786207
0.1849107
0.1768444
0.180011
0.2002897
0.1693837
0.165979
0.1607607
0.156152
0.1904368
0.2169873
0.237433
0.2587981
0.2354516
0.2207116
0.2478707
0.2344111
0.2287377
0.2295318
0.2452963
0.2769919
0.2608216
0.2559481
0.2771855
0.3195514
0.2976925
0.335957
0.3426162
0.3564147
0.3396763
0.377711
0.391953
0.3465423
0.3412235
0.3462056
0.3470815
0.3354408
0.3094894
0.2908267
0.2808884
0.2895544
0.2958598
0.3210727
0.2993655
0.305701
0.3197634
0.3434105
0.2945219
0.2949627
0.3246288
0.3014002
0.2956288
0.2972187
0.3215951
0.3025987
0.2966833
0.2876008
0.3039196
0.2777642
0.2591491
0.2777421
0.2939992
0.3194667
0.3273382
0.3373375
0.3414285
0.3534433
0.3464507
0.3468853
0.3674551
0.3685275
0.403219
0.3641271
0.3729785
0.3334833
0.3167507
0.2626204
0.2908667
0.2969344
0.2922392
0.3035855
0.3058456
0.3123139
0.2860425
0.2882678
0.3157703
0.3328898
0.2727819
0.3040005
0.3368026
0.3470635
0.3194725
0.3123897
0.2989236
0.3678442
0.3512771
0.3594583
0.3499536
0.3134945
0.3397371
0.3557274
0.2993837
0.3466721
0.3122971
0.3407218
0.3181546
0.3054418
0.2843422
0.2668539
0.2472179
0.2123603
0.2488098
0.2204147
0.220028
0.1911826
0.2196922
0.2204946
0.2348118
0.2362233
0.2315196
0.216623
0.202626
0.2050252
0.2208835
0.2465293
0.266018
0.266169
0.2705181
0.256243
0.2578931
0.2738741
0.2991168
0.2972114
0.2699962
0.2729955
0.2780862
0.2621734
0.2621718
0.2545656
0.2474888
0.2113853
0.2113206
0.2001116
0.1853217
0.1930382
0.2080198
0.2010844
0.1906818
0.2031354
0.2134639
0.2096795
0.2134442
0.2142182
0.2137272
0.2150405
0.2421895
0.2360697
0.2415997
0.2073282
0.224366
0.2734466
0.28496
0.2961833
0.29784
0.2311587
0.2276644
0.2544773
0.246827
0.2452734
0.2345116
0.2165289
0.209806
0.1912379
0.1954692
0.2012273
0.1928294
0.1852361
0.1940221
0.1868987
0.1567014
0.1697291
0.1748586
0.1948698
0.186685
0.2052002
0.2076857
0.2264426
0.1893363
0.1950541
0.2318794
0.2420852
0.2704737
0.258511
0.3049936
0.2889049
0.3259514
0.2914652
0.3342773
0.3037324
0.3126561
0.3466318
0.3581921
0.3683549
0.3606479
0.3208936
0.3319301
0.3313096
0.3194138
0.2989188
0.3205505
0.3566291
0.3695095
0.3558532
0.3379443
0.4055881
0.4177541
0.3615346
0.4162223
0.4424007
0.3817469
0.3429602
0.2951308
0.2931605
0.2770796
0.3057626
0.2998036
0.3214154
0.3119833
0.334395
0.3062022
0.317937
0.330387
0.315058
0.2694535
0.2444973
0.2618491
0.2587353
0.2494782
0.3015256
0.3247253
0.3101075
0.3198141
0.2748431
0.2793361
0.3439601
0.352727
0.3501906
0.4055149
0.3902866
0.4289401
0.3635589
0.3428749
0.348278
0.3147842
0.3149532
0.3611455
0.3370301
0.3092888
0.3043612
0.2942386
0.2923385
0.2711467
0.2390962
0.2157086
0.2220395
0.2397462
0.2292725
0.2099566
0.2248908
0.1970727
0.1977234
0.226651
0.1979639
0.1987277
0.1939455
0.218329
0.2074392
0.2128001
0.2153995
0.2364545
0.2292702
0.2410363
0.2301507
0.2239973
0.1936697
0.2098193
0.2269409
0.2226263
0.2044504
0.2089573
0.2290725
0.217095
0.2395167
0.2148758
0.204224
0.1871426
0.2218456
0.2302658
0.223269
0.2189587
0.2392413
0.2355495
0.2202349
0.2227486
0.2142993
0.217441
0.2037671
0.2320974
0.2021307
0.2067728
0.2244603
0.2472197
0.2200414
0.2437019
0.2473681
0.2208771
0.2229131
0.2079647
0.2064694
0.219439
0.2343589
0.2103894
0.2059661
0.1895921
0.1746778
0.1704242
0.1645658
0.1679291
0.1577123
0.133909
0.1234429
0.1255778
0.1225831
0.1125582
0.1185361
0.1167926
0.1265781
0.1371055
0.1341021
0.1260481
0.1201326
0.1231193
0.138477
0.1340479
0.1256509
0.1379598
0.14664
0.1562538
0.1626121
0.1547201
0.1533187
0.1525399
0.1835891
0.1855961
0.1802315
0.2008816
0.2288754
0.2203106
0.2408784
0.2315905
0.207379
0.1960641
0.1766355
0.1647284
0.1762135
0.217937
0.2026165
0.1873376
0.1965499
0.1754159
0.1849289
0.2037144
0.2086776
0.203401
0.2091296
0.2285382
0.2055043
0.1873135
0.1950447
0.1776767
0.1675433
0.1586065
0.1511471
0.165759
0.1474969
0.1696402
0.1928916
0.1809177
0.1916573
0.1930209
0.2101548
0.2041205
0.1913864
0.1798586
0.169119
0.16534
0.1727913
0.1558297
0.159073
0.167666
0.1727587
0.1704224
0.1717744
0.1536648
0.1302418
0.1468192
0.152561
0.157434
0.153329
0.1579775
0.1680559
0.1622715
0.1909381
0.2080044
0.2023234
0.2106176
0.1875259
0.1927895
0.2109178
0.2039499
0.1988228
0.222719
