2.083444
2.04113
1.941924
1.888703
1.782119
1.784611
1.7389
1.828154
1.8276
1.781957
1.877581
1.855456
1.88195
1.931885
1.921929
1.919346
1.896075
1.912613
1.888234
1.880051
1.781086
1.818478
1.731162
1.778456
1.703081
1.756522
1.712073
1.630236
1.65505
1.555631
1.662093
1.651481
1.729948
1.688611
1.624096
1.599741
1.656787
1.598569
1.577424
1.627446
1.702427
1.805744
1.751139
1.705858
1.592665
1.590465
1.614769
1.568486
1.585637
1.582356
1.647163
1.689292
1.682559
1.616173
1.506048
1.533879
1.565883
1.703066
1.66199
1.606317
1.606752
1.483281
1.472372
1.41655
1.427891
1.456805
1.521348
1.549079
1.471121
1.472146
1.385387
1.432896
1.521239
1.621213
1.483256
1.518174
1.562654
1.482395
1.500976
1.440564
1.461051
1.403196
1.501865
1.487279
1.499222
1.431181
1.480048
1.535305
1.532105
1.520765
1.558752
1.565725
1.529554
1.489251
1.485146
1.494195
1.538235
1.494588
1.46779
1.482676
1.392194
1.354093
1.289685
1.279857
1.22588
1.235483
1.232729
1.283727
1.270049
1.196313
1.288957
1.20933
1.238526
1.295472
1.31518
1.294084
1.34536
1.302696
1.282368
1.264798
1.210087
1.257418
1.207324
1.221499
1.20386
1.192485
1.13805
1.146923
1.110336
1.056373
1.046353
1.064473
0.9560815
0.9884536
1.030671
1.042962
1.077209
1.106695
1.150305
1.190525
1.215897
1.173822
1.201765
1.173977
1.217838
1.189731
1.100258
1.122042
1.107432
1.099323
1.06557
1.060491
1.089898
1.128008
1.136925
1.125259
1.183052
1.214202
1.292702
1.252778
1.231962
1.151235
1.176528
1.231934
1.263846
1.235133
1.260304
1.268438
1.313313
1.231124
1.256475
1.228536
1.258933
1.291289
1.315564
1.29902
1.282821
1.275606
1.267294
1.234809
1.199098
1.18629
1.105078
1.086788
1.079216
1.100919
1.131086
1.205245
1.187019
1.19558
1.151638
1.1057
1.148501
1.177535
1.189882
1.167262
1.213857
1.223921
1.271297
1.196163
1.301689
1.369966
1.40183
1.424629
1.416343
1.476264
1.507636
1.614295
1.543081
1.544705
1.574567
1.543923
1.599309
1.639974
1.553478
1.566468
1.578244
1.54389
1.493147
1.470865
1.480349
1.570339
1.564094
1.588012
1.54676
1.588247
1.59542
1.477545
1.476032
1.420147
1.440222
1.422242
1.401101
1.328644
1.263384
1.216902
1.197021
1.195894
1.165815
1.276024
1.277184
1.30531
1.313521
1.340645
1.364948
1.364824
1.385371
1.439175
1.483519
1.450319
1.460445
1.473197
1.404767
1.444117
1.409056
1.393385
1.396075
1.374519
1.447136
1.540943
1.538052
1.461696
1.505906
1.473364
1.521469
1.514508
1.508716
1.453004
1.412704
1.379107
1.436925
1.375711
1.368828
1.42103
1.31393
1.241523
1.276484
1.251855
1.306332
1.305848
1.325713
1.30431
1.319819
1.378153
1.375966
1.42426
1.480025
1.42253
1.449358
1.512155
1.528161
1.500772
1.573207
1.567319
1.528218
1.560778
1.657628
1.68673
1.715998
1.719057
1.728705
1.625592
1.646882
1.654404
1.628174
1.582186
1.527903
1.464986
1.441331
1.431623
1.44773
1.426604
1.428127
1.394606
1.395515
1.464974
1.47799
1.343846
1.390592
1.34853
1.279673
1.317766
1.332785
1.220567
1.132233
1.045761
0.9776215
1.06675
1.069299
1.055712
1.067949
1.138538
1.174819
1.153809
1.119137
1.113628
1.171771
1.234517
1.201583
1.142758
1.16257
1.134181
1.043158
1.011443
0.9966307
0.9235165
0.9354759
0.920283
0.9114948
0.9401416
0.941275
0.9784276
0.9721489
1.040474
1.008588
1.020265
1.006277
1.033821
1.017412
1.029706
1.039702
1.078063
1.173099
1.16835
1.118585
1.164815
1.114713
1.075376
1.101032
1.103747
1.076852
1.091859
1.062031
1.063864
1.026447
1.039213
1.046115
1.058971
1.018197
1.010317
1.00294
1.010423
1.00636
0.9818698
0.92389
0.9586452
0.9931201
1.080018
1.006692
1.042697
1.003989
1.011549
0.9640639
0.9433297
0.9654728
1.019573
1.02254
1.029602
0.9837466
1.017365
0.9568579
0.9740188
0.925081
0.9398199
0.9506881
0.9790232
1.009118
1.055196
1.047524
1.141242
1.16426
1.207371
1.182905
1.186504
1.203785
1.144312
1.223208
1.180497
1.132488
1.160315
1.090524
1.026946
0.9751116
0.9986154
1.027483
1.035355
1.036411
1.006615
1.023226
1.047749
1.030324
1.04995
1.052575
1.043418
1.008815
1.019601
1.009183
0.9913906
0.9324743
0.9665845
1.032365
1.011228
1.037083
0.9477159
0.9233957
0.9622406
0.9819674
1.022078
1.027122
0.9932557
0.9823646
1.017469
0.9542454
0.9406449
0.9244829
0.9004193
0.8924522
0.9548615
0.9379008
0.9681388
1.012605
1.02095
0.9794509
0.9318892
0.9505519
1.020529
1.037921
1.029063
1.00247
0.9819754
1.008742
1.028922
1.03844
1.078171
1.059528
1.094492
1.104004
1.140319
1.168835
1.205806
1.181337
1.177147
1.169492
1.135099
1.131722
1.153711
1.097956
1.101948
1.073626
1.129951
1.108958
1.073637
1.068382
1.125143
1.147841
1.164551
1.176742
1.118825
1.049712
1.134697
1.037368
0.9780631
1.001516
1.004927
0.96541
0.95843
0.9762117
0.897766
0.8753476
0.9169762
0.9774791
0.9866576
1.06094
1.054001
0.9920359
1.01795
1.013368
0.9836006
0.9758891
0.9893604
1.0083
1.043652
1.023633
1.060573
1.060393
1.050313
1.090296
1.072187
1.062931
1.053445
1.078917
1.098948
1.127943
1.102628
1.048932
1.024239
1.024389
0.959957
0.9672683
1.018396
1.026826
1.071375
1.078246
1.148991
1.184835
1.156357
1.150714
1.152274
1.090943
1.136683
1.156769
1.182087
1.14862
1.178721
1.157533
1.120468
1.149345
1.126722
1.076005
1.040032
1.005284
1.072187
1.001959
1.060573
1.046255
1.089194
1.050229
1.013852
0.9783988
0.9473556
0.9283481
0.9408504
0.9106716
0.9074196
0.9428703
0.985695
0.9696887
1.033023
1.078743
1.06679
1.079573
1.094596
1.159126
1.14218
1.108728
1.044623
1.130092
1.125204
1.098755
1.160215
1.218823
1.252741
1.30934
1.37802
1.442494
1.339624
1.330429
1.308567
1.413146
1.3445
1.261207
1.269825
1.272615
1.274794
1.279918
1.239786
1.217915
1.279517
1.343684
1.329479
1.374032
1.31165
1.279604
1.234777
1.29356
1.285761
1.329788
1.328713
1.354792
1.441454
1.427048
1.347399
1.344741
1.25756
1.255624
1.18101
1.122822
1.145974
1.151991
1.138955
1.173788
1.120685
1.075078
1.105076
1.096867
1.129004
1.085504
1.029472
1.087489
1.143905
1.080169
1.078191
1.092611
1.045266
1.095669
1.132994
1.098509
1.113408
1.061304
1.059253
1.108115
1.146241
1.107344
1.1009
1.065941
1.027741
1.093218
1.053384
1.049419
1.054405
1.051307
1.013956
0.9564306
0.9274672
0.9066999
0.9475754
0.9528519
0.9002359
0.9499513
0.9473154
0.9053806
0.9143526
0.9001143
0.9440143
0.9875801
1.011494
0.9896679
1.058602
1.056066
1.062369
1.010734
0.9780001
1.006001
0.9668878
0.9942477
0.9489303
0.9160408
0.9423184
0.8700714
0.9915728
0.956897
0.9659389
0.9339417
0.9643954
0.9600443
0.9617484
0.9936802
0.9734136
0.9374483
0.9551982
0.9158306
0.8921139
0.9487013
0.9578182
0.9916399
0.9874387
0.9827188
1.060177
1.026783
1.079611
1.103351
1.053777
1.055122
1.042493
1.091225
0.9860961
0.9839053
0.9846566
1.023741
1.031708
0.9918067
1.03085
1.123398
1.046375
0.9787235
0.9809305
0.9553547
0.9191547
0.8919071
0.8639013
0.9018414
0.9109817
0.9261102
0.8986185
0.8939439
0.9333061
0.9604077
0.97204
0.9584634
1.017233
0.9547808
0.9403686
0.979875
0.9880759
0.9313612
0.9299109
0.9658913
0.927336
0.9425811
0.9723625
0.9678351
0.9962215
0.9749506
0.9378991
0.9792158
0.9496286
0.9419126
0.9616142
1.003322
0.9728347
0.9440452
0.9002113
0.8694801
0.8466157
0.8414349
0.8815983
0.8494505
0.8532476
0.8986042
0.8894363
0.8904709
0.8643157
0.878452
0.8756087
0.8971796
0.8866407
0.9039222
0.9557337
0.9386749
0.9693827
0.9533836
0.9952162
0.9211971
0.9026318
0.8551201
0.9614081
0.9992072
1.026586
0.9804815
0.9962458
0.9802803
1.050568
0.9967922
0.9991836
0.9884718
1.005432
1.003688
0.9853246
1.009055
1.023601
1.071412
1.003241
0.9875472
0.9963563
0.9258857
0.9197466
0.9318936
0.9166512
0.9392202
0.9522339
0.9386353
0.9460213
0.9298538
0.9278246
0.9648816
1.03166
1.094848
1.176651
1.185177
1.250991
1.283022
1.273648
1.28536
1.331464
1.372235
1.329187
1.378959
1.327445
1.315053
1.348618
1.269824
1.270879
1.262329
1.241056
1.138795
1.1535
1.092297
1.074062
1.100401
1.081952
1.081932
1.074439
1.000364
0.9658689
1.014207
1.06926
1.048253
1.024465
1.021862
1.020665
1.010834
1.006093
1.037968
1.070791
1.064046
1.018593
1.014322
0.9587575
0.897708
0.9095722
0.8951505
0.8941397
0.9314642
0.9286542
0.9097643
0.9170455
0.9203902
0.9104101
0.9774896
1.011953
0.9172928
0.9491087
0.9699581
0.9434586
0.9624682
0.9730721
0.9949873
0.9873589
0.9385731
0.9038651
0.9208076
0.9745299
0.9426653
0.9545198
0.9673442
0.9160763
0.926538
0.9532839
0.9649691
0.955696
0.934882
0.9265743
0.9797913
0.9755289
0.9748791
0.9326721
0.9274059
0.9544321
1.031725
1.030662
0.9998614
1.027519
0.9945949
0.9938527
1.048726
1.082006
1.098788
1.058615
1.076094
1.083757
1.024824
0.9794951
1.008434
1.044403
1.033539
1.003351
1.007794
1.023903
0.945483
0.9806382
0.9804658
0.9684215
0.9568052
0.9451069
1.055165
1.062633
1.123092
1.087094
1.038411
1.044936
1.0876
1.025584
1.025769
1.014026
1.088534
1.074794
1.128188
1.067496
1.100881
1.132669
1.166279
1.158918
1.104971
1.088065
1.085602
1.1051
1.108293
1.08298
1.102968
1.098735
1.127886
1.153987
1.147613
1.160407
1.088398
1.152461
1.185309
1.150547
1.167518
1.175911
1.182772
1.153551
1.200756
1.235452
1.202189
1.227958
1.254741
1.20418
1.239223
1.26335
1.239995
1.29372
1.249447
1.214078
1.200119
1.318088
1.332487
1.372849
1.30748
1.336741
1.448675
1.427115
1.38766
1.409909
1.383276
1.390239
1.392397
1.394101
1.358675
1.360285
1.411259
1.486159
1.405194
1.32742
1.358621
1.403631
1.40263
1.409401
1.40977
1.402582
1.377642
1.391868
1.450878
1.389735
1.42077
1.388322
1.409297
1.336797
1.381474
1.359855
1.2498
1.289434
1.253091
1.204977
1.274355
1.236234
1.29961
1.38947
1.49104
1.479855
1.474139
1.521975
1.529414
1.475634
1.471654
1.389322
1.378945
1.409845
1.338441
1.368733
1.422912
1.482638
1.446423
1.312999
1.302074
1.317618
1.379659
1.427399
1.419775
1.409078
1.30287
1.361061
1.29016
1.3359
1.333154
1.361444
1.316595
1.345612
1.335757
1.327906
1.245627
1.264988
1.157529
1.200995
1.205996
1.178016
1.144255
1.185586
1.126574
1.149986
1.147322
1.201192
1.195885
1.150773
1.101604
1.109236
1.120759
1.240499
1.192332
1.144825
1.128077
1.156866
1.13519
1.12659
1.070312
1.128993
1.115169
1.188925
1.13146
1.137545
1.153516
1.149099
1.168811
1.132192
1.117156
1.012536
1.002799
1.004397
1.038124
0.9921402
1.024604
1.013191
0.997462
0.9929578
1.031224
1.011975
1.006515
0.9790242
0.9601939
0.9758969
0.9509181
1.003725
1.063689
1.064942
1.072777
1.096265
1.087008
1.050151
1.087879
1.132814
1.084928
1.087489
1.122094
1.1186
1.163543
1.075281
1.103211
1.032322
1.084111
1.08465
1.153816
1.215952
1.21301
1.227877
1.212548
1.199223
1.181318
1.155152
1.159981
1.131332
1.160517
1.168692
1.177621
1.245603
1.22109
1.160393
1.17922
1.20389
1.237141
1.203264
1.339637
1.364947
1.307198
1.318642
1.312992
1.19642
1.230725
1.238581
1.240667
1.276864
1.272105
1.221198
1.19387
1.186593
1.141167
1.164528
1.129354
1.14345
1.121307
1.064164
1.054237
1.044191
1.091109
1.108709
1.112206
1.092528
1.057724
1.14743
1.140567
1.049977
1.058448
1.030566
0.9986318
0.9731781
0.9511634
0.9538298
0.9358794
0.9665638
0.8993232
0.8501893
0.8999772
0.9205928
0.8934769
0.8605921
0.8693893
0.827318
0.8553589
0.8316433
0.8602977
0.8350531
0.9159477
0.8980551
0.9065478
0.8670518
0.892567
0.8713219
0.905687
0.9085482
0.9203022
0.923198
0.9434967
0.8971985
0.8966076
0.8957025
0.9051903
0.8774586
0.8882894
0.9128478
0.8975183
0.9549793
0.9998442
0.985153
0.9261894
0.9495276
0.9470177
0.971708
0.9640367
0.9208261
0.9678816
0.9467229
0.9056193
0.8425969
0.8954247
0.974464
1.017349
0.9998995
0.9834633
1.037469
0.9963542
0.9660162
1.011916
1.067841
1.043392
1.119052
1.168223
1.157902
1.201975
1.280725
1.210433
1.179372
1.134067
1.110413
1.104339
1.112741
1.068159
1.12979
1.055566
1.034396
1.042186
1.016743
1.061586
0.942538
0.9281832
0.9440605
0.9852736
1.021299
1.043585
1.04356
1.016435
0.9758599
0.9944289
0.9902896
1.019327
0.9768985
0.9439748
1.023655
1.058376
1.091178
1.134185
1.171365
1.158181
1.139209
1.023329
1.011622
1.051691
1.049728
1.014703
1.046147
1.054439
1.008316
1.015617
1.051895
1.057033
1.081167
1.108383
1.116992
1.220112
1.189696
1.21962
1.24996
1.192026
1.213414
1.11679
1.1052
1.113346
1.111505
1.099861
1.100601
1.127545
1.099236
1.080301
1.082157
1.114378
1.1176
1.116736
1.128476
1.053183
0.9337161
0.8691746
0.870522
0.9413428
0.9481011
0.9444073
0.9239441
0.932216
0.9238407
0.9676214
0.9411647
0.9233754
0.9426309
0.9422738
0.9584892
0.9512465
0.9827569
1.00744
1.095158
1.041129
1.030998
0.9827823
0.9763579
0.9926367
0.9952672
1.00699
0.9955032
0.9831741
1.029635
1.059152
1.049759
1.074832
1.0844
1.079741
1.038447
1.058696
1.096677
1.043958
1.033606
1.036389
1.021177
1.00849
1.041137
1.100171
1.046275
0.9921239
1.044609
0.9908735
0.9663027
0.9333877
0.9434969
0.9055852
0.917208
0.8834469
0.8502197
0.8870637
0.9474493
0.9358111
0.9210801
0.8988998
0.8835324
0.8800306
0.8629592
0.8746023
0.8722824
0.8865266
0.8883575
0.8650908
0.8363573
0.8546644
0.8861876
0.9137341
0.883552
0.8721527
0.8339657
0.8102545
0.7641203
0.7587706
0.7314405
0.7395532
0.7874628
0.7898632
0.7727128
0.759844
0.7928981
0.7919327
0.7680935
0.7713655
0.7812732
0.8059294
0.7760696
0.7905916
0.7858548
0.7903046
0.7391865
0.7098811
0.7342543
0.7009913
0.7114933
0.6795162
0.7299552
0.691868
0.6948065
0.6961238
0.7013307
0.7288295
0.7365487
0.7058219
0.7164651
0.7359346
0.741662
0.7178815
0.7106118
0.7770772
0.7525194
0.825088
0.8152186
0.8311233
0.8485678
0.8211821
0.8305551
0.8572007
0.8311999
0.8505417
0.8614792
0.846896
0.8462161
0.8350328
0.8596677
0.8578867
0.8542344
0.8513083
0.8469587
0.8673505
0.7998904
0.7657584
0.7050029
0.6810052
0.7185641
0.6900161
0.6693879
0.6445242
0.6213527
0.6314679
0.6719186
0.6701957
0.6826228
0.6802135
0.621523
0.6197576
0.6326402
0.6062024
0.6504179
0.6152814
0.6245532
0.6245316
0.6306613
0.5839267
0.5768091
0.5818496
0.6228687
0.64426
0.6777072
0.6507386
0.6578548
0.656139
0.6616739
0.6542237
0.6653088
0.6749854
0.6800214
0.6713722
0.6711044
0.7101794
0.6706022
0.6928463
0.6544582
0.6479074
0.6562006
0.5976379
0.654726
0.6556393
0.6556652
0.6636408
0.6595738
0.7063825
0.7087557
0.6764688
0.6601112
0.6908754
0.6720295
0.6823715
0.7019886
0.6832896
0.7031671
0.6821479
0.6583184
0.6858257
0.6791529
0.6790375
0.6421691
0.6428257
0.6623998
0.6267504
0.6421036
0.6336297
0.6373038
0.6643016
0.6794471
0.6751988
0.677909
0.7446814
0.7498745
0.7574009
0.7707084
0.7994748
0.8575125
0.8608061
0.8751613
0.8983826
0.8272737
0.7843601
0.7994832
0.807328
0.8490888
0.829677
0.8153412
0.7947775
0.7999922
0.7856209
0.7938161
0.8180428
0.8314434
0.8687521
0.8631058
0.8565033
0.8552542
0.9104992
0.9095318
0.8737639
0.8442962
0.8304134
0.8189893
0.8153935
0.7958349
0.8137558
0.7934241
0.8045571
0.8821458
0.8561697
0.8857722
0.9340684
1.009904
1.018727
0.991681
0.9485113
0.9211966
0.9296866
0.9222523
0.9113269
0.9108007
0.8938865
0.9163679
0.9828894
0.961957
0.9799289
0.9939906
1.01825
0.9538119
0.9387224
0.8718758
0.8738998
0.8744285
0.9185657
0.8979353
0.9201446
0.9091383
0.9090997
0.9241529
0.9569513
0.899954
0.822683
0.8504048
0.8747773
0.8145272
0.7657113
0.7814836
0.8184845
0.8223434
0.7885261
0.8356864
0.83589
0.8488997
0.8467064
0.7646252
0.7789228
0.7716811
0.7873049
0.7584823
0.7390778
0.788203
0.7843248
0.7766528
0.7960378
0.8119896
0.7402579
0.703116
0.6704825
0.6494442
0.6332767
0.6450927
0.6078921
0.6449795
0.623409
0.6720111
0.6755009
0.7234235
0.737277
0.7197705
0.7933232
0.8389241
0.8244219
0.822236
0.8401486
0.8068899
0.7992345
0.8293743
0.8399328
0.8629917
0.8141811
0.8356192
0.7854176
0.826192
0.8116796
0.8234633
0.8057774
0.8807181
0.8331015
0.8678105
0.9064683
0.9768512
0.9489766
0.9523495
0.9423795
0.9047753
0.8846876
0.8931945
0.8828072
0.8937466
0.9467942
0.9801582
1.027309
1.070707
1.040159
1.04112
1.024298
1.025182
1.008786
0.9842434
