163.6721
220.5177
262.5106
257.8691
274.039
344.3384
485.4753
536.3619
545.4457
523.2219
408.0445
281.6275
454.1355
476.0347
362.6831
407.7244
354.2542
493.5969
421.5495
325.1215
321.9066
400.4145
366.677
394.1731
543.1709
424.4346
498.189
416.1145
350.8679
405.7992
379.0944
383.1991
308.7306
255.6895
263.5584
338.5507
419.6451
455.9531
386.7071
448.286
444.4851
423.0148
414.4789
416.9334
447.4251
434.2714
406.6825
422.4935
371.9599
363.0866
424.7493
416.7072
443.5415
434.2862
394.4086
323.8433
291.7236
367.7999
532.2426
472.6494
340.418
394.5868
354.6259
449.4855
376.9766
424.8359
492.3808
553.0681
575.2613
456.5094
459.5407
391.4594
496.5426
461.9198
475.8484
562.5166
429.6655
314.6878
340.0189
270.7673
335.3587
408.0933
370.6059
389.5257
300.1084
330.7867
372.7353
322.9269
297.3503
356.8424
266.2899
180.7029
270.2093
275.3394
365.2996
367.1676
498.1423
488.5955
537.1026
338.4081
367.2221
359.9261
296.0389
457.4265
393.3487
347.7886
354.4819
333.3045
239.7308
264.2066
328.4176
293.4645
281.668
245.184
348.7844
271.1445
316.4934
354.9668
373.7307
287.6762
257.5953
359.3657
335.5655
352.5047
392.9125
453.9269
381.3404
479.0842
474.4278
388.2105
478.7955
367.7564
363.4742
401.6254
312.6559
438.5028
545.0981
451.6098
398.7835
418.5859
348.124
358.426
405.5591
383.5768
352.123
314.3447
405.063
516.7969
595.9377
573.5683
398.7688
437.0615
280.1415
306.9208
339.5832
356.2706
415.7224
384.0391
413.249
438.9711
735.2169
470.6426
410.0963
473.9367
359.8263
362.7405
418.8305
370.1664
304.1908
376.3853
394.175
490.0474
369.8557
339
317.9362
367.8283
329.4068
350.4288
350.692
418.6844
471.5794
430.6426
381.8932
384.1999
448.7678
415.6814
300.4031
324.1841
358.3429
357.5809
304.6482
244.0055
345.6631
322.4294
276.7438
239.7109
228.3364
230.0836
303.5587
317.6291
325.9315
256.7902
301.635
374.1712
353.2268
335.6928
298.6269
318.7737
341.2471
399.3333
536.625
457.8473
408.1544
472.2372
363.6119
594.0367
401.6205
278.724
398.5058
383.9222
370.9734
438.863
531.9127
648.8061
492.8671
424.0316
498.6374
491.2435
403.0622
468.7823
461.4592
434.5193
351.6586
401.1643
426.0515
464.4831
414.8505
402.2651
413.3836
493.0032
513.4991
550.6099
666.6845
554.3778
421.4424
460.8684
582.2891
522.1685
495.4707
422.2222
344.573
324.17
297.0146
355.7567
424.5911
610.2533
488.916
487.5863
361.882
360.805
349.1563
352.4071
363.6168
392.6402
340.9277
435.4411
395.5663
375.5809
354.7974
395.077
262.1908
322.3804
271.8124
330.2672
388.4323
423.0648
473.0181
338.0575
291.6685
248.8044
247.0434
256.8878
297.0007
362.1715
310.5955
248.4724
294.2577
305.2933
371.6404
347.3924
400.014
541.5291
427.7206
356.5376
336.065
398.633
475.7897
574.2819
554.1251
510.6269
362.9163
390.2118
267.3986
393.9385
402.9937
416.4538
434.6158
469.3319
457.5947
509.1223
475.4517
464.9566
340.6534
330.6965
409.8313
429.4949
333.5775
433.3161
501.7785
479.4648
418.9886
408.695
491.0928
455.6916
500.5287
386.2575
344.8135
342.3067
294.7961
223.281
225.0049
206.4872
318.7925
394.3546
432.7432
235.7974
329.5949
263.6278
288.4594
370.3432
292.8833
304.5599
247.924
283.5359
380.8852
389.0255
366.5724
364.4039
409.6151
409.0839
419.2344
381.2084
444.4613
613.453
497.7567
476.4189
319.1373
250.3943
334.3214
327.0537
309.5008
263.6452
357.3793
379.3869
339.9299
387.8242
438.6969
408.7424
494.2335
351.4352
437.6925
434.6945
443.9771
279.8898
312.933
321.6506
346.7968
256.9586
259.7613
255.6636
296.1588
242.2838
217.1684
250.8028
295.0271
297.5012
280.3009
343.812
325.8948
416.3496
359.6911
350.9334
335.2508
293.6157
310.0297
296.766
413.5151
391.6868
403.9073
282.8867
283.1199
333.1544
398.7604
326.0212
335.8833
202.8033
158.0579
183.2827
171.2037
168.9885
222.1047
243.9091
252.5486
279.9397
264.1808
346.0173
286.408
322.5019
400.698
458.4178
423.925
574.6973
432.5813
476.2594
468.6766
458.5089
325.3027
322.1797
384.6011
370.2149
384.5513
525.6605
602.821
438.8012
428.1255
564.5902
406.7505
337.0616
293.2321
340.5634
373.2875
246.0515
277.2624
277.1099
333.0403
288.7481
298.3761
387.8654
424.8244
305.0356
308.0934
299.0361
343.1472
360.9742
404.4129
432.8187
362.4903
449.8919
472.4837
490.5411
413.9758
433.9752
422.4975
452.0274
531.0262
455.563
413.7091
345.4382
465.8627
297.1964
282.7372
291.3251
298.2218
217.8922
176.1628
171.6266
253.2322
314.8254
294.4335
250.8051
289.1099
241.7795
286.1582
287.6976
293.7558
358.8268
488.0364
466.6505
400.6778
357.0928
251.8118
311.1775
343.0261
328.7954
333.2504
335.8843
417.1997
429.6438
471.2027
283.1132
312.4006
377.3198
358.9087
348.6924
425.0658
359.1512
283.0502
255.9811
355.9472
261.4118
355.2395
447.6052
517.8421
514.1351
516.9171
411.8746
341.2164
351.5004
442.5348
378.8676
366.1785
394.5518
660.6054
528.1504
386.6235
462.973
321.423
281.9281
343.9707
255.4347
289.4894
397.0622
353.7163
478.1867
307.4701
279.8805
311.4286
437.9792
482.6067
511.6663
488.1335
496.7894
311.5192
280.6923
276.9315
358.7606
377.7987
291.9491
405.0456
391.5464
308.6363
273.5251
264.5359
225.1916
378.7224
430.8667
458.938
473.046
535.8548
520.5758
488.227
541.1461
534.3782
504.417
560.4664
519.5616
434.7201
279.206
320.8122
388.5319
312.782
320.5238
294.3753
297.0381
266.07
304.6262
231.9168
319.4716
329.041
295.824
330.4099
450.3956
414.6034
443.8557
431.8604
390.7078
409.5306
325.5753
352.5551
391.5595
317.1731
393.4956
461.8899
606.4087
417.452
317.4622
415.1045
329.7698
292.9139
367.7827
414.928
643.5754
612.0546
611.0848
510.5267
488.9737
371.6828
567.5285
602.9011
340.6881
272.1976
330.4168
310.2371
304.5937
330.3267
320.3772
289.8964
353.5737
327.3938
298.7816
284.3985
246.554
285.0346
304.4657
451.3326
404.5928
394.7079
407.0234
347.5909
322.5622
446.142
479.2576
316.4111
362.4622
315.8737
289.0938
201.2088
242.4637
269.8261
302.4578
431.0687
340.87
346.8676
254.8409
270.4253
315.81
352.3368
375.1828
444.9689
467.4059
428.058
340.6318
354.5916
302.3105
341.6749
341.0876
335.1055
324.2047
380.7365
357.8863
352.6957
373.7677
384.3391
351.7777
472.4527
377.9875
329.5989
372.6312
369.903
323.4952
422.8764
452.2428
419.98
491.9309
447.0222
398.4001
274.6019
333.7889
304.0217
302.9538
372.0233
317.5595
346.0696
320.8466
261.5681
285.5686
350.7363
301.821
256.2167
346.1258
463.108
394.1009
493.7276
446.1178
453.0331
392.847
370.4663
376.0343
324.0395
322.4516
388.1365
325.2907
350.4116
305.838
260.3333
291.2177
270.7819
325.487
294.8986
284.1018
302.983
278.8518
297.5247
321.423
285.8198
311.4386
322.0981
302.547
365.2936
387.9066
357.7724
349.018
281.3454
302.405
327.2093
273.1038
261.413
244.9583
328.0037
342.9599
317.7532
319.0674
383.832
409.381
468.2426
446.9829
428.7771
404.0441
343.0791
347.0627
417.1675
410.0837
482.9299
606.7715
515.7539
460.0034
334.2675
452.9638
516.4053
475.2771
453.8463
455.219
465.5603
389.5083
355.8731
274.3433
228.5836
255.9493
344.2785
343.9206
337.6883
368.4222
289.4148
306.2314
317.1109
473.9013
315.7674
291.9055
312.2707
305.3214
265.0574
311.7717
401.9605
563.824
520.6323
426.6385
428.8139
370.8991
399.3684
273.9908
287.1936
416.2471
571.714
577.046
566.8228
451.812
529.2208
430.3678
337.9693
358.3167
361.225
301.8169
345.5453
342.2243
349.0269
462.9253
535.7003
560.5252
525.3144
520.3798
443.0023
578.3709
601.3325
456.6416
470.5694
297.712
357.9011
466.7701
506.1371
399.4569
304.0657
331.8651
333.0086
463.1034
500.693
559.4981
530.5225
442.8359
490.896
385.7663
387.7736
372.9606
344.1619
320.9686
337.7384
449.365
362.7081
283.129
327.4261
315.3539
401.1059
338.5821
388.9638
403.6465
343.372
249.8306
379.7561
364.9485
305.9004
438.5656
433.6903
410.0479
319.3594
291.4572
336.5577
370.4716
351.9105
408.2523
288.5257
251.7302
299.2903
309.2513
349.0857
319.8927
333.9867
264.094
319.0266
393.558
365.3144
404.7081
468.8549
368.9842
375.4759
281.113
348.1397
591.1728
551.9979
445.5852
301.4465
425.3638
547.5538
446.4769
352.0581
297.9933
354.667
244.0563
388.3478
481.5606
466.0693
361.5632
368.8969
348.2959
276.2075
284.9123
320.5349
333.9102
317.5067
259.2151
286.023
234.2921
229.0475
211.8399
213.9147
235.4365
335.2501
397.1421
400.1219
470.6094
570.4021
552.3204
549.3064
504.3992
354.8652
245.329
248.6827
208.0006
356.3931
378.3915
376.2965
359.7448
481.0483
363.0452
498.924
467.3259
415.9992
366.0631
319.3225
335.6105
340.7121
319.0494
291.2765
434.0274
424.3863
406.6594
392.9024
482.8056
394.5586
488.0227
450.0399
409.9549
407.4092
290.1777
236.6965
330.3777
327.186
305.1882
345.5642
365.002
343.8364
310.1384
279.6679
299.1577
250.8034
257.9006
221.0604
234.4878
284.8962
386.7095
349.033
352.455
397.5427
389.7859
348.3184
376.2406
438.0527
274.8903
299.2188
315.3114
369.3233
354.7049
364.9426
399.7566
292.2448
297.8297
255.4514
274.2734
288.3857
289.0524
369.8787
562.6426
316.7003
347.553
347.9274
381.7549
333.1417
340.9981
340.4165
329.2801
259.7328
320.2642
337.2093
304.6599
336.1828
311.8035
351.7236
284.5913
312.2281
214.9854
258.4671
359.5218
296.6838
330.1671
375.0311
397.2663
406.5819
352.2476
374.062
366.0086
307.1225
371.8504
