176.7897
167.4549
177.7093
218.24
202.6561
231.8417
253.215
218.8821
196.7269
150.475
158.2822
192.6723
191.674
220.1768
217.3117
227.9868
223.0975
206.2045
250.5533
240.7116
229.4919
210.552
249.5397
243.5512
246.2462
213.0687
223.5897
202.304
192.6595
230.3895
201.5444
166.1989
173.2485
188.7716
180.7564
199.3021
175.2729
176.8686
167.0559
218.1545
214.3089
240.9395
277.4085
269.6625
305.832
384.7376
335.2838
342.9658
330.7539
317.6678
293.5557
280.2885
262.0517
255.1546
289.9999
305.5523
273.9611
304.6519
281.3989
297.1818
314.1152
329.9649
380.1414
438.8736
344.2384
350.9239
288.6233
229.1865
244.321
286.6617
354.2561
374.5209
410.6332
372.6411
413.999
408.2287
383.3921
329.3311
359.1727
352.8449
335.3908
312.893
327.3243
358.6365
330.3936
261.149
218.7742
184.1497
164.6333
126.683
131.795
109.5748
106.6246
123.5557
121.5157
105.9943
94.24224
106.6333
100.9669
91.33397
105.0024
113.5421
124.3608
133.309
127.6508
152.9793
129.7901
142.7271
187.8821
169.9892
185.5209
196.9251
213.5698
221.7605
248.9358
210.0593
163.9745
187.7432
176.3497
176.7452
167.3755
185.0113
138.2182
124.2677
121.7477
95.93578
104.0212
106.0322
100.4495
98.94302
109.9147
117.6186
140.3782
124.8714
139.4058
157.1044
151.7529
140.0349
155.1336
171.8985
166.523
188.6411
206.5229
211.2132
194.7231
172.6622
155.6775
163.7205
185.6666
184.391
215.4944
187.1431
160.7664
141.8012
144.8402
195.6818
144.6908
124.3205
118.4596
125.0812
131.3129
136.1563
155.9411
141.7934
135.8808
141.2302
126.0005
152.622
173.9729
172.0276
174.0379
195.1718
191.8624
182.5994
164.7241
168.7502
166.2916
180.8665
204.273
214.8219
246.7271
237.5105
216.8097
215.8118
210.5498
178.8352
152.3943
158.5832
148.06
178.1428
165.2625
121.9296
123.0231
132.0449
182.8716
180.4056
140.5379
164.4431
161.3549
150.158
158.8485
151.643
157.6726
157.9206
161.7729
162.2524
159.7977
171.0441
154.6127
127.3444
131.4708
104.9012
101.5152
104.7632
128.2584
127.3308
152.3947
137.8693
151.1271
112.2938
124.0224
138.9082
138.1595
119.6224
124.2236
124.0726
109.0102
99.87589
86.39268
101.5891
111.4335
114.7993
110.1907
128.2121
122.8124
122.1739
138.3626
166.5368
168.2585
155.0241
146.0385
162.3176
194.6036
195.217
164.1911
137.4401
185.1694
192.2382
211.7755
252.5545
273.5772
291.7086
237.473
240.1127
258.2852
241.9426
243.7987
289.1423
286.2391
252.9337
265.1506
265.9777
229.2835
212.5834
240.1947
219.5499
224.4331
240.9731
222.6496
159.4551
156.3276
157.1874
156.3292
150.1605
154.3616
155.9437
180.0082
210.5075
224.8166
238.7451
268.2681
289.6178
230.1639
242.2615
198.8599
153.3076
149.69
169.0489
168.6199
145.5902
139.7295
199.0294
179.1129
192.5843
199.4424
163.8155
153.968
127.9847
133.7569
131.882
148.2235
136.1975
155.0731
143.1538
147.4197
184.189
212.0882
250.9981
222.3831
222.8667
206.5824
225.4749
235.159
203.1452
192.8193
163.0131
151.119
157.8261
141.0421
158.4571
171.6852
164.0163
156.5663
152.5171
145.1359
171.4123
196.1577
160.8124
145.6608
138.3629
150.5701
109.9367
117.7045
131.3561
140.11
155.8749
187.765
197.3011
218.0843
194.0145
196.4132
197.8901
204.4202
173.5912
236.9711
248.8035
236.846
170.4533
173.1036
175.4828
172.4096
181.8284
151.685
145.4319
120.1086
120.5624
127.4764
104.0377
96.83318
98.99033
94.70805
95.47548
111.9244
118.5645
127.3738
121.3017
138.818
118.9655
103.8806
121.2936
125.4083
136.603
148.3302
148.993
145.6881
195.9301
226.1105
192.6945
206.9611
220.2161
214.9845
234.6584
247.7624
294.6648
252.9692
282.6226
301.5572
280.9646
248.4501
283.8596
269.4459
237.5998
202.2092
214.966
200.4331
191.6859
235.3972
232.6855
202.8562
236.5406
276.9984
261.0476
238.057
227.9638
199.7698
199.5109
196.9402
198.556
190.2946
194.4546
179.2729
176.5534
188.898
153.9789
158.4686
161.1196
148.7075
168.1105
150.9573
170.7761
219.8562
201.9848
236.8304
213.4642
195.0876
198.5488
192.7167
178.9549
155.2714
157.1283
149.1484
157.1197
161.7617
182.9682
172.2265
137.1292
134.2455
119.773
104.4116
107.9784
121.2656
142.5935
154.1702
138.421
138.585
124.2086
144.3473
151.0803
145.6524
141.2832
136.9499
132.8965
134.9204
124.1263
131.6165
129.0023
96.87194
75.12729
74.60871
75.9484
65.21424
63.79541
67.86862
63.57848
69.78436
70.80602
69.91095
67.02214
56.52052
60.49712
66.06175
59.72778
57.24221
60.18664
69.09575
80.30901
79.73835
80.504
92.44803
91.94257
85.04024
82.51292
88.80337
88.1845
90.63124
87.34063
98.074
104.4075
96.3771
87.89787
113.0752
125.0026
136.0567
120.6572
143.3764
132.9189
143.0088
121.2949
177.1879
159.0291
121.0271
122.1322
153.8594
135.0575
145.4543
137.1296
137.8689
141.9017
128.4915
142.0608
132.3757
145.1047
181.9205
219.3316
229.5056
188.5211
292.4542
326.5701
316.2671
272.3749
232.7608
248.2996
261.5676
297.3181
314.4021
302.0366
291.0207
257.844
293.4585
268.7592
261.1627
220.0885
208.5936
230.3594
207.5174
228.6151
216.2072
199.6973
189.5308
193.463
161.8996
171.6318
166.4359
161.7414
178.4186
170.2698
156.9084
152.2177
197.3394
204.0166
237.4966
200.1181
204.7358
237.5114
233.3638
199.6447
211.2354
195.0609
215.2919
198.9389
213.7954
228.3415
249.7513
247.566
202.7361
214.7533
222.2478
196.0259
206.6062
236.5669
229.6831
222.8184
226.6679
227.0677
217.1073
181.8583
188.3934
215.7389
184.6405
169.3956
135.5156
145.6101
168.4783
148.7068
138.8177
138.3077
171.6246
190.4151
181.2956
190.2843
161.2089
159.6863
173.6356
177.9134
193.2928
200.6026
192.824
261.3143
220.6812
219.7357
240.4887
255.6761
281.7597
234.7146
252.3327
258.361
260.296
251.6676
290.5626
277.8658
283.7119
300.0398
302.3804
272.7686
226.6503
244.5293
230.8499
230.4907
244.3365
218.6363
213.6724
203.387
195.1266
195.2279
169.3138
140.7792
113.4939
102.1082
116.4745
120.0065
124.3615
167.7452
223.1728
228.968
201.3871
220.6704
237.3878
278.8869
241.3278
251.3283
284.9905
276.5496
257.8368
249.7001
262.3102
252.8021
276.0611
299.882
307.3397
253.5765
210.9539
214.4058
234.0137
238.7555
256.3515
279.5161
266.232
282.4854
248.0074
282.7875
285.3355
267.4103
267.8799
289.0196
283.5758
233.5085
198.1982
228.0783
217.6851
173.8725
158.344
151.131
191.1693
209.3247
245.1352
266.4928
312.6628
255.7996
235.6747
208.8409
216.4605
227.6224
192.3755
221.3989
201.3854
195.0261
204.4435
243.8181
238.5712
209.9232
215.8948
212.6642
248.979
235.9509
250.3816
215.6227
195.0649
207.403
238.9978
234.6903
235.1759
250.4169
244.6983
243.1287
264.8427
231.605
216.2668
218.7572
253.2005
222.0237
223.2895
261.3059
284.1141
284.0494
271.39
281.1975
236.4824
243.437
223.3445
159.6733
144.346
148.0774
175.2527
174.302
164.651
168.3557
186.2273
200.1991
199.756
201.3755
192.8224
190.0833
167.7152
164.5531
188.5005
173.0304
187.1634
182.1377
191.7527
179.7518
209.9465
210.3481
200.494
224.1885
258.6088
271.1135
248.7498
269.2504
269.3533
233.6964
228.6077
194.0936
154.197
157.0424
172.3958
187.8306
163.5471
161.9336
159.955
149.3442
130.1273
137.6186
148.5938
136.8231
163.8365
164.0474
167.7362
163.7839
143.339
138.5348
127.2115
133.7328
131.5716
141.1477
124.3374
136.8334
155.4055
138.9534
156.7756
158.3991
167.5487
162.8547
159.9291
167.9724
140.4686
130.8762
129.9769
143.3542
184.2197
194.8083
183.3614
181.3919
210.3507
203.3181
184.4622
195.1735
198.3343
205.6944
221.403
220.6604
209.1987
234.004
227.0464
223.4096
276.4458
257.3911
237.4423
195.3096
186.7981
167.8724
146.7214
153.1776
178.585
209.6737
202.0393
201.7552
208.1125
192.5933
220.7096
212.2961
213.4523
200.2783
197.6283
233.0871
192.6349
174.5611
137.9798
177.8562
170.1006
176.9513
173.7695
164.4788
141.2522
155.1181
147.7993
167.528
144.0962
139.5657
141.7686
152.0365
153.9448
127.0198
126.9216
118.7962
126.5761
129.5458
138.0851
139.5681
146.4228
118.6253
91.08252
92.82685
87.99744
112.5202
117.874
124.3481
145.0456
133.8225
110.3175
137.8114
123.7005
109.9326
101.1253
94.39413
103.5629
90.35562
92.72823
97.26755
105.2888
101.3396
107.597
122.3921
116.3905
122.9884
128.0443
134.1987
134.751
144.8166
158.5958
164.878
140.5041
140.6928
170.5604
182.5307
154.8552
145.4839
162.6138
201.1664
197.3156
192.8848
182.3158
206.4024
198.8914
265.4832
267.8116
268.5038
245.6674
248.2154
267.5215
267.1377
215.5101
215.8281
198.803
208.9218
170.7212
197.003
174.9416
154.2592
176.4966
181.6264
170.805
159.5109
152.8063
131.5124
128.6815
126.7088
129.6259
137.3179
158.2482
184.2655
173.6886
161.7894
178.1967
183.8682
165.387
193.637
210.8883
186.6813
178.453
164.9894
172.3668
184.3754
233.2312
222.3141
236.8191
247.3876
256.5778
246.9344
270.3839
252.261
270.1596
257.2528
280.3006
309.5937
237.2027
230.826
247.7322
228.8162
209.0447
193.6229
189.2159
171.3005
171.131
149.5882
157.7276
167.1718
190.9311
159.0431
168.0253
177.0539
193.5082
223.0453
215.2676
231.5165
209.9416
224.2085
211.6852
157.5791
168.6865
173.9402
184.2505
149.3025
134.9283
118.587
121.2372
113.4019
114.504
126.478
102.6154
121.879
113.5044
85.89844
98.69861
112.4768
122.9706
127.5445
105.7469
98.67636
114.7879
118.5264
140.0982
145.0467
147.7634
144.6866
158.3384
149.0957
148.9448
120.452
134.0125
135.5727
107.2199
114.1216
96.45553
124.9058
130.6253
128.832
131.3409
145.8435
175.662
168.1196
153.2281
150.2826
144.7215
145.3622
168.4166
167.1896
135.2743
139.2679
146.9173
163.1623
146.0324
135.5911
120.4473
136.4752
136.3535
134.5753
143.756
144.3746
132.2254
123.053
133.1056
138.3158
145.3378
152.0132
159.8678
177.4625
149.0941
140.2522
110.4096
112.8662
124.3077
122.2146
110.4215
106.8529
96.77585
111.1394
124.0735
110.8087
128.2822
143.2901
160.8422
147.1614
139.1836
152.4944
175.4506
176.2169
207.312
208.3986
217.6442
210.2289
204.6711
256.7002
276.0485
267.1368
289.9599
280.7794
275.4067
300.1687
257.1926
261.7336
234.1174
225.7223
223.4937
222.8692
187.5117
172.8019
193.5609
169.6163
153.354
149.8419
138.3964
167.532
191.8736
171.4388
168.2352
136.3555
136.9688
139.8862
142.4409
149.0144
165.2075
175.0299
172.0129
156.1608
160.9024
160.4799
141.2319
124.0093
140.9111
137.7135
153.8013
151.8227
147.0645
173.6211
165.9192
161.1424
166.4411
184.1325
179.9178
199.7193
178.2356
180.3601
160.6165
148.8371
137.5558
148.3002
160.7429
201.9794
210.4293
146.8412
175.4672
159.4909
149.7013
153.7579
129.4716
114.9097
110.2021
113.4058
122.2067
131.3031
113.9552
126.2777
142.9345
130.8305
148.7349
130.9699
150.1514
161.837
170.4197
171.6876
205.375
207.2889
232.3806
210.4773
237.5856
236.7295
209.2211
208.7856
203.8698
206.2668
244.1739
224.4796
197.4543
180.8456
173.7346
177.9339
199.9739
207.7942
189.6377
180.2261
188.7554
192.5578
180.7123
234.2303
227.3937
226.3107
221.9601
164.3031
163.0655
192.1816
193.3581
186.6917
220.0075
232.5838
224.0386
180.4411
160.483
154.5911
184.9771
192.807
178.1285
211.8973
238.8207
242.5045
244.5485
235.7221
223.1223
196.578
200.4803
204.4699
185.1378
163.655
155.3703
154.2202
180.9183
190.8125
199.1697
242.3139
251.1042
209.8201
215.1958
214.5133
206.4474
213.9089
218.0664
217.9615
222.0336
247.9677
225.3476
235.3363
174.2389
174.0283
191.9682
189.8624
204.592
210.0911
175.4889
156.1706
158.6598
174.14
178.9523
152.8455
182.5501
175.9534
167.4131
133.1822
127.7664
147.2138
139.6496
136.3755
142.157
148.5825
138.288
119.8186
101.84
124.1025
136.6971
145.8709
153.1997
161.1987
164.1377
155.0185
154.6982
154.0066
157.6925
140.9338
107.5257
121.1646
103.8302
92.12383
80.7665
66.13304
70.99976
77.94338
86.95388
77.93189
103.0429
97.13268
98.44845
108.4628
102.6569
92.75168
104.9549
95.55634
115.2249
97.71294
87.25137
91.25822
104.842
103.5526
106.3633
122.8019
122.9855
100.2238
95.87408
82.64196
76.56648
92.15753
97.63483
102.5692
118.2853
126.7467
111.968
112.1033
104.8766
101.3893
104.556
101.435
108.8255
112.5378
117.0472
103.2791
93.53952
103.5485
107.0431
99.62067
100.5024
105.8214
100.6866
90.54691
106.4222
98.87962
103.0444
111.4646
111.3838
97.31207
111.783
89.74707
98.46113
107.5958
97.52084
100.7388
102.3471
120.8165
123.3146
123.6565
139.6322
188.8111
190.8026
180.5572
176.8626
169.0006
146.436
136.8462
110.0035
128.7422
157.1706
130.1723
133.3434
110.4104
142.3672
172.1667
143.7824
137.442
176.177
221.8922
222.3896
190.5981
176.3487
167.3004
179.3949
210.0194
190.8732
197.9984
166.6159
186.2337
245.8876
254.09
242.1149
238.928
230.7064
231.5154
222.9496
178.4536
149.8448
147.6151
143.3606
127.889
115.8524
114.4353
117.7032
127.981
122.1629
125.1173
114.5801
87.67679
93.77616
107.9368
128.6225
141.0339
142.4438
119.0038
137.866
138.213
139.364
134.3456
132.3689
114.3289
117.8844
130.1249
116.5355
112.4227
141.9406
137.931
124.6307
131.2438
133.9818
118.639
115.2107
145.5139
133.8914
110.4283
106.5233
99.30894
110.5632
109.9649
112.4184
115.2342
112.535
100.9058
88.93179
90.61078
92.00016
87.46131
87.35661
109.0323
102.1951
97.65802
113.2702
140.1339
144.879
143.9842
165.4484
135.7041
146.8007
135.7828
152.8786
213.9945
219.354
222.7318
235.1633
214.0471
216.2318
238.34
231.9253
230.6119
237.1832
252.0312
254.846
205.1857
205.5486
197.857
184.3335
142.9974
125.2762
124.3098
129.6092
131.7157
121.141
123.4729
116.5173
105.3433
117.7309
138.2197
112.0534
113.6194
116.666
124.8369
145.5409
148.3826
156.7093
173.6254
164.3616
165.2659
172.9394
186.2664
172.5085
187.2568
201.1463
177.6484
213.9528
222.4199
196.2326
178.9009
156.6803
137.7892
160.8202
167.0042
159.4986
143.7156
160.806
176.0894
152.4912
142.0762
148.0662
142.0285
165.9634
141.1603
113.736
136.1652
117.1776
116.592
107.7516
103.0122
92.22331
105.0145
106.3246
107.9149
120.4867
125.4688
107.3853
101.595
115.9063
127.0098
127.502
121.6245
121.468
112.0856
99.66481
89.19573
96.51712
81.94519
75.08766
87.56762
97.62968
94.75614
119.931
123.1182
126.7351
123.6042
129.5141
138.572
121.2104
130.8501
130.6367
123.475
139.2444
143.101
113.9499
121.2056
157.8198
161.1386
152.3726
136.1242
124.4078
119.9704
101.5141
105.0264
102.6961
106.0393
109.5409
158.1682
197.3727
231.2003
218.7354
231.3984
203.7479
197.6376
186.3884
165.9947
162.998
169.2107
191.6922
144.2356
153.0433
146.1121
150.2952
160.4932
160.5736
128.0175
131.5143
143.987
139.6838
146.0903
177.8189
148.2357
165.0342
166.1583
204.9292
231.884
195.1358
232.692
280.3636
276.2794
333.5603
339.0322
240.1228
255.1477
308.4096
292.8964
349.3425
343.3891
327.6305
287.4275
288.2591
288.1545
290.2305
302.1173
296.778
271.2513
251.6412
264.5166
249.3378
239.419
285.7342
306.0637
319.9827
331.5321
344.0453
340.3636
324.8151
334.808
339.2544
364.2451
303.1392
315.5887
354.1795
340.265
334.496
352.1263
389.0597
404.4301
376.303
349.3844
336.6701
306.8321
316.751
309.758
327.5611
377.6248
361.3347
405.6091
351.7547
315.4453
299.344
336.6038
346.4069
257.3752
214.3981
192.5616
204.0381
192.6006
187.5981
160.1078
157.2168
158.281
150.6774
157.3741
131.4213
134.5369
117.3493
100.2825
85.8799
75.47188
78.66041
78.2056
70.44618
66.7459
76.29307
68.92815
92.6702
101.755
100.963
115.386
108.1318
116.6693
104.1783
93.09326
80.18178
72.92375
67.93807
79.01091
89.01412
96.34786
103.8604
111.521
105.817
96.53066
92.69108
82.23177
92.8119
90.29281
101.0621
84.2947
90.48507
90.29821
