404.8028
346.3478
418.19
357.0879
342.6102
317.6411
342.0126
345.6715
331.7437
330.2735
328.4069
360.9551
372.8015
344.8364
391.3674
405.0643
301.6267
341.7737
327.9986
369.4728
348.7527
351.2904
337.6914
375.7945
370.6352
367.7839
366.5116
354.2136
348.6793
301.6176
322.4574
340.8332
382.7706
441.6791
366.4577
368.5554
371.2854
335.156
343.8611
321.8625
367.9535
395.3209
351.8905
308.3112
334.0353
354.8345
374.0882
350.9602
370.5129
380.0419
364.7962
387.9912
377.8857
377.4863
350.2085
337.0072
353.0877
340.6055
344.2495
348.8735
365.1454
352.3807
353.3113
358.1848
365.8176
336.5723
314.3611
319.9823
359.9176
348.499
288.0434
353.5728
321.6697
316.5085
353.5632
366.4438
346.6548
345.0921
351.0206
354.6513
397.6927
354.811
367.9668
358.5666
356.6144
369.7678
336.7865
368.7528
381.8758
374.2025
316.2296
324.8957
328.5498
336.8885
338.6721
357.2608
366.8952
303.8926
328.4623
318.9377
354.4844
379.1175
341.6808
336.6671
341.3247
298.8778
315.4342
326.4346
355.4009
316.0889
341.0524
358.3779
382.2608
350.0471
365.947
364.7983
408.384
328.7103
348.852
321.4442
321.0685
358.8113
348.7667
371.2589
346.9881
350.7784
342.7594
378.732
364.8886
342.7509
339.1357
311.8494
398.1051
360.031
369.1958
380.533
271.51
369.5742
354.7109
359.1641
327.9735
365.6347
352.9347
351.3064
353.2656
370.3083
343.3038
328.5205
357.8961
352.1927
335.5275
337.5722
358.1658
396.3707
329.3006
348.2548
339.2533
351.9116
351.3972
284.453
326.8207
350.1842
343.6074
336.162
355.668
369.9556
349.5322
339.1237
376.6938
325.4792
359.1672
357.4363
325.9978
361.7818
335.059
362.3527
389.8529
383.6326
332.7719
351.2139
373.7884
391.3564
371.3349
360.6541
367.9481
386.0656
348.7221
324.9785
322.4288
314.4403
362.5511
355.1025
372.3601
384.6031
321.3763
370.4541
357.7496
378.6298
339.6687
356.3571
368.6354
394.6104
374.5623
374.5912
342.3343
347.9426
318.137
357.536
344.4502
326.1229
381.2322
342.2854
322.2881
277.9692
315.2136
287.8637
337.074
365.7718
368.7474
351.478
337.2904
351.6234
323.941
357.1443
331.272
344.5044
342.1541
351.2372
328.3432
325.0831
360.1887
341.1854
373.4836
337.0413
393.0545
384.2062
327.2336
332.8348
307.538
313.2663
325.6946
362.0897
291.8688
304.3128
331.1219
333.4941
369.6636
362.0623
385.5995
375.1593
367.6949
386.8464
389.4225
345.7595
413.9918
401.8293
357.665
332.7795
368.6521
362.3424
349.9464
358.6745
352.6847
363.3893
337.764
348.2936
351.9028
360.2527
338.5971
318.7097
342.2374
377.1715
361.284
391.245
369.467
320.909
364.1068
335.4703
312.0125
396.5453
412.4402
354.1052
364.6696
325.0955
323.5896
383.6891
356.9419
350.2665
344.4168
346.3709
370.9863
368.7171
367.7201
331.6219
323.1165
323.1483
323.5485
306.8479
315.726
314.2593
317.8432
341.6769
335.4439
353.2172
325.942
339.1027
348.6697
342.713
349.369
352.8079
342.0423
368.6294
337.3726
334.2868
376.5349
321.0437
385.9574
323.6551
340.0584
319.8463
363.6594
351.4126
338.1505
345.6088
361.2937
385.2311
343.495
420.1264
369.7313
436.7265
335.4968
389.0515
371.1972
378.9959
337.6822
429.3324
384.2933
312.9571
343.6972
369.6623
318.4858
361.8183
327.2669
362.2976
369.4456
307.9712
368.4644
385.0707
332.4849
344.543
381.163
386.853
377.6527
321.8296
325.0642
359.0741
399.0437
383.0487
349.8039
357.3594
367.9174
342.0432
307.9276
344.9306
302.4353
360.1477
340.1165
332.384
308.2524
345.4622
319.2435
332.7675
300.5441
302.8289
337.7938
361.8385
362.9527
355.7637
363.8735
328.2898
372.5267
374.7211
380.7739
389.4549
363.7621
369.7215
375.9005
289.5627
347.4313
391.8713
378.97
322.9773
369.5122
389.6937
370.4951
334.3953
369.6581
362.7932
332.5883
348.335
383.8962
397.5973
318.0658
362.8599
365.608
368.6751
414.6667
398.6888
362.236
383.867
365.9626
427.3775
372.5132
364.1654
374.1425
336.6548
351.5485
357.7822
364.6691
335.6066
342.0175
391.2617
370.5777
338.4617
350.622
375.4609
432.2176
342.4894
353.4772
347.0779
377.816
306.2565
359.3415
349.1914
324.324
359.4522
345.7429
341.5017
344.0494
376.1184
339.3843
371.7821
323.376
359.7028
375.4708
374.548
324.8172
344.1423
328.6606
330.9009
311.7543
336.7486
339.6239
374.6501
394.2945
399.543
343.0201
358.0726
363.2529
345.3393
328.5642
380.7181
370.8535
355.4815
338.0799
354.1063
351.9892
392.2287
381.6513
370.5186
346.4845
327.9624
383.7134
336.6301
335.562
387.0397
391.3007
371.2962
406.9062
402.9686
436.4694
370.4253
358.52
413.9568
408.8684
428.1445
317.6966
368.8894
298.9057
407.2161
337.5967
364.5845
319.9105
375.5284
395.7383
397.6535
333.3604
358.2994
336.227
379.9699
367.671
337.7224
319.454
381.0397
352.0803
338.4259
325.3306
410.1239
352.7166
325.96
331.5903
338.159
353.7224
376.9003
379.1691
306.4059
356.2383
357.9909
367.2144
413.0512
313.4304
316.3062
349.0543
318.2458
344.8521
351.2722
317.1992
339.3373
369.1942
361.0647
345.8376
327.7806
377.991
363.7044
366.746
340.6032
311.7728
370.7743
333.6957
359.1121
372.0933
365.5358
416.0243
339.6177
342.0202
378.9715
393.9399
341.059
339.1315
338.3718
338.806
353.7811
322.3284
365.065
355.8831
403.9035
366.5688
301.1383
339.425
351.5914
395.4359
329.0962
330.1048
346.0149
306.1447
358.8701
293.6105
372.5974
329.7031
358.1684
361.2633
391.6426
371.0143
346.8184
374.8863
377.3342
359.5273
389.7589
380.0588
330.5793
375.8124
371.3714
337.9434
307.2778
304.274
352.3977
343.4068
329.4263
323.5213
314.4282
335.1788
323.449
326.6571
287.5251
354.1182
326.0713
307.694
332.7924
395.6957
349.8526
305.4316
344.3964
341.4793
343.3405
312.8557
325.2896
341.7018
349.9712
331.5639
362.8282
345.4888
329.2878
334.7721
379.3181
350.3346
362.3984
358.1957
379.7336
347.2822
292.9505
359.6534
363.9986
409.4342
348.715
384.3149
315.5512
346.1651
341.7466
334.5858
351.5297
355.0353
318.7778
298.7877
378.076
382.0071
327.4567
372.1299
395.7679
357.3665
369.0266
358.7965
409.1055
357.2242
383.0946
370.4419
359.4792
433.7284
360.1334
362.412
344.2634
383.7035
336.4165
350.6599
341.8508
353.6643
394.705
333.0085
325.2517
343.2122
344.6909
320.7515
356.4412
381.409
391.25
347.8718
306.1145
396.9425
366.6987
434.8206
392.5024
414.7902
336.8316
312.8498
326.1194
341.0195
373.3604
335.9389
326.9942
392.0203
402.1701
352.5636
339.9547
365.8249
382.7533
375.616
344.2436
362.3663
331.4366
376.9205
324.5845
385.2539
381.4287
346.8382
321.2379
320.8014
362.0723
315.5047
348.9496
369.6355
312.2782
392.3867
357.2638
370.214
343.8328
357.942
290.0707
371.1115
356.0408
360.585
352.6702
333.6002
387.6517
361.3739
389.1482
384.6222
384.2488
360.6155
328.2243
302.1566
329.7394
334.3675
405.8024
317.0011
351.912
378.1934
384.6412
359.7792
360.001
347.3938
384.2298
332.2264
383.4663
385.596
329.0337
319.4011
364.716
392.6301
329.4528
338.7012
297.5841
348.0261
365.1037
309.8781
333.48
319.9261
302.7498
333.7953
356.9422
336.6754
284.6719
316.6586
298.3447
296.3908
359.9351
342.1883
337.2957
376.1357
318.8265
364.1952
345.4251
315.6732
341.7298
338.9725
388.5674
357.243
328.5299
325.5302
323.1699
352.1353
366.3392
358.0081
357.1021
375.7826
338.7351
339.7049
303.2531
325.72
373.2612
345.4957
404.937
331.4911
313.3383
287.6581
315.6869
339.8835
340.512
327.5831
300.6289
360.8902
382.4331
331.1303
397.0543
351.3272
310.6897
324.2638
317.8351
366.113
330.6394
404.9033
404.3612
346.4947
310.1298
341.9559
297.751
346.1209
367.809
363.1163
350.1205
341.1332
379.9022
314.3153
346.6924
341.0555
373.1725
312.9625
327.4966
360.8873
316.5315
340.0783
362.0909
342.6396
358.2914
350.3789
406.3084
333.6967
343.3178
372.3743
363.8145
357.1149
417.396
336.4346
317.8159
355.0258
373.1708
320.7315
354.4267
338.6752
361.1795
312.514
374.9845
289.0406
365.4914
368.1999
341.2562
358.5716
347.6382
323.9792
319.2651
375.1397
376.409
389.6958
334.756
361.7503
348.1776
350.179
351.0603
355.6033
400.4269
321.6579
336.3293
360.8532
385.895
321.3216
348.3104
384.6133
344.8061
325.9907
349.6931
346.9239
387.4108
358.6639
339.9726
377.1256
343.9395
355.887
393.8794
338.9614
338.9359
313.9813
356.0438
360.3894
373.0107
373.0112
351.765
342.8712
403.8195
373.1138
406.7764
300.8082
377.7597
342.3923
364.5942
353.6365
415.9324
376.1993
380.8845
317.6124
330.9585
359.207
345.238
317.4058
336.7388
369.4515
395.5577
367.1369
326.2494
356.8698
385.6295
354.9021
304.5459
416.0155
341.0233
331.4421
311.3851
372.34
344.5754
352.1659
392.5358
336.6396
367.3334
350.7757
320.5974
336.2463
354.8596
360.5336
321.349
327.3933
326.582
347.3369
373.4687
347.0928
378.3119
350.3618
308.6503
335.9487
343.6689
351.2878
425.6231
390.9821
390.0694
308.6699
315.7522
416.5216
362.8767
387.9333
402.1276
380.3576
356.0019
349.5929
338.0599
345.8672
367.3444
343.3473
348.6677
431.7763
370.9799
405.2905
374.3005
349.3326
348.6655
361.8493
340.1913
358.5966
382.9747
392.2066
334.041
341.451
409.3068
352.8466
335.8965
345.968
327.4831
373.4475
345.3173
360.3882
318.2388
393.4087
333.6117
337.766
377.0907
388.5853
381.0449
365.9126
331.7205
357.9403
368.7358
375.7809
397.8091
397.205
372.8985
407.4118
324.3818
331.8946
352.1296
327.5196
345.5581
394.8117
347.8029
441.7797
371.1237
