0.2815291
0.265671
0.2487485
0.2413065
0.2234039
0.2188141
0.2220075
0.2119568
0.2072253
0.2014111
0.1957826
0.1917135
0.1917423
0.1960982
0.210194
0.2059565
0.190048
0.1836144
0.1831342
0.1749409
0.172817
0.1691192
0.1702657
0.1737034
0.1539661
0.1511347
0.1590921
0.1592247
0.1605128
0.1647847
0.1584161
0.1506746
0.1562934
0.146713
0.1505127
0.1486099
0.1464579
0.1407485
0.1315537
0.1338461
0.1360502
0.1319849
0.1251927
0.1228622
0.1184566
0.1108513
0.1121292
0.110643
0.1089257
0.1109845
0.1132613
0.1137011
0.1066372
0.1025229
0.1006859
0.1035787
0.1026788
0.1015881
0.1021934
0.09890239
0.09846522
0.09973476
0.1041068
0.1091289
0.1092701
0.1071955
0.1140062
0.1151948
0.1099081
0.1089476
0.1057957
0.1134343
0.1124836
0.1148998
0.1100305
0.1135526
0.1133275
0.1108089
0.1199532
0.1197388
0.1170248
0.1173277
0.1149742
0.1140169
0.1136476
0.1124992
0.1130431
0.1179209
0.1209655
0.1201153
0.1194799
0.1123569
0.1105668
0.1128708
0.1218641
0.1211894
0.1187128
0.1193872
0.1143745
0.1133618
0.1133918
0.120333
0.1220693
0.1238806
0.1143263
0.113886
0.1161601
0.1142234
0.1116166
0.1115303
0.1105481
0.1106604
0.1057756
0.1083606
0.1121735
0.1100686
0.1153156
0.1144653
0.1111766
0.1112129
0.1113269
0.1092429
0.1108779
0.1144394
0.1123832
0.1092086
0.1112977
0.1071732
0.1087352
0.1116447
0.1113886
0.1145053
0.113671
0.119717
0.1190174
0.1261733
0.1267789
0.1337474
0.1368773
0.1538434
0.1406836
0.1327437
0.1291424
0.1352839
0.1225568
0.1225962
0.119381
0.1175807
0.1134151
0.1146576
0.1157086
0.123771
0.1175914
0.1117454
0.1049667
0.1002598
0.09511956
0.09499086
0.09856729
0.09777077
0.09708795
0.09741309
0.09470165
0.09580753
0.1039672
0.1017327
0.1039623
0.09923257
0.1077268
0.1049646
0.1108475
0.1137403
0.1071862
0.105751
0.1073402
0.1031726
0.1063597
0.1020895
0.1091117
0.107276
0.1032588
0.105304
0.1068813
0.09954863
0.1055683
0.1062664
0.1036422
0.1079467
0.1127084
0.114277
0.1170098
0.1226855
0.1193633
0.1248636
0.1269855
0.1197488
0.1178014
0.1237238
0.1320689
0.1400031
0.1355503
0.1405174
0.13689
0.1342983
0.1296012
0.1242331
0.1253338
0.124016
0.1316527
0.1364798
0.1358669
0.1266187
0.1242562
0.1167068
0.1178466
0.1093653
0.1108759
0.1077595
0.1072839
0.1087267
0.1077222
0.108226
0.1102968
0.1108227
0.1118327
0.1129901
0.1167042
0.1274423
0.1306389
0.1304175
0.1257974
0.1276852
0.1241174
0.1196688
0.1259635
0.1299545
0.1285734
0.1330421
0.1378368
0.1366014
0.144777
0.1408315
0.1455956
0.1479136
0.1364133
0.1511442
0.1558518
0.1573928
0.1529575
0.1502294
0.1505532
0.1472663
0.1539274
0.1590528
0.1605522
0.1720786
0.1690993
0.1769034
0.1748247
0.1803291
0.1809285
0.1875139
0.2011069
0.1856621
0.184525
0.1798851
0.1748741
0.1737047
0.1747466
0.1802603
0.1847691
0.1826855
0.1758083
0.1783726
0.1706618
0.185208
0.1817939
0.1781349
0.1811929
0.1908435
0.1843939
0.1821917
0.1816589
0.1970641
0.1910297
0.1905389
0.1948419
0.1972344
0.1987826
0.1799263
0.1864115
0.1938812
0.1931742
0.1929773
0.1957471
0.197802
0.2010748
0.192395
0.1843505
0.186584
0.1805932
0.1758643
0.1790336
0.1751672
0.1811903
0.1751207
0.1746161
0.1809413
0.17961
0.1736425
0.1733212
0.1774608
0.1691828
0.1700145
0.1794535
0.184664
0.1931621
0.2053645
0.2129996
0.2180919
0.2261592
0.2304339
0.2299691
0.2302513
0.2357049
0.2280635
0.2219573
0.2258027
0.2413241
0.2372765
0.234059
0.2332535
0.2246262
0.2222167
0.2253243
0.2169859
0.2227494
0.2096136
0.2108829
0.2064345
0.2063244
0.2023642
0.1979804
0.2116032
0.2064332
0.1992207
0.1921858
0.1876841
0.1908869
0.1966821
0.1886769
0.1922956
0.1947402
0.1827588
0.1766543
0.1801195
0.176787
0.1814101
0.1848735
0.1880639
0.199811
0.1950934
0.1894433
0.2003201
0.1930346
0.1993491
0.1971491
0.1928058
0.1994783
0.1993401
0.1946195
0.1910808
0.1894354
0.1884407
0.1973284
0.190722
0.2004924
0.2067382
0.211717
0.1943998
0.1907854
0.1819946
0.1841094
0.1705276
0.1675505
0.1743578
0.1730122
0.1837539
0.1921415
0.1957651
0.1987981
0.1956353
0.2112025
0.215772
0.2127005
0.2018262
0.2183087
0.2030721
0.1960293
0.194341
0.1930431
0.1882336
0.1817531
0.1786605
0.168221
0.1758867
0.1849219
0.183556
0.1893905
0.1957555
0.1885729
0.2035736
0.1934562
0.1983333
0.2008843
0.1930738
0.1891797
0.1922291
0.1948425
0.2008492
0.196048
0.1836582
0.1822781
0.1730696
0.1682433
0.1663729
0.1664967
0.1697369
0.1776297
0.1831944
0.1819444
0.1843864
0.178547
0.1774485
0.1726538
0.1686888
0.1701786
0.1685942
0.1642198
0.1654664
0.1692122
0.1729133
0.1720979
0.1774077
0.1727657
0.1720566
0.1634681
0.1584334
0.1543443
0.1459836
0.1540091
0.1439045
0.1354906
0.1280006
0.1316959
0.1291386
0.127754
0.1333403
0.1335985
0.1323044
0.1193012
0.1218913
0.1199946
0.1183003
0.1158882
0.1123998
0.1141811
0.1165777
0.1322366
0.1261998
0.1234571
0.1208763
0.1215615
0.1208721
0.1257778
0.1318802
0.1293989
0.1305517
0.126843
0.1250734
0.125939
0.1285002
0.1209219
0.1168649
0.125446
0.1275184
0.1279119
0.1210189
0.1295398
0.1224512
0.1267838
0.1328114
0.1445763
0.1336006
0.1411829
0.1384057
0.1463131
0.1437195
0.1567957
0.1587548
0.1514491
0.150635
0.1506119
0.1509864
0.1477919
0.1369216
0.1391362
0.1460523
0.1520669
0.1552298
0.1650801
0.1662258
0.1722959
0.1749519
0.1776756
0.1763462
0.1736027
0.1811668
0.1792838
0.1713014
0.1679913
0.1699443
0.1682434
0.1650156
0.1683963
0.1628019
0.1548845
0.1577808
0.1608667
0.1580351
0.1500696
0.1568688
0.1472383
0.1482436
0.1457983
0.1447062
0.1422302
0.152104
0.1484348
0.1581549
0.1492898
0.1526673
0.1568232
0.1524597
0.144169
0.1411752
0.1349976
0.1275898
0.1297176
0.132545
0.1305737
0.1312812
0.1306589
0.1280695
0.1309088
0.1282675
0.1227087
0.1197196
0.1245573
0.1280683
0.1251815
0.1307907
0.1273079
0.1275568
0.1300847
0.1201414
0.1200235
0.1226829
0.1150467
0.1104136
0.1132988
0.1221372
0.1279738
0.1316663
0.1338258
0.1363707
0.1358676
0.1339828
0.1330565
0.1327376
0.1360182
0.1340113
0.137084
0.1318557
0.1336294
0.1322898
0.1340351
0.1294408
0.1359734
0.1326788
0.1344465
0.1379248
0.1421203
0.1369787
0.134566
0.1330726
0.1287965
0.1311155
0.1370522
0.1313838
0.1302826
0.1336607
0.1420357
0.1466072
0.1467005
0.1424889
0.1342936
0.1337747
0.1364445
0.1402658
0.1389551
0.1444421
0.1449836
0.1449967
0.141864
0.1366627
0.1254277
0.1235208
0.1257262
0.1223384
0.1219953
0.1165726
0.1119156
0.1155182
0.1177045
0.1195244
0.11478
0.1168261
0.1174902
0.1176419
0.1134595
0.1103
0.1097564
0.106442
0.1071391
0.1046723
0.1020458
0.1079165
0.1143949
0.1228583
0.1217432
0.1301497
0.127207
0.1276466
0.1281035
0.1390946
0.1420587
0.1374148
0.1321183
0.1319778
0.1369342
0.1375882
0.1352948
0.1386906
0.1306594
0.1364382
0.1369369
0.1311896
0.132163
0.1246092
0.1278282
0.1286957
0.1176722
0.1261629
0.1292828
0.1369422
0.1319107
0.1376224
0.136543
0.1449774
0.142826
0.1358495
0.1398046
0.1320385
0.1278287
0.127016
0.1274152
0.115771
0.1153039
0.1169023
0.1195248
0.1221974
0.1283167
0.1213929
0.1255198
0.1276492
0.1276128
0.1226451
0.1241915
0.1201098
0.127499
0.1343939
0.1459638
0.1394909
0.139973
0.1438055
0.1398702
0.1453128
0.1481851
0.1501412
0.1566802
0.1491832
0.1460796
0.1521665
0.153535
0.1637121
0.1688386
0.1558154
0.1653405
0.1529801
0.1552103
0.1608832
0.1522767
0.1509688
0.1470318
0.1514267
0.1491291
0.1509243
0.1490287
0.1379332
0.1527821
0.1407003
0.1340031
0.1336965
0.1351193
0.1392353
0.127037
0.1292775
0.1244095
0.1295153
0.1298233
0.1266833
0.1234454
0.1178529
0.1193737
0.1133024
0.1069408
0.09880988
0.1002878
0.09693694
0.09921735
0.1088984
0.1085412
0.1051481
0.1064429
0.1037491
0.1067303
0.107207
0.1010309
0.1007082
0.1035126
0.1035611
0.09998287
0.1004953
0.09565974
0.09759972
0.09487381
0.09345129
0.08881187
0.09145981
0.09063246
0.09181192
0.09703503
0.09148907
0.09837043
0.1005941
0.09727088
0.09466624
0.09002204
0.09076832
0.09157569
0.09212219
0.0926366
0.08837642
0.09179806
0.09017476
0.08958857
0.09349474
0.09289575
0.09399284
0.0982589
0.1046087
0.1025489
0.1004002
0.1018151
0.1074899
0.115358
0.114238
0.1191045
0.1138222
0.1210767
0.1206699
0.1145387
0.1118047
0.1109953
0.1105334
0.1093072
0.1142368
0.1153527
0.1182575
0.1174478
0.1118616
0.1101853
0.1095397
0.1145637
0.1125022
0.1160427
0.1173383
0.1208508
0.1154582
0.1222505
0.1244724
0.1243164
0.1253956
0.1258268
0.1218306
0.1136725
0.1068924
0.1033241
0.1018692
0.1051078
0.1100337
0.1045331
0.106408
0.1136249
0.1137389
0.1136549
0.1172565
0.1205603
0.1152935
0.120415
0.1245862
0.124788
0.1292138
0.1309045
0.1327097
0.1368643
0.1388462
0.1476252
0.1474978
0.1542193
0.1535742
0.1559076
0.1603771
0.1640355
0.1536698
0.1544398
0.1529304
0.1518205
0.1465351
0.1427003
0.1354192
0.1392875
0.1414567
0.1406752
0.1415877
0.1429552
0.14673
0.1549984
0.1494044
0.1517606
0.1524478
0.1502755
0.1500798
0.1428511
0.147467
0.1408853
0.1355251
0.1403211
0.1433831
0.1378121
0.1282259
0.1271112
0.1268774
0.1284868
0.1214378
0.1273089
0.1215005
0.123201
0.1248177
0.1317228
0.1264312
0.1247143
0.1275757
0.1198207
0.1206217
0.1182437
0.1185757
0.1189481
0.1193402
0.1193071
0.1121176
0.1201249
0.1195452
0.1199731
0.1205748
0.1203469
0.1232163
0.1178802
0.1151593
0.1151128
0.1104172
0.1141733
0.1123305
0.1092508
0.1067426
0.1061887
0.1034007
0.1048064
0.1052748
0.1137845
0.1197917
0.1132868
0.1184347
0.1162714
0.1208776
0.1153596
0.118684
0.1127866
0.1172944
0.122638
0.1240939
0.1217797
0.1162393
0.1185403
0.1240475
0.1220874
0.1178458
0.1119605
0.1131275
0.1181726
0.1222501
0.1288824
0.1231403
0.1262532
0.1308836
0.1298284
0.1303948
0.138675
0.135211
0.1448967
0.1435726
0.1428911
0.1461637
0.1415816
0.1432706
0.1445473
0.1486352
0.1416336
0.1404065
0.147765
0.1495035
0.1454968
0.1455724
0.1311156
0.1313908
0.1335582
0.1434563
0.1460258
0.1448037
0.1559448
0.1616571
0.1627252
0.1598312
0.1630099
0.1722567
0.1734416
0.1684849
0.1614042
0.1586918
0.159902
0.1686089
0.1685464
0.162426
0.1693682
0.1766827
0.1621595
0.158054
0.1527236
0.1591972
0.1596393
0.1625932
0.1564786
0.1522202
0.1515987
0.1541301
0.153764
0.1405402
0.1445162
0.1484203
0.146667
0.1414686
0.1364671
0.1304725
0.1275144
0.1267273
0.1348108
0.1277564
0.1327325
0.1292515
0.1298258
0.1284581
0.1223166
0.1211626
0.1192582
0.1212469
0.115163
0.1123268
0.1072693
0.1095625
0.1071635
0.1132655
0.1186348
0.1210179
0.1239914
0.1399838
0.1355423
0.1324272
0.1306195
0.1319355
0.1291258
0.1325222
0.1327245
0.125317
0.1271122
0.1252643
0.1255424
0.1266104
0.125162
0.13061
0.1312758
0.132234
0.1343527
0.141173
0.1406116
0.1381985
0.1454266
0.1463305
0.1434666
0.1445556
0.1578241
0.1499253
0.1544672
0.1539042
0.1567966
0.1515358
0.1506132
0.1467734
0.1481991
0.1543032
0.15422
0.1638845
0.1617344
0.1610055
0.1558923
0.1588357
0.1561232
0.1527653
0.1520493
0.1504424
0.1490833
0.1582516
0.1446626
0.144871
0.136911
0.1333655
0.1310611
0.1325756
0.1296637
0.12136
0.125703
0.1238882
0.1275928
0.1276093
0.1324072
0.1325135
0.133788
0.1369222
0.1418475
0.1480851
0.1482745
0.1518206
0.1454513
0.1471741
0.1337029
0.1299712
0.1380649
0.1318251
0.1294947
0.1294596
0.1349529
0.1365015
0.1359831
0.1357782
0.133998
0.1392238
0.1347645
0.1334258
0.1376696
0.1295894
0.1336319
0.1364096
0.1356866
0.1378468
0.1362593
0.1340229
0.1368002
0.1380936
0.1384244
0.133895
0.1282911
0.1258314
0.1219849
0.112768
0.1124116
0.1150696
0.1213176
0.1233661
0.1206437
0.1253021
0.1229927
0.1172438
0.1207305
0.1251829
0.1212862
0.1252557
0.1235518
0.1231408
0.1250974
0.1259929
0.1296054
0.1319204
0.1367511
0.1381273
0.1418883
0.1428964
0.1445545
0.15405
0.1711958
0.1648486
0.1560509
0.1461301
0.1417883
0.1501131
0.1552025
0.1622815
0.1722634
0.1812491
0.1843189
0.1743179
0.1779807
0.1904895
0.1801476
0.1803233
0.1797981
0.1687891
0.1623178
0.1564817
0.1496772
0.1507865
0.156812
0.1458495
0.151514
0.1415405
0.1375569
0.1330911
0.1333914
0.1328777
0.1342239
0.1297948
0.1375948
0.1404572
0.1561673
0.1463745
0.1462537
0.1394627
0.1346267
0.128876
0.1287403
0.1293849
0.1261924
0.1299761
0.1285635
0.1260114
0.1311168
0.1315768
0.1391601
0.1279777
0.1251743
0.1270034
0.1308677
0.1271664
0.1332425
0.1273148
0.1217863
0.1183197
0.1138551
0.1034896
0.0964992
0.09334088
0.09632848
0.09743883
0.1035374
0.1041412
0.10161
0.10805
0.1092677
0.1045064
0.1080917
0.1062473
0.1089728
0.1111496
0.1118631
0.1154909
0.113042
0.115593
0.1189227
0.1184142
0.1314975
0.1335917
0.1338343
0.1393686
0.1366289
0.1400598
0.1343302
0.1356089
0.137913
0.125958
0.1323961
0.1323363
0.125901
0.1295018
0.1251365
0.1202823
0.1234275
0.1291629
0.1237365
0.1273433
0.1264944
0.1263851
0.1237443
0.1269017
0.1276987
0.1326409
0.1229591
0.1236691
0.1271837
0.1271993
0.1243658
0.1319252
0.1341865
0.1354335
0.1398812
0.134546
0.1332865
0.1347608
0.1344483
0.1287161
0.127052
0.1346428
0.1304606
0.1398322
0.1447477
0.1443255
0.1433156
0.1413704
0.1388664
0.1465788
0.1441407
0.147641
0.1516439
0.1448782
0.1408757
0.1427592
0.1391178
0.1414934
0.1504982
0.1480541
0.1492682
0.1521961
0.1540814
0.151852
0.1468614
0.1409622
0.1425578
0.1469928
0.1497342
0.1540419
0.1530181
0.1489741
0.1498912
0.1503089
0.1511057
0.1557886
0.1521723
0.1609106
0.1549583
0.1537513
0.1516016
0.159108
0.1524509
0.15432
0.1482586
0.1444176
0.1483165
0.1495469
0.1514354
0.1509771
0.1433536
0.1539507
0.1552022
0.1463414
0.1510214
0.1507642
0.1519916
0.1542827
0.1606663
0.1582335
0.1608717
0.1642892
0.1612554
0.1543699
0.155623
0.1699401
0.1743383
0.1656815
0.1705604
0.1663554
0.1606115
0.16223
0.1695861
0.1627574
0.1590612
0.1625198
0.1524592
0.1574081
0.1593732
0.1666777
0.1688319
0.1705825
0.1636059
0.1657063
0.1683553
0.1641088
0.1588344
0.1560993
0.1534389
0.1521215
0.1520594
0.1565392
0.1466631
0.1483552
0.1510781
0.1574418
0.1600958
0.1582798
0.1624384
0.1620391
0.157639
0.1573342
0.161974
0.1593211
0.1553793
0.1520935
0.1466155
0.1445376
0.1464777
0.1493375
0.1535993
0.1597086
0.1576412
0.1539268
0.1496444
0.1385162
0.140952
0.1415087
0.1407176
0.1407845
0.1461894
0.1462841
0.1497062
0.1506613
0.1555844
0.1644522
0.1594778
0.1563812
0.1577191
0.1636503
0.166399
0.1720789
0.1623877
0.1739933
0.1696236
0.1648502
0.1649865
0.1690796
0.1659268
0.171656
0.1681734
0.1725424
0.1785581
0.1740754
0.1671864
0.1597695
0.1608969
0.149888
0.1581745
0.1526308
0.1590676
0.1637693
0.1585227
0.1608019
0.1700228
0.1665161
0.1670999
0.1665543
0.1667539
0.1687912
0.1731564
0.1791094
0.1789328
0.188579
0.176333
0.1757866
0.1720768
0.1876611
0.1711406
0.177563
0.1745948
0.1739594
0.1814905
0.1758193
0.178147
0.178059
0.1744181
0.1869612
0.1898936
0.1925823
0.1807838
0.1806119
0.182574
0.1960335
0.2042991
0.1958946
0.1943247
0.198213
0.2004319
0.1938565
0.1963635
0.1984015
0.207116
0.218494
0.2089143
0.2028554
0.2112227
0.2052031
0.1990007
0.1961396
0.191706
0.1916297
0.1912351
0.1877665
0.1885065
0.1963491
0.1935479
0.1930614
0.1973882
0.1924572
0.185462
0.1905169
0.1870979
0.1812693
0.1862197
0.185232
0.179924
0.1813398
0.1787149
0.1710168
0.1669492
0.1702761
0.1723961
0.1747561
0.1710188
0.1769818
0.1707001
0.1688309
0.1721901
0.1623061
0.1818909
0.1755776
0.1724305
0.1647987
0.1593019
0.1619104
0.1588286
0.1570024
0.1472892
0.1337334
0.1336067
0.133598
0.1352091
0.1375502
0.138531
0.1442488
0.1408077
0.1315847
0.1346062
0.1316262
0.1391316
0.1334315
0.1340852
0.1313569
0.1308355
0.1387258
0.1347149
0.1278737
0.1220273
0.1241791
0.1187583
0.1216753
0.1242491
0.1277729
0.1268193
0.1305004
0.1292141
0.1282536
0.1340411
0.1418717
0.1386158
0.1376925
0.1315938
0.1363898
0.1479031
0.1424968
0.1421097
0.1391245
0.1429876
0.1477266
0.1561602
0.1595532
0.15675
0.1529688
0.1510355
0.151073
0.1490703
0.1536356
0.1647961
0.1586706
0.1641694
0.1602328
0.1604408
0.1607114
0.1663721
0.1524305
0.1445581
0.1490135
0.157339
0.1555381
0.1562292
0.1528302
0.1471807
0.141033
0.1417345
0.1344626
0.126138
0.1199901
0.1115881
0.1169661
0.1225852
0.1316375
0.1320452
0.1345339
0.1312087
0.1309617
0.1369947
0.1404533
0.1400782
0.1350069
0.1437508
0.1386306
0.1438301
0.1379738
0.1405691
0.1320402
0.1294803
0.1317269
0.125667
0.1258359
0.1284613
0.1284188
0.132775
0.1364861
0.1409137
0.1389711
0.1356402
0.1352903
0.137866
0.139829
0.1398957
0.1573393
0.1523662
0.1582158
0.1653187
0.1684817
0.1793864
0.1808172
0.1831238
0.1857217
0.1874267
0.1927423
0.1886336
0.2108618
0.2093508
0.2040995
0.2035195
0.1999144
0.2060715
0.196355
0.1987514
0.1960232
0.1863773
0.182012
0.1836027
0.1832795
0.1720957
0.1652682
0.1720994
0.1672169
0.1681982
0.1740112
0.173069
0.1791166
0.1807636
0.1786095
0.1820362
0.1787694
0.1726867
0.1665542
0.1675989
0.1643212
0.1611596
0.158505
0.1614146
0.1567584
0.1542034
0.1569435
0.1610062
0.1557405
0.1549326
0.1593676
0.1651033
0.1691247
0.1759192
0.1769143
0.1786533
0.1835248
0.1795607
0.1715749
0.1672414
0.172137
0.1849882
0.1723534
0.1685839
0.1740676
0.1811496
0.1865129
