0.04109309
0.04284755
0.04274312
0.03910051
0.03657843
0.04219486
0.04144186
0.04052164
0.04039936
0.04083779
0.04064437
0.04005884
0.04817408
0.04782454
0.04636622
0.04536149
0.0468383
0.05126213
0.04880975
0.04196207
0.03893966
0.03725612
0.03899451
0.04406058
0.04717562
0.04801249
0.04522767
0.04981951
0.04602527
0.04668817
0.04277993
0.04806147
0.05094964
0.05131208
0.04961607
0.0504819
0.05354333
0.05811348
0.05904322
0.06452514
0.06834764
0.06213541
0.05161597
0.05784728
0.05464623
0.05236314
0.0578908
0.05430972
0.05826211
0.06123854
0.06196673
0.0599142
0.05723929
0.05911177
0.06092474
0.06121565
0.05806798
0.05678163
0.0524309
0.05450874
0.05370388
0.04558831
0.04965501
0.05935105
0.0582837
0.05719631
0.05985657
0.05979993
0.05313609
0.05047401
0.05388453
0.0487519
0.04948912
0.04427716
0.05144225
0.04962537
0.05146399
0.05217327
0.05255846
0.04984557
0.04801437
0.04750389
0.04710261
0.04378993
0.04293504
0.04242478
0.04158945
0.04394232
0.03987613
0.04060336
0.04484306
0.04593782
0.04199575
0.04621374
0.05458229
0.05501153
0.05349022
0.04657144
0.04943165
0.04825626
0.05065105
0.04470134
0.04515814
0.0465944
0.0488345
0.04566031
0.0481429
0.05076155
0.04814052
0.05011946
0.0470695
0.05114604
0.05404543
0.05090141
0.04793385
0.0517636
0.0522177
0.04727901
0.04614151
0.04855908
0.04656489
0.04469005
0.04702602
0.05128191
0.05560713
0.06232735
0.05871839
0.05325978
0.05631532
0.0550527
0.05874872
0.05770905
0.06288743
0.06354398
0.06213179
0.06858861
0.06396654
0.06027296
0.07458063
0.07783187
0.07249887
0.07200799
0.07713912
0.07447422
0.07538299
0.07054761
0.07598255
0.08334991
0.08500426
0.08248907
0.07779095
0.08046944
0.07521712
0.07096505
0.07455564
0.07283434
0.06884867
0.0678603
0.07470564
0.07441216
0.06833489
0.06604383
0.07198104
0.07447244
0.07975697
0.07669492
0.07868429
0.079535
0.07927412
0.07392524
0.08489117
0.08246618
0.08524947
0.08826117
0.08523521
0.0842095
0.0871719
0.09008709
0.09132607
0.09104701
0.09903201
0.09778086
0.09715205
0.1053761
0.09336493
0.09271391
0.09389118
0.08596343
0.08462858
0.09057345
0.08821461
0.0962762
0.09636331
0.09388166
0.1045826
0.1090696
0.09588085
0.1023831
0.1027122
0.08311828
0.0888279
0.08394049
0.08696576
0.08604011
0.08901199
0.08934905
0.1013195
0.103962
0.104892
0.1057365
0.09855588
0.09973502
0.1041687
0.1143662
0.1107452
0.123266
0.1089517
0.1033289
0.1049345
0.09925593
0.08448188
0.09009824
0.08548049
0.08965004
0.08082628
0.09436223
0.09600125
0.09928891
0.1136814
0.1224423
0.1159606
0.1078054
0.1000133
0.1007074
0.09910908
0.09107066
0.09215819
0.07940207
0.09183499
0.09385566
0.09004002
0.08932413
0.08263719
0.08453173
0.08945504
0.08484017
0.08083763
0.08338755
0.07677244
0.07682837
0.07413621
0.07733476
0.07882401
0.0818934
0.08275415
0.08650866
0.08834821
0.08352954
0.06915852
0.07143396
0.0695777
0.0761749
0.08104798
0.07902146
0.08213113
0.08833398
0.0853063
0.07493785
0.07386706
0.06838759
0.07065079
0.07071253
0.06869356
0.07821232
0.0808711
0.09047194
0.09627986
0.0911985
0.1048226
0.09852543
0.08766282
0.08642738
0.08984852
0.08254977
0.08033219
0.0726835
0.0743488
0.07079109
0.07355628
0.07856767
0.0768129
0.07905767
0.07456882
0.08253838
0.08554904
0.08640582
0.08189806
0.07526168
0.08100223
0.07458265
0.07292031
0.06382089
0.06477913
0.06854557
0.06260683
0.06291549
0.06799611
0.08029058
0.08300824
0.07892948
0.07366827
0.07360548
0.07868354
0.0862776
0.08757594
0.08964897
0.09296459
0.08949339
0.08898971
0.09145105
0.08375021
0.08162114
0.08972802
0.08396167
0.08107798
0.08707939
0.07566581
0.06738478
0.06971609
0.07470963
0.07654997
0.06737057
0.06343022
0.06310436
0.06786488
0.06054034
0.06110842
0.06723315
0.05889412
0.0615472
0.06531859
0.06968922
0.06714958
0.06814647
0.07267087
0.07636656
0.07609278
0.07716493
0.07614528
0.06902595
0.07718684
0.0771039
0.07836209
0.07731682
0.07834635
0.07576108
0.06803221
0.06798553
0.07064922
0.0721999
0.07546571
0.07996796
0.08905027
0.0827286
0.07375552
0.06667653
0.06651592
0.07022706
0.06997175
0.06777032
0.06823195
0.06891761
0.07113077
0.07775164
0.07995046
0.08174527
0.08485176
0.09663073
0.08245593
0.08437315
0.09150618
0.09097755
0.08452091
0.08528017
0.08317717
0.09526229
0.09347009
0.08384679
0.09203594
0.09367188
0.08572338
0.08127663
0.09145571
0.08507993
0.0972155
0.09499366
0.09668418
0.1036256
0.1017167
0.09451077
0.0942484
0.08905451
0.08785368
0.07478086
0.07524039
0.08030933
0.07973565
0.07772251
0.07606471
0.08207507
0.08785401
0.08242279
0.0845605
0.0891019
0.08269353
0.09304872
0.09387143
0.09639895
0.1013561
0.09654384
0.1050089
0.09599054
0.09198801
0.09160043
0.08974
0.07608963
0.08417967
0.08364968
0.08582945
0.08338753
0.07368169
0.07186932
0.06947527
0.0778837
0.09433784
0.0883326
0.07664662
0.07792119
0.0817405
0.07831757
0.08216302
0.08824424
0.08870545
0.08710176
0.08593966
0.08961936
0.08909183
0.0902332
0.08530615
0.09621057
0.103228
0.09434402
0.09503345
0.08467988
0.08378108
0.08876452
0.08997572
0.08388756
0.09300806
0.101352
0.105026
0.09985
0.08351805
0.08554802
0.08344478
0.08440779
0.08021197
0.0884245
0.07943882
0.07228296
0.07732949
0.07076562
0.07050993
0.0716191
0.07285097
0.06800301
0.07167523
0.07581556
0.08489998
0.08268903
0.08325292
0.08990947
0.08567845
0.08315795
0.08805185
0.09412586
0.08204386
0.0866635
0.083193
0.08640951
0.08436301
0.07180551
0.07275954
0.07128417
0.07443183
0.07235353
0.06977031
0.06657293
0.05975057
0.06655288
0.06666779
0.06870187
0.06922201
0.07403746
0.06872408
0.06790716
0.06855175
0.07669186
0.07300392
0.05928903
0.06315374
0.07335591
0.07368345
0.07292525
0.07483944
0.07373022
0.0782349
0.075114
0.08267058
0.07730395
0.06665524
0.06632149
0.06383257
0.06228281
0.05489545
0.05148835
0.05807276
0.0697052
0.06881887
0.07278925
0.06532869
0.06318121
0.0585978
0.06495697
0.06418428
0.05321318
0.05887897
0.06234551
0.06262059
0.05976558
0.06472544
0.05981975
0.05738165
0.06298979
0.06256514
0.0708366
0.06690589
0.0665176
0.07696088
0.07667004
0.07407435
0.07241858
0.06816051
0.08194673
0.07602794
0.07432163
0.07859802
0.0853525
0.07418242
0.08072311
0.07508438
0.07484626
0.07855488
0.08232434
0.08679067
0.08375849
0.08279032
0.08308373
0.08392677
0.08071465
0.08045754
0.08229712
0.08638058
0.09202024
0.0838075
0.08676942
0.08038807
0.092808
0.09710981
0.1074784
0.104667
0.1096945
0.1210922
0.1389502
0.1097552
0.09844449
0.09212849
0.1021441
0.09929675
0.09515878
0.08311324
0.08598163
0.08683524
0.09591151
0.108555
0.107147
0.1039772
0.09542049
0.09352458
0.09094903
0.08249652
0.0751338
0.08494103
0.07504816
0.0806003
0.07021262
0.06977652
0.07952047
0.08165576
0.078045
0.07689263
0.09026826
0.07524977
0.07322416
0.07679099
0.0716601
0.06818992
0.07414744
0.07387596
0.07205005
0.0709583
0.07078949
0.07704703
0.07097353
0.074894
0.07580627
0.08044055
0.07007141
0.06675262
0.06252413
0.0623426
0.0596058
0.05294035
0.05119402
0.05361494
0.0571735
0.06633927
0.07130246
0.06583549
0.08206773
0.08357212
0.08964921
0.07757916
0.0815192
0.08780607
0.0811154
0.07815328
0.07390278
0.07388488
0.07602547
0.07117278
0.08471496
0.08549311
0.0995738
0.1010403
0.08940371
0.08554406
0.08521736
0.08690621
0.08107707
0.08004228
0.08761513
0.0823401
0.07906069
0.08089952
0.07858859
0.07798866
0.07381869
0.06835841
0.0644537
0.06326529
0.06115021
0.06099175
0.05685691
0.06080062
0.05871757
0.06325192
0.06268339
0.06983351
0.07536387
0.07277049
0.07137212
0.06720855
0.07494333
0.08396389
0.07807863
0.08595077
0.07677476
0.07891301
0.07476726
0.08837289
0.08368213
0.08158634
0.07890053
0.0759659
0.08566228
0.08557407
0.09409423
0.09598013
0.08836201
0.1097468
0.09951398
0.09662855
0.09677312
0.09680773
0.08844469
0.08620891
0.07735983
0.07642074
0.08446724
0.08321345
0.08001765
0.07773514
0.0838874
0.09010169
0.091449
0.0965362
0.101016
0.1009119
0.1065195
0.1258916
0.1277094
0.1076775
0.1000913
0.1020198
0.0999107
0.106482
0.1018716
0.1034961
0.1005262
0.09635685
0.1043606
0.09391983
0.101391
0.1026047
0.101786
0.1053711
0.1094899
0.1101883
0.1138532
0.1056283
0.1012488
0.1132293
0.1072299
0.1030157
0.102807
0.1144511
0.1205527
0.1350486
0.1203404
0.1152581
0.1295235
0.1174467
0.1151757
0.1416606
0.1273927
0.1286636
0.1138355
0.1195666
0.1102619
0.1098206
0.1173626
0.1226851
0.1195111
0.1167004
0.1327444
0.1324066
0.1407027
0.1527141
0.1473676
0.1551297
0.1416314
0.1610525
0.1589872
0.1474397
0.1524684
0.1427159
0.1248254
0.1333057
0.1230496
0.1154374
0.1161694
0.1128119
0.1191681
0.1137944
0.1168343
0.1220692
0.1260272
0.1232091
0.1203205
0.135353
0.1395741
0.1404095
0.1429063
0.1434376
0.1478208
0.1298295
0.1428395
0.1283754
0.125066
0.1249029
0.1257867
0.1186955
0.1267857
0.1254668
0.115513
0.1204549
0.121675
0.1244952
0.1394249
0.1366705
0.1325472
0.1332745
0.1347087
0.1373379
0.1344985
0.1290764
0.1352128
0.1197898
0.1159951
0.1233742
0.1160788
0.1131243
0.1167727
0.1099298
0.101544
0.1089421
0.1229965
0.1219253
0.1146726
0.1089423
0.1019203
0.1081335
0.1078349
0.09951029
0.1016549
0.1003379
0.1133475
0.1144522
0.1050239
0.09986697
0.1062317
0.09616035
0.1002604
0.1140875
0.1275663
0.1359328
0.130487
0.1280831
0.1354568
0.137058
0.1329945
0.1104214
0.1123744
0.1080121
0.1123951
0.09799076
0.1038802
0.1031662
0.1086966
0.1168419
0.1342461
0.1451885
0.1272944
0.1287681
0.1167147
0.123642
0.127117
0.1409042
0.142564
0.1401057
0.1292535
0.1293521
0.1259348
0.1252157
0.1300697
0.1300783
0.1327298
0.1360926
0.1344344
0.1370431
0.1392933
0.1325552
0.127279
0.1271583
0.1204941
0.1062362
0.09284295
0.09729491
0.09809341
0.09114458
0.09268834
0.09191617
0.1031229
0.1137351
0.1059467
0.1105396
0.1098902
0.107968
0.1129726
0.1156518
0.1104538
0.1014635
0.09382924
0.09940926
0.1096867
0.1099195
0.1083262
0.1051811
0.1037653
0.1106304
0.1125794
0.1094438
0.1144701
0.1101442
0.1085221
0.104009
0.1164336
0.1112214
0.1204328
0.1174755
0.1152966
0.1056524
0.1045337
0.1057925
0.1038083
0.09869522
0.1033034
0.09707541
0.1009598
0.1172558
0.1145718
0.1055456
0.1003559
0.105535
0.1040663
0.09714709
0.0947954
0.09443752
0.095462
0.09719002
0.09304801
0.09954746
0.09207216
0.09076425
0.09642095
0.1082506
0.1100679
0.09489183
0.1053111
0.1099946
0.1094676
0.1043327
0.09202528
0.09353271
0.09043936
0.09180162
0.09684718
0.09078879
0.0945118
0.101102
0.1072049
0.1093379
0.105988
0.09711015
0.1188772
0.09871401
0.104423
0.1198467
0.1267166
0.132669
0.1046967
0.1178979
0.1372783
0.1220771
0.1173416
0.1201869
0.1263194
0.1143489
0.1060888
0.09728505
0.1112476
0.1011845
0.1182973
0.1257037
0.1230489
0.1231374
0.1355619
0.1345489
0.1169463
0.1133373
0.1063666
0.09973559
0.09678463
0.0985982
0.1065428
0.1016664
0.1082766
0.1081906
0.1102084
0.1066106
0.1089828
0.1142368
0.1061208
0.1064188
0.1028835
0.1067909
0.1133004
0.1023559
0.1011713
0.1087764
0.1043963
0.1205173
0.1076812
0.09680972
0.100694
0.1074526
0.11818
0.1082668
0.1117811
0.1083077
0.108416
0.1114382
0.1050029
0.1200578
0.1052745
0.1058792
0.1039456
0.1138645
0.1211419
0.1255566
0.122931
0.1303971
0.1354943
0.1370579
0.1359032
0.1481385
0.1435712
0.1313529
0.1241127
0.1212946
0.1263292
0.1426824
0.1589576
0.1423079
0.140552
0.1475271
0.139318
0.1248299
0.1288784
0.1350694
0.1185801
0.1211771
0.129523
0.1127567
0.122428
0.1248396
0.1426022
0.1455225
0.1527998
0.150209
0.1381363
0.15625
0.1508925
0.1728479
0.1490296
0.1494724
0.1559139
0.1307092
0.1446032
0.1481143
0.1256422
0.1292666
0.1146204
0.1051562
0.1111677
0.1109351
0.1101424
0.1107868
0.1093952
0.1089455
0.1096463
0.1069896
0.110176
0.1056202
0.1129443
0.09786067
0.0983656
0.1074979
0.09829724
0.09346896
0.08667859
0.08750101
0.09089724
0.08655923
0.08345134
0.09385513
0.09181025
0.08202879
0.08240594
0.08641038
0.08853979
0.09179088
0.09997506
0.112141
0.09233988
0.09179546
0.08518086
0.0856561
0.08708219
0.09235478
0.1030141
0.1051117
0.1005329
0.1221134
0.1239624
0.1167686
0.1087808
0.1199114
0.1219709
0.1309218
0.1215043
0.1087022
0.107191
0.09830419
0.09728602
0.1007903
0.09411528
0.09430678
0.08552226
0.09620443
0.09094446
0.1069534
0.1180092
0.1012005
0.0968324
0.09262059
0.09578507
0.1036135
0.09689149
0.08611697
0.08626739
0.1015749
0.09564832
0.08904202
0.08017843
0.08288933
0.09734828
0.09751283
0.1037702
0.09934304
0.09157942
0.09890947
0.08212095
0.08876954
0.09494088
0.1014895
0.09661247
0.09520083
0.08548872
0.0858664
0.08685435
0.08542096
0.07925392
0.07560994
0.08131312
0.07967816
0.08643159
0.07940424
0.09360645
0.09751905
0.09099925
0.09679155
0.09220197
0.09194121
0.1018453
0.1004433
0.1076099
0.1084513
0.1218951
0.1169645
0.1242436
0.1383881
0.1428172
0.1504806
0.1472307
0.1403858
0.1322531
0.1484719
0.1448643
0.1694906
0.1720744
0.1775167
0.1585455
0.1743477
0.1552616
0.1549146
0.1631272
0.1473723
0.1426565
0.1330649
0.120066
0.1222011
0.1174463
0.1372048
0.1352281
0.1362501
0.1278397
0.1272609
0.1214532
0.1262813
0.1368923
0.1382056
0.147298
0.131533
0.1233501
0.1241522
0.1147769
0.1019852
0.1112487
0.0989354
0.1146854
0.1214768
0.116903
0.1215879
0.1378951
0.1330196
0.1104386
0.1150418
0.1134022
0.1154934
0.1121503
0.1054301
0.1074919
0.1009828
0.1039392
0.1028078
0.1141336
0.09548749
0.1001923
0.1079094
0.09765466
0.1133103
0.1194172
0.1106681
0.1072507
0.1084448
0.104466
0.1076509
0.1076365
0.1116595
0.1174966
0.1209075
0.1251516
0.1187825
0.1122665
0.1163803
0.1256825
0.1186423
0.1206442
0.120783
0.1298369
0.13343
0.1318235
0.1145051
0.1194794
0.100905
0.107041
0.1104417
0.1065637
0.1160235
0.1280986
0.1127283
0.1017143
0.111159
0.1038076
0.114502
0.1018909
0.09590945
0.1049615
0.09116184
0.08832896
0.07850235
0.07898196
0.07543376
0.07935877
0.08115885
0.07105405
0.07297042
0.09008741
0.08265949
0.09233448
0.0801112
0.0813289
0.09359537
0.08915329
0.09701975
0.09612725
0.09563586
0.101969
0.1010416
0.1007986
0.1067702
0.1103534
0.104944
0.09534547
0.08769038
0.08341709
0.07916688
0.08106761
0.08731743
0.0842871
0.08784694
0.09419213
0.09582483
0.09195963
0.09971282
0.09144543
0.0933613
0.0883614
0.08093346
0.08967205
0.08756947
0.08726067
0.09577931
0.09087027
0.08750671
0.09097785
0.08903157
0.0878071
0.08217435
0.07735103
0.07864823
0.08730706
0.07680496
0.07799865
0.07226752
0.07727408
0.08423756
0.08824504
0.08757645
0.08839943
0.08017831
0.07713957
0.07050468
0.08043655
0.08839494
0.09396822
0.09300615
0.09197087
0.08674972
0.09269085
0.086157
0.09690732
0.1013548
0.09829414
0.10322
0.1147322
0.10895
0.10459
0.1051562
0.1097398
0.1035289
0.09578864
0.1046665
0.100258
0.09314256
0.08550819
0.0930397
0.0981942
0.09848946
0.1013996
0.0847231
0.08960398
0.09107871
0.08743202
0.09636742
0.09439442
0.08967569
0.09683831
0.09514512
0.09712611
0.09435637
0.08796637
0.09254077
0.08464121
0.08424718
0.08091
0.07193306
0.07558596
0.07013083
0.06759785
0.06589584
0.06770276
0.06548637
0.0687026
0.06680067
0.07140496
0.07204873
0.07050382
0.07641625
0.083731
0.07910211
0.06983395
0.06505349
0.06519397
0.07192083
0.07271395
0.07298159
0.08116086
0.07940655
0.08087351
0.07789905
0.07708052
0.07438204
0.07379805
0.0724702
0.06889047
0.0706186
0.07278466
0.08298007
0.07374426
0.06844823
0.06861437
0.06740874
0.07001605
0.07174687
0.06831897
0.05951757
0.0612083
0.07114123
0.07858162
0.08470657
0.07684647
0.08125038
0.08624962
0.08511406
0.09170033
0.08120673
0.08190579
0.09064352
0.09456267
0.1032553
0.1026795
0.09472192
0.1037346
0.1056566
0.09983335
0.102597
0.1031776
0.1063376
0.09815508
0.09077922
0.07862991
0.08211525
0.08982875
0.08996738
0.09135633
0.08671457
0.08981919
0.07971413
0.0820507
0.08948778
0.09355171
0.08837711
0.09210994
0.0901381
0.09759258
0.09506847
0.09709709
0.09803058
0.09297966
0.08626287
0.09220653
0.08050765
0.08805256
0.08539512
0.09402436
0.0928121
0.08682552
0.08926734
0.08806586
0.09376259
0.08718088
0.08923613
0.1004915
0.09506129
0.08946225
0.08928531
0.08701486
0.08931428
0.08637504
0.08423729
0.08152614
0.0917679
0.0941126
0.0794113
0.07240037
0.07240525
0.07163213
0.06607176
0.06195212
0.06359969
0.06083398
0.05804256
0.0669943
0.07773787
0.08045232
0.08451848
0.0730562
0.08176126
0.07782962
0.07949172
0.07764685
0.07936933
0.07878346
0.08768769
0.08433603
0.08655388
0.08920444
0.08748691
0.08666507
0.08506423
0.08805748
0.09692885
0.09817274
0.09122777
0.08280945
0.08372707
0.08593175
0.09196049
0.07908002
0.09013103
0.09182256
0.08818838
0.08141828
0.0830036
0.08775832
0.08774311
0.08564494
0.08788115
0.08596398
0.09113658
0.09113592
0.09116479
0.08354169
0.07834845
0.09007632
0.09237643
0.08750904
0.09180353
0.09686427
0.09635271
0.08686806
0.09034856
0.08528684
0.07792021
0.07477801
0.08029809
0.07375078
0.07244826
0.07554924
0.06246366
0.0762948
0.07091561
0.07334604
0.07365685
0.07256094
0.07348502
0.07866291
0.07234785
0.07659979
0.07603313
0.07347346
0.08151707
0.08506847
0.07837159
0.07033209
0.07512541
0.08113662
0.07731758
0.07519235
0.0688019
0.07804175
0.09111344
0.09012231
0.08779341
0.09640976
0.09373721
0.09379117
0.09348527
0.09184811
0.0970174
0.09646912
0.1017676
0.09999043
0.1053929
0.1052023
0.1075878
0.1018861
0.1049957
0.1071248
0.09391464
0.09017932
0.0925099
0.09729002
0.1010362
0.1034114
0.121721
0.1108881
0.1249897
0.1234162
0.1208889
0.1221856
0.119312
0.1090659
0.1114577
0.1213226
0.1221411
0.121123
0.1277808
0.1301058
0.1258333
0.1198223
0.1193536
0.118379
0.1246003
0.1187264
0.1282258
0.1313222
0.1363834
0.1352109
0.1280982
0.1457331
0.1512126
0.1512345
0.1435964
0.1468623
0.1464139
0.1416726
0.1447318
0.1542334
0.145436
0.1410058
0.1397498
0.1254627
0.12725
0.1255341
0.1085938
0.09362514
0.1018764
0.1012589
0.09562586
0.08918945
0.08920466
0.08968068
0.08182535
0.08436944
0.08558677
0.0896652
0.07917897
0.0818144
0.09158867
0.09659246
0.1013328
0.1093957
