31.89651
33.83081
34.82176
35.76915
36.02797
38.36138
38.3667
38.62394
40.22051
38.83268
39.88002
39.98205
40.76526
41.02954
40.51464
42.89792
42.85475
43.93172
44.30576
46.50724
46.1685
46.5635
48.06254
49.26637
49.81711
52.01729
52.06984
51.19626
53.29993
54.58841
55.49205
59.28743
58.96892
59.65667
57.65501
59.78339
61.10996
62.95089
60.28451
62.02138
62.1544
64.3943
63.36969
67.29645
66.37239
66.35952
65.11189
64.72861
63.9334
63.6112
62.33444
62.77182
61.67604
61.18474
62.72648
63.51252
62.63529
64.35167
69.00387
68.36638
68.9291
67.58866
65.27494
67.41519
67.17315
67.0591
67.72676
67.62945
69.94905
69.10136
72.16704
71.61538
71.64071
69.67167
70.61598
70.59278
67.81703
68.20719
66.24571
65.87349
67.79761
67.87107
68.85247
68.03456
71.01051
70.08712
70.65812
72.36008
72.3257
71.81867
73.52349
73.12439
73.92221
72.09487
71.45087
69.49158
71.14263
71.31059
70.20444
66.75123
65.70195
69.02874
68.30477
68.98001
68.52425
69.1526
67.72032
65.64484
65.2127
65.20051
66.35481
65.0159
65.82989
66.35704
65.37127
66.62755
67.53865
66.87305
66.37094
66.3454
64.16439
62.64119
63.45629
63.4519
64.46934
65.93235
65.72843
63.84676
65.42105
64.24821
64.50075
66.93713
65.66813
66.66111
64.90554
65.93521
67.54312
64.92023
64.47072
63.41344
65.02983
63.56922
66.87447
69.68883
66.29509
67.40141
65.93036
69.28348
72.12158
71.0951
68.07181
69.80221
72.67699
72.02143
74.42072
73.44962
70.9053
71.73129
69.13551
72.04491
71.3325
67.68924
65.56557
61.21402
64.25758
61.16396
60.97173
60.42374
62.13671
61.95277
62.88501
63.26784
61.72373
64.39719
65.84228
64.95908
62.74484
63.3697
65.00241
66.37791
65.56307
64.25701
66.20563
64.66859
64.01895
64.40605
66.46758
66.88875
68.98578
70.09279
66.02646
65.44317
66.31916
67.18654
68.1864
66.93253
69.78489
68.84649
68.80768
67.80943
68.61384
68.76216
66.78427
70.66612
71.8152
73.7173
73.62496
73.98013
70.98904
70.77812
70.12417
71.94494
72.84809
75.27852
76.36484
72.97507
72.91682
73.93641
73.49578
74.10702
75.80052
76.95571
75.79114
73.68825
75.68441
74.14495
73.6169
75.45191
74.64723
75.20318
71.19782
75.25619
75.23698
77.23821
77.77922
78.42952
78.48506
77.62005
73.8347
70.95065
67.59508
69.48559
72.16896
68.87503
66.69675
64.22291
66.75582
67.38698
62.9326
63.10761
63.30194
66.76965
67.61542
69.17976
69.62001
67.75764
67.03075
68.1216
69.33763
67.33296
67.56363
71.78385
67.73274
68.3002
65.00487
63.50934
66.05594
66.14736
68.3431
66.40337
67.77636
64.55184
63.47249
63.41032
61.19424
61.80985
66.67242
66.26728
63.02226
62.76359
63.07812
64.41896
65.31321
68.01176
69.80012
72.13104
73.80105
72.1786
73.13509
72.26408
73.25219
72.56358
75.43298
76.61606
76.80419
80.46635
75.24107
74.97467
78.20068
77.58701
78.07307
79.0544
74.13052
73.74077
75.10632
74.06138
73.28909
72.43362
74.84184
74.78716
75.30093
74.83777
74.71911
73.26542
71.64822
68.27731
71.63659
71.03093
70.5597
70.10672
70.10801
67.31771
65.68588
67.06172
66.12318
66.95087
66.51429
67.76294
68.8193
68.00188
65.94114
66.05093
64.07853
64.60703
63.67722
64.62076
66.69769
64.3267
63.86563
65.45767
64.52674
62.90218
64.85152
64.04163
64.14083
63.94249
67.98294
68.03894
67.40185
69.12842
68.62092
67.16273
65.10806
66.24164
66.40165
71.73461
70.20711
74.78982
75.14461
71.89026
69.75169
70.6503
71.98387
72.49044
76.49863
77.32113
79.248
76.26981
77.9674
77.62171
75.77738
72.94827
75.53497
76.72267
78.71419
76.6347
76.98129
76.48514
74.98106
74.81997
72.68154
73.6685
74.47623
71.19536
71.89543
69.93271
68.68282
70.51494
67.69869
67.99495
67.06516
67.7928
68.57498
69.02049
70.39269
66.4157
67.28759
69.06234
68.74064
67.29436
67.46161
68.17537
66.04359
64.04468
68.00751
65.2872
63.85906
62.57675
62.529
62.6939
62.12334
59.89397
61.3724
59.29262
56.99503
59.02652
60.20799
56.2731
55.45576
56.50302
57.55141
58.27206
60.92093
62.20234
64.46942
65.44127
64.04945
65.8798
67.77068
66.5782
68.61928
68.37151
67.59405
67.21201
64.67909
63.82577
61.51202
60.1118
57.99672
57.55579
56.58605
55.22503
58.60178
60.36973
63.54786
64.36112
64.96301
64.93504
65.41426
64.95261
63.13085
63.63752
62.99026
64.3023
63.39001
62.34715
62.7234
61.98943
63.61986
63.47679
60.98994
60.03373
59.78271
56.98971
55.25939
51.80569
52.70045
52.38436
53.29629
52.38441
54.80017
56.66717
57.23473
56.77446
57.46323
54.53702
53.96549
52.40946
53.82633
56.50549
57.49632
56.92336
56.89832
55.56844
57.99996
55.43877
55.22919
55.22344
53.60295
58.22758
56.31584
56.47311
57.66647
57.40315
58.28999
63.43195
61.16794
62.1771
61.70357
62.41698
66.19464
63.49574
60.90791
59.91503
59.18526
57.64371
58.45782
57.81381
56.80756
59.35704
56.50522
60.36745
57.99362
58.55711
57.42312
55.29633
53.00672
52.93107
52.87777
51.44509
50.95084
50.13454
52.59059
51.53652
49.71733
49.99939
50.42821
49.57347
45.98519
46.8029
46.00312
46.82028
47.46334
45.96343
46.26515
46.62606
46.03588
46.71393
46.81011
47.34515
45.48253
47.49883
47.77413
47.13407
48.11656
48.14287
47.94751
48.28678
49.43154
49.27619
50.63601
48.98791
49.66533
48.7057
46.93043
47.69073
47.30012
45.16842
45.93069
44.83571
45.62702
44.56141
46.17534
47.15177
46.32413
46.42037
47.87832
46.53007
46.3516
47.56572
47.68265
46.03871
45.57075
46.02136
47.84011
47.86195
47.94406
47.70793
47.62394
45.99959
45.82549
45.57919
44.3959
45.73165
44.49113
44.12408
45.81899
46.88293
48.57504
49.61384
51.95204
53.5249
52.53625
52.73109
52.67634
54.91353
55.99027
56.82741
52.9849
52.09664
50.87056
52.25142
51.94401
50.72146
48.83348
48.30398
47.66004
50.13314
49.81921
49.45954
51.33106
51.66577
51.83908
47.94563
49.18191
47.99491
47.84327
49.53737
49.96976
53.81659
53.32856
53.36802
52.67556
50.96759
52.00796
50.83385
49.35927
49.25276
51.00855
50.51125
48.93689
46.94427
46.4204
46.08294
46.83177
47.04889
48.55519
51.29887
52.01048
54.23113
55.73982
56.96043
54.02248
53.43962
54.7827
53.74928
52.2153
52.73599
52.10775
52.10941
47.49342
50.75167
51.3025
51.39543
51.7016
50.73295
52.12671
53.75089
52.58378
54.62505
55.75263
57.88865
57.74525
61.15727
64.14604
64.64338
64.3823
65.36309
64.56782
63.39405
64.49426
63.58056
62.84399
62.06721
61.53575
60.40961
62.53811
61.93983
65.53368
62.60756
64.17416
62.15814
60.8362
62.02688
62.93954
63.35353
63.92727
64.87982
65.88157
65.507
64.19136
63.50815
65.1439
64.04131
61.75703
63.04042
63.2133
64.10811
66.59598
65.00866
61.93747
58.31381
58.91928
60.77681
58.4299
60.29433
58.03912
59.46291
60.44051
60.96032
61.23751
59.76199
61.59873
60.93279
61.51243
63.94404
64.98589
63.73484
65.7033
64.87591
67.2963
68.44262
64.80231
63.18419
63.92528
64.8075
65.24433
67.0804
64.98557
65.72649
67.73192
68.4056
69.12146
71.97904
70.73123
69.99206
71.09944
72.41587
69.34834
69.58637
67.59073
69.11425
64.16538
67.98012
68.71221
67.41753
70.63839
71.10798
73.84155
71.43844
68.97043
70.68803
70.2586
72.49784
72.85517
71.79469
68.42089
66.8422
66.1177
64.57346
64.05811
66.74793
66.82148
65.76315
65.66421
66.005
65.27684
63.77376
64.76668
63.84562
65.09108
62.75308
63.12947
62.61734
64.64763
63.71842
60.95996
62.59419
60.05895
58.31222
58.19269
57.1661
56.24734
55.33005
54.17189
54.9237
55.14325
57.55991
56.7556
56.69393
57.94397
57.60692
57.35401
56.20388
56.6559
56.35915
55.63622
53.59035
53.2023
50.82464
50.0958
51.05971
51.70425
55.49551
53.99788
52.13519
52.43172
52.15997
53.27466
51.92307
50.68522
50.65353
53.85262
54.89562
54.5116
52.43245
51.89905
50.37955
48.82407
49.53699
50.61031
51.18963
49.59041
48.75538
50.29161
49.3218
48.93379
48.03145
48.87496
48.87761
46.41927
46.87234
44.81303
44.61546
46.74348
46.82803
46.01548
46.64687
46.91604
49.70124
48.32111
49.5136
50.63044
53.15615
51.33927
52.14422
50.10721
49.60398
50.30309
50.65898
52.19075
51.00155
51.68152
54.39376
53.20672
52.60292
53.70259
51.5572
51.08575
48.50608
47.1062
51.17653
50.17257
51.28126
52.65497
53.63913
53.46254
52.41286
53.08844
55.98333
55.1926
57.56247
60.20237
60.76553
61.59189
60.21578
62.51227
61.74918
60.87896
62.19921
64.38871
62.03475
61.64977
64.08773
62.64597
62.08386
62.55587
63.62032
61.16752
60.35709
63.62213
64.83794
66.47039
68.45778
65.47701
64.61382
65.37589
65.62703
64.44097
61.88031
61.51067
63.99056
62.74583
61.38792
57.25069
58.72038
58.02098
58.06101
59.75832
59.38784
58.82426
58.61355
58.51023
61.06822
60.59948
62.0755
61.12493
61.1943
60.56509
64.97455
64.6116
62.68759
61.66532
58.32262
59.07076
57.71359
56.32816
54.18421
56.01037
56.74654
55.60164
54.03088
53.73522
53.86214
54.85027
53.33622
52.1192
52.79233
54.53115
51.31282
51.79768
51.58136
50.00835
48.76362
47.44369
46.724
48.80734
47.94482
47.30863
47.64337
46.76943
45.0925
45.23717
45.06069
47.76689
47.42
48.51143
50.42639
49.37595
47.2545
49.0412
48.70484
51.34903
49.8683
51.07243
48.70292
49.51455
47.88935
50.36029
52.66818
52.69047
53.90669
53.50726
51.24148
51.29093
50.19562
51.30127
52.11678
50.01382
50.26648
50.91074
52.91098
52.45396
57.16192
57.28742
54.61416
54.6075
53.40048
54.41708
53.58091
50.97326
50.43475
51.60615
49.93682
50.62826
52.18464
51.97491
49.76584
47.57991
47.40492
48.607
48.43322
46.75791
45.58776
45.23711
46.05965
44.87285
44.66331
47.08736
47.61183
46.70916
45.24163
45.95891
47.8324
49.16263
47.70094
47.65422
48.11679
51.8103
51.14405
49.92034
53.32631
51.70604
48.24263
49.07815
49.23289
49.44229
52.26344
52.85754
50.86258
49.98114
49.62893
50.33124
48.94519
50.49704
49.04342
50.07282
48.3206
48.72217
49.5344
49.69113
48.29048
50.28241
49.92717
49.40962
50.13207
50.0554
52.75179
51.12418
51.28925
50.41228
49.95751
50.45807
51.31613
49.75795
51.34228
48.80613
47.92736
47.87188
47.35825
50.61262
48.99161
49.16536
47.86188
49.25334
49.67907
52.10625
51.06886
50.63401
48.63366
48.94172
50.28012
52.00366
51.70543
52.58659
51.64893
51.98396
50.91245
48.34432
51.38174
50.82382
53.36593
53.63667
53.94357
52.16947
51.31287
55.54647
57.13406
57.15602
55.7307
54.83094
53.71259
51.2083
53.02811
51.69388
49.5216
49.52985
50.25491
50.19744
52.81105
53.62821
54.66063
56.43404
54.85258
53.72157
51.85398
50.41236
50.8995
49.50498
50.68223
51.5851
52.41979
51.30549
54.37584
56.48162
55.6863
55.90746
55.11784
55.3
54.71836
56.08327
55.89113
56.44299
55.69496
57.38906
58.10777
58.55973
56.64598
57.09683
57.1463
57.67523
55.00461
54.62124
51.90838
52.94153
53.238
52.60172
53.01722
53.35518
51.4476
52.23995
50.74131
49.89229
49.47693
48.77889
51.10255
49.39986
50.8794
52.97103
49.87635
48.00035
46.99711
47.81213
48.10483
47.38498
47.64144
50.06423
49.14914
49.02281
48.53964
47.51178
48.16263
47.93444
47.83531
47.25316
46.73412
47.6522
49.95829
50.0242
50.28
50.45175
50.42275
49.13965
50.1894
53.06635
53.7911
55.06485
59.50003
59.35686
59.21681
60.10778
59.29195
61.19422
57.42023
58.3407
59.73696
59.61158
58.71394
56.056
58.02454
60.831
61.59696
65.77203
63.54681
62.72683
63.65039
65.76041
64.78604
65.1259
62.54121
62.90478
61.24251
62.15896
62.02782
63.75043
65.23798
65.35155
64.76238
65.18561
62.5031
62.0413
63.94707
64.23284
66.92667
65.53523
63.67049
64.9642
63.63398
64.08437
63.81972
65.2591
65.15043
62.17878
64.42055
63.51414
60.79031
59.05078
64.4306
62.86396
58.59428
59.02333
58.22913
57.5137
59.23427
58.94521
58.2589
56.02165
57.01836
55.88804
56.66406
57.70836
60.27575
60.44205
61.55812
60.15057
58.2702
60.27393
59.36141
58.69394
58.74548
56.77747
57.32254
56.00671
54.60954
54.3994
54.7435
54.27135
54.19688
55.19515
55.52233
57.39622
60.16795
60.69673
60.15524
57.74033
57.03937
58.74365
57.61693
57.78331
57.24983
58.93602
57.84654
57.07566
56.18124
55.01148
52.4787
53.55999
51.31917
52.19667
52.67866
52.10958
53.14849
54.22888
55.64028
55.88285
57.40529
59.838
58.64855
58.76002
58.01961
58.14725
55.11368
56.66284
56.78107
57.60951
60.1316
58.32334
59.0659
57.78951
55.51294
55.13998
55.64916
55.90641
55.27877
55.83041
59.0219
57.65424
58.04674
55.80053
55.05629
55.4302
55.17082
54.80594
55.89741
56.69835
57.65372
57.04197
57.81734
60.27785
60.13571
61.06711
61.57719
62.64463
66.2343
69.44534
66.31794
68.62466
70.70092
74.14595
75.29036
72.67693
68.87574
71.66655
72.95488
74.23011
74.17208
72.60573
72.53699
73.14479
73.26582
75.12265
73.75216
74.1818
72.49503
74.35079
76.97881
75.52267
77.81035
78.97499
83.07824
82.14087
83.08818
81.94861
82.10875
78.65823
78.79609
78.60931
79.38229
81.98042
82.45077
85.21637
86.01316
87.1808
89.00111
85.67338
88.77332
86.92919
89.72495
86.39635
87.03231
88.7741
86.73766
88.19822
85.04863
85.47747
84.50564
83.06551
84.04888
82.21925
81.54178
84.75305
88.37409
87.97075
85.6837
85.94062
86.72362
87.92419
87.64973
86.82425
87.31933
89.6842
82.2542
88.82299
90.25415
85.25505
85.63138
89.94925
89.58474
86.70272
82.67885
83.55107
83.01893
79.38371
77.59362
79.72228
76.55381
77.50542
78.37286
75.90688
76.68984
74.43183
73.00135
71.51466
67.64733
68.50869
69.46305
70.90991
69.19881
69.02539
70.93517
67.16783
68.79278
67.71674
67.59409
64.38053
65.50989
67.2098
65.04332
66.24159
71.32572
69.58979
74.1888
68.09364
70.10096
71.56638
73.11776
69.0837
67.8294
69.20694
69.37372
68.1487
68.93563
69.99155
73.12929
72.14153
71.61226
70.82954
71.52883
72.3581
73.23293
74.11415
72.86746
70.3854
73.63856
72.62015
72.1885
72.72488
75.81754
75.19693
75.79932
74.26745
75.46775
76.21561
77.15296
76.97692
79.1884
73.70121
72.01861
73.79145
73.80998
73.75804
74.70512
72.14683
77.01118
75.83943
74.90593
74.09582
72.00182
73.4391
74.80266
74.43573
74.63336
75.8049
74.8204
76.11299
75.17197
75.56403
75.18954
73.52197
73.27322
73.00353
71.02263
70.89789
70.29936
69.47039
68.60076
70.06298
68.84924
69.43829
68.17518
65.18281
67.60409
66.72713
67.53022
67.86955
69.72644
65.73623
67.17914
66.43832
67.5091
66.16639
62.20446
61.55694
63.65421
68.03784
64.2899
62.45163
63.7974
60.74999
61.90642
62.94911
60.66007
61.43408
57.63633
58.87335
59.50472
59.25167
58.50148
60.69881
59.02425
58.01909
56.0861
56.97206
56.86172
59.61396
57.7014
58.85009
59.1869
58.42254
59.84224
60.7554
59.5305
57.86923
57.54838
55.67761
53.64007
52.03575
50.96343
51.86828
49.56128
48.66395
49.16672
47.83545
47.78394
47.81287
49.38625
48.2508
47.60257
51.27175
50.98402
51.51976
53.66559
53.43449
51.86779
51.30053
51.85887
50.74486
52.39723
52.30626
54.22146
54.5456
55.03354
56.35937
56.89947
58.08757
58.96792
58.76171
58.72075
59.92864
58.78909
58.32963
58.79871
57.54032
57.60896
57.91268
56.55349
56.31449
58.12972
56.91218
60.42736
61.31819
61.73204
62.99132
63.13373
63.30482
64.91738
62.19504
61.89676
60.99815
58.8919
58.59843
56.69826
55.91231
58.44074
58.80651
59.14625
61.80712
61.3648
60.02649
58.79574
60.13798
59.71753
58.86776
58.67112
60.05126
60.88971
60.20759
59.95907
62.56118
62.63726
61.79697
62.64613
58.70868
58.84153
58.55272
60.14772
58.46174
56.64462
56.23042
59.99498
59.62566
62.09152
61.83316
59.75276
60.37153
60.19997
61.01542
60.23322
58.2132
60.62834
59.19213
58.53636
59.46557
57.75414
55.71428
56.6789
55.68945
55.49027
55.2414
53.47833
52.99869
51.59514
54.32378
54.44205
54.03994
53.32946
54.89726
55.13521
52.22085
50.90464
53.15977
54.6504
54.27149
55.45574
56.9344
59.16665
