116.6223
157.8614
205.9449
180.5826
141.213
166.4968
219.4617
219.1284
259.7649
224.1788
223.4411
217.8603
154.1752
150.9365
169.4065
146.212
150.254
173.9241
199.5294
171.2914
190.4519
174.7742
223.9697
226.3238
312.4699
239.187
229.5914
188.8119
168.8136
156.7054
152.2461
155.1518
167.4651
206.1947
167.3669
158.4672
156.5014
143.9283
110.2512
153.1599
160.3526
165.2938
196.0049
179.5854
178.7758
129.5837
170.053
202.3607
141.4576
208.3397
197.991
152.9257
156.5189
144.4823
167.5256
173.711
164.4459
179.4786
175.5602
180.5744
205.6543
169.1669
226.1837
287.646
277.6019
388.6815
229.1144
190.4414
182.2515
181.1397
173.1031
176.1414
148.6198
183.6844
133.0922
176.7407
209.7861
195.9663
329.6701
256.1643
171.6077
186.5899
175.8267
152.9549
180.085
193.4495
162.192
171.9153
146.6303
197.2531
188.6514
117.5178
119.9265
190.5177
149.0688
171.9787
186.3371
226.3956
253.5927
159.3419
133.2674
144.225
139.8554
187.3742
148.1803
176.3085
223.5377
209.1758
166.2717
185.2815
223.6048
212.0169
142.9985
151.3945
140.3147
183.6204
234.0711
180.8046
181.8519
169.318
165.4787
152.1294
109.5678
133.0896
147.2014
222.6768
195.5717
202.504
175.7038
179.005
217.6782
212.4956
214.3894
195.9174
147.9759
116.827
141.8852
179.1587
165.184
124.1997
152.1426
142.2497
142.0394
156.7791
151.3031
124.2283
151.1145
154.6672
142.9398
106.9989
149.6815
185.3102
387.1241
294.2942
253.1691
161.5097
127.7306
144.2186
151.6926
196.8282
190.944
203.5947
161.061
151.972
168.5827
210.2208
247.1826
192.5682
255.847
272.061
264.9194
248.5806
230.8963
318.4353
251.4179
191.2415
220.7304
148.8469
178.3284
139.9888
158.7969
166.2759
140.1875
157.7032
171.2865
189.1451
218.9788
291.5859
259.4097
267.9704
298.2685
302.9094
305.692
317.2913
315.7699
219.1941
242.354
169.6102
164.8729
174.3896
164.9026
159.9856
193.7121
161.9294
199.6867
223.0303
225.0111
188.5022
317.8598
281.9431
303.589
289.5139
306.2716
385.6604
357.5098
272.9019
331.9398
249.1034
178.7083
286.4916
217.6279
209.6776
160.9462
184.2217
207.9493
192.625
159.923
187.4772
235.845
193.5949
227.6904
251.4087
274.298
284.8829
195.3054
264.785
306.4542
343.4155
400.6709
281.2944
211.7108
196.5488
204.7735
191.4612
173.1358
240.576
234.59
272.4828
254.1462
231.7033
182.7398
160.7712
238.2791
282.4339
265.8461
272.3719
230.9528
165.6882
150.9833
188.9958
186.1745
211.1678
212.8593
210.9028
230.29
196.325
152.8332
197.849
174.0075
183.6246
156.4874
253.9283
295.7702
298.9663
244.06
174.1863
236.073
267.4007
272.0086
271.9282
231.4861
284.04
218.4962
286.7902
209.1394
177.5062
179.8587
247.3251
266.3243
179.6279
126.8857
158.7232
190.8319
279.9557
221.669
203.4638
176.4712
181.7209
246.7279
176.4391
154.0083
192.8153
180.6061
202.7111
215.0101
240.4515
233.085
224.1445
173.0131
139.3603
158.8194
138.6018
181.4387
275.154
228.5759
193.3652
235.3338
209.0363
225.0856
238.8138
252.2328
282.9504
317.3879
256.7781
208.149
209.7047
260.4136
235.593
258.6485
244.3262
224.1809
220.1697
171.9303
201.0981
131.7994
173.8764
140.2967
163.2463
193.5926
166.1477
171.3083
212.8871
184.8075
142.6473
143.1638
156.4218
129.1926
149.9907
178.9281
164.8799
178.5279
203.0606
213.7466
194.9119
198.3421
225.0597
194.6427
156.0752
153.313
143.787
116.3454
88.62006
74.8806
83.97456
75.62572
65.07626
82.88322
75.84075
99.82603
95.96603
123.0214
102.0159
107.4273
97.39198
129.2019
121.7972
156.3328
171.65
132.1043
146.2241
158.7493
137.939
138.5848
147.1797
164.2808
132.6299
142.8857
163.4396
189.2498
157.342
143.9765
170.4513
142.609
144.7657
183.4504
228.8901
184.1911
224.1897
252.8751
293.9885
247.2347
242.1571
254.9865
263.1951
222.6951
297.5675
272.6431
250.2053
202.9407
174.2662
143.7229
145.7412
198.144
161.3888
198.167
207.4679
210.7116
237.3418
186.5488
256.0717
300.4867
267.8156
264.169
266.1233
311.5021
286.3241
303.5247
282.1005
292.057
238.1142
190.5322
193.2847
183.7826
172.9454
180.9102
155.5935
165.1109
216.1426
210.8239
235.6085
285.09
249.0177
127.6131
110.9899
181.8382
172.2916
206.0518
224.6155
173.6039
153.648
157.0272
145.5556
181.0748
136.6686
147.4236
151.6312
156.338
269.5175
258.8837
260.9223
221.7051
193.3361
210.4515
228.8977
246.1795
220.696
314.3104
371.0817
230.6197
248.5683
216.4861
206.8544
191.8772
176.8421
176.4571
156.2183
196.2265
217.8138
156.82
156.7195
102.199
150.537
94.79091
127.5126
126.7337
137.0599
151.3592
153.6783
190.4014
145.7733
112.0221
104.1671
111.06
120.1899
110.7976
141.8342
136.6916
111.4427
112.2893
150.3914
138.6991
160.507
107.0278
127.661
97.89756
101.9187
89.07885
99.56973
120.1093
135.0573
143.7032
133.5582
178.8269
185.0322
237.3622
272.2835
227.068
196.3031
203.6615
177.515
157.9282
162.0565
168.2009
209.0468
159.7359
140.896
164.5363
189.7611
148.6059
184.5716
160.9769
161.421
163.5437
128.771
136.4695
138.011
147.9426
155.3974
181.9896
158.246
151.8443
115.0933
186.9653
236.8302
207.6561
161.8498
203.7175
190.3351
235.3883
179.9576
156.9723
164.9305
216.4771
188.5911
204.7371
236.5139
207.7314
204.3196
197.4406
132.7986
149.3984
163.7058
144.9214
151.7884
212.2121
207.7775
238.2457
263.5254
242.8006
196.7161
146.4559
140.6324
182.6096
195.6363
333.2402
244.4364
211.9184
145.3702
211.305
199.2657
213.6552
209.0691
259.6531
196.4743
226.545
211.7443
250.2977
206.4684
183.8732
177.2366
137.4135
149.6573
155.8573
135.4549
156.3993
134.846
163.3153
141.8509
176.0307
208.2371
196.4441
183.2333
154.8361
196.6931
227.7343
250.6119
293.8229
263.9155
248.6082
196.6578
194.3521
207.9493
188.0485
177.2347
149.0035
154.7314
106.2153
135.495
129.6149
120.9789
171.7768
148.9147
174.2683
132.7023
163.5192
163.3277
206.7753
286.1603
206.0278
223.0001
266.0509
209.4848
210.2916
205.7307
198.5779
199.07
190.2211
253.4656
163.5201
233.2445
243.2816
184.8867
213.0873
311.2254
194.4746
156.0346
126.9412
150.104
167.6996
203.8009
211.0242
211.2118
253.9372
196.6893
173.6614
172.414
204.2456
271.9664
284.9969
253.1155
328.35
291.7664
362.8077
257.4264
225.5212
165.7588
174.2773
182.995
218.1987
263.0427
271.402
340.1897
324.2469
242.0014
283.2957
335.0223
224.6952
164.9717
131.9522
187.2216
186.0599
202.3914
313.3367
397.6751
275.4352
292.6826
252.3577
197.5414
236.5435
241.4321
168.6811
142.8134
158.9404
198.184
256.5815
254.1748
211.1661
176.5501
178.198
160.8332
167.7622
196.5631
202.385
212.3415
199.614
169.5587
150.2923
135.2398
141.315
169.0786
177.1018
150.333
159.2295
158.6354
206.6484
213.1768
272.8523
241.2226
241.6844
278.1586
245.6307
264.8519
282.7641
303.2834
319.3893
275.5642
277.6541
168.2913
168.1264
167.6158
121.1086
179.6445
205.3913
217.0458
178.9771
198.2308
227.7264
261.4558
228.0503
238.6737
188.1115
195.0159
210.6768
183.5634
164.6336
169.4836
206.1383
232.6697
235.6821
206.533
180.8968
195.9217
182.7933
146.4872
147.8164
179.3587
299.9204
244.6999
173.9641
179.6997
154.2027
160.02
138.745
178.2919
233.4068
207.0501
230.6841
297.9028
316.1414
227.2606
183.9292
186.9661
279.0691
208.7993
175.4589
169.0233
140.2316
124.6233
173.7711
200.7183
227.688
206.3728
237.3683
247.9261
179.9328
194.2294
171.169
159.9887
129.0346
186.068
264.2465
301.115
299.7868
235.2016
292.6977
219.5045
199.6519
156.4413
165.4218
121.8423
157.5994
118.6819
107.844
130.4021
112.9253
96.7106
122.9115
89.1396
91.55642
80.78266
88.61006
109.6903
122.6085
118.1846
147.1476
155.4598
162.2689
134.1475
159.0252
211.5992
174.4919
209.6421
140.5405
157.827
162.3868
134.1723
195.8398
170.3982
164.4058
189.5344
224.406
220.5797
244.8574
221.7145
221.2322
249.5091
187.9528
180.4804
197.3877
229.0061
246.8835
205.4235
172.3294
164.4252
155.6358
158.0095
144.4731
137.42
186.9242
196.2954
170.5587
166.9264
147.6926
138.8662
103.7546
148.0101
125.083
113.6537
126.2082
138.5392
137.7772
120.0983
135.4061
173.0116
178.1055
189.9425
167.977
125.4986
178.2118
243.6064
256.8634
304.7863
267.4677
269.5124
203.5616
165.9445
152.0317
178.7621
224.7492
204.3854
185.1153
168.3393
171.8757
192.1552
155.8737
154.007
240.2839
239.6308
240.1336
294.2184
255.3747
291.8437
226.1978
274.0755
263.7015
295.2496
366.4549
328.2613
246.1671
204.4701
164.9289
188.6802
162.3914
149.7744
136.7449
107.2834
101.4618
139.2555
191.2346
186.1809
165.9781
146.0834
147.7833
216.9575
279.1027
217.8328
206.8783
168.6066
192.9165
197.7917
199.6737
161.3817
177.5628
205.6408
166.1438
122.8494
159.3602
150.0928
204.1077
163.4324
158.6644
123.9762
142.9678
206.5845
179.32
192.5817
189.3544
164.2835
149.1271
192.9043
187.9226
183.3814
135.1691
191.7033
167.1201
181.2765
166.6548
179.9941
147.4959
137.3447
131.7493
158.7398
159.755
131.8308
156.2972
206.1421
167.5355
150.347
134.4328
140.4625
133.5982
190.3609
217.6156
184.5833
183.2624
170.6996
221.2844
263.8294
283.7078
283.2207
359.396
236.6563
271.7391
227.8784
187.1687
178.1556
199.1658
213.5855
176.773
160.4929
189.3652
114.4237
112.7916
152.2266
185.8629
137.1586
145.5638
140.7256
203.3725
202.3906
206.9594
276.0246
210.8513
179.6027
181.9891
155.7447
115.057
183.7299
201.4876
249.9095
