0.6099324
0.5791219
0.5894257
0.5906491
0.5673243
0.5481035
0.5536281
0.4979885
0.5054041
0.5045084
0.4983721
0.4913878
0.4785116
0.4855605
0.4971712
0.4960737
0.4854714
0.4996935
0.4822739
0.4863395
0.504466
0.5159596
0.5142038
0.5049172
0.5051264
0.5051632
0.5098555
0.5130065
0.5033643
0.5110482
0.4748047
0.4556232
0.4438809
0.4420131
0.4513762
0.4364852
0.4557046
0.4384874
0.4127972
0.3976558
0.4027179
0.360717
0.3365649
0.3241042
0.3204236
0.3309407
0.3489781
0.3782613
0.3584345
0.3486885
0.3539189
0.3474547
0.3482393
0.3588486
0.350879
0.3528223
0.3480752
0.34229
0.3435031
0.355845
0.3417083
0.3542735
0.3555889
0.3384726
0.3190753
0.3138573
0.3025074
0.300761
0.2877933
0.2946268
0.2899898
0.297258
0.3048401
0.2920912
0.3050686
0.3207971
0.3390272
0.3368591
0.343978
0.3411499
0.3361034
0.3299801
0.339438
0.351369
0.3498589
0.3646881
0.3620754
0.3664821
0.3585615
0.3552464
0.3293625
0.3317274
0.3460289
0.348716
0.3344705
0.3410893
0.3585891
0.3444963
0.3249036
0.3238091
0.3468608
0.336302
0.3190075
0.3190695
0.3251295
0.3370294
0.3103659
0.3207791
0.2941349
0.3006927
0.2934997
0.3017168
0.2947676
0.2972622
0.2955566
0.3070589
0.319771
0.3176019
0.3269921
0.3174305
0.3111109
0.310061
0.3117031
0.2994438
0.2858334
0.2887851
0.2810783
0.2817407
0.2917822
0.296126
0.2914526
0.2921369
0.2930737
0.2992368
0.2906844
0.2938042
0.2929227
0.295669
0.2849084
0.2726479
0.2654316
0.2730566
0.2740664
0.2656276
0.2782767
0.2710983
0.2679537
0.2678732
0.2613659
0.2597443
0.2651578
0.2718922
0.2748795
0.2820021
0.2797575
0.2742271
0.2899233
0.2897732
0.2790215
0.281848
0.2855072
0.269422
0.2683467
0.2737149
0.279354
0.2785057
0.2736194
0.2841895
0.2917574
0.2936201
0.3051935
0.3181674
0.2998026
0.3162564
0.3246228
0.310919
0.3030129
0.3030762
0.3362755
0.328307
0.3188681
0.3171073
0.3337335
0.3197523
0.3303678
0.3203556
0.3191374
0.3005855
0.3044812
0.3158525
0.2985003
0.2877426
0.2804726
0.277889
0.2851098
0.2925777
0.2896927
0.2865723
0.285941
0.2611117
0.2607483
0.2549204
0.2529642
0.2611844
0.2644668
0.2615508
0.249514
0.2492785
0.2275171
0.2210567
0.2091878
0.2062203
0.2167093
0.2228833
0.222217
0.2189294
0.2081174
0.2098687
0.2143815
0.2106623
0.2120574
0.203136
0.2086759
0.2112852
0.2180489
0.2208916
0.2310541
0.2323018
0.2286095
0.2122532
0.2242947
0.2208763
0.2093901
0.206575
0.2146105
0.2120317
0.2256636
0.2331913
0.2308472
0.2260912
0.2204346
0.2168058
0.2268668
0.2247573
0.2317954
0.2303079
0.2175204
0.2256501
0.2215626
0.2245897
0.2183884
0.2370443
0.2417101
0.2370803
0.2270021
0.2236015
0.2233341
0.2318929
0.2474601
0.244684
0.2500714
0.2655662
0.2702131
0.2673993
0.2680701
0.2619246
0.2760194
0.2580317
0.2525285
0.2589036
0.2505723
0.2450764
0.2480213
0.2374316
0.2317743
0.2375167
0.2366355
0.2333741
0.2260371
0.2322288
0.2462284
0.2377362
0.2418057
0.2346107
0.2335405
0.234097
0.2307518
0.2370336
0.2299271
0.2271508
0.2306874
0.2277611
0.2200989
0.2145974
0.2294308
0.2268618
0.203908
0.2223718
0.2199176
0.2263678
0.2294841
0.234226
0.2344804
0.2370116
0.2375551
0.2393962
0.2413237
0.2513346
0.2532943
0.2616236
0.2490096
0.2306576
0.2262564
0.2392893
0.2468497
0.2473386
0.2514774
0.2494618
0.2581316
0.2614299
0.2638931
0.2463273
0.2510612
0.2493412
0.243002
0.2475248
0.2526681
0.2515874
0.2520847
0.2565769
0.2654485
0.2714491
0.3049674
0.3154007
0.3211027
0.3295178
0.3191496
0.3068958
0.2952423
0.3022764
0.3032912
0.3040225
0.3225101
0.3134449
0.3246564
0.3071662
0.2991198
0.2752324
0.2621556
0.2753725
0.2891401
0.2800802
0.2828726
0.2663614
0.2622199
0.2722858
0.2732711
0.268868
0.2701803
0.2770533
0.278862
0.2672242
0.2660494
0.2551585
0.2510494
0.2479454
0.2530238
0.2430004
0.2367403
0.2432978
0.2498037
0.2581141
0.2575925
0.2474285
0.2489719
0.2660279
0.2589969
0.259123
0.2488101
0.2511972
0.2339206
0.2465725
0.24756
0.2520556
0.2508708
0.2631372
0.2592555
0.2651867
0.2308705
0.231699
0.231105
0.2283038
0.2325832
0.2293162
0.2181314
0.216862
0.2247419
0.220467
0.2075555
0.1998066
0.2056471
0.2124435
0.2104421
0.2085488
0.2104841
0.2223112
0.216113
0.2083024
0.2198915
0.220262
0.2223821
0.2233617
0.2184081
0.2197584
0.2161281
0.2225544
0.2329411
0.2237114
0.2211556
0.2109247
0.2045371
0.2118855
0.2107263
0.1931024
0.2011867
0.2133518
0.2069422
0.1917605
0.1946338
0.2002532
0.2022832
0.2104648
0.2169064
0.2205574
0.232271
0.2256038
0.2288092
0.2234825
0.2218632
0.2087128
0.2170463
0.2150541
0.2157311
0.2304526
0.23153
0.2335078
0.2346067
0.2337626
0.2292496
0.2241886
0.2217163
0.212833
0.2175088
0.2229892
0.2289398
0.2436753
0.2459035
0.2314013
0.2335902
0.2258265
0.2299339
0.2368209
0.2441923
0.2404445
0.2615578
0.2653611
0.2752635
0.2790136
0.273728
0.2735443
0.2490649
0.2459274
0.2374035
0.2428481
0.2524648
0.2395022
0.2257907
0.219285
0.2181792
0.2245913
0.2270184
0.2339716
0.2238669
0.2177588
0.2067739
0.206698
0.2056195
0.2150075
0.2119766
0.2140982
0.2056351
0.2043275
0.2053216
0.205499
0.2200209
0.238537
0.2390196
0.2383373
0.2379049
0.2416959
0.2403445
0.2410187
0.2247251
0.2321916
0.2366255
0.2361647
0.2209304
0.2278178
0.2270448
0.2284515
0.2137654
0.2160481
0.2219286
0.222076
0.2309459
0.2505117
0.2406275
0.2439507
0.2556393
0.2485423
0.2545162
0.2454358
0.2329894
0.2370356
0.2401378
0.2312527
0.2141028
0.216649
0.2184884
0.2209648
0.2249442
0.2271948
0.2335731
0.2379138
0.235613
0.2294773
0.2277437
0.2219654
0.2130065
0.2062038
0.2091228
0.2107206
0.2118947
0.2160605
0.2191684
0.2160239
0.2311368
0.2216803
0.2187983
0.2282646
0.228867
0.2238223
0.2201841
0.2245996
0.2219758
0.2217219
0.2051735
0.2021335
0.1913996
0.1911142
0.1830502
0.1816296
0.1846157
0.2034451
0.1951717
0.2009217
0.1854062
0.1830706
0.1913088
0.1976226
0.2001769
0.2040082
0.205209
0.1929937
0.1946312
0.1995355
0.2059904
0.214966
0.2117264
0.2152111
0.2219557
0.223124
0.2146544
0.2085141
0.2118907
0.2073036
0.2056176
0.2023366
0.1914389
0.1948952
0.1890371
0.1959354
0.1957535
0.2031109
0.2032203
0.2018455
0.1906813
0.1893259
0.192686
0.1938191
0.1859182
0.1860153
0.1932246
0.1918139
0.1888005
0.2095316
0.2091057
0.2114416
0.2103426
0.2356156
0.2197139
0.2294569
0.2475518
0.2381763
0.2310305
0.2460581
0.2431944
0.2447866
0.225568
0.2378477
0.234502
0.2561766
0.2621508
0.2608921
0.2687959
0.2641999
0.2584158
0.2612709
0.2504895
0.2538928
0.2533404
0.2507827
0.2580296
0.2625141
0.2716652
0.2684338
0.2561284
0.2668494
0.264177
0.2736034
0.2626917
0.2804699
0.2713804
0.261781
0.2734474
0.2618746
0.2489473
0.2617493
0.2569516
0.247593
0.2535576
0.2604394
0.2590105
0.2511292
0.239492
0.2460247
0.2512791
0.2653761
0.2704699
0.2650972
0.2514222
0.2673606
0.255682
0.2647229
0.259385
0.2521804
0.2594643
0.261354
0.2537059
0.2749899
0.2748566
0.2660408
0.2696808
0.2640064
0.2637355
0.2642595
0.2673143
0.2644327
0.2841059
0.2638229
0.2642446
0.2717303
0.2801849
0.2664036
0.2800382
0.2770667
0.2594848
0.2602419
0.2694911
0.280295
0.2674819
0.2726636
0.2734371
0.2689025
0.2518911
0.2508151
0.2656642
0.2827293
0.2755187
0.2717944
0.2800266
0.2796557
0.2603435
0.2634697
0.2638598
0.2533762
0.2525831
0.2487293
0.259956
0.2573306
0.2606974
0.2633658
0.25947
0.2653257
0.2503043
0.2484872
0.2588032
0.2584153
0.2551858
0.2601412
0.2470473
0.2467854
0.2470567
0.2582534
0.25575
0.263422
0.257577
0.2663017
0.2619561
0.2587033
0.2471592
0.2446518
0.2436587
0.2466307
0.2568936
0.2617932
0.2578568
0.2575715
0.2549322
0.2569072
0.2453375
0.2429199
0.2313267
0.230605
0.2256621
0.228432
0.2241773
0.2273692
0.2242696
0.2290347
0.2370436
0.2483675
0.2448824
0.2472639
0.2369027
0.2277086
0.2202191
0.2188417
0.2210633
0.2166562
0.2171337
0.2259978
0.2209853
0.22337
0.2243442
0.2108949
0.2022762
0.2078526
0.1971977
0.1917723
0.1955958
0.1886828
0.1833795
0.1788066
0.1688383
0.1607619
0.1619245
0.164201
0.1606491
0.1548133
0.151546
0.1474918
0.15158
0.1518855
0.1482573
0.1408037
0.1415555
0.1423721
0.1483776
0.1541171
0.1513402
0.1459353
0.1489413
0.1434436
0.1437507
0.147844
0.1500209
0.1506412
0.1540484
0.1575973
0.150285
0.1468049
0.1386324
0.1434261
0.1405419
0.1452959
0.1488867
0.140018
0.1399041
0.145213
0.1457198
0.1509018
0.1463518
0.1347581
0.1426067
0.1380581
0.1474011
0.150095
0.1503936
0.1490097
0.1501913
0.1380889
0.1383396
0.1362412
0.1355468
0.1316
0.1258578
0.125563
0.1213273
0.1296608
0.1254045
0.1220023
0.1302738
0.1324134
0.1355697
0.1381235
0.1351292
0.1393173
0.1382388
0.1462834
0.1501172
0.1630169
0.1571681
0.1551001
0.1709497
0.1598286
0.1595398
0.1568057
0.153804
0.1660709
0.1721742
0.1746935
0.1703544
0.1698201
0.1736371
0.1781576
0.1853665
0.1901414
0.181564
0.1804308
0.1876665
0.1798819
0.1933088
0.1979971
0.1977055
0.196206
0.2017558
0.2096044
0.2139769
0.2105515
0.2021436
0.2058178
0.2137789
0.2082024
0.2190938
0.2212804
0.2164124
0.2058075
0.2023187
0.2102605
0.2141179
0.2174052
0.2175652
0.2147736
0.2157201
0.2212963
0.2320426
0.2387744
0.2345463
0.222653
0.240322
0.2378874
0.2351709
0.2309651
0.2276633
0.2369109
0.2324564
0.2327387
0.2373643
0.2517751
0.2620908
0.2636958
0.2684107
0.269279
0.2692374
0.2510529
0.2410294
0.2428672
0.2576404
0.2378531
0.2380105
0.2650577
0.2656565
0.2640827
0.253026
0.2483903
0.238575
0.2402377
0.236699
0.2411041
0.2187215
0.2261807
0.2292057
0.2344543
0.2423905
0.2413077
0.2304773
0.2372584
0.2335908
0.2409955
0.2521516
0.265705
0.2784574
0.2693717
0.2629456
0.2739551
0.2867836
0.2836105
0.2732588
0.2638503
0.2744334
0.2791771
0.2741022
0.2727819
0.2658573
0.2598064
0.2791681
0.2507062
0.2374832
0.2334984
0.2377299
0.2435798
0.2554664
0.2443946
0.2445408
0.2432707
0.2476906
0.2489207
0.2559229
0.2566045
0.2475427
0.2401778
0.2376443
0.2331105
0.2327456
0.2361315
0.2283449
0.2328789
0.2341911
0.2386561
0.2435315
0.2543137
0.259022
0.2704018
0.2817162
0.284492
0.2936401
0.2846157
0.287945
0.2765784
0.2687757
0.2606846
0.2576036
0.2598168
0.264283
0.2695394
0.2574186
0.2629268
0.2687069
0.2525084
0.2484101
0.2400446
0.2358734
0.2245634
0.2319066
0.2200475
0.200538
0.201898
0.2004621
0.1964739
0.1984527
0.2025755
0.2049692
0.2089425
0.2065361
0.1899615
0.171418
0.1757936
0.1834245
0.1909272
0.199367
0.1941227
0.1976562
0.200515
0.2026018
0.1960736
0.1844943
0.1811916
0.1878657
0.1947404
0.1930328
0.1905996
0.1880704
0.1790599
0.1691262
0.1722691
0.1773188
0.1698106
0.175465
0.1801761
0.165658
0.1666265
0.1697246
0.1680821
0.1715956
0.1732466
0.1775338
0.1809376
0.1778567
0.1718467
0.1750071
0.1808901
0.1735865
0.1686293
0.1689922
0.1750411
0.1715177
0.1701087
0.1666708
0.1623853
0.1688114
0.1608187
0.1662167
0.1622632
0.1655029
0.1681328
0.1737613
0.1724807
0.1725087
0.1685963
0.1671132
0.168311
0.1643636
0.167243
0.1657937
0.1584044
0.1470348
0.1435176
0.1451831
0.1412511
0.1413385
0.1429499
0.1383099
0.1445497
0.1446354
0.1455501
0.1464144
0.1558032
0.155622
0.1534764
0.1411752
0.1396905
0.1362976
0.1291989
0.1318589
0.133026
0.1330557
0.1281389
0.1229808
0.1180248
0.1193672
0.1110395
0.1142876
0.1146597
0.115816
0.1151522
0.1120186
0.1111738
0.1178408
0.1254664
0.1342361
0.1345257
0.1350904
0.1259528
0.1236681
0.122382
0.1311243
0.1311548
0.1256746
0.1318477
0.1403316
0.1387498
0.1413126
0.1416458
0.1420777
0.1345573
0.1355159
0.1325198
0.1332221
0.1317091
0.1395049
0.1424485
0.1428106
0.1388669
0.146976
0.1559376
0.1535214
0.1420398
0.1484351
0.1490083
0.1525427
0.1521677
0.1441743
0.136863
0.1416299
0.1410595
0.1410494
0.1448432
0.1428122
0.1342465
0.1316159
0.1381498
0.1422524
0.1481332
0.1338538
0.1343399
0.1455329
0.1503112
0.1493989
0.1492117
0.1509791
0.1562732
0.1512767
0.1460307
0.1446443
0.1439728
0.1430973
0.1387748
0.1420103
0.1425082
0.1434196
0.1461478
0.1464339
0.1461268
0.1556921
0.1468361
0.1432321
0.1467812
0.1462944
0.1367677
0.1390031
0.145751
0.1481784
0.1438817
0.1414775
0.1508884
0.1518879
0.1538242
0.1566574
0.156673
0.1468349
0.153083
0.1522702
0.1496669
0.1648761
0.1673318
0.1649604
0.1493004
0.15509
0.1492204
0.1523968
0.1513082
0.1646139
0.1704654
0.1693538
0.1672298
0.1639869
0.1628141
0.1577991
0.1596943
0.1608113
0.1631513
0.1668067
0.1633085
0.1675484
0.1665016
0.166457
0.1677688
0.174255
0.1751075
0.1643144
0.1702946
0.1606627
0.1626944
0.1544192
0.1498231
0.1458017
0.150152
0.1436217
0.1490901
0.1460392
0.1473812
0.1471104
0.1463975
0.1495872
0.1499571
0.1510186
0.1531708
0.1487465
0.1509621
0.1509007
0.1602687
0.1621423
0.1683048
0.170596
0.1676175
0.1686942
0.1704126
0.178552
0.1763874
0.1696778
0.1769851
0.1732453
0.1682541
0.1690947
0.1615989
0.1596163
0.1578404
0.1553995
0.1562861
0.15548
0.1462025
0.1483877
0.1579794
0.1534458
0.1488068
0.1461365
0.1582664
0.1520292
0.1533599
0.1526608
0.1489128
0.1484662
0.146519
0.1417635
0.1418042
0.1408267
0.1477743
0.1544504
0.1545283
0.1472097
0.1505551
0.1407571
0.1360217
0.1377623
0.1358274
0.135811
0.1356221
0.1331801
0.1374866
0.1383242
0.1405242
0.1421121
0.1409461
0.1342604
0.1388463
0.1397266
0.1385229
0.1380537
0.1353949
0.1338786
0.1360852
0.13885
0.1384002
0.1443718
0.1490216
0.1428397
0.139704
0.1367125
0.1369568
0.1380268
0.1360554
0.1342443
0.1300726
0.132305
0.1345337
0.1340494
0.1387701
0.1324255
0.1322058
0.1364726
0.1372984
0.1358628
0.1429651
0.1429804
0.1369725
0.1440721
0.1436327
0.1527634
0.1571699
0.1532598
0.1611358
0.177342
0.1714562
0.1771068
0.1880404
0.1873101
0.1844225
0.1803849
0.1810238
0.172217
0.1699241
0.1782317
0.1704991
0.1798891
0.1805038
0.1797076
0.180258
0.1755714
0.1765292
0.1815714
0.1891633
0.1873144
0.1906345
0.1878641
0.189508
0.1832053
0.1767372
0.1721335
0.174558
0.1688647
0.1770133
0.1778276
0.1801683
0.1679669
0.1699794
0.1645915
0.16114
0.1563033
0.1699146
0.179265
0.1863325
0.1902846
0.1769267
0.1729539
0.1723613
0.1736959
0.181103
0.1846959
0.18898
0.1846483
0.1771029
0.1736998
0.1704262
0.180051
0.1837648
0.1786175
0.1892265
0.1827684
0.1838071
0.1988736
0.2099307
0.2096978
0.2197216
0.2199092
0.2069495
0.2103679
0.2076838
0.2145577
0.2004243
0.2124506
0.2224768
0.2065503
0.2148797
0.2144853
0.2199727
0.2246648
0.2115709
0.2209681
0.2110596
0.2226833
0.2258541
0.2205454
0.2066291
0.212929
0.2230539
0.2070493
0.2094015
0.2060947
0.2116134
0.2090335
0.2129133
0.2068446
0.2217961
0.2159595
0.2203283
0.2222345
0.2235109
0.2239346
0.2153595
0.2103278
0.2106434
0.2084378
0.1990015
0.2117766
0.2166874
0.2202675
0.2233524
0.2167533
0.227461
0.2339517
0.2257612
0.2166094
0.2119785
0.2197288
0.2184631
0.2260497
0.2258491
0.2379963
0.2270523
0.2222914
0.2212774
0.2208728
0.2155848
0.2061996
0.2088772
0.2156891
0.2230334
0.2286988
0.2330792
0.2308054
0.2272885
0.2405559
0.2487736
0.2513847
0.2529409
0.2454472
0.2443013
0.2252039
0.2252545
0.2165728
0.2187254
0.2258704
0.2253374
0.227552
0.2088741
0.2137984
0.2045099
0.2033392
0.2063359
0.2103823
0.226097
0.2286406
0.2295113
0.2317283
0.2196677
0.2168558
0.2289384
0.2133878
0.1963068
0.2037242
0.203153
0.1916577
0.1755159
0.1844949
0.1796289
0.1865199
0.1819001
0.1919915
0.1843632
0.1911103
0.1876875
0.2012556
0.1953434
0.2036691
0.2099443
0.2018097
0.2087009
0.2031605
0.2074188
0.2059147
0.2071257
0.2185398
0.2255752
0.222712
0.217285
0.2248819
0.2105912
0.2032928
0.2071871
0.2115379
0.2120038
0.2200182
0.2226804
0.2252535
0.224876
0.2267861
0.2233594
0.2222051
0.2233878
0.2169519
0.2142415
0.2206673
0.2158579
0.2177628
0.2176389
0.2186806
0.2121938
0.2307305
0.217215
0.218171
0.211168
0.2253853
0.2303921
0.2268004
0.2175141
0.2148667
0.2250508
0.2262063
0.2295787
0.2290565
0.211202
0.2176608
0.221844
0.2206193
0.2207671
0.2235242
0.2256423
0.2279752
0.223082
0.2283968
0.2131751
0.2228475
0.2248111
0.2243007
0.226794
0.2426232
0.2447517
0.2456666
0.2447728
0.2508234
0.2456251
0.2320962
0.2424027
0.2409777
0.2262954
0.2282061
0.2206777
0.2303926
0.2268381
0.2316817
0.2424702
0.2427562
0.2440027
0.2496591
0.2494808
0.241953
0.2317253
0.2268753
0.2346164
0.2381081
0.2242474
0.2298782
0.2407084
0.2536658
0.2493095
0.2479008
0.2435318
0.2450467
0.2412382
0.2259429
0.2317127
0.2259727
0.2182779
0.2136509
0.213834
0.2201177
0.2321144
0.2307307
0.2342952
0.2324533
0.2364123
0.2326069
0.2305211
0.225038
0.2335955
0.2236541
0.221963
0.2209782
0.2165179
0.2271253
0.2249682
0.2208961
0.2124264
0.2076344
0.2213083
0.2273667
0.2298396
0.2330567
0.223046
0.2266019
0.2308065
0.2188045
0.2262943
0.2326193
0.2317691
0.233296
0.2406036
0.2280539
0.2230113
0.2343195
0.2420744
0.2397293
0.2439396
0.2467315
0.2385662
0.2432087
0.245526
0.2518739
0.2396818
0.2273755
0.224798
0.2372429
0.2321163
0.2377351
0.2504956
0.2574831
0.2616721
0.2502764
0.2572355
0.2561121
0.2609194
0.249211
0.2525203
0.250123
0.2360796
0.2362078
0.2231387
0.2249877
0.2205344
0.2211294
0.2210241
0.2290291
0.2175056
0.2283157
0.2252777
