0.03721352
0.03682358
0.0368295
0.03460262
0.03645851
0.03451218
0.03000033
0.03263391
0.03202481
0.0330273
0.03365414
0.03882506
0.03637758
0.03406707
0.03120771
0.03345485
0.03933351
0.03991366
0.04093438
0.03767859
0.03651462
0.03566286
0.04051577
0.03787835
0.04351419
0.04227055
0.04266476
0.04490964
0.04755079
0.05013518
0.04899951
0.04900305
0.04884818
0.04389783
0.05403327
0.04982552
0.04831893
0.05331218
0.06227389
0.06607543
0.05857935
0.05151632
0.04942971
0.05699437
0.05672483
0.05747613
0.05447802
0.05163268
0.05007692
0.04893438
0.04215207
0.0475055
0.04733011
0.05008595
0.04842798
0.04250859
0.04168931
0.03919338
0.04395092
0.04307544
0.04109543
0.03782008
0.03608105
0.03426059
0.0340791
0.03502655
0.03459003
0.0349127
0.03652941
0.03616648
0.03464893
0.03730419
0.03678487
0.03947825
0.03755745
0.03445193
0.03612626
0.02908124
0.02980801
0.03002268
0.03127944
0.03118657
0.02991613
0.03471522
0.03090862
0.03336018
0.0359795
0.03368472
0.03358853
0.03091206
0.0308787
0.03027262
0.02966492
0.03087132
0.03383854
0.03245371
0.02977179
0.03129209
0.03136133
0.03913677
0.04070732
0.04376882
0.04683973
0.04495133
0.03916674
0.04151291
0.03949129
0.04140056
0.04316656
0.04350255
0.04862113
0.04933273
0.04679717
0.04713631
0.04257821
0.04074628
0.04335086
0.04324712
0.04298375
0.04603644
0.04454776
0.0473469
0.047439
0.05069736
0.05026269
0.05297283
0.05071588
0.05641302
0.05899624
0.06586246
0.05743617
0.06154408
0.06047102
0.062652
0.06545455
0.05930612
0.05433655
0.05003835
0.05480401
0.05680113
0.05577891
0.05423711
0.05409445
0.05108709
0.04658207
0.04879629
0.04686893
0.04448437
0.04965667
0.04559767
0.04233647
0.04137984
0.03839959
0.0498324
0.04254574
0.05046401
0.05224518
0.05019808
0.04690748
0.05363134
0.05159741
0.04815568
0.04564005
0.04049483
0.04135892
0.04261817
0.04795836
0.04866244
0.05151657
0.04596038
0.04589657
0.04240774
0.04613631
0.04357225
0.0408691
0.03520008
0.04306775
0.04564091
0.04190613
0.04226711
0.0424981
0.04267726
0.04124197
0.04215752
0.03655458
0.03646904
0.04087209
0.04178527
0.04420224
0.04477529
0.03965932
0.0382865
0.04028364
0.03861788
0.03568895
0.03624693
0.03569953
0.03928222
0.03796718
0.03286279
0.03398471
0.03817259
0.0330183
0.03100353
0.03314116
0.03520766
0.03809621
0.0355364
0.0294531
0.02997078
0.03196761
0.03277098
0.02988828
0.03285769
0.03447866
0.03631423
0.03349356
0.0331081
0.03231659
0.03277423
0.03415202
0.03241211
0.03015393
0.02714549
0.02756578
0.02740328
0.03052092
0.02645091
0.02855797
0.02814252
0.03637804
0.04228974
0.04081879
0.03660589
0.03806708
0.03901146
0.03979777
0.03790479
0.03599914
0.03841623
0.03683202
0.03606778
0.04036676
0.03881535
0.0398429
0.04143682
0.0406515
0.03978809
0.04079758
0.03619277
0.03708703
0.04118298
0.04094902
0.0335985
0.03577109
0.0384595
0.03901548
0.03743992
0.03792323
0.03684558
0.03553978
0.03839556
0.03808324
0.03531838
0.0412081
0.04453831
0.04255274
0.04323956
0.04071057
0.04361698
0.04257386
0.04537209
0.0514382
0.04565125
0.04473859
0.04794113
0.0489578
0.04268023
0.04448266
0.04202779
0.04227492
0.04547237
0.051358
0.05074532
0.04576564
0.04882241
0.05149069
0.05220226
0.05174161
0.05371661
0.05243422
0.05057556
0.04980114
0.04528736
0.04765709
0.05385219
0.05522965
0.05951322
0.05163713
0.05065752
0.04936638
0.04549143
0.04212525
0.04232823
0.04549312
0.04123654
0.03622268
0.036854
0.03849172
0.0351724
0.0393154
0.03990479
0.03966381
0.03710094
0.03818309
0.03669808
0.0363415
0.03601123
0.03557457
0.0353362
0.03596199
0.03734279
0.0336285
0.03680809
0.04122349
0.03877149
0.04084268
0.03903056
0.04132978
0.04444016
0.04526051
0.04462589
0.04523308
0.04304989
0.04796893
0.04550531
0.0434981
0.04069851
0.04014773
0.04356772
0.04328928
0.04336082
0.04692711
0.04820148
0.0471457
0.0448511
0.04193279
0.03715826
0.03874469
0.04327028
0.03863011
0.03714219
0.03717663
0.03378735
0.03736813
0.03430195
0.04112759
0.03848381
0.03677203
0.03246905
0.03336122
0.0346663
0.03546056
0.03669477
0.03896788
0.04048952
0.03817217
0.03906062
0.04164298
0.04285332
0.045583
0.05428348
0.05637643
0.0540507
0.05655299
0.05599175
0.04835749
0.04623807
0.04708764
0.04242641
0.0382608
0.03932239
0.03652016
0.0397035
0.03597687
0.03840677
0.0374858
0.03529871
0.03653187
0.04430646
0.04365468
0.03738273
0.03661106
0.03651581
0.04108765
0.03628907
0.03699793
0.04093047
0.03899467
0.03917
0.03540118
0.03690358
0.03774229
0.04151819
0.04051198
0.04314473
0.04772748
0.04454281
0.0393855
0.0441152
0.03916952
0.0346474
0.03447883
0.03837859
0.03662975
0.03886652
0.03935321
0.03876892
0.03889821
0.04044705
0.03562564
0.03606129
0.03530206
0.03599157
0.04282539
0.04462592
0.04253668
0.03976618
0.04144693
0.04091
0.0445743
0.04421319
0.04320975
0.04302128
0.04268003
0.04541287
0.04439679
0.04354532
0.04305104
0.05115218
0.05017634
0.05295641
0.05732568
0.05771889
0.05634145
0.05980576
0.05361102
0.06066205
0.06120747
0.06140378
0.06494354
0.06154286
0.05858113
0.06324964
0.07438395
0.07086682
0.0611994
0.05291158
0.05093627
0.04878144
0.05096044
0.04545999
0.05486651
0.05030048
0.04585265
0.04028313
0.04277866
0.03981314
0.04819194
0.04566864
0.05279398
0.0600114
0.0678896
0.06447941
0.0741206
0.0663193
0.06171946
0.0630048
0.05487085
0.05781048
0.05398286
0.05783675
0.05891302
0.06445673
0.06444136
0.06219118
0.06509696
0.06341745
0.06866183
0.07206918
0.07164556
0.0686825
0.06644822
0.06700346
0.07085418
0.0685028
0.06649362
0.06383454
0.06882337
0.06756968
0.06676916
0.07033646
0.07260878
0.06723932
0.06800995
0.07102497
0.06615153
0.06676284
0.0698075
0.07322482
0.07566628
0.06644286
0.05482834
0.05755361
0.06045339
0.06188612
0.06606678
0.06381061
0.06894148
0.07676949
0.07342477
0.06776098
0.07014427
0.07952341
0.08053955
0.07643388
0.0606733
0.06130631
0.06051675
0.05472682
0.04985506
0.04973055
0.05208846
0.05417924
0.05498973
0.05493729
0.05629892
0.05076614
0.05502001
0.04435139
0.04370901
0.04338407
0.04221326
0.04446203
0.04460406
0.04881469
0.04476723
0.04778598
0.04741901
0.05405857
0.05440522
0.05242518
0.05737725
0.0536717
0.05395603
0.05819298
0.05970227
0.06119388
0.06621316
0.05885392
0.06382718
0.06016508
0.06273558
0.06503312
0.06717725
0.06054099
0.0665392
0.06737423
0.06877661
0.06548427
0.06347678
0.06527512
0.06068691
0.06921701
0.07272449
0.07287325
0.07607464
0.08371292
0.08056306
0.07642252
0.07994243
0.08326163
0.08012133
0.07734018
0.08409866
0.08610618
0.08378789
0.08958662
0.09170139
0.1037096
0.09986757
0.1028335
0.09470237
0.09268126
0.09454669
0.09305772
0.09012769
0.09136475
0.09058338
0.09116829
0.07938642
0.07850097
0.0864832
0.08760026
0.09465357
0.08291531
0.07827044
0.0730285
0.07301696
0.07049019
0.07559619
0.07013913
0.06419855
0.06451129
0.0626971
0.07094343
0.07218688
0.07332166
0.07708607
0.07869399
0.07433277
0.07768832
0.07222817
0.0687571
0.07067296
0.07033612
0.07217968
0.07708197
0.07878021
0.08331788
0.07812625
0.07943357
0.0807475
0.0714825
0.06889171
0.07562288
0.07646903
0.07259417
0.06736098
0.06284104
0.06199014
0.06507317
0.06197083
0.0552926
0.05705599
0.05387601
0.05344325
0.05344259
0.05628869
0.0538088
0.0561755
0.05640989
0.06073196
0.0583369
0.06156175
0.05597381
0.05715662
0.06022842
0.05677948
0.06471884
0.06727607
0.05489952
0.06099954
0.06602443
0.06197421
0.06842329
0.06250978
0.06290692
0.06872747
0.06260389
0.07104837
0.06995289
0.06839226
0.0687807
0.06920812
0.06869944
0.06037579
0.06814413
0.07131541
0.07263621
0.07598192
0.06891753
0.07320795
0.07634521
0.07844629
0.0823165
0.08532159
0.081797
0.0921762
0.08216254
0.0841896
0.09081664
0.08927827
0.09850854
0.0961103
0.08713897
0.08882976
0.08246362
0.09159708
0.08522713
0.06921438
0.07029359
0.07557615
0.07013495
0.06886475
0.06514715
0.06114271
0.05456687
0.06660942
0.0632263
0.06595634
0.06115498
0.06057683
0.055909
0.05348976
0.05588976
0.0552043
0.06062934
0.05577815
0.06539787
0.06937457
0.06427779
0.0736098
0.06003855
0.0505288
0.05536591
0.0645747
0.06225729
0.06626322
0.0715021
0.06983699
0.06734698
0.0634214
0.070381
0.06278018
0.05439917
0.05029513
0.04581669
0.04490612
0.04363781
0.04840648
0.05015412
0.05719753
0.06177595
0.0702593
0.06982098
0.07437117
0.07817794
0.07333774
0.07224117
0.06619655
0.06849642
0.07163035
0.07722583
0.07725851
0.07386567
0.07100931
0.07152185
0.07065334
0.07635165
0.0703529
0.06353425
0.06080528
0.06571205
0.06775656
0.0641506
0.06510754
0.06482145
0.06064387
0.0711379
0.06256103
0.06585913
0.06776288
0.06545961
0.06315691
0.06033538
0.06954909
0.06714039
0.07101431
0.07621822
0.0795887
0.07245701
0.06240385
0.07012467
0.06673259
0.07461006
0.0719477
0.07504883
0.07996617
0.07947376
0.07492075
0.07216789
0.08178037
0.08057549
0.07584043
0.07182353
0.06761385
0.06802955
0.06496845
0.0615353
0.05798627
0.06240327
0.06696007
0.07116477
0.07751043
0.08569414
0.07500838
0.072654
0.07175761
0.05642617
0.06356718
0.06407087
0.05989543
0.06726864
0.06814755
0.06756572
0.06601365
0.06669218
0.05761895
0.05949924
0.05779398
0.0558918
0.06054806
0.06338399
0.06049358
0.05696579
0.05777281
0.0602934
0.05793841
0.06483993
0.06116387
0.07044578
0.06718365
0.06669112
0.05808594
0.05655325
0.052633
0.04935704
0.05224311
0.04760846
0.05665653
0.05385411
0.05922538
0.06981073
0.07383006
0.07875968
0.06544254
0.06284902
0.06872915
0.07524057
0.07211089
0.07674599
0.07953835
0.08700768
0.07246371
0.08370857
0.079584
0.07802449
0.08542564
0.08153208
0.08437893
0.07685963
0.07620426
0.08635607
0.07411048
0.07090255
0.06601029
0.06874891
0.06276579
0.06192952
0.05186338
0.04586943
0.04688893
0.04232349
0.0379204
0.03728078
0.03755721
0.03337934
0.034774
0.03307386
0.03312636
0.03812417
0.03515179
0.04013347
0.0387084
0.04361799
0.04469006
0.04610709
0.04317879
0.04311115
0.04202029
0.04311016
0.04711138
0.04805768
0.04541117
0.04410826
0.04738883
0.04373894
0.04185112
0.04525522
0.04284568
0.046354
0.0488173
0.04704475
0.04527086
0.03781978
0.04077827
0.03979954
0.04420822
0.04595839
0.04411901
0.04319768
0.04705333
0.04159086
0.04373591
0.04051041
0.03769944
0.03845852
0.0362124
0.03639706
0.03792824
0.03903783
0.03927146
0.0386193
0.04082139
0.04800739
0.05092154
0.051764
0.05012061
0.04635132
0.04556166
0.04332782
0.04237011
0.04416071
0.04301012
0.04929986
0.04089705
0.04453205
0.03719975
0.04040475
0.03632032
0.03611149
0.03481876
0.03778482
0.0395601
0.0444141
0.04602199
0.04245374
0.041304
0.03683762
0.03807752
0.0390936
0.04391182
0.03889258
0.03931522
0.04350993
0.0436318
0.03815621
0.03915308
0.04619329
0.04412822
0.04387482
0.04307392
0.04088262
0.04490543
0.04611409
0.0432405
0.04406088
0.04500853
0.04508475
0.04633193
0.05173251
0.06334243
0.0683827
0.06724508
0.06532836
0.06325821
0.05775224
0.06157505
0.06487579
0.06537339
0.06341307
0.05471138
0.04850798
0.04677004
0.04781426
0.05097753
0.05515938
0.05683704
0.06002947
0.06369317
0.05322339
0.05413806
0.05487918
0.05609863
0.06175284
0.05366776
0.05737697
0.04959237
0.04173507
0.04000048
0.04374462
0.04798096
0.04583795
0.04140916
0.04116651
0.03984862
0.03852069
0.04252848
0.04196541
0.04324229
0.03881172
0.03485063
0.03804436
0.0404944
0.03670517
0.04151741
0.0369898
0.04064781
0.04473128
0.05030477
0.0504473
0.04542433
0.04780683
0.05011572
0.05329898
0.04715415
0.04397599
0.03587953
0.03625614
0.03958787
0.04052186
0.0398909
0.03806216
0.03503108
0.03538916
0.03805222
0.03626793
0.04271002
0.04286821
0.0400498
0.04456306
0.04270123
0.04524747
0.04493318
0.04503835
0.04382129
0.04426274
0.03837718
0.04237916
0.0488231
0.04767222
0.04839914
0.05066134
0.0511327
0.0542832
0.05827682
0.05409595
0.0548482
0.06013733
0.06366288
0.06084783
0.07763446
0.07354052
0.07156826
0.06700165
0.0649901
0.06842272
0.06330094
0.06117166
0.06178671
0.05794963
0.05514608
0.06386529
0.06285943
0.06583237
0.06024597
0.05601518
0.05411739
0.05408832
0.04925963
0.04486923
0.0429315
0.04733237
0.04679402
0.04703665
0.04886463
0.0588974
0.05394411
0.05151194
0.05141886
0.05638671
0.04868478
0.052232
0.05983178
0.05642388
0.05761936
0.05210518
0.05203222
0.05528294
0.06453283
0.0548781
0.05648817
0.05915291
0.06783873
0.06044181
0.06597394
0.05769491
0.05381919
0.05663728
0.0529101
0.05396447
0.04650007
0.04984213
0.06042414
0.05370161
0.05587872
0.05197606
0.05236523
0.04954479
0.04671814
0.04367823
0.0459352
0.04632693
0.05246901
0.05108995
0.04416556
0.04203359
0.04153555
0.04221723
0.0414408
0.03644217
0.03125315
0.03295158
0.0307476
0.02874182
0.02953079
0.02975049
0.02718994
0.02542855
0.02292086
0.02853333
0.02605166
0.02937135
0.02937197
0.02857813
0.03308292
0.03389238
0.03343138
0.03399148
0.03785873
0.03477586
0.03487873
0.03984602
0.04008043
0.03869562
0.03726416
0.0351592
0.03632984
0.03391095
0.0358861
0.03107634
0.03407071
0.03239549
0.02889956
0.02639315
0.02863882
0.02734073
0.02730143
0.02826986
0.0288714
0.03051124
0.03280966
0.03099486
0.03103145
0.03021915
0.02945852
0.03013584
0.02780523
0.02737671
0.0273524
0.02676981
0.02412773
0.02296363
0.02432532
0.02500922
0.02575117
0.02846448
0.03193437
0.0339211
0.03450701
0.0331897
0.03104477
0.03090636
0.03083694
0.02923218
0.02911965
0.02989764
0.03096019
0.02618266
0.02537214
0.02838443
0.02897728
0.02360196
0.02496145
0.02847812
0.0303145
0.03095461
0.03088804
0.03311343
0.03454356
0.03215901
0.02927919
0.02967107
0.03452156
0.03178085
0.03155152
0.03431958
0.03052571
0.02817375
0.02846053
0.02744402
0.02687369
0.02611689
0.02692041
0.02828725
0.02657834
0.03501539
0.03360475
0.0370687
0.03740445
0.03425341
0.03763599
0.03530197
0.03080633
0.03550267
0.03782906
0.0396549
0.04277926
0.04710613
0.04425515
0.04047724
0.04096374
0.04063227
0.03923284
0.03918576
0.03625955
0.0376555
0.03666332
0.03631759
0.0328565
0.03230516
0.0297497
0.03423601
0.03438323
0.02901783
0.02749256
0.0258275
0.02470501
0.02869252
0.02509246
0.0242071
0.02698479
0.02449146
0.02425047
0.02442362
0.0256015
0.02662651
0.02488635
0.02382339
0.02090841
0.02155943
0.02418919
0.0252403
0.02246911
0.02653757
0.02855559
0.02842655
0.03270712
0.02995851
0.02723184
0.02502201
0.0272849
0.02929174
0.03172329
0.03130293
0.03552845
0.03175998
0.02872112
0.03117681
0.03016907
0.03488373
0.03837732
0.0337011
0.03323781
0.0308471
0.02975703
0.03011916
0.03452193
0.03343246
0.03482905
0.03418264
0.03585641
0.03859349
0.03922687
0.03727407
0.03698247
0.03680031
0.03489237
0.03569548
0.03176412
0.02951145
0.0339894
0.03776578
0.0427281
0.04459474
0.04128531
0.03990481
0.04065935
0.04263277
0.04211142
0.04531453
0.04553033
0.04577266
0.0422022
0.04109641
0.03965234
0.04221524
0.04339473
0.04003967
0.04148424
0.03901532
0.03908674
0.04088579
0.04098486
0.04029126
0.03604508
0.03339351
0.02989141
0.03190673
0.03324953
0.03637864
0.03756285
0.03982418
0.04097996
0.03967301
0.03582943
0.03855259
0.03876707
0.04044734
0.04603836
0.0464855
0.04544474
0.04433352
0.04735518
0.04791225
0.0452525
0.04543105
0.0551951
0.05818186
0.05130732
0.05174304
0.05496029
0.0585901
0.05690365
0.05948967
0.05691403
0.05499597
0.05144972
0.05361654
0.04690857
0.0483769
0.05698382
0.05525264
0.05798951
0.066041
0.06571389
0.07146875
0.0664395
0.07313693
0.06799752
0.07123816
0.06918156
0.06401761
0.06730702
0.05728469
0.06466783
0.0550952
0.06198101
0.05349884
0.05430141
0.06324661
0.05061293
0.04597531
0.04500502
0.04413718
0.0470709
0.04947111
0.04887112
0.04690004
0.05129577
0.05550666
0.05509289
0.05338069
0.05296012
0.05335197
0.04440425
0.04504234
0.04312559
0.04554521
0.04535331
0.04124321
0.04649201
0.04631414
0.04717985
0.04481511
0.04345538
0.04228321
0.04700813
0.04853007
0.05083187
0.05296194
0.04787667
0.04952095
0.0462986
0.04609525
0.0460501
0.04764285
0.04349412
0.04076116
0.03593054
0.03732615
0.03490818
0.03566571
0.03878702
0.04249126
0.03808559
0.04124061
0.03936122
0.04062758
0.04941514
0.0484354
0.04572762
0.04629977
0.04449095
0.04291001
0.04154544
0.03823992
0.0363577
0.0350349
0.0336607
0.03239501
0.03291174
0.03334145
0.0362146
0.03789724
0.03942357
0.04156898
0.04224277
0.03861146
0.03728883
0.03715024
0.03239279
0.03492714
0.03228335
0.0386572
0.04088185
0.04090708
0.04148991
0.04215947
0.04166237
0.03222562
0.03476597
0.03393732
0.03447714
0.03943608
0.037842
0.04123105
0.04186853
0.04279684
0.04110649
0.03658638
0.03793234
0.03719725
0.03266126
0.03539395
0.03188173
0.03267793
0.0360099
0.03515562
0.03482538
0.03992461
0.04022417
0.03985476
0.04212775
0.04196663
0.04280511
0.03692966
0.04001394
0.04488012
0.0419238
0.03793148
0.03465985
0.03809117
0.03665862
0.03716961
0.03707475
0.03828187
0.03351123
0.03625699
0.03600684
0.0359853
0.03505926
0.03299561
0.03500959
0.03523529
0.03486768
0.03431817
0.0350058
0.03451657
0.03173754
0.0328511
0.03232475
0.03746893
0.03685385
0.03830114
0.04056319
0.03799148
0.03551386
0.03632698
0.03352702
0.03127689
0.03470208
0.0362198
0.03067047
0.0297677
0.02992916
0.02916849
0.03090833
0.0312115
0.0305199
0.03200741
0.03168362
0.02996891
0.03003166
0.02654062
0.02464266
0.02430008
0.02503724
0.02796833
0.02534543
0.02526091
0.02445
0.02664492
0.02987289
0.02971262
0.02898397
0.03547389
0.03925386
0.03907269
0.04032468
0.03961712
0.03708374
0.0350586
0.03549908
0.0387786
0.03493694
0.03472696
0.03586299
0.04060353
0.04238711
0.03484603
0.03672637
0.04294449
0.03590448
0.03082322
0.02900948
0.03094385
0.02838721
0.02766334
0.02621429
0.02615794
0.0252919
0.02819022
0.03150658
0.03028495
0.02951382
0.03026734
0.02839168
0.02850793
0.02857233
0.0300579
0.02992361
0.02658133
0.02402391
0.02329277
0.02636379
0.02483216
0.02438298
0.02348891
0.02158062
0.02535342
0.02599774
0.02377356
0.02430372
0.02568007
0.02700947
0.03160474
0.03191673
0.03093398
0.02839912
0.02535289
0.0251598
0.02685655
0.02892017
0.02824499
0.03127451
0.03067847
0.03311585
0.03359147
0.03462717
0.03475312
0.03457361
0.04256605
0.04809129
0.04079807
0.04277297
0.04454682
0.0421696
0.04243541
0.04217518
0.04139844
0.04837973
0.0428573
0.04263132
0.04071504
0.03592294
0.03738183
0.03970351
0.04080552
0.03875066
0.03923996
0.0357783
0.03442067
0.03675938
0.03913941
0.03509656
0.03652198
0.03603885
0.03784256
0.03541287
0.03658962
0.03578187
0.03671354
0.03952971
0.04308141
0.03823236
0.04013368
0.04395822
0.04134808
0.04231787
0.05295733
0.05238486
0.0478436
0.0518741
0.04867975
