52.6938
54.78586
51.84031
41.9716
41.6437
48.46118
43.04679
47.45576
37.78905
39.03448
41.77952
42.10584
32.22918
31.5531
32.37342
37.60855
34.0458
38.19067
32.29092
30.74022
27.58295
29.47965
24.45345
22.3966
21.79736
22.038
19.25771
21.16208
22.47335
25.33712
24.89024
22.88111
26.22765
26.74396
30.86823
33.17346
32.52883
30.96806
32.18744
35.49768
39.46116
31.52102
35.39946
29.47968
24.21971
22.91346
26.10231
32.0012
35.9318
30.91077
31.04061
27.46219
30.30734
32.7714
27.97494
29.1627
30.1062
25.54079
25.99916
24.66789
28.45797
24.57386
27.81912
30.75888
27.48944
23.9672
24.60965
31.48223
31.0051
28.71228
32.82061
35.52885
41.9269
41.57378
38.8533
35.17275
39.68763
38.37288
41.88128
45.4925
45.89408
52.66587
61.0559
66.12433
60.28517
56.28213
53.2045
52.08037
63.41548
61.19543
62.21387
62.50759
61.58113
71.78929
75.88311
74.61785
83.47007
81.72507
79.97726
79.52417
80.80304
66.2011
68.95143
70.36245
73.57326
66.01726
63.59039
51.15724
46.15504
46.02161
50.48896
59.21034
54.67561
49.60998
55.19593
56.55812
57.27765
54.41034
41.71931
42.45211
32.79946
33.43344
31.88838
34.79177
39.84173
39.35835
40.03111
44.07366
42.46498
42.42345
39.24337
32.32274
34.3821
37.22353
39.22631
40.14246
37.67803
40.16054
47.57584
46.29909
51.33229
43.63941
45.62143
38.61042
35.77275
38.50974
40.84462
43.12082
42.55888
45.27663
41.50154
46.38487
42.79875
48.62249
44.57035
49.14572
49.39644
52.26105
49.57108
49.56104
44.38602
46.34073
42.58885
45.85975
47.16533
51.08174
49.8206
47.62959
42.50613
42.63198
39.8376
39.58564
42.4532
42.48539
41.17866
40.57904
50.813
43.87589
44.15895
48.84124
46.33942
50.9243
50.16293
46.0237
43.915
51.03482
49.4586
45.53749
55.29601
59.43096
47.13496
63.36497
49.64466
52.04589
55.63747
51.85223
53.40899
57.36275
58.06264
61.20224
75.64163
65.28068
66.28955
68.75069
69.23673
66.07645
78.43279
69.09498
61.24237
61.40499
56.98778
61.18299
57.16268
54.75811
48.31926
44.76479
50.25027
46.64337
50.73206
48.06131
31.99211
26.15566
24.52629
25.63168
30.45392
39.06996
35.36907
34.71331
32.74431
31.68433
29.45106
31.77605
31.62044
30.19983
25.3114
26.65014
21.78266
25.97279
24.30665
23.25996
26.51043
24.73607
28.90748
27.39243
26.08405
29.8273
29.48424
24.94824
29.52016
26.92764
29.31793
30.31835
34.81056
32.71901
34.35701
35.48694
32.12223
31.65245
34.36451
34.00504
32.47727
41.30787
45.72266
41.11011
42.76401
40.77142
39.41422
37.41369
33.56084
27.80113
22.91196
24.65771
25.42176
19.6374
23.85652
25.24773
26.47079
27.19029
24.66982
27.05565
29.43637
27.28022
31.74785
33.16697
41.94476
35.76857
43.36331
42.6428
42.11914
39.20455
42.16103
43.30852
37.98677
38.71963
45.24366
48.71074
47.194
42.35873
38.30947
39.39455
38.90328
40.19987
32.96403
32.04356
28.29232
26.27285
28.43729
30.46826
23.18238
22.58634
28.17534
33.39942
30.84464
37.85825
36.7019
48.59688
51.1091
49.618
51.27267
45.99191
46.00527
42.54052
39.38074
37.17787
38.71783
47.21286
53.97837
59.02875
68.00347
71.95858
83.3144
72.52065
59.76666
56.33664
64.02515
63.53304
63.25601
69.0691
69.3622
59.67358
56.24193
64.50133
59.34197
65.69413
63.54984
60.87637
53.71069
41.43619
38.55045
37.1298
29.52343
26.70309
26.37887
26.02601
20.05562
20.88425
18.4089
23.98758
22.79481
24.11936
23.9343
25.53995
25.04344
24.4907
20.98187
22.23459
22.01061
19.91704
21.17952
20.82224
18.7153
19.60148
20.65433
22.2095
20.43553
21.19679
21.53384
24.50271
29.81119
35.38122
34.61688
42.81543
52.98305
46.17638
53.62131
59.80405
71.27204
58.11262
60.85384
66.05146
70.90122
65.48324
62.97312
57.38934
48.88233
48.01592
47.78681
47.39072
46.78034
45.50338
44.58865
44.47909
36.22431
29.83749
27.94484
33.93957
39.62651
33.47552
28.85429
30.42297
38.37245
40.44652
43.40657
43.7629
38.61841
34.43961
31.66886
31.72935
33.88055
39.27051
39.41357
38.48672
35.30144
39.83555
41.06076
38.8384
49.93033
52.43724
54.83093
49.29905
55.89351
48.765
52.47476
49.3886
47.76114
52.74863
46.59689
36.31515
35.00435
38.61286
49.45253
49.19272
45.71145
41.5228
43.31703
43.47444
48.1588
45.82407
46.30319
47.12477
62.36423
67.62538
56.53471
43.66147
39.79412
30.15823
33.17427
33.79688
35.37571
39.48326
33.88323
33.7246
34.27209
27.57812
24.95282
25.43122
28.49715
27.94821
29.08104
30.18351
33.65537
32.24316
37.20158
38.72337
32.81144
35.97712
41.78957
49.0969
54.34932
55.4224
51.7286
51.04217
59.23739
54.78897
50.43407
57.51066
59.94405
60.7461
72.95161
76.14979
52.57742
40.99986
35.07201
39.49887
38.35014
44.87633
49.25192
49.22709
48.8377
56.07182
50.26912
41.64912
37.59574
33.22227
30.40497
26.67438
31.71771
29.28526
24.40171
22.96227
20.68986
23.0426
22.9792
22.38049
21.05808
22.64172
22.41891
20.75377
21.45148
18.97568
22.71447
21.74792
22.6357
23.33855
24.20762
20.61601
21.88469
22.67167
22.90603
30.72103
37.94435
35.77121
47.03701
49.95038
50.72862
54.50038
57.95025
52.06482
55.1828
60.38635
56.65023
49.64982
56.39231
53.47187
46.7239
52.32455
56.52742
53.36167
45.59361
46.08392
44.43268
43.44026
38.55423
44.42281
40.9025
55.51519
50.55132
68.22872
57.13058
55.60633
52.42341
53.86628
50.42146
49.16114
40.67523
35.77797
30.50888
31.24388
33.39627
37.72549
40.12641
39.42695
44.76882
41.72712
35.72423
34.26512
34.2852
30.85047
25.50144
32.60026
28.25359
24.36662
21.9959
20.02536
27.14166
32.01194
34.11688
33.61772
29.82448
38.7387
45.05488
49.40421
50.77929
57.86117
51.53431
57.66631
63.69751
58.58774
48.8291
45.13957
43.09427
36.67638
39.33964
32.89875
27.09943
30.03347
27.60617
25.60781
21.6717
21.49012
18.43309
15.49148
17.86101
14.08159
17.15476
18.98066
20.87225
17.59212
20.37555
20.53796
20.71003
22.83541
21.96601
20.45708
22.93174
23.63957
27.94428
32.13631
35.38225
36.34066
35.66714
32.6732
28.70161
29.21494
29.49498
27.77054
23.89542
21.31242
22.81342
21.55644
19.86849
22.31558
23.45425
21.27616
21.66308
31.7414
35.96899
32.49033
28.92061
27.65375
29.80169
34.91648
29.58811
34.09579
33.01884
31.45622
42.06472
45.32165
50.19156
46.40269
43.61123
52.77627
60.65081
71.82113
67.45221
66.41519
62.96747
51.21696
43.37594
39.99129
41.79884
46.29184
49.93296
48.22909
48.03842
48.37077
41.72579
37.64422
40.41279
44.92044
44.36204
49.89555
46.79633
43.07086
44.62539
44.65638
40.18325
37.77701
38.59611
39.03217
46.99974
45.37724
48.04059
42.25262
39.41672
39.18835
42.58849
39.57666
33.52387
37.14415
38.26285
38.80698
40.09229
43.70692
40.84236
51.66522
49.47725
44.58146
40.00351
41.05085
36.81467
33.63186
31.96134
36.22387
35.13125
32.16205
33.91323
32.91939
33.4872
33.33371
39.8064
46.60283
51.68075
54.74096
44.1204
31.09847
29.72527
28.25255
27.60261
29.47735
27.41524
29.45994
28.56506
31.63054
27.84121
26.78805
24.56049
26.77672
30.28065
29.48509
28.7605
28.87332
28.45899
29.57875
29.4435
36.36646
44.03669
48.50729
54.06973
56.08417
51.52442
51.88234
56.42123
46.10781
45.59483
47.76379
46.26125
41.33525
42.43698
39.55102
43.1939
42.71529
33.1538
27.54512
28.21897
32.0757
34.05692
36.20101
35.17964
32.36479
30.8794
28.0826
25.9341
22.43797
20.27874
22.43159
23.42532
21.11116
21.96594
20.34853
23.70325
25.86437
28.38341
28.84814
26.24149
29.46249
25.7434
20.14261
20.63906
20.34416
19.84577
19.47198
20.87195
22.87088
24.11279
20.67105
21.80116
20.64491
19.29253
18.91749
16.94791
18.24724
19.1318
17.78406
16.34326
20.90501
19.6353
17.18532
20.8266
22.73469
25.36709
28.34161
27.47336
31.29537
33.00635
31.58259
28.26429
28.97578
24.07044
29.75295
30.52836
26.76992
31.71037
27.91721
29.2182
31.70875
34.71582
38.79176
38.59306
35.06035
33.1353
32.26611
29.1288
25.11365
24.85205
23.36455
20.07597
21.2675
22.58981
25.85174
28.07446
27.23761
34.02882
38.40429
40.63643
32.99862
36.82654
30.85478
28.48436
29.33547
30.13125
33.52904
30.75728
27.20969
26.02492
27.51273
27.82359
30.19776
24.18368
26.51153
21.37413
21.1477
17.72814
20.40688
19.30472
21.61671
25.50485
32.00367
29.76074
30.84377
30.79399
27.64623
27.19735
30.6418
28.55713
35.76837
43.09634
43.00078
45.27347
48.28218
44.69643
46.51497
44.98998
44.22034
42.49408
45.76877
36.56244
42.40419
44.45345
39.31084
42.70696
42.85043
43.86475
34.83572
39.08
44.22706
37.38588
42.34936
39.75855
40.03819
35.57448
34.0505
34.61328
41.17061
40.14038
39.03296
44.01337
45.59399
39.03531
38.09259
37.73719
35.99485
31.30275
26.04507
30.34322
30.18204
30.74253
28.79037
32.33007
28.36592
23.2396
24.50531
29.5835
31.15494
28.89406
32.94096
31.57345
27.51979
23.68358
24.9192
26.13244
23.07833
22.48633
21.49975
28.00478
27.71232
26.20154
24.43752
25.3501
25.56177
22.10768
18.68105
17.60124
21.91289
24.56443
28.01842
24.68349
24.19506
23.95964
27.05172
27.21289
30.44265
32.79128
33.45926
38.99714
52.4349
58.8874
45.356
44.57598
43.0183
38.45037
36.53823
39.11929
40.91866
38.45235
33.09102
34.07106
31.54067
33.83849
40.59628
32.28948
29.18424
29.27872
34.75797
33.10234
34.62199
36.50326
31.92624
32.05137
36.05915
35.01049
42.05022
40.83075
36.79796
29.8645
35.40699
34.76628
39.2719
39.85571
32.64807
29.11055
29.43792
32.20555
31.82041
35.43118
30.89433
34.2128
37.15822
37.70807
46.02129
50.17852
46.77698
40.96059
38.75364
36.50106
40.52207
49.55194
53.16667
51.08253
48.92249
49.77314
53.73991
47.68737
40.52759
33.86292
37.45365
37.41668
40.28095
40.20525
37.87452
33.47163
35.62852
36.15588
35.60692
34.04678
34.04302
35.11463
31.42972
40.52311
41.29761
40.68156
37.2998
33.71941
30.53286
28.53253
35.39546
41.39729
43.23313
37.87933
42.01616
36.27982
37.48783
37.83777
35.60458
41.88361
44.54595
45.41094
44.16198
48.44747
50.75267
51.20767
51.07359
46.90712
46.74521
54.29489
47.4768
43.65411
45.7908
47.71028
49.90002
50.29769
46.33033
46.79569
48.67802
49.17298
48.22268
53.67503
51.722
47.5226
50.11191
53.42101
41.50748
47.80737
46.29182
44.81353
43.08058
39.48691
44.13098
37.97748
39.5805
37.24823
30.29456
29.67857
34.47161
35.41663
30.20957
28.90258
29.67304
26.73892
24.81636
25.8645
25.59368
27.30789
21.81792
21.95196
22.6099
22.39529
23.39639
23.47267
26.55921
26.83497
30.9299
35.91545
44.20857
47.63646
50.70589
46.59267
41.50741
37.74503
36.58548
37.50254
37.02499
38.52977
42.84374
44.95107
51.48125
47.11797
47.87494
50.45673
51.35703
56.23384
63.49237
64.09208
67.05041
59.88095
67.90276
63.64781
74.91263
68.87994
54.13145
48.84889
45.5002
43.46977
43.02799
48.74588
55.11823
55.10295
44.55989
43.78121
45.72127
42.03706
48.89499
45.83697
39.97074
37.96293
33.993
38.9347
41.07876
44.28951
46.95344
55.41934
49.2914
54.17041
67.96347
74.23703
65.75259
58.62725
61.19323
63.57819
72.25753
71.52722
68.3776
58.51131
55.29519
52.94131
42.73775
41.99158
45.41665
44.66879
42.43136
51.76213
42.10678
46.13861
47.82704
44.58103
53.77523
54.89918
62.99719
64.19936
70.81474
65.55973
71.30128
74.67637
67.82648
65.71805
75.41631
78.86858
66.58986
66.14743
60.79609
58.24458
52.83943
52.88196
62.48374
76.90235
84.93873
96.17992
76.22055
82.03347
96.61626
106.4007
99.07524
106.0811
99.76132
87.37533
81.95707
65.86954
54.49574
56.64015
56.00027
49.39291
46.05092
39.83672
37.73566
35.49758
31.48168
28.28017
29.94062
32.22755
35.14027
31.6954
32.32798
31.75839
30.43813
32.94051
37.30098
36.50552
36.41664
44.05819
39.1151
38.35581
34.92013
34.70363
32.57261
34.48247
33.62968
33.64689
35.63349
40.34783
40.66571
41.37666
47.22267
53.68137
57.3937
63.51692
59.2453
50.24503
53.75751
44.02015
41.25971
44.87175
44.97721
39.52654
43.45846
45.79574
47.37802
42.80799
45.03398
37.93649
42.13044
39.96669
31.40818
40.27394
38.09682
42.96911
45.51883
50.06329
60.24695
46.91273
51.92018
59.82995
68.08333
76.7738
70.33421
59.17643
51.78609
51.28378
50.00809
48.69205
41.98213
42.57811
49.36703
51.75201
48.09239
46.25067
46.45413
51.62369
50.64683
46.24542
40.55984
37.21455
35.99537
32.77002
32.52975
38.00991
35.71383
37.10046
35.43503
34.21497
32.07742
29.55312
31.53557
35.08451
43.93682
38.5789
37.71746
36.63009
36.23135
40.49366
41.07858
33.41003
32.71698
29.61599
28.77786
35.27458
31.81462
34.73964
33.76684
34.33041
33.25421
28.97029
29.36576
34.34324
39.73838
42.88704
41.7684
41.44889
39.05387
40.13917
43.02658
44.93539
39.88588
41.81457
40.95806
43.35761
48.96183
44.86913
40.13562
36.98548
38.6426
45.71659
37.3546
39.94866
41.388
34.18938
34.75949
37.84559
37.26213
31.76369
34.65877
38.9101
38.05135
33.30713
35.65783
37.91181
32.79872
34.87074
31.29603
30.64425
30.09665
27.53227
26.14961
22.80945
20.97296
20.08489
19.68964
19.16875
16.54707
16.1126
18.30979
22.0304
19.20006
16.54139
18.43274
20.13893
26.10563
26.57359
21.68061
18.77283
18.27058
18.97007
19.69594
22.63442
19.57594
21.00936
21.04328
22.28403
28.10009
29.00277
26.73365
33.26081
32.27237
34.42576
35.99368
36.79957
41.19701
44.45804
42.03453
42.87463
37.92882
31.31651
28.99995
27.86495
31.56339
25.3125
25.45667
29.07545
28.37992
24.75029
23.64289
24.18215
23.80093
23.12834
22.26045
24.4793
25.07745
30.00984
33.39888
34.61615
38.95538
37.64317
33.54636
33.14544
29.27167
25.98014
27.14566
22.45053
23.73099
23.58739
25.32059
25.78303
29.5753
30.98972
30.21383
35.41957
31.93043
42.28595
35.45875
37.74722
37.43096
40.85856
43.73051
45.84233
50.99338
43.6412
44.32548
48.15023
42.73144
51.23476
43.38254
48.63561
42.49288
40.03735
37.20785
30.86205
30.84724
24.61778
24.33813
24.10254
26.65836
26.676
27.4285
26.73156
24.95631
24.81294
22.97538
28.54809
32.25211
27.17604
28.07099
26.96301
25.20408
28.25877
23.39415
21.56594
21.40942
22.08478
22.18649
22.01615
22.74976
27.00156
25.0611
20.15751
20.12192
19.31805
20.6649
21.8158
22.04478
18.5149
16.10594
17.17513
18.57426
16.6621
16.13153
14.23321
14.13048
19.79825
19.4892
19.34893
21.95579
24.94293
29.04705
29.37038
30.19431
24.53869
26.85596
29.34629
28.59137
29.34553
27.18349
30.835
36.11801
33.72625
37.15259
31.50162
28.91529
31.5519
32.01802
35.06199
30.5603
27.29778
30.0447
33.47935
32.03649
34.89219
33.59284
43.0309
32.87868
27.89931
28.68971
25.92202
26.70305
27.9323
27.71899
30.77682
33.69973
32.8377
33.0366
39.49312
38.04289
38.61726
49.7972
40.29514
39.69399
42.49635
39.52387
35.97377
34.44111
26.13909
31.60867
34.87077
35.21025
38.74927
39.23921
34.73734
35.32134
38.09865
37.83743
33.41983
34.58935
39.34822
43.52195
36.72793
28.79062
27.27805
26.21109
28.11811
23.293
23.30999
26.58221
23.33703
24.8397
33.44716
33.08358
31.85249
30.0635
29.26149
37.94431
35.57181
44.00653
38.81196
32.83986
25.8982
25.01787
26.3636
26.64465
27.20062
28.56552
25.28338
25.40533
23.49471
25.87319
29.13044
26.6231
24.83801
22.01018
23.86922
26.4437
31.06836
33.43787
29.45231
27.72547
30.5519
32.40224
35.03806
37.29517
38.54916
45.9213
53.20405
49.45965
42.32666
45.80487
51.31745
51.75009
50.25984
55.05579
48.69418
48.39495
53.55371
57.56786
54.77556
51.18566
55.05731
55.97798
43.00027
43.31186
48.2028
46.12473
47.24802
44.89606
49.11618
52.63076
53.93136
50.65452
51.91633
47.83487
47.24258
46.91297
46.65627
57.11075
47.62672
50.05519
51.21701
48.033
51.76307
52.05452
55.34935
58.30382
55.45904
49.15636
46.78494
43.21371
41.22362
44.41196
42.01358
36.96468
37.07617
39.58478
38.99258
42.00767
36.99606
36.00659
26.51904
22.11005
22.01039
26.78135
