37.81533
36.98128
37.5001
37.60182
36.4298
36.1002
37.58814
38.42651
38.90688
37.09586
35.49294
33.40017
34.4141
35.08973
34.92686
34.38013
33.23484
32.10152
32.08238
34.99058
35.49101
33.61149
35.0447
35.27987
36.07609
36.99294
37.42814
37.76827
37.53172
39.23124
38.32549
38.54429
38.67211
37.58931
36.90171
37.71977
40.59831
40.48431
40.53766
38.591
38.6922
38.27103
37.76678
36.03222
36.33763
37.37151
37.89381
38.79556
39.01646
39.7898
40.29118
40.10708
39.58854
39.58271
38.55484
39.3998
42.16748
41.99103
42.58145
42.66957
43.37896
44.57969
42.34825
40.54912
40.1985
41.22031
41.18531
40.7798
40.55523
41.13288
40.90454
39.65423
39.37157
40.38772
38.62571
36.7177
38.61705
36.98638
37.094
35.50249
35.7663
34.22047
35.35174
34.4261
37.27153
37.63194
38.72719
38.80577
38.31664
38.55797
39.24262
38.47382
38.23241
39.18166
37.95093
38.65939
39.52016
41.17607
40.6132
41.19498
40.75931
41.20813
39.08724
38.54568
39.55289
40.50573
39.08093
40.07121
40.60211
40.33983
39.69919
39.33201
38.46264
38.47356
39.14993
39.00469
40.46266
39.60526
40.67356
39.86709
39.80907
41.60008
41.59346
40.81362
40.85651
40.52473
40.62997
40.16063
39.85974
40.1008
38.92342
40.25145
40.63577
40.28481
39.85834
39.64679
38.9706
40.25116
40.21282
43.37621
44.63363
44.69301
45.46369
45.12246
45.26852
44.37212
42.84421
42.20409
41.12557
40.71585
41.15512
40.50477
40.89653
39.22537
38.60638
40.38154
41.44923
40.35291
42.85609
44.32641
44.19836
44.7106
45.13856
46.50495
46.38167
44.44264
43.49898
41.91312
42.58048
41.94558
44.42402
45.67088
46.25833
45.67592
46.33871
46.09635
46.46377
47.148
50.37815
50.25357
48.7793
48.43919
47.51815
49.46853
48.49483
46.50593
47.18082
47.9346
47.08522
48.25483
47.99235
50.24302
49.93365
48.30303
48.52969
47.321
46.64514
45.67306
47.75388
49.08984
47.37086
46.97606
44.74156
46.58912
44.6229
46.59927
44.63785
44.29055
44.81304
44.50652
47.46193
47.3254
49.51359
50.23733
50.95695
51.43637
52.53549
53.34437
53.57631
54.04732
54.78647
55.7252
54.80317
55.75828
54.82082
54.05881
55.29324
56.41965
54.74426
53.92538
53.88265
54.22571
53.64252
51.28604
50.06554
47.75068
47.58862
46.50292
48.10188
48.71674
48.2443
47.65721
49.18176
50.12001
49.15126
48.93027
49.68342
49.5548
49.47302
50.60693
49.12815
48.90611
47.57565
47.35188
48.0845
44.74913
42.8524
42.54222
41.21605
41.05033
42.82746
43.44842
42.73427
42.52767
44.65326
42.10278
40.26073
41.99067
41.41423
43.54508
43.04939
42.80036
40.38971
41.919
42.34668
42.4182
41.84808
39.88889
40.58954
39.66325
40.1001
36.71463
37.08806
38.15581
37.70798
38.39537
37.96544
39.34269
38.77347
36.88835
38.03741
36.01085
35.3308
35.3421
34.28667
33.70518
32.7877
34.42188
33.94239
33.86843
35.98498
35.13415
35.42329
34.58635
37.03974
37.3144
37.68378
35.46203
33.35704
34.96652
36.83182
37.85001
37.85971
37.92423
38.20818
38.44773
38.36508
37.51459
37.76851
39.03992
40.67037
41.51549
42.88818
43.6467
43.60823
42.67614
41.66778
41.95441
41.13994
42.33655
42.70026
42.72085
43.61964
41.09743
38.18373
40.45733
40.72285
39.86373
39.87589
40.10505
39.73559
39.73108
41.3778
42.39975
44.28464
43.70699
42.71217
41.13366
38.43837
38.44554
37.9371
36.87531
38.01785
36.43301
37.48821
36.96275
35.13453
36.05907
36.40863
36.37893
37.04113
37.20141
37.41829
37.01567
35.95362
36.10435
36.4557
36.43348
36.34673
37.17514
37.22847
37.53797
36.48446
34.99416
37.55916
36.89411
39.4719
39.34784
41.21857
41.83087
40.38573
39.44656
39.21907
38.43507
39.07681
37.83109
36.6757
36.2138
36.40287
37.51813
36.89991
38.84689
38.04375
36.19419
36.81946
37.13328
38.32898
39.66034
39.63489
40.5737
38.23871
36.32036
38.92273
38.74762
38.68371
40.62084
41.11739
40.49312
41.1547
41.19854
42.03161
42.71125
40.30581
41.82232
41.29402
41.10593
40.45169
40.2362
40.89465
42.10137
41.8278
41.66364
40.54545
41.4437
40.15434
39.38386
39.28971
40.73051
39.7087
41.25117
41.55197
39.88904
39.93208
39.40666
40.83407
41.103
40.92413
41.59814
41.53892
39.68221
39.85657
38.8085
38.55925
39.26338
40.25947
40.80484
43.02424
42.85019
40.67236
39.35735
39.33721
39.55922
39.95059
39.41518
39.82943
38.86732
38.88868
40.47284
39.628
38.85768
39.34331
39.69567
41.37052
40.89983
39.4468
40.82995
42.47201
43.12472
42.30997
44.8587
45.40679
43.09253
43.40851
43.94066
43.72698
44.44225
42.91312
41.94778
40.15104
39.95307
41.28346
40.17399
41.29537
41.54543
43.00059
42.24539
42.12085
42.20739
41.96075
42.43403
40.39837
40.64563
38.77887
40.74827
39.96626
38.17383
37.86389
36.32252
36.82225
39.12573
40.87776
39.7098
40.67246
41.18169
41.52913
41.19378
41.86208
41.60581
43.52088
44.66702
45.66677
45.59185
46.74961
46.1597
46.29939
46.45385
44.97508
45.5027
47.1406
48.46197
50.02019
51.90113
50.3105
49.56488
51.49254
52.3568
51.98159
50.81042
52.22221
52.41824
52.04426
52.15414
52.42713
53.17334
51.38914
49.00332
49.59411
48.78139
49.18434
50.6694
51.6263
52.00027
51.89614
50.52883
50.54923
52.22949
53.5703
54.59707
53.94101
53.7855
53.53823
52.87867
53.90851
54.31384
53.42875
53.08906
51.87253
51.15262
51.4276
51.30195
50.42833
51.4373
51.58196
50.74386
50.29839
48.94855
49.90677
50.59336
51.66861
51.04842
49.48245
49.68642
47.58633
49.1474
48.07256
47.53002
48.65004
48.17808
48.58644
48.73714
48.75469
48.48297
48.35466
48.09055
47.1596
47.42222
48.00871
47.6202
47.82864
48.94046
48.89435
48.25171
49.06979
47.62357
48.50969
49.4249
48.92222
48.09994
47.61115
49.02749
49.64537
48.54432
50.91387
50.73404
51.86596
49.33817
49.07533
47.44109
48.82849
46.55475
47.96294
46.50389
46.49927
47.02069
46.28795
45.93567
48.02178
48.81333
49.58651
50.0403
49.30969
47.92325
43.9429
44.19287
44.9049
43.0405
42.96516
41.46815
42.60163
43.46126
43.0844
43.5893
45.11165
44.82101
43.79308
43.70124
43.15084
42.07846
44.79448
43.99236
44.9479
45.56586
45.53572
46.70009
46.61186
46.5274
46.14295
45.36169
44.79603
45.71498
46.14752
48.04643
48.90151
50.47198
47.29486
48.29063
47.69297
48.08336
45.21377
42.52955
43.19411
44.08421
43.29299
44.4137
44.0147
43.82566
42.22601
43.27468
42.526
41.38336
39.92259
42.24359
41.71338
42.65311
41.00376
40.64435
40.08038
41.22472
40.11134
39.6276
39.97967
40.54447
40.07357
41.01967
41.93264
41.0394
42.56043
42.65364
42.85191
44.48426
46.21303
45.3648
46.96491
47.16194
48.06383
48.00804
47.43173
45.46316
45.19076
45.47925
46.98784
46.27295
45.23634
46.31575
46.50935
45.86856
47.08535
44.80092
42.88044
41.93656
41.41838
40.35132
41.56058
40.07379
40.16916
39.20917
39.29867
37.88071
37.27256
36.25072
36.38643
37.15361
36.30058
35.95979
35.65994
35.70707
35.55204
37.57266
37.54973
36.75051
36.89581
37.67905
38.04869
38.58786
39.45773
40.85516
38.28378
40.64719
40.41028
40.33339
40.68307
41.51819
39.64932
38.3814
35.27884
35.58922
36.20554
35.65979
37.80462
38.63269
40.50861
39.45562
38.48862
39.54555
38.74522
41.5165
41.81131
43.49838
42.93373
40.47274
41.60493
42.18623
44.47088
43.65733
44.07183
46.20825
44.504
46.07145
47.48894
47.10081
47.51522
48.50729
49.37898
49.4523
48.24899
49.94145
50.11979
49.7026
49.50861
50.01838
50.29951
51.30069
50.13626
49.77767
49.58348
48.05967
49.632
48.51587
46.86512
44.25349
43.51468
45.44112
46.59493
47.08719
48.13497
45.79025
45.03202
45.46598
45.30162
45.29223
44.95735
45.11373
44.32854
44.09104
42.48671
42.86604
42.83762
45.0496
44.94091
46.36356
48.33818
49.89449
48.75879
47.58841
47.31408
46.11828
45.35867
43.25787
43.10274
43.4192
45.32185
45.06159
44.99773
44.61709
45.05665
46.14742
44.88277
43.74121
42.64379
42.32281
42.76888
42.95144
44.02447
42.99344
41.37102
40.62559
41.37319
43.68851
46.6311
47.46951
45.95093
45.00648
44.8859
44.9095
45.44995
45.05069
45.28347
44.9418
45.84029
45.44412
46.59709
47.63552
47.02477
46.46456
46.01319
45.02319
45.19788
44.86348
42.93213
43.20138
44.0054
44.27345
41.96481
41.61834
43.65806
44.38727
45.65894
43.56912
44.51046
43.73219
45.61856
44.91896
43.52714
44.678
46.33816
47.31449
47.05349
45.99814
47.43088
47.99687
47.19835
47.39738
45.9694
46.20057
47.57338
48.1925
45.94827
44.53492
44.59516
43.84267
40.95799
38.84412
42.26181
44.67628
45.83746
47.97612
47.40296
47.18566
46.01195
47.10842
47.43773
47.93142
47.64723
48.30606
49.03371
48.52953
48.3218
49.69344
47.21558
47.43162
46.59459
46.93896
45.21099
46.84922
45.68653
47.49791
48.02532
48.2709
49.6849
51.62302
51.15091
50.68591
51.07753
51.43442
51.06771
50.47723
49.02998
49.72312
49.91214
50.31782
50.24069
51.47442
49.84446
47.46081
46.62843
47.01006
44.58821
44.49459
43.98266
45.91893
47.00992
45.15498
45.67508
48.84831
47.05608
47.85778
46.56528
46.33374
46.95106
45.61442
44.04142
43.37258
44.32974
44.53763
43.78027
44.13954
44.2381
45.67977
46.92603
44.02048
42.68886
42.5858
41.8123
40.94748
40.87049
41.64969
43.15889
43.49006
43.35111
43.81993
43.05754
42.11075
43.48243
42.54627
43.25256
45.11114
43.8476
45.9254
46.79342
47.64243
47.50071
44.24396
43.752
43.47155
44.0691
41.65785
40.8093
40.5018
40.22293
40.56615
40.40904
39.2345
38.19778
38.63992
39.91999
40.81299
40.42633
40.36368
41.73104
40.82204
