47.61092
46.79179
46.63348
46.28032
45.46402
47.90326
46.84458
46.29803
43.99394
44.26637
44.90859
44.06052
44.89812
45.30175
46.9719
47.13409
45.95773
47.87729
49.1386
48.31536
47.14855
49.1955
46.85258
45.59996
45.78868
47.1088
48.68021
49.78851
49.10191
49.83865
53.07368
54.78256
54.43177
55.38226
55.34537
55.35617
55.39001
56.63571
56.12277
55.2676
54.52658
53.41802
53.03086
50.85014
49.76713
49.1066
50.013
50.51444
50.57228
52.27226
54.57086
53.50394
55.15609
54.98679
55.95711
55.51423
56.64152
57.04434
58.66158
57.32305
57.81311
57.90723
58.90924
59.75181
58.46085
56.15549
53.87913
51.9455
51.7214
51.84994
52.60925
54.29344
54.6622
54.66287
54.931
54.26088
51.93081
49.4174
51.99769
51.67147
52.61166
54.49822
55.64754
56.14095
57.56222
57.46844
57.00376
57.42578
55.80985
53.40192
52.88848
54.00778
53.77444
51.2247
51.46029
50.72215
48.3436
48.87135
47.13099
48.27784
50.56681
53.54819
53.67755
52.02672
53.19002
53.53758
54.33585
54.42146
54.87586
54.51732
53.39276
52.91273
55.46181
52.98708
53.90228
55.02653
52.39335
50.32813
48.82938
50.98155
47.95546
48.1062
51.15507
51.28209
51.48768
52.21553
51.75309
48.89541
47.0813
47.63155
47.82196
48.17814
49.03617
48.9331
51.55566
50.74571
50.28959
50.29893
52.32321
53.30923
53.58552
53.03509
54.52176
52.38701
52.60169
52.7971
52.05032
50.60938
51.09787
51.41672
55.8222
59.18629
61.04745
59.13138
58.80767
56.74663
56.86399
55.62046
57.04811
56.21426
56.99001
56.28716
56.92989
56.98592
54.00832
52.40655
53.59528
53.99123
52.46186
52.2733
53.94422
52.60908
51.44659
52.53632
53.33387
51.27771
52.17656
50.61445
48.13561
47.52859
45.04343
44.1269
43.78745
41.68227
43.52719
43.67281
44.40465
46.22986
49.04086
47.99332
47.84524
50.58872
50.55183
50.34937
51.40678
50.71306
49.87179
51.36912
50.95262
52.19747
52.17696
53.27443
53.41221
52.50371
54.32481
55.73237
55.29057
54.83605
51.75575
49.15798
49.75477
50.03372
51.8834
50.9391
50.39019
51.9355
53.97098
54.90594
53.96297
55.15799
54.32384
54.69912
56.32366
55.24614
54.89962
54.07633
54.79038
55.99896
56.8373
58.88043
58.34861
56.91538
55.68914
57.46825
56.38856
58.98935
58.79742
55.27678
56.36546
56.57917
58.17909
62.34228
64.40715
65.36502
63.55308
63.81841
65.29474
65.30504
66.44388
68.00789
64.77549
64.46353
62.54081
60.96291
58.83517
60.75237
60.88395
58.60762
56.67336
57.46511
57.18918
57.41346
57.09603
58.34027
55.64374
54.16727
54.81062
55.38362
53.93501
54.93855
54.41993
52.89659
52.17711
53.89424
52.95649
52.42381
52.93989
56.80595
57.7573
60.4132
63.04175
64.22328
64.87645
65.57772
65.85474
66.57422
63.93752
63.14215
63.28161
60.6222
61.75773
62.99584
65.76412
66.2025
69.61189
70.45261
71.77839
71.16715
69.56461
68.37205
67.96818
70.83042
71.18681
71.02221
70.19622
69.09922
67.29884
67.98011
66.16264
66.95811
67.54678
66.40835
68.50152
68.2693
70.40039
68.18248
65.98416
69.26037
67.3993
65.04207
65.83934
67.50132
66.98417
66.79415
64.58436
64.38476
66.5186
66.65865
66.13197
67.02668
66.87213
66.2711
67.78451
68.54019
70.10684
70.30023
71.35013
68.86981
67.02298
66.89267
64.3717
63.55967
63.92193
65.85105
67.74508
66.68662
64.26879
64.57876
63.2899
65.61797
65.46937
66.20693
66.0673
65.44751
65.89548
65.31171
66.85039
63.95197
62.71201
58.99541
59.51564
58.12651
58.84976
57.72559
57.73282
55.81922
57.50228
56.79335
59.81784
58.55604
56.26354
58.65131
58.07397
56.76102
56.70694
54.48708
54.07259
52.00156
51.17425
53.44179
49.21229
48.70085
48.30626
48.52963
49.72332
49.75394
48.71658
49.20861
47.74343
48.2796
49.43119
51.14794
52.98629
49.23568
51.72211
50.38655
50.60612
51.68609
49.50746
49.97711
52.04498
52.6545
52.1092
52.69289
51.95085
51.86355
50.58971
53.18169
49.89416
50.67108
51.36116
51.30765
48.22535
48.65491
51.32236
49.94147
50.48345
51.43451
53.34853
50.82486
51.96187
53.7099
51.19442
49.8716
50.27249
50.49237
48.61228
50.3375
51.06464
48.01176
48.44418
47.67861
48.46991
48.05958
50.43201
48.88021
49.23404
52.1382
54.51261
55.36407
56.29592
55.33571
53.815
51.87381
49.36909
49.3828
50.34906
48.87685
48.36883
48.43757
47.77799
48.93594
48.81227
48.47536
51.02814
49.1361
46.21369
44.61605
48.49968
50.75519
49.35296
46.82311
46.08412
46.26107
49.31087
52.49702
53.19215
53.50775
49.90026
48.54078
47.82987
46.79135
45.9699
45.10557
43.06613
40.96213
39.7509
38.06351
39.33305
40.49954
41.825
38.99199
40.54858
39.58153
39.4211
37.17868
35.96176
35.20089
33.82109
29.64136
28.99464
25.91309
20.23847
19.46985
20.21172
20.53997
20.24351
18.79293
20.32518
21.78026
24.96835
29.75526
26.45996
28.25519
27.27095
25.95148
21.60281
22.89211
20.5803
20.06574
19.81544
19.53796
18.61081
18.77569
18.56804
18.99523
19.85672
20.70136
17.51822
18.47378
17.21345
17.85009
16.20916
16.32243
16.49349
13.16957
14.19774
13.47333
12.79512
14.24394
14.58794
14.17277
14.79485
17.14312
16.64971
18.14206
17.76032
17.83459
19.24929
16.85007
14.90107
14.95884
16.22216
14.22685
14.9935
17.03567
17.63395
14.94616
16.47912
16.74881
17.97313
16.67007
17.64233
17.72748
18.95731
19.59353
21.84618
18.96019
17.31446
20.19616
19.99322
19.51351
16.57275
14.79684
17.39186
16.81147
18.29919
16.26199
14.2837
12.51201
12.36064
14.28884
14.6895
14.57367
15.47831
13.90473
17.54272
19.74183
19.35855
19.49373
17.8013
16.46904
16.10392
16.14105
20.01293
18.82254
20.64092
19.76935
18.25203
18.85044
18.09169
18.56728
15.80012
15.42215
14.82638
16.68749
19.2557
19.98361
18.68842
19.25753
21.01593
20.38768
19.35466
18.08033
17.70658
13.806
11.93158
10.53895
9.542017
12.51935
12.20525
10.47228
12.66323
12.06891
10.5259
10.91612
10.13388
8.84047
8.012973
6.808744
6.793533
6.663685
8.401276
7.884327
7.690395
10.47922
10.95393
10.97457
11.76562
10.33845
10.47149
7.127894
8.073691
8.015545
10.20605
12.76065
13.66467
10.9002
10.70256
10.27471
9.911283
9.482279
8.271312
9.534196
11.6893
10.40616
5.93574
4.800835
4.951912
3.710058
2.582063
2.122006
1.110268
3.002821
0.9849335
0.281062
0.4487535
3.946226
5.674721
3.834972
2.189467
3.742255
3.062551
3.129058
3.190047
6.002208
6.930816
6.51753
6.317132
6.053547
6.614454
7.052693
8.50358
9.021243
11.09384
10.99153
7.333576
6.260388
4.086336
1.685858
0.7221865
1.184479
0.1682818
-1.333429
-0.921254
-0.4216459
-0.3753314
-3.108989
-1.951839
-0.7798166
-2.749141
-3.174851
-3.970339
-4.52838
-4.831848
-3.301734
-1.808678
-0.9399459
-1.48067
-2.169471
-1.891437
-2.269068
-0.1686988
-0.4594419
-2.812018
-3.284645
-4.964532
-6.114822
-6.372921
-4.439717
-3.239422
-0.8431819
-0.5791839
-0.8876697
-1.711156
-0.9204889
-2.216598
-1.810259
-2.768348
-3.043708
-6.415892
-6.676857
-7.201278
-7.449796
-7.114595
-5.294031
-4.955601
-5.712991
-5.017051
-5.78387
-6.12052
-4.883472
-4.860547
-2.006506
-2.255187
-1.80602
-1.514033
-0.92039
-0.7950432
-1.341167
0.03576897
1.471605
-0.8430113
-2.261066
-0.6372569
-2.846149
-3.33212
-1.356408
-1.792498
-2.793605
-3.030837
-1.299615
-2.762651
-1.505453
-1.411553
-0.1477791
-2.317875
-2.881331
-1.111016
-1.416911
1.025655
0.6953236
-1.544125
-0.4664017
1.994028
1.830932
2.390668
3.940954
1.924078
0.8642034
4.482079
5.899704
5.520937
6.943532
4.49901
3.046829
1.249694
1.782721
3.857226
5.535342
5.729084
3.654394
1.118721
3.836475
2.577045
1.742277
3.870646
4.458526
5.666334
5.402508
3.86359
4.336555
4.396129
1.932953
2.213783
1.928278
1.987398
1.89888
3.821516
5.626727
5.462138
6.071346
5.139333
5.386652
4.820133
3.805682
3.335349
3.291165
3.516089
3.177156
5.935132
4.884524
5.277138
5.376456
6.047664
8.074238
9.085924
7.937489
8.732761
8.742084
8.1462
7.997025
8.391432
5.118953
2.609001
2.338686
6.11883
5.837535
7.482571
10.33951
11.64401
12.88968
10.94453
10.53517
10.61455
11.11979
13.38787
14.19761
15.05785
13.09809
12.96643
12.62764
13.40555
10.37692
8.056475
7.83911
6.524869
6.71112
7.077184
4.062109
5.114233
4.506947
2.917945
0.5295917
1.853139
0.7185793
-0.2850977
-0.1930281
0.1287586
-3.293686
-0.9765527
-1.361124
1.300975
0.2141428
-0.8230697
0.140903
-2.332777
-0.3373145
2.251211
3.911912
5.862958
4.741638
2.536223
2.264445
1.384928
0.7185334
2.618956
0.685394
-0.7821634
-0.6613333
1.777882
1.4938
3.80719
4.696017
4.990135
5.321
5.281253
8.82
7.115283
5.144735
5.570954
5.423712
5.4477
7.486365
8.080978
7.15255
9.962599
11.49257
13.57791
13.57213
17.18627
18.35771
17.34954
18.83272
16.49682
17.05364
17.83892
16.73107
14.73596
15.39828
14.15277
14.76435
15.65987
17.64855
18.35057
17.16513
14.41284
11.87911
10.70642
11.06523
8.999613
9.578865
11.60892
10.69838
10.95474
12.7022
12.23041
11.46946
12.19742
12.44048
13.55838
13.07536
14.73674
15.05812
17.03121
19.30758
23.60793
24.3199
25.86425
25.46115
27.08413
24.50179
23.47097
20.56011
20.6201
21.18829
18.91078
21.84376
19.3162
20.03834
24.09987
26.20884
25.14236
24.8308
23.81787
24.01439
23.31164
25.80913
26.79389
27.84052
27.09567
29.02736
28.05183
30.10887
30.76457
28.07111
29.89186
27.46454
26.35768
26.8415
27.1764
28.67836
27.63144
26.83638
27.05991
26.64631
28.70283
31.01484
29.98046
32.30373
34.31992
33.10942
34.34232
33.22934
32.50848
34.1379
34.91451
35.89107
37.96756
39.16366
38.89899
36.98422
37.6599
38.40969
36.78223
37.3856
39.0944
36.7157
37.37277
37.60239
36.28657
35.13571
34.98507
34.85315
36.80914
39.3441
37.95439
36.75354
40.0744
38.01011
39.47122
40.62752
42.43624
44.49127
45.52831
44.80807
44.13058
47.40544
46.7536
46.67226
45.13312
45.78208
45.75567
47.22184
50.53733
51.83455
53.74104
54.11288
53.92406
53.26384
51.71679
53.61201
54.0176
54.0334
54.35402
53.71145
52.43229
53.84579
53.99802
52.3003
53.10213
53.37204
51.61815
51.02129
50.06355
51.48531
50.56689
51.32395
52.5422
53.49026
53.70285
53.97052
52.37197
52.38987
54.04044
52.64299
52.28605
53.84252
54.54964
57.37402
57.38636
60.07319
60.9859
62.45306
63.34925
61.42523
61.85438
61.00619
61.76256
62.55027
63.96274
64.26975
63.30415
61.47195
60.26521
59.5036
58.07822
55.52011
55.66184
54.89906
54.49704
56.8984
57.82342
57.81459
57.53751
59.2238
58.1388
57.90199
58.75737
56.81986
57.11258
52.81599
55.0119
54.47225
53.34357
53.67624
51.23773
54.0901
53.95976
49.55354
51.19868
53.52547
52.95271
53.25345
54.44897
52.35372
55.12672
57.7179
55.94139
53.20768
52.80687
51.44987
51.69422
52.80291
54.67179
52.86028
53.66142
51.35055
50.90713
52.7119
53.24763
55.40232
55.62139
57.36934
56.52559
56.47416
55.57497
53.82044
54.65875
50.39111
49.51311
46.55817
48.71964
48.83678
49.40573
46.20487
47.62431
48.73664
47.40232
45.2818
47.2686
48.07683
42.63018
43.00344
45.79768
45.36492
43.1235
42.08747
43.8754
44.65228
44.69198
44.98439
45.80779
43.63496
42.43698
43.23933
43.59187
38.21665
40.88767
39.71381
40.23373
41.55481
41.06932
39.99056
37.63879
33.91727
32.80019
33.43247
31.40844
29.61808
28.90465
24.81471
25.66129
27.52408
26.50148
26.37764
26.96932
26.37206
26.01443
26.58707
26.18321
26.46736
29.89916
29.25759
30.2224
28.82124
25.71903
25.96644
26.48778
29.24165
29.79178
27.87688
28.19639
29.77703
30.03294
27.48157
29.08772
31.30627
32.48232
36.17956
36.08427
31.09411
30.47226
29.47129
28.68641
26.717
25.52065
25.28971
24.85978
24.75794
25.06164
22.90511
22.69596
21.13153
23.38912
23.09287
21.21811
20.62751
20.70038
19.73792
20.24848
22.51667
21.02435
24.24569
25.97809
27.05628
28.41134
26.64786
23.76602
25.45298
25.34207
26.74704
25.95606
23.88216
24.0849
24.55865
28.05946
27.90946
27.78112
28.43992
28.78724
30.52348
32.68274
30.01822
29.56918
27.14429
25.31612
24.06204
24.53114
23.37153
21.66971
22.483
23.54247
23.60545
22.52722
22.58381
22.12199
21.0731
23.60908
20.88806
19.40235
19.59569
18.70843
17.30277
17.96107
15.79609
16.165
13.82232
14.20662
14.28687
15.70664
14.34907
12.89662
12.44655
10.84112
13.95304
13.69031
15.14558
13.31005
12.80324
10.74331
10.05633
10.64662
8.382368
7.776016
7.479348
7.440546
9.460827
9.878337
9.675454
9.437747
8.151086
9.253755
7.621413
9.972443
11.52919
13.1406
12.75706
12.80787
11.44364
12.21802
10.53466
9.217335
10.38664
9.235028
10.46054
11.73714
9.061921
7.57972
5.966234
5.759285
7.246193
8.275789
8.475044
10.94544
11.27362
13.12321
13.9781
13.82813
16.36814
15.78708
17.87757
17.83617
17.69021
17.03883
18.14743
17.68341
17.8012
17.3471
17.16698
19.30122
17.30525
17.64854
16.79974
18.31
18.9663
19.77636
22.73675
22.06578
21.92646
19.95109
20.07299
20.78012
20.95092
21.89979
23.42581
25.36122
24.23677
23.79544
24.11266
25.55422
27.05447
28.40702
27.44091
27.25681
28.04095
30.05443
30.78369
31.95365
30.47828
31.34071
32.60801
33.26648
33.05235
33.70544
33.51263
34.07086
35.29621
35.0729
35.16639
34.24625
32.497
33.0763
35.73042
36.4364
39.46796
39.98099
37.9717
35.41991
33.26478
32.78587
31.69703
32.45028
32.01719
31.56525
28.63429
26.17489
25.3963
25.07344
24.24881
21.26197
24.07763
23.05901
21.01723
20.82435
21.1835
21.29705
20.58192
19.00884
15.33866
12.1853
12.35312
12.88831
13.90882
15.08723
15.6049
14.8165
18.8567
19.31929
21.16101
22.24956
24.05248
23.18146
22.98331
22.95203
23.29357
23.16283
22.52675
21.96576
21.07268
22.99165
22.80044
19.99312
21.01357
20.61651
17.12812
16.38494
16.00683
14.50259
16.84856
14.99014
14.75916
13.49349
16.38316
14.84088
17.72619
16.85079
15.75179
14.58583
12.87124
12.61706
13.66987
13.70565
15.46213
16.66024
17.75331
20.75831
19.27268
19.95026
20.20375
18.48668
18.26083
19.72859
17.5668
17.98296
17.87221
17.52699
16.55614
16.41035
15.98405
14.8854
13.1537
12.25474
13.99082
17.3494
17.764
16.9518
16.18183
17.16686
17.06816
17.5201
18.72663
16.52738
16.16697
14.83372
14.22148
13.52398
14.94139
14.07314
12.37385
13.25093
14.47146
16.78871
15.53767
17.07311
19.33517
18.71482
17.76092
21.00521
20.7819
21.20478
20.19631
17.94327
18.61863
18.1799
16.69981
16.42788
15.93461
18.1011
20.22668
18.74797
16.11728
16.45155
18.26721
18.42393
19.58582
21.43988
23.0119
20.45144
21.2687
18.91194
22.14124
23.15805
25.41727
26.82394
26.41135
24.88802
27.66557
28.3482
28.31952
28.21095
30.23888
30.23466
33.07162
29.78784
31.14232
32.37623
33.98903
34.80071
37.09629
37.08199
38.43006
38.50285
39.49805
36.4972
36.62999
37.45585
39.35668
40.29586
41.09647
38.54815
40.10383
39.81069
38.83361
36.17593
33.9936
33.44309
32.29607
30.76041
32.46532
33.3039
33.17949
33.08319
31.68159
30.68388
29.85882
26.62611
26.157
28.05007
29.34999
29.4606
30.46249
30.2185
30.58682
30.26053
30.44392
31.6764
33.49976
33.52932
33.74639
33.98358
33.99123
34.49065
31.3227
32.36572
32.56314
31.95915
30.09856
31.81341
30.43346
26.9233
25.10773
25.98874
24.55566
25.21038
25.31428
26.27691
27.10072
25.9892
24.04304
26.39278
24.80099
22.19643
22.12563
20.99335
20.46972
20.00697
18.68803
20.35985
18.5231
18.66745
19.16472
18.49962
17.01041
13.50551
15.21381
14.06704
13.04768
14.0474
14.11316
14.68382
14.76195
15.72524
14.18544
13.12935
12.09939
14.98711
16.09488
14.73079
14.39599
15.2343
15.46076
14.88059
17.37288
17.63358
15.55382
16.97397
17.10839
18.11453
19.86799
16.94219
13.86941
12.99021
14.46821
13.81766
15.58971
16.94645
13.95101
15.1217
13.49003
14.95049
13.02745
12.85423
10.5379
8.690317
8.662251
6.055411
1.167701
-0.3208498
0.5422404
0.6703762
-0.03388432
-2.258621
-0.5318937
0.9727692
1.494116
-1.205002
1.276634
1.541929
0.8336525
0.1158813
1.071602
2.795924
3.638949
1.033766
0.8467633
