0.3700683 0.5526668
0.3136743 0.4225933
0.3029549 0.3466318
0.2865629 0.3338214
0.2738761 0.3256834
0.2914738 0.3080737
0.2657074 0.3487623
0.265109 0.3529225
0.2402008 0.3457528
0.2404061 0.3845954
0.2632271 0.3962684
0.2816012 0.3828254
0.2904361 0.3868808
0.3010457 0.3480949
0.2937898 0.3416387
0.2757469 0.3101251
0.2786238 0.3569427
0.2809111 0.3835578
0.3041365 0.3577905
0.2986831 0.3655741
0.3013926 0.3082294
0.3083586 0.3064497
0.3072817 0.316371
0.3286938 0.318698
0.3029514 0.3362713
0.280744 0.282992
0.2600169 0.2798776
0.2848146 0.3163349
0.2979035 0.3409113
0.286598 0.33472
0.2842989 0.3744383
0.258786 0.3323178
0.2542343 0.3537768
0.2582219 0.3271827
0.2792089 0.3655027
0.319342 0.3401613
0.309089 0.3459076
0.3203524 0.4047981
0.3038805 0.3637076
0.3286629 0.3005769
0.3577789 0.2948398
0.3975967 0.3173866
0.3680065 0.3520076
0.3743658 0.3009142
0.3771852 0.3027114
0.3951462 0.291528
0.4066059 0.2744244
0.4213027 0.2965862
0.4019601 0.2894616
0.3925462 0.3143098
0.3708538 0.3225766
0.3300589 0.3375939
0.3622214 0.3459581
0.3490541 0.3305963
0.3683225 0.2939251
0.3649513 0.2641432
0.3616507 0.2648292
0.3281814 0.2577767
0.3371543 0.2595275
0.3615572 0.2665399
0.3366086 0.258658
0.3264759 0.2715761
0.3120122 0.2562733
0.3029757 0.2828485
0.3451685 0.2450752
0.3496203 0.2616639
0.3252341 0.2927776
0.3491767 0.2604942
0.3523971 0.2689252
0.3457106 0.3104735
0.3275402 0.3060548
0.3445037 0.2576738
0.3279869 0.311634
0.376001 0.3722308
0.3730538 0.3293802
0.3763244 0.3540699
0.3785332 0.3341279
0.4176014 0.3420106
0.41728 0.3322095
0.4481994 0.3338571
0.3939546 0.3416629
0.3591521 0.3301093
0.3968601 0.3358828
0.4374593 0.3608363
0.4006 0.3364888
0.3882082 0.3497741
0.3845534 0.3377272
0.360182 0.3465585
0.3622891 0.3798158
0.3528054 0.358586
0.3172444 0.3232026
0.3240964 0.3340579
0.3270658 0.3051825
0.3257092 0.3058498
0.3157596 0.309125
0.3535207 0.2777498
0.3680233 0.272602
0.350665 0.2630333
0.3665453 0.2645664
0.4291378 0.2881677
0.4168069 0.2612906
0.4214006 0.2843595
0.4410855 0.2912511
0.4133544 0.2849868
0.4258224 0.2909637
0.4141609 0.3202944
0.412967 0.2960743
0.4089823 0.3026236
0.4244833 0.3009891
0.4371018 0.2778052
0.4459988 0.2676663
0.4025615 0.2997873
0.3941793 0.3082619
0.3693642 0.3446137
0.3740612 0.3751298
0.3682742 0.3614337
0.3426411 0.4120758
0.3204291 0.377494
0.3389221 0.3200219
0.3312201 0.3461862
0.3529381 0.3283044
0.3637236 0.3459052
0.3823601 0.3225759
0.3609221 0.3585317
0.37235 0.3615475
0.3486454 0.3381
0.3851493 0.3633792
0.3932937 0.3496239
0.3775694 0.3898117
0.4150507 0.397692
0.3579331 0.4255722
0.3541895 0.5012573
0.3185305 0.5283955
0.2815329 0.5722518
0.2799812 0.5493335
0.3015934 0.5246939
0.3031796 0.5061231
0.2972676 0.496392
0.3176802 0.5437381
0.3407506 0.5674332
0.2984296 0.56635
0.3140093 0.501561
0.2970439 0.5167122
0.3243845 0.5145651
0.3300281 0.5103041
0.3034034 0.55173
0.3033792 0.5331564
0.3071103 0.5731817
0.2809223 0.6240681
0.2907908 0.648089
0.3235926 0.6106397
0.30956 0.6265965
0.3489934 0.6253289
0.345461 0.5802899
0.3234309 0.5360028
0.301422 0.499067
0.3326827 0.5496057
0.337424 0.5640245
0.3028381 0.5171968
0.3115167 0.5207871
0.3207639 0.5436091
0.348351 0.5355457
0.3358306 0.5090923
0.3423914 0.5153418
0.3386492 0.4982767
0.3601943 0.5264621
0.3326502 0.5225973
0.3132262 0.5388157
0.325762 0.5579809
0.3425273 0.5376978
0.3401699 0.5766607
0.3289689 0.5803106
0.3125421 0.574325
0.3353528 0.5362626
0.3485251 0.4773823
0.3983689 0.4164665
0.4272276 0.3677562
0.4641997 0.392255
0.4869399 0.3665788
0.4936134 0.3332085
0.4594106 0.3270576
0.4244207 0.3396518
0.4391663 0.3686371
0.4593943 0.2990677
0.4260205 0.2754945
0.4260306 0.2882561
0.4217321 0.2971724
0.4539882 0.2852723
0.426496 0.2953286
0.4218657 0.2729615
0.4488349 0.2811986
0.431191 0.2797673
0.4264863 0.2863844
0.4571203 0.2953863
0.4104633 0.2796508
0.416234 0.2647682
0.4382938 0.2202222
0.4231259 0.2170224
0.4373786 0.2165219
0.4438211 0.2529591
0.447025 0.2261936
0.4203223 0.244066
0.4480961 0.2534849
0.4695965 0.2375935
0.4792966 0.2182173
0.4913737 0.2049205
0.5005979 0.1927444
0.4603171 0.2072243
0.4689095 0.193054
0.4353397 0.2016121
0.4230269 0.2142943
0.4205849 0.1968492
0.5094696 0.1907743
0.4846061 0.2060927
0.4943287 0.1983421
0.5015067 0.2088738
0.4471582 0.2020921
0.4413849 0.197041
0.4345298 0.1820303
0.4643661 0.2001761
0.485681 0.1780611
0.5220713 0.1785736
0.5385571 0.1813805
0.5596015 0.1843222
0.5520597 0.1743395
0.5494421 0.1724675
0.5951256 0.1917367
0.5921587 0.1915237
0.5579064 0.1978012
0.5839676 0.1952879
0.601178 0.1813512
0.5735404 0.1992143
0.5608286 0.1918925
0.5446698 0.1852986
0.570731 0.2097673
0.5602022 0.2099887
0.5428856 0.1930217
0.5555592 0.2211682
0.5711065 0.236868
0.5820257 0.255954
0.5698599 0.2511886
0.5504632 0.2406645
0.5417979 0.2718579
0.5481989 0.246432
0.5007989 0.2550767
0.4953853 0.2315315
0.5081047 0.2364945
0.4987178 0.2362847
0.4888109 0.2305081
0.4870131 0.2533322
0.4446548 0.2289898
0.472507 0.2555061
0.4823134 0.2457036
0.4849215 0.2265585
0.4486164 0.2309952
0.4104622 0.2263703
0.4546444 0.2382369
0.4535294 0.2243541
0.4152008 0.21367
0.4248046 0.2238336
0.4570923 0.2316277
0.5007177 0.2427657
0.4720261 0.2310884
0.4619207 0.2366936
0.497183 0.2247261
0.5286002 0.2157551
0.5504133 0.2314013
0.5635798 0.2372008
0.5225341 0.270254
0.4980069 0.2930952
0.4999375 0.2885606
0.5685241 0.2837222
0.5250418 0.2813917
0.554438 0.3022176
0.5342898 0.2830327
0.5324053 0.2678279
0.5053581 0.2636837
0.5313847 0.227512
0.5388239 0.2310196
0.5452532 0.2381472
0.5193087 0.2777659
0.5244372 0.2884703
0.543403 0.2522724
0.5406329 0.259242
0.5302949 0.2390042
0.5264631 0.2586512
0.5246067 0.2526474
0.4888614 0.267704
0.5084629 0.2507907
0.5057689 0.2487709
0.4620698 0.2343127
0.4259983 0.2369181
0.4196974 0.242987
0.4333441 0.2484048
0.4338865 0.2280786
0.4547633 0.2179976
0.4436852 0.2171908
0.409423 0.2111282
0.3904823 0.2049819
0.4079669 0.1737942
0.4383966 0.195304
0.4076963 0.1821548
0.4424093 0.1698159
0.4966224 0.1797964
0.4858419 0.1906834
0.4643199 0.1973002
0.4632453 0.2093241
0.4643419 0.2190883
0.4495034 0.2022436
0.4371861 0.2001894
0.4121385 0.1987151
0.3922793 0.2063943
0.4405761 0.202433
0.4409223 0.2171654
0.4829685 0.2012665
0.4214721 0.2064272
0.4662059 0.2190549
0.448197 0.1868695
0.4833151 0.1706225
0.4773395 0.1853516
0.4737702 0.2015627
0.4982135 0.2175148
0.514127 0.2160852
0.4985433 0.1987076
0.5158253 0.1898937
0.4979169 0.2111952
0.5156527 0.1825515
0.4746586 0.1929242
0.4680022 0.1759831
0.4573592 0.159249
0.401707 0.1796989
0.4554934 0.1782419
0.4401264 0.1637044
0.4178493 0.1655792
0.4400453 0.1682034
0.4580039 0.169032
0.4599126 0.1627231
0.4870227 0.1518165
0.560817 0.1640952
0.5697344 0.1403402
0.6051005 0.1584712
0.6581023 0.1683972
0.6068887 0.1759184
0.5957369 0.1920731
0.5682596 0.1852861
0.5847949 0.1999811
0.5310684 0.210232
0.544113 0.2105126
0.5495535 0.1928168
0.5131198 0.1956024
0.4986662 0.2137633
0.5237509 0.2257157
0.5259319 0.2312478
0.4883971 0.2173129
0.4396422 0.2099994
0.4564923 0.1933708
0.4600979 0.1737242
0.4378828 0.1880529
0.4435517 0.2008672
0.419696 0.2112745
0.4502943 0.226178
0.4387771 0.24057
0.4253468 0.2636162
0.3676529 0.2571186
0.3795075 0.2640528
0.3764021 0.2856505
0.4042616 0.2822993
0.3983161 0.3124435
0.4162883 0.2897031
0.3773374 0.322862
0.3929244 0.3303015
0.3512557 0.2948638
0.4009538 0.3154784
0.3544422 0.2930038
0.3772739 0.2635245
0.4067782 0.2388336
0.4099559 0.2338357
0.4325046 0.2312978
0.4191012 0.2630437
0.4253054 0.2771682
0.4025552 0.282332
0.3996217 0.2852125
0.3898531 0.3136742
0.3978202 0.2898715
0.4209663 0.2360788
0.4394529 0.2008579
0.4278161 0.198103
0.4292486 0.2147512
0.4113314 0.214978
0.47459 0.2386409
0.4911464 0.2290274
0.4810162 0.235767
0.4524055 0.2425576
0.4886956 0.2321959
0.4759745 0.2221158
0.5156075 0.2207568
0.5057049 0.2062465
0.530792 0.2164414
0.487853 0.2062587
0.4997515 0.1780224
0.5193441 0.1859834
0.536921 0.1524789
0.5544747 0.1428843
0.507162 0.1408307
0.5038525 0.1563819
0.5431913 0.135568
0.5496913 0.1414564
0.4872253 0.1597152
0.4979868 0.1815243
0.518963 0.1906586
0.5129509 0.199255
0.4986399 0.2230604
0.569965 0.2184146
0.6040454 0.2294664
0.641872 0.2106688
0.6452327 0.2009457
0.6403099 0.1835392
0.6810303 0.178852
0.6466387 0.1832483
0.6554558 0.1858407
0.6274845 0.1926232
0.681412 0.1945524
0.6791992 0.1668889
0.6996481 0.1715631
0.7277597 0.1935294
0.6916828 0.2025705
0.6747807 0.191882
0.6593045 0.2272118
0.642169 0.2084837
0.6764185 0.2154134
0.6823358 0.2111666
0.7305426 0.1974722
0.699512 0.1941568
0.6291462 0.2175226
0.6480666 0.2483641
0.6324798 0.2719417
0.6171888 0.2790147
0.6211222 0.292216
0.636307 0.3105787
0.6273825 0.3022701
0.5973519 0.2873748
0.6142376 0.2774561
0.5527879 0.2750871
0.5414522 0.2669946
0.5091123 0.2790019
0.4802799 0.2583628
0.5043055 0.3052116
0.5362559 0.2725922
0.55569 0.3127864
0.4923477 0.3183515
0.4687267 0.3179625
0.4905523 0.3127877
0.4847932 0.32846
0.4783785 0.3585569
0.4538405 0.3692544
0.4140179 0.3971354
0.3899943 0.3918926
0.4115437 0.3666022
0.4421672 0.3912949
0.4303496 0.3853865
0.4252191 0.3794762
0.4047185 0.3541236
0.4265146 0.3451757
0.3930942 0.3514127
0.404607 0.3579137
0.3917319 0.3384803
0.3984162 0.369204
0.37306 0.3397824
0.4091062 0.3078052
0.430277 0.3418638
0.423934 0.3253382
0.4341838 0.343625
0.4425317 0.3092515
0.4380166 0.3438648
0.4702542 0.3268418
0.4738488 0.2969548
0.461115 0.3115131
0.4419561 0.3181905
0.4838679 0.3357993
0.5106597 0.3203287
0.542913 0.2941163
0.5180293 0.2830482
0.5167301 0.2917839
0.5117803 0.3247468
0.5283007 0.3047435
0.5311218 0.3400048
0.5505281 0.3389268
0.516065 0.3026209
0.4441923 0.320491
0.5008791 0.3175598
0.4788677 0.3379484
0.4723663 0.3462916
0.4556915 0.3077335
0.5133118 0.3282847
0.522326 0.3031632
0.5007629 0.3378242
0.4941852 0.3895942
0.5183435 0.3910247
0.5014061 0.356229
0.5069902 0.3452762
0.5239266 0.3094688
0.5596953 0.2710159
0.5591183 0.2355553
0.5672669 0.2595561
0.5722618 0.267565
0.557379 0.2239743
0.5439321 0.2451589
0.5109456 0.2758814
0.4926708 0.298646
0.4804607 0.3319842
0.4781214 0.306958
0.4782097 0.3007393
0.5433534 0.3016978
0.5326166 0.2902556
0.5043643 0.2829254
0.5435877 0.2654541
0.5394345 0.2585031
0.5756253 0.270923
0.5476746 0.2806206
0.5839031 0.2692626
0.5831489 0.2444358
0.6173848 0.2221012
0.6292843 0.2514453
0.6148085 0.2512646
0.6569059 0.24951
0.6643288 0.2742671
0.641519 0.2734768
0.6654813 0.2581152
0.6434274 0.2501592
0.6135483 0.2475008
0.6444594 0.2290522
0.6516875 0.2418549
0.6847331 0.2674217
0.678238 0.2461674
0.6570437 0.248501
0.6448236 0.2480542
0.621895 0.2383344
0.6242991 0.2450872
0.6478864 0.2351755
0.6113586 0.2361168
0.5774027 0.2603656
0.5149387 0.2658617
0.5441873 0.2565509
0.556887 0.2286846
0.5694215 0.261512
0.5823998 0.2758308
0.5569735 0.3252408
0.5558351 0.3443411
0.5240948 0.3603481
0.4668667 0.3650229
0.5336936 0.318206
0.4839119 0.3195205
0.4854356 0.310998
0.5231642 0.3329483
0.5269335 0.2793709
0.512332 0.2788182
0.5388971 0.279439
0.5219526 0.268104
0.5002151 0.2898283
0.4847944 0.286311
0.5028815 0.3053495
0.4861897 0.3712225
0.452215 0.377571
0.4069989 0.3369341
0.395453 0.3389123
0.3952049 0.3175347
0.3908877 0.3311343
0.4333553 0.3425233
0.4177661 0.382137
0.4350393 0.3460046
0.4164589 0.3539368
0.4483812 0.3698588
0.4177195 0.372442
0.4173498 0.3585666
0.4373313 0.3969111
0.4509902 0.3809331
0.4523828 0.3730077
0.4235146 0.3654311
0.4061278 0.378032
0.3833982 0.3542572
0.4129513 0.3777004
0.390507 0.3476749
0.3990422 0.3606154
0.4053114 0.3668115
0.4118062 0.3427424
0.4395611 0.3650166
0.4106863 0.3878267
0.4051802 0.3802955
0.4107035 0.3299644
0.3879431 0.3588818
0.3642553 0.3910125
0.3546814 0.3699558
0.333125 0.3613731
0.3499274 0.3382074
0.3604535 0.321086
0.3793176 0.3367492
0.363919 0.3400782
0.3745953 0.3362798
0.3264847 0.3375519
0.3283875 0.3824547
0.3351721 0.3730173
0.3244694 0.3732772
0.278426 0.369247
0.3046471 0.401003
0.2968396 0.3728608
0.3411653 0.3679644
0.3334436 0.3413412
0.3162861 0.3500747
0.3448856 0.3264362
0.3580544 0.3473081
0.3448323 0.3702151
0.3248351 0.3167152
0.3290506 0.3197765
0.3679645 0.2850595
0.3753692 0.3299729
0.3689353 0.3392034
0.3506866 0.3438542
0.3341808 0.3536072
0.3288964 0.3830089
0.3124859 0.3945908
0.3491794 0.3571403
0.3488364 0.4067634
0.3544686 0.4095982
0.3291393 0.4090925
0.3375677 0.4061792
0.3525321 0.3391474
0.3616831 0.3771255
0.3410225 0.3926048
0.3705501 0.4059485
0.3581814 0.3359407
0.3263203 0.3731944
0.3299318 0.3763003
0.3680279 0.370527
0.3410138 0.3466424
0.3047106 0.32274
0.2835186 0.3357237
0.3362121 0.3426889
0.3234448 0.3775051
0.3023818 0.3910029
0.2702476 0.3460633
0.3055164 0.3481255
0.31542 0.2962259
0.3480089 0.2823205
0.3676628 0.2820942
0.3779697 0.2869448
0.3580794 0.2735321
0.3468289 0.2826209
0.3347339 0.249026
0.3141469 0.2654258
0.2697646 0.2954699
0.3011195 0.335627
0.3388275 0.3559818
0.3328808 0.3493746
0.3129492 0.3436796
0.3081513 0.3497021
0.3234694 0.3354561
0.3081166 0.3306134
0.2972228 0.3300084
0.290913 0.3154182
0.3243162 0.3360565
0.3272935 0.3105866
0.3112524 0.2893981
0.3682114 0.312806
0.3806827 0.272965
0.3554077 0.2479443
0.380571 0.2570754
0.3393625 0.2803168
0.3895788 0.3056094
0.4328536 0.2557267
0.4293844 0.2233218
0.4177743 0.2663286
0.4192214 0.2701055
0.4119526 0.2976229
0.3796955 0.300998
0.3422823 0.3280116
0.3739155 0.304765
0.3947575 0.3252956
0.3527254 0.3125729
0.3403946 0.3104607
0.355667 0.3276173
0.3239375 0.2959977
0.3124397 0.3104437
0.3083029 0.2959243
0.3103187 0.3400839
0.3011873 0.3687393
0.2873366 0.3679417
0.3169215 0.3658514
0.3205204 0.413383
0.3255461 0.4224012
0.2946104 0.3768481
0.3069234 0.4236186
0.2701563 0.4271482
0.274517 0.4505529
0.2678817 0.4031297
0.2486541 0.4084919
0.2531662 0.3874054
0.2559392 0.3767513
0.2734859 0.3802292
0.2666686 0.3322237
0.268877 0.3773986
0.2569773 0.3770667
0.2763971 0.3568924
0.315403 0.3362571
0.3102272 0.3447768
0.3179541 0.3360329
0.307453 0.3558361
0.2828977 0.399336
0.3081769 0.3960189
0.3186507 0.4024263
0.3273434 0.3833358
0.3121173 0.3722538
0.3295582 0.3808358
0.2872028 0.4316148
0.3067086 0.4632471
0.3269531 0.4019024
0.3276046 0.3799271
0.2989329 0.395242
0.3368779 0.4033241
0.3334678 0.3788063
0.343618 0.3699686
0.3160342 0.3920454
0.2910115 0.3926507
0.2765022 0.3894786
0.3219121 0.3652737
0.3005001 0.353532
0.3289967 0.3165164
0.3270667 0.309931
0.3080165 0.2999456
0.3378417 0.2972345
0.3867448 0.3044848
0.3742826 0.3099986
0.364357 0.3128864
0.3581847 0.3216116
0.3621716 0.3667158
0.3387809 0.3787378
0.3328204 0.3657769
0.3498598 0.3276451
0.3610084 0.3174091
0.367205 0.3654463
0.3917998 0.3994796
0.4292011 0.3496167
0.4210162 0.3528796
0.407072 0.3758412
0.3983459 0.3338818
0.4104909 0.3313197
0.3754396 0.3228685
0.4317988 0.3462355
0.4014488 0.3573691
0.4230279 0.332374
0.4276224 0.3178969
0.4756834 0.294451
0.4414175 0.310656
0.4367854 0.3168777
0.4073797 0.3535602
0.4404764 0.3244697
0.4252317 0.3163309
0.4708292 0.2965581
0.4340264 0.2799031
0.4793311 0.2889677
0.4166914 0.2520777
0.423224 0.253762
0.3768005 0.2612219
0.3726584 0.2777144
0.3832815 0.3076648
0.3668089 0.2675711
0.3755645 0.3564682
0.3861504 0.3394765
0.40769 0.3367486
0.4174258 0.307473
0.3786521 0.2862937
0.3611693 0.2672952
0.3852311 0.27188
0.4213931 0.2418103
0.4423747 0.2531859
0.4503893 0.2326084
0.456444 0.2317594
0.5088594 0.2743659
0.444137 0.2642855
0.458494 0.2849196
0.439215 0.266726
0.4224639 0.2961811
0.4224071 0.253742
0.3896808 0.2338735
0.4202581 0.2369791
0.4199969 0.2322423
0.4518339 0.2292515
0.4719894 0.2223312
0.4713596 0.2087137
0.4748228 0.1878786
0.5105856 0.1931866
0.4994072 0.200938
0.4881758 0.196443
0.495945 0.1942691
0.5204713 0.1807908
0.5357762 0.1837157
0.5017859 0.1735605
0.545363 0.1808001
0.5284038 0.1997158
0.4990684 0.2022444
0.5181491 0.2261614
0.4891821 0.2040063
0.4776834 0.2161632
0.4843612 0.2203195
0.4573071 0.2210197
0.4326523 0.239197
0.4316389 0.2253697
0.4203194 0.2407785
0.3812751 0.2338984
0.3703926 0.2361727
0.340714 0.2266575
0.367966 0.2439282
0.4010971 0.2277506
0.429792 0.2398385
0.4240021 0.2444422
0.4385066 0.259485
0.4204353 0.2462168
0.3987012 0.2517734
0.3936055 0.2600241
0.4171219 0.2548327
0.4404982 0.2670241
0.4461142 0.2642514
0.437102 0.2577863
0.4429393 0.2146479
0.439358 0.23182
0.4594087 0.2473252
0.471862 0.2216478
0.5102914 0.2352742
0.5094622 0.2321258
0.4950884 0.2302118
0.4581847 0.2225209
0.502616 0.2283032
0.4881652 0.2457715
0.472474 0.2441449
0.4914432 0.2644442
0.4479809 0.2571699
0.4893993 0.2661042
0.4301788 0.2419663
0.4390594 0.2566527
0.4659763 0.2818983
0.4516598 0.2534362
0.4900497 0.246392
0.4985511 0.2658587
0.491094 0.2771402
0.4353224 0.2873434
0.4443432 0.282705
0.4728712 0.3053884
0.4881775 0.3187186
0.5175317 0.314319
0.5099586 0.2841779
0.5060899 0.2791448
0.5027814 0.26861
0.4924413 0.2611807
0.53205 0.2559718
0.5023297 0.2500397
0.507291 0.2343839
0.5116782 0.2480703
0.4899345 0.2571311
0.4818185 0.2336301
0.5062415 0.2346446
0.5088378 0.2377653
0.5135299 0.232927
0.5090641 0.2421932
0.5220462 0.234497
0.5204031 0.2384436
0.4923145 0.2566072
0.5265236 0.2747003
0.5472876 0.2467696
0.5436514 0.2573468
0.5276028 0.2902696
0.529561 0.2790195
0.4793028 0.2861909
0.4686185 0.3335836
0.4728249 0.3087978
0.4973691 0.2994457
0.5113387 0.2904127
0.5051689 0.2603382
0.475531 0.2532708
0.4731421 0.255436
0.4928886 0.251398
0.493543 0.2701535
0.4848545 0.2479252
0.4884604 0.2511955
0.5301292 0.2523037
0.5239761 0.2579948
0.5001389 0.2627274
0.4956562 0.2741877
0.5535034 0.2294107
0.505544 0.2549289
0.472313 0.2402107
0.4642654 0.2552564
0.4839755 0.26801
0.5185821 0.2606963
0.5205281 0.2462355
0.499079 0.2579101
0.542578 0.2319756
0.5560661 0.2176139
0.5669394 0.2020928
0.6127346 0.2101995
0.5843231 0.210172
0.6042811 0.219835
0.6411596 0.212481
0.6881577 0.1946074
0.6824421 0.1869649
0.6960596 0.1883796
0.6919559 0.1835577
0.730156 0.1827082
0.7111839 0.1561847
0.7191817 0.1766876
0.6898872 0.1826286
0.6335215 0.1763303
0.6045913 0.1660744
0.619728 0.1749941
0.6263515 0.1851138
0.6071192 0.2088267
0.6445927 0.2021668
0.6190222 0.1857686
0.5762216 0.1944455
0.5661084 0.2155325
0.6224403 0.2186884
0.6092563 0.237946
0.6163928 0.2180178
0.6149745 0.234053
0.5951031 0.2355139
0.6166455 0.2447072
0.5467919 0.2461545
0.5056743 0.210426
0.5081173 0.207125
0.4880096 0.1945982
0.4434563 0.1949313
0.4382741 0.2159306
0.4141898 0.22604
0.4374537 0.2169626
0.4242428 0.1995264
0.4002139 0.2045974
0.4145497 0.2106904
0.4044328 0.2322929
0.4309275 0.2595707
0.387987 0.2349926
0.3881362 0.2269146
0.3903144 0.2090335
0.4066991 0.209839
0.4295375 0.2086421
0.4419099 0.2480506
0.4762573 0.2026196
0.4228269 0.1912008
0.4236249 0.1989042
0.4186286 0.1817777
0.440318 0.2254355
0.4439758 0.2139809
0.4382002 0.203102
0.4654884 0.2045698
0.5122662 0.2474906
0.5346343 0.2282436
0.5077251 0.2597412
0.5792649 0.2556904
0.5200392 0.2759474
0.4721282 0.2633131
0.4869199 0.2834484
0.4557914 0.2755126
0.4866757 0.273835
0.5099254 0.2785762
0.5262326 0.2645903
0.5199707 0.3039636
0.5104405 0.3248868
0.4660689 0.3068867
0.4432962 0.3160193
0.4917196 0.3507342
0.4626772 0.3520597
0.4338651 0.360099
0.442464 0.3603066
0.4659062 0.3549337
0.5085643 0.3754345
0.4793952 0.3630008
0.4725228 0.3369063
0.5010724 0.3334698
0.4917925 0.3440078
0.5445174 0.3310684
0.595243 0.311392
0.6063942 0.3132126
0.6105035 0.2950628
0.6033827 0.2782088
0.6452481 0.2755389
0.6465598 0.2681241
0.6629908 0.3275282
0.6242926 0.3026661
0.6239972 0.2833646
0.6327433 0.2994914
0.6204323 0.2613987
0.6662601 0.2808918
0.6580438 0.2520041
0.7098491 0.2305964
0.7033639 0.2400833
0.6428521 0.2184509
0.6048475 0.2206603
0.622556 0.2264556
0.6125084 0.241336
0.6293594 0.2413907
0.636154 0.2382475
0.6472047 0.2127004
0.6195319 0.235852
0.6350452 0.2267213
0.634068 0.2368941
0.6013038 0.2491203
0.5745586 0.2336322
0.5654139 0.2366467
0.5380915 0.2466768
0.5619229 0.2433432
0.5635824 0.2190501
0.5764165 0.2407089
0.6033181 0.2243971
0.6198808 0.241891
0.6289456 0.2153774
0.6303173 0.2047507
0.6491579 0.2026007
0.6251962 0.1786317
0.6088256 0.1885434
0.6044372 0.1859553
0.6038082 0.1734414
0.5945542 0.1539945
0.5794944 0.1703583
0.5647262 0.1569331
0.5774382 0.1577448
0.5671542 0.1656927
0.5992769 0.1752326
0.6181365 0.1743622
0.5568453 0.1681159
0.5929364 0.1537723
0.6084921 0.1549471
0.6094342 0.1425341
0.6858311 0.1645482
0.711575 0.1602943
0.6846404 0.1602262
0.6987643 0.160157
0.7185624 0.1738506
0.7040514 0.1465045
0.706748 0.1436984
0.6826753 0.1442948
0.6741322 0.1471491
0.6446626 0.1437854
0.6459952 0.1470295
0.6424634 0.1361337
0.6881726 0.1244113
0.6877897 0.1283475
0.6507043 0.1450198
0.6454284 0.1462378
0.667386 0.1363448
0.662447 0.1350439
0.6869446 0.147573
0.6479972 0.1526212
0.6692745 0.162289
0.6830302 0.1624565
0.6542935 0.1769811
0.659731 0.1859137
0.6656127 0.2134316
0.6730452 0.2210444
0.6551696 0.2188649
0.6520276 0.2088808
0.6283416 0.2105707
0.6573097 0.2128549
0.6754622 0.228982
0.6807749 0.2039083
0.7113357 0.1837298
0.7166901 0.1913848
0.7327755 0.1780103
0.7294642 0.1566361
0.7487599 0.1663682
0.7346097 0.1592285
0.77509 0.1673266
0.7345899 0.1726124
0.7282393 0.1868505
0.7299963 0.1974136
0.711321 0.1805795
0.7075587 0.1809846
0.7265188 0.1949236
0.6929112 0.1633304
0.7390979 0.1836666
0.74046 0.1739062
0.7648263 0.1556299
0.725411 0.1757616
0.7422967 0.1845266
0.6948612 0.1808916
0.6867224 0.1839869
0.7065971 0.1693647
0.6833904 0.1630651
0.7238762 0.1703596
0.6960063 0.1498979
0.6616375 0.1525438
0.630994 0.1689092
0.6666154 0.1729465
0.6752002 0.1821223
0.6549769 0.183268
0.6499626 0.1671896
0.6906199 0.1642732
0.7154014 0.1640839
0.7897906 0.1816048
0.7985305 0.2010729
0.7918289 0.1791126
0.8106907 0.1811397
0.8083868 0.1841997
0.8228876 0.190905
0.8219511 0.2056874
0.8233939 0.197396
0.8076011 0.198246
0.8088157 0.1903366
0.8298713 0.1922491
0.8316783 0.1913245
0.8414003 0.1896784
0.8199047 0.1816013
0.8419391 0.2094171
0.8055808 0.2174711
0.7544662 0.2183968
0.7872119 0.2041737
0.7955034 0.2049342
0.7953332 0.1856699
0.7674308 0.1803921
0.7628822 0.200747
0.7521011 0.2093875
0.7377969 0.1919615
0.7556626 0.2025239
0.7478487 0.1909035
0.789638 0.1962342
0.7770398 0.1833856
0.7897735 0.1800247
0.8215602 0.1648569
0.8292009 0.149955
0.7998172 0.1476633
0.7772983 0.1490149
0.7590381 0.1774369
0.7599277 0.1662291
0.7569998 0.1554597
0.7789439 0.1654611
0.7820347 0.161379
0.7342322 0.1752645
0.7521411 0.2039809
0.8075153 0.1932641
0.766249 0.191228
0.8028343 0.1811758
0.8025184 0.1773614
0.8043001 0.1671255
0.7772016 0.1818912
0.7401533 0.1784572
0.7320749 0.1977162
0.7103821 0.1936329
0.6967188 0.2019654
0.6914761 0.1995076
0.6673567 0.1797727
0.6695118 0.1696757
0.6235258 0.1912551
0.6481865 0.1792524
0.6531665 0.1939864
0.6492585 0.1877329
0.655149 0.1739485
0.6582786 0.1789029
0.6351118 0.1757724
0.6271059 0.1760335
0.5931757 0.1910396
0.6297695 0.1978138
0.6161057 0.1897499
0.6110391 0.1836588
0.6149084 0.1680431
0.6073434 0.1763053
0.5744277 0.1926562
0.5460492 0.1754425
0.5239184 0.1834377
0.5406619 0.1909615
0.5380154 0.193794
0.5402758 0.196428
0.5061616 0.2068628
0.5236793 0.1989914
0.5254766 0.2114788
0.5219194 0.170947
0.5296436 0.1779153
0.5626929 0.1888978
0.5797368 0.2072218
0.579086 0.1999155
0.5517189 0.1931651
0.5677167 0.167325
0.571313 0.1721749
0.6143903 0.1672665
0.6307974 0.1722207
0.6058385 0.1905267
0.6024793 0.1874249
0.5921814 0.2049863
0.5877727 0.2172228
0.5723319 0.2043243
0.5576789 0.1917402
0.5654242 0.1977525
0.5702773 0.1773792
0.592374 0.1825744
0.5333381 0.198657
0.5346451 0.2047843
0.5125227 0.2039111
0.4759811 0.2126096
0.5268235 0.1964476
0.5823597 0.2222624
0.6001121 0.1839574
0.5988305 0.1965627
0.5840997 0.20576
0.5987015 0.2131953
0.5697655 0.2067411
0.5896492 0.2158828
0.5629432 0.1835729
0.5870178 0.2015965
0.6187049 0.1694212
0.6096795 0.1520866
0.6040997 0.1779598
0.6496301 0.1781642
0.6455659 0.1914618
0.6771542 0.1802705
0.6289959 0.1918136
0.6236943 0.1823747
0.6360269 0.1936728
0.6158258 0.171113
0.6165229 0.1842137
0.6283984 0.1701451
0.6062416 0.1505364
0.6016432 0.1519229
0.5682695 0.1513658
0.5869922 0.1680592
0.5870564 0.1551792
0.5754084 0.1636168
0.5604846 0.1632966
0.5710972 0.1767615
0.5669231 0.1973732
0.540795 0.1986172
0.5056786 0.2088115
0.5206659 0.2472234
0.5432083 0.2355429
0.5241182 0.2632786
0.5341903 0.2854108
0.5165676 0.3129082
0.5384069 0.2614792
0.5213743 0.2680072
0.5193759 0.26146
0.5229904 0.2862731
0.5449628 0.2666627
0.4931481 0.2922514
0.5372351 0.2759221
0.4742182 0.2756516
0.4664963 0.2571278
0.4989725 0.2456456
0.4947996 0.2205078
0.480873 0.2202024
0.4734528 0.239801
0.4474543 0.2594552
0.4488807 0.2422635
0.4736341 0.2454549
0.468772 0.2107986
0.4897341 0.234104
0.487661 0.2275314
0.5058106 0.2233409
0.449398 0.221513
0.4273691 0.2424315
0.4201889 0.2729286
0.377846 0.2411752
0.3711306 0.2688752
0.3503412 0.2569998
0.3660929 0.2401987
0.3733734 0.2439876
0.3458817 0.2245336
0.3405797 0.2428905
0.3626781 0.1966571
0.3506372 0.2339796
0.3298497 0.2322468
0.3787453 0.214189
0.3805932 0.223773
0.3784398 0.2298752
0.4103772 0.2227475
0.4009604 0.2367834
0.382799 0.2414011
0.3868509 0.2291709
0.3667264 0.2325113
0.3548227 0.2388975
0.366226 0.2394458
0.3926427 0.2611208
0.3858643 0.241767
0.367729 0.25183
0.3482484 0.2780976
0.3121569 0.2913544
0.3149209 0.2484325
0.3118939 0.2598413
0.3067305 0.2860862
0.2970631 0.2854787
0.3403829 0.3317844
0.3422598 0.3424398
0.3258994 0.3362934
0.3491437 0.2919642
0.3546193 0.309999
0.3195697 0.3525015
0.3362398 0.3309426
0.3363053 0.3139059
0.3585093 0.3278098
0.3065422 0.3016579
0.299899 0.3034689
0.3292813 0.284656
0.3516314 0.2860441
0.3603219 0.2746821
0.365886 0.276416
0.368556 0.2574886
0.375126 0.2714779
0.3161563 0.2686074
0.3683112 0.2749301
0.3958327 0.2838068
0.4177474 0.2923879
0.3900212 0.2774953
0.3963855 0.2960731
0.402224 0.3250211
0.4108865 0.2867405
0.4154262 0.2973048
0.4179081 0.2931917
0.4283129 0.2801564
0.4165997 0.2721085
0.4152266 0.2628457
0.3862057 0.278637
0.3707588 0.2620582
0.3885807 0.2417083
0.3763793 0.2637736
0.379508 0.2758627
0.3840414 0.2779027
0.3820023 0.2791265
0.3883351 0.3000743
0.3204654 0.299322
0.3116469 0.279307
0.3317573 0.2644811
0.2965551 0.2766533
0.2668107 0.2613149
0.2970601 0.2419181
0.2991917 0.266485
0.3181549 0.2507824
0.2759248 0.236147
0.3465209 0.2437245
0.348539 0.2051154
0.3511684 0.2082125
0.3636111 0.2266937
0.3797988 0.2204693
0.3355907 0.2231517
0.3735981 0.202887
0.3407295 0.2453851
0.3244579 0.2547456
0.3178008 0.2532736
0.3130274 0.2386605
0.3466544 0.2315302
0.3277777 0.2552752
0.3617494 0.2479985
0.3760931 0.212541
0.3874145 0.2237215
0.3804597 0.2174156
0.3764008 0.2109824
0.3742507 0.1947047
0.3481714 0.1968749
0.3863241 0.1848656
0.4055296 0.1857528
0.3784684 0.213551
0.3846584 0.1968863
0.3880682 0.1858829
0.3857362 0.207516
0.3553909 0.2119188
0.3350795 0.1877059
0.3212487 0.1756852
0.3228702 0.1902048
0.3753208 0.1988265
0.359665 0.215495
0.3842528 0.213735
0.3822529 0.2200941
0.3744131 0.2443843
0.3997056 0.243089
0.4275336 0.2644442
0.4421427 0.2676154
0.4427871 0.2622385
0.4298409 0.2850951
0.4105853 0.2793072
0.4196658 0.2729466
0.396908 0.27349
0.3843397 0.2838594
0.4052853 0.2604963
0.4059644 0.2696291
0.3993234 0.2359329
0.39331 0.2412406
0.3893555 0.2809743
0.4307542 0.2757981
0.4159817 0.263643
0.4308663 0.2434881
0.47047 0.2533474
0.4507799 0.2739881
0.433714 0.2816147
0.4868604 0.2761849
0.4663314 0.243697
0.4229234 0.2295566
0.4330352 0.2349547
0.4435145 0.2401517
0.4712871 0.2388222
0.4735789 0.2526846
0.4829427 0.2447693
0.496718 0.252569
0.5121142 0.2557855
0.4782087 0.2389048
0.5161801 0.2675714
0.5016441 0.2384401
0.4275574 0.2688415
0.4717941 0.2743546
0.4542266 0.2648624
0.478822 0.2585269
0.4573587 0.2489966
0.4566665 0.2410123
0.458236 0.2585282
0.440079 0.2487756
0.4775616 0.2446302
0.4393906 0.238886
0.4060124 0.2088148
0.381212 0.2097509
0.3841162 0.2026073
0.4277261 0.2475974
0.3899429 0.2264969
0.3765393 0.2419931
0.4231831 0.242391
0.452299 0.2603724
0.4214117 0.2676817
0.409383 0.2466458
0.4125458 0.250918
0.4409336 0.2744591
0.4330421 0.2842572
0.4672995 0.2667402
0.4652232 0.2578999
0.4968835 0.280795
0.48353 0.2646785
0.4378075 0.2751985
0.3886377 0.2495379
0.385595 0.2827454
0.3486953 0.2797567
0.3478271 0.3000823
0.3488438 0.3217543
0.3548902 0.3200388
0.3515552 0.312603
0.3971521 0.3066887
0.3723333 0.2994606
0.3910188 0.2675833
0.3529385 0.2887848
0.3629624 0.2965914
0.3584736 0.3270677
0.3370109 0.3112102
0.3335133 0.3002969
0.3204884 0.2734294
0.3219955 0.2523649
0.3463102 0.2468381
0.4386833 0.2396124
0.431263 0.2520093
0.4015339 0.255504
0.3948551 0.2794662
0.419016 0.2599917
0.4152936 0.2923938
0.4215347 0.2526412
0.4533614 0.2456375
0.4261834 0.2354189
0.4809426 0.2122407
0.4343421 0.2436559
0.4261373 0.2250562
0.4213105 0.2313901
0.4132953 0.2170142
0.4104924 0.235285
0.4566946 0.2487414
0.4483062 0.2345143
0.4740795 0.2255939
0.4908536 0.245044
0.4943939 0.2278802
0.4839505 0.2208011
0.5041986 0.2260935
0.5294281 0.2557631
0.5297397 0.2358638
0.527249 0.2433114
0.5347656 0.2601293
0.5480712 0.230666
0.6034611 0.2460988
0.601514 0.2395459
0.6144837 0.2580994
0.5618251 0.2498622
0.580841 0.2724701
0.5705289 0.2275856
0.5998231 0.2772879
0.5811702 0.2741728
0.595897 0.2729599
0.5563142 0.2602767
0.6139646 0.24187
0.5749965 0.2348449
0.5287482 0.2333466
0.5283034 0.2624038
0.5067581 0.2601883
0.4819814 0.2711954
0.4835771 0.2754461
0.5031684 0.254617
0.4661673 0.2640811
0.4942019 0.2654604
0.4985786 0.2285429
0.5261158 0.234674
0.4889309 0.2146003
0.5023565 0.2405521
0.5121355 0.2364802
0.5520105 0.2402678
0.5393763 0.2371486
0.5618698 0.2551882
0.5415823 0.2291291
0.5239988 0.2293192
0.4734503 0.2390839
0.4641553 0.2355918
0.4469245 0.2455806
0.3741683 0.2648634
0.3944195 0.2557595
0.4103024 0.2388668
0.4656333 0.2298162
0.5119786 0.2303237
0.5021072 0.2400827
0.4995734 0.2288793
0.4557556 0.2646721
0.4764825 0.2536839
0.478495 0.2604333
0.4615264 0.2579754
0.4533713 0.2609978
0.4889088 0.2593996
0.5089468 0.247071
0.5020798 0.2694484
0.4971255 0.2497567
0.4817758 0.2358557
0.533269 0.2294294
0.5679081 0.2238393
0.5913994 0.2334469
0.6128756 0.2393829
0.6070814 0.232566
0.6199807 0.2232332
0.6221349 0.2042441
0.6187189 0.1884113
0.5977907 0.2015343
0.6073504 0.1944178
0.6021729 0.1966446
0.5625697 0.2277924
0.588557 0.2114354
0.5500897 0.2243104
0.5807251 0.224301
0.5723379 0.2137312
0.578772 0.1900151
0.5993324 0.1925041
0.5747353 0.1838135
0.6261109 0.1738479
0.6070354 0.1839994
0.6411688 0.1654494
0.6373338 0.1521241
0.6031962 0.1723423
0.606167 0.1630306
0.6220889 0.1453027
0.642817 0.1423594
0.638043 0.149521
0.608541 0.1598089
0.5632564 0.1360262
0.5587844 0.1610496
0.5821676 0.1481061
0.5518822 0.1617495
0.5391991 0.1562872
0.567738 0.1531648
0.5759024 0.1626024
0.5943259 0.1837139
0.5724404 0.1720409
0.5945819 0.1949194
0.5930824 0.1761048
0.5695305 0.2099367
0.5793604 0.1980426
0.5948763 0.2117004
0.5995862 0.2301692
0.6331089 0.2158153
0.6042807 0.1882022
0.6506681 0.1740631
0.6291764 0.1715252
0.6288185 0.1653621
0.6377828 0.1678015
0.6092427 0.1510839
0.5784304 0.1667395
0.6068729 0.1630164
0.6198614 0.1842477
0.5578157 0.178262
0.5220864 0.1779171
0.5175884 0.1692252
0.4854851 0.2036693
0.4851682 0.1818531
0.4924885 0.1733033
0.5303452 0.1633286
0.5293286 0.1558948
0.5991175 0.1571526
0.5687346 0.1477318
0.6225233 0.1458351
0.552313 0.1466603
0.5565906 0.1674514
0.5852865 0.173542
0.5254103 0.1588815
0.5163147 0.1779231
0.4843594 0.1841385
0.4661497 0.1870709
0.4919682 0.1858874
0.4407982 0.1943806
0.4590879 0.1929432
0.4601455 0.185735
0.4476008 0.1854381
0.4311559 0.1913849
0.4280675 0.1765478
0.389915 0.2162109
0.3495837 0.231055
0.3625866 0.2055026
0.3730307 0.2155638
0.3385609 0.232072
0.3288392 0.227411
0.3238457 0.2317332
0.3162204 0.2588568
0.3051356 0.2895039
0.3172724 0.2808499
0.2955734 0.2560782
0.2672699 0.2330613
0.2903126 0.235075
0.2743097 0.230107
0.2602184 0.2607863
0.2421964 0.2713406
0.2673128 0.2779256
0.285549 0.2833555
0.2781276 0.2382716
0.3095378 0.2293606
0.3199785 0.2331424
0.3423987 0.2250751
0.3204041 0.2562744
0.3606933 0.2502945
0.3263868 0.2386785
0.3441123 0.258454
0.3598556 0.2460594
0.4112488 0.238819
0.3429823 0.2577179
0.3860833 0.2724511
0.391017 0.2475575
0.4233903 0.2344004
0.4409383 0.2326149
0.4087817 0.2455748
0.386818 0.2620549
0.4299152 0.268636
0.4428921 0.2320845
0.4834039 0.2346632
0.4900245 0.2384848
0.4663465 0.2003137
0.4571121 0.1856709
0.5079389 0.1994577
0.5072061 0.1916153
0.5000023 0.2003345
0.479408 0.1889245
0.5036905 0.1947717
0.491911 0.1795401
0.4816602 0.1898344
0.4838165 0.1620762
0.4928443 0.1861523
0.5316706 0.187881
0.5052346 0.2014292
0.505223 0.1828858
0.4917632 0.2044294
0.4574544 0.2286032
0.4952944 0.2090711
0.4744905 0.2232974
0.5181009 0.2081088
0.5388056 0.2029311
0.4849413 0.2184653
0.4917399 0.2182125
0.4765099 0.2226456
0.4769244 0.2147513
0.458368 0.2329124
0.4610669 0.2641809
0.4903593 0.2560144
