46.19862
41.57602
37.77071
38.21914
44.52098
45.38445
48.52685
51.50792
53.68217
49.70232
55.52365
52.79413
64.42861
58.80643
60.12117
54.72801
59.36961
67.12772
61.07311
63.22655
71.32599
60.52419
57.05338
52.82486
50.78549
52.17945
48.73509
48.17994
42.66344
34.50843
32.84394
35.53575
34.80566
38.22282
31.66421
32.68209
36.72459
38.30145
38.04627
38.12779
36.30131
40.4646
40.13446
42.63416
45.15241
51.87537
50.1347
59.06921
57.28105
48.17686
44.12683
41.14095
44.40326
44.30184
47.31927
41.78891
35.21704
37.38955
40.766
41.12839
36.07363
31.56607
29.09136
32.98046
33.96405
33.12963
32.98859
37.0714
34.89999
35.6448
29.37753
33.86638
27.7796
33.394
33.87948
35.1588
34.4512
30.8735
29.61574
33.11502
28.8274
25.99805
24.42969
23.12177
24.85212
27.56185
24.4308
25.64534
25.72211
28.62418
26.80332
29.22712
25.28735
26.83973
27.87588
31.03188
43.54335
45.72137
40.56555
44.33509
46.59274
49.69053
50.88405
43.8438
39.93782
39.20994
36.21936
36.49376
30.88013
28.1773
30.94596
32.88983
27.77669
31.30699
32.96106
31.95276
30.4717
31.8591
33.68337
40.24935
38.98262
37.06598
35.6768
45.79728
45.18795
57.10148
49.56939
47.35893
45.05003
43.14052
52.78065
58.87028
57.94012
55.4504
65.8561
59.42646
56.27437
43.44677
39.17364
40.94912
39.63752
28.81486
28.45247
28.59902
26.38733
23.54927
26.49373
28.71186
28.77168
36.79607
40.69038
40.67279
33.74644
40.67154
40.52862
40.39901
37.0532
39.57406
41.00846
39.41229
50.88766
43.72809
53.55264
55.07848
49.22471
43.85487
39.60746
49.56571
46.39831
40.8125
44.84921
37.59914
37.01238
42.10992
51.08489
51.16657
50.13777
41.24908
42.59562
38.08513
42.3257
38.36964
39.67478
35.64012
31.96903
32.69575
40.23513
42.06334
49.42851
53.25989
66.80903
60.02536
65.30371
51.27315
63.81968
56.43642
51.47565
43.29465
35.75357
43.0994
51.50347
49.75588
46.42865
42.08367
47.2353
46.0792
46.74017
51.09349
53.25805
58.37457
56.96648
45.21047
42.51562
40.62211
46.96835
49.97848
54.47906
51.04479
46.61975
48.7663
41.47664
36.73078
38.33541
36.21499
35.31133
35.73056
32.53621
33.07804
30.98002
43.3148
37.80285
36.42871
35.07886
41.7653
38.3831
34.65183
38.77044
41.00633
41.33823
42.71725
46.25236
47.15737
54.3289
53.61823
64.76297
52.74167
48.99076
59.4029
49.71659
48.94859
50.69637
47.67555
40.56368
44.41999
45.27454
43.75195
41.34553
44.31308
45.04155
37.33999
43.48463
39.91312
46.00603
47.03924
51.91418
53.19704
43.66563
40.47083
39.50803
38.6531
32.54054
35.30348
35.90419
39.68817
43.7567
39.85185
35.14891
37.81933
31.18782
29.83189
28.32008
27.69338
35.68341
38.39159
31.81263
31.1714
29.65093
26.99416
30.19361
27.94086
25.35129
27.3878
25.31118
23.0708
23.0345
20.29886
24.01083
27.12509
24.92249
24.11419
23.11009
21.54248
25.22979
21.9636
19.33916
20.29987
19.0464
19.40063
20.3512
25.09901
24.05159
25.91371
29.34413
35.63064
38.21612
31.79254
35.51505
40.57907
36.23364
38.28822
35.62122
36.40372
41.35016
39.75495
42.16722
34.89035
30.09236
29.13981
28.0068
25.60164
27.74478
27.11808
24.08953
22.39197
19.66503
24.19811
26.13206
31.85774
38.09694
33.60921
34.55077
27.28656
24.93149
27.30531
27.36284
33.4116
33.165
32.6302
25.67793
30.97063
29.00876
32.17924
33.47881
34.70313
36.87361
32.20577
35.13471
29.52135
36.56268
37.99718
26.63247
27.04555
31.02575
31.83114
34.206
29.71761
30.33511
33.60271
31.84384
25.86721
23.54692
25.79702
28.45227
26.9071
40.39792
36.07026
41.44613
37.22921
39.47206
36.69627
40.46999
54.4285
37.43819
44.42619
42.6287
37.82348
41.5751
43.692
47.37022
43.74309
40.84288
39.30932
34.15073
39.0466
34.27144
42.55986
39.8634
42.6859
35.69005
34.53985
35.34234
28.93092
28.71414
25.21069
27.90727
29.23833
33.89676
34.08689
35.10827
38.15673
31.0564
26.71835
21.30866
22.04405
22.2645
21.44333
22.55091
22.88878
20.22808
18.09052
15.1931
15.51457
16.00664
16.93705
18.10709
16.60386
17.31468
16.96107
16.46804
15.16324
15.25149
13.88541
15.56282
14.87029
13.18656
13.67841
17.38936
16.12952
17.22937
18.73793
19.58977
25.83559
24.38164
23.08279
24.80418
25.35051
34.0623
38.05833
37.0877
36.00873
32.71421
33.25582
35.39001
34.10953
30.02253
29.96413
35.9973
37.6107
36.74122
39.0153
38.97288
38.30187
46.26961
46.1802
43.17103
36.53865
37.61459
37.94984
46.05838
49.18692
50.89104
47.26737
50.23907
50.866
44.93001
44.2579
45.68175
51.61028
47.82371
44.77727
43.27216
43.47823
49.76535
57.51505
60.70542
55.62483
53.53655
45.30638
42.9018
48.01578
45.9247
39.8799
42.2941
40.43939
32.87141
37.49327
46.27704
53.56505
42.584
47.46178
45.07908
42.43283
45.91172
53.36627
60.10216
67.88782
67.18966
64.28789
50.13603
55.15653
46.59093
40.21132
42.84306
39.54633
40.26273
47.36701
46.77894
39.72886
42.07723
36.21631
32.7444
34.43257
35.3551
28.48448
28.59689
34.5055
38.52549
48.88794
41.3587
34.57238
33.58856
29.83062
27.85112
27.34177
29.60926
29.57465
26.54675
23.70373
24.28921
26.78366
25.647
22.48704
24.63888
27.91558
26.91042
25.4456
28.25594
33.07036
34.34219
30.6733
35.66994
29.54175
35.43753
34.15987
40.15103
36.15066
36.14414
31.68382
37.51508
36.7452
36.15077
31.6891
29.08287
33.33527
34.4223
38.39271
37.78347
39.5093
44.76501
38.67401
39.59112
46.98457
44.72469
42.12173
49.18433
43.46382
47.41044
45.36578
39.5881
34.3427
28.46139
25.71341
24.53933
30.55971
28.81611
28.32313
27.1748
27.10698
32.92022
35.70632
44.87379
32.61474
33.89593
29.50286
25.94837
26.2121
26.55014
26.08809
29.34332
25.50097
17.69787
18.54825
21.57731
23.53991
21.58805
26.04343
32.2153
35.02469
33.10675
30.58171
26.89247
28.84903
30.99876
32.42925
33.3195
31.43672
30.84678
31.78783
32.34798
29.18214
34.76414
32.66054
29.60095
28.87859
28.32424
30.60691
35.35585
37.43576
32.15923
27.00629
25.45294
24.49175
26.38956
25.8206
23.94073
28.83559
30.38198
31.16331
27.37142
28.26061
34.29861
39.68736
36.02388
34.35169
31.8831
41.74462
47.96377
40.04755
37.13326
28.58271
30.68943
31.69509
34.17147
33.36664
28.68923
33.02488
31.17282
33.69228
33.77376
32.55002
31.34517
40.5754
41.18278
30.59511
32.26037
30.4169
30.178
24.34218
28.77082
29.91837
35.09501
30.57126
35.70202
34.11935
27.79092
25.42551
24.23773
28.5771
35.83938
40.82598
36.40649
37.16582
37.66385
33.79891
31.76084
32.05813
41.64307
39.64194
43.33568
44.49001
43.87687
40.83687
42.20422
45.92397
42.08384
41.72271
44.40644
42.69581
49.61212
46.63109
45.68267
52.57893
51.42085
57.50897
60.95118
49.22871
50.75317
48.86846
48.94504
45.69079
40.68513
33.66
32.91128
35.16761
35.86435
33.76207
32.36175
32.41666
29.96285
34.17899
36.52025
39.75624
37.84514
38.02344
44.0132
48.42352
48.95504
53.83039
47.16028
39.26225
40.53925
39.80128
39.40775
38.62449
33.13015
25.76386
33.02191
27.75569
27.93076
34.80189
38.1334
37.76202
40.36878
41.57686
37.74575
36.73424
34.57732
36.82383
37.39626
31.61653
36.46811
33.46175
36.4242
36.48696
33.44818
34.87781
34.35509
38.55079
38.87026
44.49759
48.4527
40.03879
43.07565
36.02522
38.94895
34.42241
36.26723
31.80089
30.42067
29.66331
29.35559
35.25874
33.12483
33.0155
43.11222
44.74955
55.68649
57.86739
55.60561
61.27167
65.17153
66.76377
54.92639
52.27376
52.47484
52.72175
53.36937
48.04805
46.74043
41.7816
40.07823
39.09962
37.96881
39.29459
34.39044
32.43571
40.43645
40.67279
42.87247
37.72669
31.2236
29.98109
34.55868
41.28448
42.7655
54.38907
57.51679
61.34679
64.82037
66.64448
61.76917
61.35916
51.28021
49.47111
48.1245
42.49426
38.76619
36.52527
34.4873
35.56258
39.19546
42.71862
47.24767
47.03499
43.23655
39.7853
36.00089
40.05275
37.53138
39.03405
40.10605
34.76787
36.8824
42.42883
36.25092
39.13758
36.04293
35.63206
38.78679
47.58791
39.93467
36.56761
34.86274
34.01834
32.09125
28.00192
32.08962
32.56384
35.07838
35.68964
32.10007
32.07147
33.65203
31.65452
42.89478
39.25953
46.94413
40.72075
34.46564
34.64086
29.88097
34.8694
33.0976
36.45729
32.54085
31.85365
36.34961
39.02669
48.98909
51.26958
58.79113
47.23002
37.57116
38.03248
30.87542
29.43288
40.6267
39.29997
38.82805
38.78741
46.91137
48.33374
45.73523
42.14383
43.77366
38.68317
37.84074
37.95867
41.15894
40.9445
44.26902
39.03847
33.79041
30.48358
33.61168
32.90777
36.27086
41.42721
33.01466
31.74099
30.16199
32.01833
28.88722
38.41238
41.22057
35.30324
32.49222
25.96016
27.12782
32.65234
30.25062
29.95923
25.86311
22.17012
26.80479
27.08685
24.75707
28.02107
31.774
28.01495
23.97577
21.05446
26.78338
25.42545
27.26717
32.43307
28.60128
33.35007
30.53052
34.10977
37.99983
33.25139
35.08739
38.34983
36.58207
33.97786
28.05087
34.59305
36.81952
35.26211
35.04304
37.64735
35.48776
38.9722
34.57795
32.89283
36.90619
30.01416
29.11699
27.62639
25.77104
25.59977
24.40061
24.64723
24.43796
21.11074
24.25185
23.86265
21.78784
23.11443
21.56008
19.98289
20.74288
15.58912
17.84086
21.94162
26.52881
27.1643
30.32756
27.42176
25.10726
25.84822
31.1827
33.02682
32.63689
35.44008
36.35788
41.95921
35.90726
31.99324
28.5951
26.72024
23.01438
23.82271
20.32288
23.30711
26.85619
29.58736
25.34333
25.31923
27.45726
26.12501
26.62411
29.21588
29.42835
33.1843
43.0516
40.97186
33.51668
32.82296
33.02504
33.38821
37.44852
36.76032
36.47752
36.01148
31.83224
36.6787
34.38258
34.3366
28.69104
33.63566
24.93249
22.87826
20.57485
17.52496
19.11355
18.0704
20.19575
20.97081
16.16627
15.6172
17.4595
15.16594
14.98104
13.13324
14.93433
14.3879
11.72036
14.06374
12.9648
10.99077
12.52532
14.52262
17.11141
17.58429
16.17182
15.37463
17.48167
20.54856
16.31775
17.44823
18.28798
19.27966
19.57973
23.65586
28.10466
27.92184
28.55099
28.8571
29.73654
26.80859
26.57325
29.4509
27.88227
27.12485
29.40602
35.19039
33.94545
31.32534
30.71633
28.80959
23.48498
24.07231
24.08626
21.9966
22.65086
25.47028
25.08996
33.55608
33.41806
27.94412
29.09994
27.32687
22.04446
18.17523
21.63969
23.49594
23.02901
24.43341
20.90378
25.17422
26.64421
26.59428
24.98604
18.73523
16.00876
15.59121
15.57873
18.6724
17.75152
17.18624
14.49165
16.64189
15.13813
15.61993
16.65162
14.73608
14.91159
13.14396
16.11292
19.07035
16.11968
17.33268
16.5063
16.60617
18.90012
19.87635
22.70406
20.94535
17.60283
16.04804
19.96337
22.86444
24.4673
27.66631
30.31732
26.40216
27.30359
28.58907
26.14935
29.15577
31.82092
29.3281
28.3577
25.60135
26.96412
24.08227
19.79536
18.07404
16.38471
14.94408
18.47705
17.88611
18.71731
17.80554
21.20301
25.69023
26.67336
29.11315
25.64528
25.47996
25.40068
30.36539
23.79975
24.78266
19.5197
18.55389
19.69369
16.43102
17.02819
16.06325
16.26127
19.72613
21.60286
22.1698
22.44577
20.98855
24.93785
29.226
24.44862
29.28741
27.85045
25.44618
22.94713
27.78306
27.91415
28.51104
26.75038
25.43466
25.69834
24.8315
26.24493
27.8297
21.98649
20.95422
21.42169
21.52128
22.58575
20.31781
25.39944
23.28535
22.63614
23.68897
25.18021
27.56517
23.35969
26.08798
25.83089
29.62914
30.56798
28.01793
26.81539
27.22713
32.75943
35.61442
37.94326
39.26694
45.34366
41.93424
39.36537
37.11989
31.70061
39.38794
49.2556
46.13944
49.01844
55.19062
58.80059
56.83685
65.27824
58.54004
67.09658
51.93002
45.63976
48.03625
47.35621
46.42443
43.58642
47.24051
53.58263
56.28524
57.66948
72.19555
75.0893
60.05292
58.16477
58.85877
54.63748
49.93509
65.96946
64.96329
65.80785
48.38245
49.73709
40.16452
43.8962
38.60568
36.76247
34.93346
37.3371
46.2696
40.11577
38.63859
32.31063
34.09593
33.15453
35.98211
35.50451
36.36917
37.13765
39.29091
36.67664
33.14226
38.95001
41.95772
39.83914
41.1993
42.03191
46.43161
45.40232
38.41674
34.01761
37.38153
35.51766
33.65166
33.59769
35.91585
33.99291
31.01548
31.83976
35.43553
35.60334
33.7135
38.43073
34.87963
29.62903
26.33208
28.22022
31.86035
31.55987
28.92051
29.29306
30.03591
26.95935
27.57799
26.1373
27.87061
26.16747
23.09194
23.14422
21.24422
17.66103
16.87857
16.41232
18.23706
20.11501
22.22864
25.97675
27.3858
27.82088
27.13878
23.10225
25.83191
23.2534
21.22593
16.42361
15.28431
15.10504
14.65369
18.97967
28.73887
25.34345
21.98877
20.80808
18.7738
19.68186
19.91393
22.10282
19.84776
20.33189
20.10721
21.62555
17.17155
19.83862
22.39674
22.48737
23.159
27.11992
28.75014
28.6359
27.7798
26.95405
22.65449
22.48429
19.16578
21.22269
22.05643
26.93585
27.01011
22.70119
22.47115
23.38729
26.35339
31.96886
31.68509
29.45199
25.93997
26.73884
19.85179
20.73884
23.01061
22.40313
23.81667
23.75661
29.65782
28.95946
24.49437
29.51572
27.58063
28.36517
22.94145
21.97334
22.35999
20.32438
20.11253
20.92901
21.34911
17.63427
18.37115
20.05093
22.58853
27.02314
28.42153
29.86555
27.79812
27.38626
26.81004
26.04975
26.38196
23.52568
31.52773
39.26974
34.33234
29.60472
25.4892
24.33006
24.11392
26.53194
23.74999
20.66752
18.49404
17.07852
18.68588
17.66472
17.29238
18.38058
19.90603
23.63493
23.85893
24.53358
25.3493
27.02083
27.30918
23.50046
26.17742
27.93995
27.83958
27.06904
27.01547
23.83767
26.27313
27.18138
24.93828
22.91726
22.31195
24.32653
29.7287
31.31589
29.27435
36.19162
30.39544
31.71391
34.16408
31.69464
38.37969
34.39985
30.99366
33.29373
32.35872
29.45345
27.62906
27.23856
26.7926
29.6401
30.11233
33.07588
28.6139
33.70072
31.38814
35.34877
35.59342
35.03873
38.68421
37.63433
35.26631
34.77285
41.24093
41.07849
34.05235
37.56063
40.13588
51.96282
51.12127
60.97003
53.85542
59.99476
55.78095
41.77922
37.95543
32.59567
41.01401
45.20586
43.58957
32.28761
32.01367
28.50729
27.80473
24.19524
23.90834
26.18192
26.41388
25.05878
23.70463
24.25778
18.45843
14.86248
13.52857
13.31852
11.83633
13.17912
14.22928
14.35974
15.44142
13.86411
14.48651
15.94355
13.71647
15.74569
14.2275
13.37237
14.1837
18.94033
19.10835
20.9368
19.93735
21.13197
21.23175
26.25592
20.11636
21.52776
20.25324
24.22301
27.05086
24.62623
22.34588
22.27129
24.29195
19.79163
20.59234
26.10813
36.31978
31.91471
30.69328
35.01212
35.02709
35.69923
38.98844
29.659
33.01055
29.91714
30.42129
32.49557
32.7201
32.18277
31.00485
34.11338
30.17777
34.64574
36.92453
41.55265
34.91924
35.94686
41.43326
41.1839
33.55924
34.47729
34.12496
32.67685
29.74858
36.279
28.93589
26.23901
25.32908
24.40822
25.44438
22.8586
22.68029
25.51612
22.47713
23.94927
24.55069
27.45505
32.28179
28.97731
30.08881
25.67233
31.77889
29.10352
30.19406
28.4289
23.05629
24.78031
22.72524
19.73574
17.54348
16.02889
14.42994
14.63423
16.15057
15.46951
18.02602
20.93059
20.3581
19.52327
21.05641
18.77882
19.73838
17.46622
19.23717
21.9383
24.74571
26.52067
29.07895
28.36264
26.56231
27.78154
26.39212
24.91145
24.65497
23.35103
21.21636
22.22692
23.45283
22.60856
26.49692
27.828
31.2832
34.15916
40.95507
42.23602
48.26408
54.44654
55.48342
50.13207
50.75339
54.76007
54.27377
51.63512
42.32364
39.49531
41.40659
44.72883
48.66891
40.10304
41.52551
38.46513
36.06777
34.96205
30.49555
32.19552
36.47495
39.22089
41.5321
36.96171
41.70195
38.60805
34.20338
33.18065
38.2679
39.55593
36.88799
36.84162
37.95739
40.34437
41.18068
43.84343
52.23999
45.80846
45.10197
45.18804
43.69068
50.73899
51.14376
48.10849
48.18889
40.80034
40.00604
40.32615
40.54527
45.39178
59.63184
51.31797
57.92967
52.35822
52.43707
47.97464
43.6453
50.72447
47.65491
57.15897
57.28718
57.33996
51.49987
45.60768
43.03337
