0.3860505 0.003874374
0.2738416 0.003207764
0.2436049 0.002383292
0.2722361 0.00228962
0.2999267 0.002414445
0.3078148 0.00197529
0.2869435 0.001750141
0.2789994 0.00154876
0.2923173 0.001668287
0.2789241 0.001565999
0.2785604 0.00176968
0.267777 0.001780087
0.3085139 0.001808074
0.2676171 0.001551951
0.2541096 0.001639822
0.2821409 0.001533699
0.3019368 0.001542361
0.2808424 0.001682855
0.2476789 0.001483316
0.2782818 0.001297612
0.2540697 0.001218582
0.2729505 0.001219541
0.258282 0.001169576
0.2737522 0.001012417
0.2733661 0.0009759424
0.3130768 0.001050012
0.2753419 0.001154528
0.2556325 0.001157968
0.2479976 0.001346931
0.2677669 0.001392306
0.2450254 0.001555354
0.2432178 0.001497179
0.2373699 0.001520686
0.2307983 0.001404477
0.2161906 0.001332089
0.2142193 0.001577749
0.1842553 0.001399154
0.2042248 0.001451127
0.2145276 0.001468085
0.2365121 0.001467109
0.272002 0.001634072
0.2589624 0.001530526
0.2655415 0.001525324
0.2608063 0.001389565
0.2460779 0.001291338
0.2475942 0.001236058
0.2670965 0.001104044
0.2716163 0.0009943898
0.2900824 0.0009442653
0.3132337 0.0009996998
0.340707 0.0009887829
0.3111449 0.00102987
0.2537602 0.001005647
0.2660684 0.0009034675
0.2591366 0.0008583668
0.2446528 0.0009438311
0.217643 0.0009652328
0.246222 0.001039351
0.2291416 0.001158952
0.2669691 0.001229967
0.2419905 0.001133413
0.2642977 0.001089728
0.2628657 0.0009552051
0.3164916 0.001028799
0.3369387 0.001088013
0.3702695 0.001170213
0.363083 0.001053872
0.4375626 0.001004328
0.44085 0.0009986512
0.371599 0.0009652242
0.3763507 0.0007902784
0.3674173 0.0007969125
0.4159574 0.000797285
0.4143206 0.0008214218
0.4460552 0.0009594561
0.4511158 0.001016582
0.4607763 0.001031602
0.4305511 0.001060683
0.3946697 0.001103421
0.4171261 0.001125523
0.4404672 0.001006729
0.3808446 0.0009936659
0.3924068 0.0008851981
0.3721252 0.0008882555
0.3998774 0.0009039954
0.36796 0.0007946449
0.4015172 0.0007953462
0.376416 0.0008095196
0.3805992 0.0008660983
0.3674975 0.0008039953
0.3514912 0.0006244928
0.3506031 0.0006757634
0.3358606 0.0007695932
0.3437272 0.0007763995
0.3315052 0.0008023405
0.3275673 0.0007576664
0.3335057 0.000683203
0.3495396 0.0007290795
0.3385325 0.0007559651
0.3931498 0.0007093208
0.4197521 0.0008363213
0.5006326 0.0008402216
0.5079426 0.0008973687
0.4546112 0.0009388221
0.4118253 0.0008646373
0.4213443 0.0009321197
0.4126761 0.0008660406
0.3758066 0.0008806191
0.3525948 0.0007973809
0.3268838 0.0007636197
0.33498 0.0008617258
0.3172815 0.0008582652
0.3034941 0.0007089926
0.3210659 0.0007434973
0.3326733 0.0007681332
0.3841006 0.0007296213
0.3863094 0.0008099007
0.4520815 0.000860471
0.4823832 0.0009648321
0.4864487 0.001108885
0.5147329 0.001152433
0.4653927 0.001263342
0.4919929 0.001210899
0.4975469 0.001204349
0.4790631 0.001154313
0.4626432 0.0011074
0.4514566 0.0009976583
0.3952158 0.001122568
0.4345397 0.001097927
0.3988943 0.001106204
0.402427 0.001061113
0.4263203 0.00101166
0.370381 0.001015295
0.3501863 0.001023176
0.3820401 0.001067726
0.3815311 0.001143719
0.3810879 0.001107308
0.3829083 0.001062413
0.3749634 0.001016837
0.4030395 0.0009563264
0.3787281 0.0008939329
0.3662638 0.0008853181
0.3557092 0.0008263822
0.320139 0.000906976
0.3414642 0.0009560989
0.3441783 0.0009548964
0.3481815 0.0008872895
0.353443 0.0007719159
0.3768881 0.0008188678
0.3494456 0.0007993735
0.3855513 0.000869091
0.3471424 0.001061502
0.3482463 0.00099221
0.3861031 0.001009919
0.4048604 0.0009589288
0.4146193 0.0008511713
0.3948659 0.0008280658
0.3749203 0.0007884054
0.3425435 0.0007117849
0.3152212 0.0006927408
0.3417206 0.000751158
0.3379545 0.0006548416
0.3703915 0.0006120064
0.3248378 0.0006166306
0.3051358 0.0007067851
0.295074 0.0007716389
0.304592 0.0007680091
0.2608301 0.0007845077
0.2365735 0.0007618609
0.273404 0.0007564395
0.3240944 0.0008549549
0.3307031 0.0008102659
0.3323462 0.0009658212
0.3318911 0.000935003
0.3428514 0.001011207
0.3526614 0.001056565
0.3797022 0.001092078
0.3858214 0.001196739
0.3432786 0.001029589
0.2900372 0.0009867613
0.2608521 0.0009910192
0.2433594 0.001057683
0.2223824 0.001001924
0.2129836 0.0009858985
0.1932453 0.001017126
0.1568754 0.001029993
0.1774529 0.0009834981
0.1913495 0.0009395724
0.1873171 0.000906579
0.1854796 0.0009001771
0.1723801 0.0008998972
0.145184 0.0009355227
0.1316411 0.0009368925
0.1568385 0.0009923215
0.2018766 0.0009794136
0.2483221 0.0009511764
0.2958722 0.0009847364
0.3008919 0.0009415115
0.3115121 0.0007838435
0.305435 0.0008636492
0.2695925 0.0008026999
0.2726532 0.0007137203
0.2634427 0.0007149941
0.2854335 0.000804827
0.2260803 0.0007040439
0.2218771 0.0008161323
0.2632853 0.0007364422
0.2885688 0.0007835132
0.244672 0.0008084895
0.2699638 0.0008174926
0.265053 0.000723344
0.2500889 0.0007382033
0.2769079 0.0007154845
0.2396552 0.0007424267
0.2567393 0.0008928085
0.2823359 0.0008973441
0.2654906 0.0009067106
0.2669779 0.0009735158
0.258156 0.001067846
0.2384756 0.00109501
0.2739824 0.001091944
0.2477018 0.001107166
0.2613583 0.001196568
0.229745 0.001115317
0.2273638 0.00125282
0.2347393 0.001320635
0.2280092 0.00113469
0.2295469 0.001100261
0.2646759 0.001036412
0.2306706 0.001126753
0.2545637 0.001141853
0.2356131 0.00114478
0.2487845 0.001051293
0.2614137 0.0009511228
0.2644112 0.0009974464
0.2720838 0.001180109
0.3065833 0.001294556
0.2814689 0.001423473
0.2522991 0.001313999
0.2666307 0.00121831
0.2484471 0.001139523
0.2575603 0.001162966
0.2253859 0.001343262
0.2647313 0.001647445
0.2933401 0.001471052
0.2646191 0.001242053
0.2594576 0.0009877405
0.2518887 0.0008543143
0.2629674 0.0008861737
0.2551426 0.0007902518
0.2219647 0.0008367737
0.2157557 0.0008069811
0.2160881 0.000737564
0.1828773 0.0007868046
0.2090053 0.0006959406
0.2116178 0.0007104992
0.2160394 0.000650497
0.2265218 0.0006455006
0.2131876 0.0007115478
0.1846437 0.0006589873
0.2241531 0.0008328125
0.2227498 0.0007392054
0.25651 0.0007146401
0.2543683 0.0006862971
0.2302453 0.0006257401
0.2477338 0.0006186475
0.2478929 0.0007037743
0.2362537 0.0006503889
0.2230479 0.0006262514
0.236815 0.0007118844
0.2072477 0.0007193447
0.2127662 0.0007532795
0.2276178 0.0007819644
0.2565498 0.0007430692
0.292484 0.0007080756
0.2812104 0.0006792363
0.2405217 0.0006072066
0.224527 0.0005503308
0.2397264 0.0005903598
0.203937 0.0005566494
0.195519 0.0005365112
0.2013063 0.0005176711
0.1754936 0.0005726966
0.1963819 0.0006142305
0.1953809 0.0005874681
0.2061733 0.0005393077
0.2242835 0.0005506169
0.2229278 0.0006096956
0.220784 0.0006938097
0.2404961 0.000715092
0.2262949 0.0006843387
0.2372414 0.0007451517
0.2225483 0.0008068908
0.1952893 0.0008412646
0.2061091 0.0008121744
0.1773167 0.000773989
0.1794413 0.0006816997
0.1578716 0.0006465924
0.1681748 0.0006097647
0.1650543 0.0005961666
0.162329 0.0007395907
0.1412933 0.0008418095
0.1749286 0.0008158853
0.1835936 0.0007854663
0.2280806 0.0008776604
0.1768117 0.0007859271
0.1693531 0.0008059804
0.1632845 0.0007157352
0.1700011 0.0007931921
0.1450783 0.0007918683
0.1533819 0.0008780283
0.1530624 0.0008701196
0.1371167 0.0007405607
0.1055211 0.0007093598
0.1394582 0.00073833
0.1317522 0.0006811904
0.1457183 0.0007719123
0.1446907 0.0007523607
0.1472927 0.0006710939
0.1688372 0.0005616159
0.1795485 0.0005599452
0.2055226 0.0006218257
0.2047788 0.0005753317
0.2050402 0.0005017756
0.1947216 0.0005231715
0.192294 0.0005675297
0.1906074 0.000578718
0.1670278 0.00058029
0.1557399 0.0005958612
0.178761 0.0005828293
0.1702664 0.000652419
0.1688706 0.000667391
0.1606395 0.0006940313
0.1762144 0.0006392647
0.1490861 0.0007140472
0.1507502 0.0006822476
0.1692551 0.0007616271
0.1795157 0.0006762437
0.1732343 0.0006789928
0.1858157 0.0006377447
0.1897272 0.0006030534
0.1665883 0.0006094141
0.172908 0.000597801
0.1706227 0.0006616716
0.1640601 0.0006700985
0.1559606 0.0006191133
0.1817312 0.0006829403
0.2307379 0.0006843197
0.2287684 0.000729734
0.1867529 0.0007125163
0.1773105 0.0007008446
0.1441944 0.0006935704
0.1846923 0.0006659842
0.1671414 0.0006686976
0.188839 0.0007469963
0.2054334 0.0006343371
0.192356 0.0005682109
0.1708608 0.0005718768
0.1479777 0.0006222414
0.1253714 0.0006809733
0.1143257 0.0006194943
0.09625931 0.0006702842
0.111603 0.0007035498
0.1288072 0.0007373661
0.13481 0.0007138341
0.1333464 0.0006807848
0.1582722 0.0006556607
0.1550221 0.0005958562
0.1819039 0.000616371
0.2182574 0.0006411471
0.2182989 0.0005759821
0.2028569 0.0005249604
0.2345258 0.0005098442
0.2435249 0.0005676972
0.2379029 0.0005179562
0.2299278 0.0004819396
0.1990995 0.0005544145
0.1862558 0.0006069804
0.1603134 0.0005985182
0.1667892 0.0005761723
0.1755682 0.0005845432
0.1894101 0.0006529731
0.1997257 0.0006336968
0.2164835 0.000511195
0.1859548 0.0005552222
0.1902016 0.0006576585
0.2144094 0.000694196
0.2267932 0.0007888188
0.2512005 0.0006923547
0.2590732 0.0006998936
0.2863482 0.0006933923
0.3176053 0.0007603218
0.3348372 0.0006825431
0.3318257 0.000689959
0.3588964 0.0007365199
0.3361014 0.0006650572
0.3374374 0.0007261313
0.3621996 0.0006623222
0.3768862 0.0006963288
0.3610383 0.0006955485
0.3681805 0.0006751886
0.3052493 0.0007354606
0.2778691 0.0007279518
0.3098002 0.0007759086
0.2851847 0.0007453689
0.2666669 0.0007383069
0.2512377 0.000724325
0.2285082 0.000675279
0.2764645 0.0006780438
0.3062712 0.0006318036
0.2754876 0.0005958224
0.2854707 0.0006192213
0.2772994 0.0005840422
0.2850965 0.0005106287
0.3385445 0.0004982294
0.3112214 0.0004469397
0.344396 0.0004301979
0.3396868 0.0003982976
0.3172363 0.0003784062
0.3348195 0.0004433888
0.3799048 0.0004266333
0.3339153 0.0003951849
0.385519 0.0003134987
0.400614 0.0003041522
0.4166202 0.0003650676
0.4147574 0.0003349862
0.4355163 0.0003579276
0.423366 0.0002826115
0.4437312 0.0002962294
0.4636865 0.0002970111
0.4894719 0.0003237764
0.5105697 0.0003371202
0.4938166 0.0003290613
0.4820468 0.0003393077
0.4211602 0.0003290237
0.4047854 0.0003708286
0.4124407 0.0003561747
0.3924112 0.0003517394
0.4030783 0.0003944759
0.3746812 0.0004077439
0.3357856 0.0004674822
0.3710406 0.0005088426
0.3721714 0.0005439475
0.4215207 0.0006733477
0.3689493 0.0007560745
0.3491013 0.0007070913
0.3734338 0.0006595928
0.3899 0.0006169282
0.3921435 0.0006740517
0.386833 0.0006045627
0.3896653 0.0006248182
0.3831371 0.0006580109
0.3589861 0.0006867191
0.3509217 0.0007512807
0.3937574 0.0007067873
0.3608916 0.0005812746
0.368775 0.0005747984
0.3971967 0.0005817078
0.3234157 0.0005499415
0.2939853 0.0006029218
0.3009796 0.0005792149
0.2791275 0.0006474767
0.3254774 0.0006778939
0.309545 0.000774144
0.3754265 0.000818316
0.4434911 0.000739879
0.4152066 0.0007360729
0.4201173 0.0007017556
0.4584007 0.0006843922
0.4420317 0.0006921746
0.3880059 0.0007341825
0.3491441 0.0007448856
0.329374 0.0008439481
0.3266573 0.0007922034
0.3453395 0.0007393916
0.3623778 0.0007313626
0.3279454 0.0007272664
0.3131521 0.0007304559
0.3497157 0.0007159928
0.3774761 0.0007618795
0.4252661 0.0006803964
0.4279963 0.0006823748
0.4306784 0.0006803786
0.4219115 0.0006185841
0.4049327 0.000584412
0.4136671 0.000638474
0.3783746 0.0005741612
0.3445568 0.0006132605
0.3060561 0.0005990014
0.343476 0.0006272229
0.3409725 0.0006782949
0.3848514 0.0007882613
0.3864744 0.0007819849
0.3969181 0.0008157116
0.4167185 0.0008471608
0.4080499 0.0008755107
0.4102459 0.0008772778
0.4126306 0.0008715389
0.4236394 0.0008290075
0.3803922 0.0007676406
0.385645 0.0008125174
0.3725686 0.0008588609
0.3372561 0.0009191802
0.3022588 0.0009590355
0.3404341 0.001026973
0.338078 0.0009702356
0.3138221 0.0009648434
0.2845584 0.0009038484
0.2696211 0.0009253853
0.2465993 0.0008549044
0.2575295 0.0008139113
0.2389877 0.0007376336
0.2448999 0.0007918075
0.2319623 0.0008477694
0.1918797 0.0008368246
0.2222718 0.0008255789
0.2513477 0.0008104997
0.2268875 0.0007980596
0.2063246 0.0008032115
0.2033619 0.0008913811
0.2011212 0.0008879431
0.2083311 0.0008239558
0.1895953 0.0008576649
0.1755499 0.000939756
0.1741813 0.0009302484
0.1502496 0.0009660185
0.1473215 0.0008818389
0.1523215 0.0008914069
0.1607912 0.001033122
0.1444571 0.00103059
0.1446851 0.0009665132
0.1273802 0.001031575
0.09635645 0.000972581
0.1018581 0.0008742802
0.1300702 0.0008009315
0.1532916 0.0007971495
0.1472035 0.0008184442
0.1245847 0.0008292866
0.1363026 0.0008782504
0.1541892 0.0008336822
0.1459813 0.0007879887
0.1546713 0.0007839718
0.141146 0.0007418267
0.1629126 0.000852818
0.1648285 0.0007513435
0.1565898 0.0008226208
0.188146 0.000801559
0.1891352 0.0007899695
0.1752246 0.0007893516
0.1309518 0.0007867528
0.1199511 0.0007019507
0.1135079 0.0007231169
0.114525 0.0006579777
0.1177916 0.0005810849
0.1608127 0.0005423573
0.1289204 0.0005961104
0.1490637 0.0005446157
0.1365574 0.0006247118
0.1660547 0.0006157599
0.1496476 0.0005300923
0.1639932 0.000582032
0.1598086 0.0006304807
0.1709734 0.0006344961
0.19047 0.0006916344
0.1655666 0.0007537491
0.1566814 0.0006750374
0.1257046 0.0006968093
0.1582819 0.0007108695
0.1907282 0.0007000569
0.2342957 0.00074056
0.2242152 0.0007030302
0.2546444 0.000682036
0.2908271 0.0007339764
0.2612117 0.0007414695
0.2457707 0.0006920021
0.2157271 0.0006819636
0.2016437 0.0005939335
0.1957098 0.0005946092
0.1861098 0.0005862288
0.2169419 0.0006338111
0.2213834 0.0006209309
0.2193325 0.0005787024
0.2198853 0.0005174291
0.2505399 0.0005538129
0.2812712 0.0004660323
0.2574422 0.0005149439
0.2314965 0.0005134334
0.2133942 0.0005557128
0.2131032 0.0005532352
0.1963974 0.000553824
0.2058828 0.0005329712
0.1744574 0.0005890605
0.2146888 0.0005997717
0.2168904 0.0005412039
0.2088875 0.0005185173
0.202926 0.0004954232
0.2130339 0.0004273646
0.2029502 0.0003746511
0.2521978 0.000331276
0.296444 0.0002990318
0.2532668 0.0003182295
0.2866126 0.0003300628
0.2821197 0.0003270247
0.2937245 0.0003214134
0.3161568 0.0003764399
0.3439898 0.0003984912
0.3348997 0.0003841185
0.3133382 0.0004025812
0.3345022 0.0004069063
0.320684 0.0004970598
0.2956421 0.0004954358
0.2970702 0.0004575687
0.2733648 0.0004642624
0.2423269 0.000496648
0.2230087 0.0005065652
0.1988425 0.000537102
0.2082651 0.0004716583
0.2327729 0.0004685488
0.2121606 0.000548309
0.2252887 0.0006429542
0.2146561 0.0005796598
0.2257398 0.0005799844
0.2123398 0.0006046131
0.1895439 0.000588383
0.2111574 0.0006684908
0.2048734 0.0005982357
0.2117817 0.0006198833
0.237645 0.0005270199
0.2350991 0.0005378255
0.2260566 0.0005013014
0.2137672 0.0005759557
0.2337368 0.0005728226
0.2294188 0.0004935691
0.2309418 0.0004787435
0.2386746 0.0005638799
0.2403731 0.0005802397
0.2898045 0.0005858196
0.3111853 0.0005855943
0.324951 0.0006258655
0.3278678 0.0007048951
0.338844 0.0006118161
0.3477725 0.0005378354
0.3555826 0.0005301835
0.3696799 0.000504084
0.3271007 0.0005155243
0.3323799 0.0004684856
0.374743 0.0004760698
0.3899729 0.0005113294
0.369588 0.0006062919
0.3455169 0.0006605122
0.3114604 0.0006445831
0.3328889 0.0006422523
0.3628473 0.0006430702
0.3349897 0.0006488967
0.3322493 0.0006617036
0.3344582 0.0007490695
0.3401075 0.0006996145
0.3446823 0.0006981139
0.3542414 0.0006950749
0.3714005 0.0006487245
0.3961222 0.0006454947
0.390329 0.0006725004
0.3603381 0.0007858629
0.3471117 0.0008121083
0.3771424 0.0008927623
0.4005266 0.0009151288
0.3763975 0.0008288927
0.3730527 0.000784192
0.3429352 0.0008316994
0.334084 0.0008751186
0.3345042 0.0007676119
0.3458663 0.0008263824
0.4107668 0.000853653
0.4140589 0.0007748059
0.4132043 0.0006529531
0.4390929 0.000706696
0.4351624 0.0006829428
0.4335782 0.0006265981
0.4206991 0.0006197592
0.4337748 0.0006703106
0.425921 0.0006694545
0.4162033 0.0006702136
0.388829 0.0007306142
0.3229919 0.0008054908
0.2895422 0.0007439775
0.3263355 0.000660819
0.3506822 0.0006817902
0.3395988 0.0006959183
0.3041252 0.0007609059
0.2692263 0.0007771673
0.2916363 0.0006987375
0.2943076 0.0005717737
0.3325727 0.0005963106
0.3222632 0.0006604415
0.3333765 0.0006839254
0.3659073 0.0006948879
0.3535957 0.0006799623
0.3260586 0.0007038577
0.3696556 0.0006771894
0.3672409 0.0006626663
0.3601387 0.000608765
0.3761532 0.0007191601
0.3504481 0.0006958641
0.3348023 0.0008280472
0.3281141 0.0008351684
0.3094635 0.0008475484
0.3420633 0.0008730595
0.3493577 0.000808999
0.3322095 0.0008005852
0.3150994 0.0007593539
0.3357748 0.000646845
0.3689722 0.000637765
0.3682039 0.0006756135
0.3031492 0.0006203554
0.2868332 0.0007320582
0.2353654 0.0007129318
0.2630054 0.0007907753
0.2633259 0.0008136965
0.2963253 0.000793555
0.3242859 0.000739724
0.3700674 0.0007469444
0.3607014 0.0007992962
0.3759282 0.0006792652
0.3770186 0.0006244729
0.324709 0.0006316495
0.3466443 0.0006534736
0.351478 0.0007397437
0.3279345 0.0007221768
0.2914897 0.0007171156
0.3122068 0.0007699471
0.3676681 0.0007708263
0.3537176 0.0007632539
0.3572208 0.0007534204
0.3994273 0.000801052
0.3991666 0.0007212142
0.3755147 0.0007817698
0.3786126 0.0007533766
0.406175 0.0008607477
0.4032201 0.000873618
0.3427379 0.0009073341
0.3967272 0.0007738592
0.3667187 0.0007192458
0.3475404 0.0007248404
0.3621322 0.0007775927
0.3413942 0.0008073616
0.3462799 0.0007395137
0.3583296 0.0007868348
0.324639 0.0007625224
0.3204556 0.0007830984
0.3378116 0.0009274948
0.3448902 0.0009275297
0.3174554 0.000809827
0.2615799 0.0007668744
0.230652 0.000776645
0.27625 0.0006851205
0.2766777 0.0007321164
0.2546538 0.0006766842
0.2728921 0.0007373087
0.3207121 0.000660751
0.3386302 0.000665615
0.3330974 0.0006417004
0.3400871 0.0006036795
0.3312628 0.0006068105
0.2780361 0.0006311477
0.254247 0.0006331131
0.279016 0.0005397568
0.2968649 0.0005353422
0.3213891 0.0005102823
0.3003375 0.0005291274
0.2718329 0.0005111557
0.2879601 0.0005556722
0.3240663 0.0004427179
0.355126 0.0004319559
0.3286274 0.0003959072
0.3074956 0.0004234284
0.311247 0.0003812822
0.3025723 0.0003499148
0.2990692 0.0003258355
0.3080586 0.0003382601
0.2708961 0.0003432883
0.2654815 0.0003588395
0.2510702 0.0003644062
0.2139132 0.0003809334
0.2166872 0.0004350504
0.1981382 0.0004178701
0.187054 0.000455392
0.1968763 0.0004177567
0.2025665 0.0003574841
0.2472749 0.0003680578
0.2305722 0.0004312644
0.1953422 0.0004217731
0.1835004 0.0004940313
0.1723017 0.00048999
0.1770569 0.0004926362
0.1705187 0.0004766496
0.1696628 0.0005690823
0.1958004 0.0005446171
0.1773127 0.0004517947
0.1722279 0.0004696366
0.1373139 0.0005059223
0.106405 0.0004934935
0.1024941 0.0005415059
0.1183019 0.0004855129
0.1151988 0.0004592046
0.0895824 0.0004975184
0.0900155 0.0005005946
0.1073361 0.0005411071
0.1015234 0.0005485598
0.09092183 0.0005801948
0.09691408 0.0005634822
0.06561802 0.0005842716
0.07056501 0.0006742919
0.0651286 0.000702704
0.1056464 0.0008201423
0.1019346 0.0008314648
0.1169866 0.0007930067
0.1050502 0.0007272293
0.1047574 0.0006380748
0.08386217 0.000633811
0.1099657 0.0006079199
0.1101928 0.0005795165
0.1417439 0.000578113
0.1181166 0.0005914651
0.1468776 0.0005755966
0.1848708 0.0005662017
0.2212793 0.0005823937
0.2068035 0.0005736707
0.2036688 0.0006146366
0.2020509 0.0006903216
0.1779894 0.0007337603
0.1720114 0.0008088593
0.1851927 0.0007567862
0.1668062 0.0007650085
0.1663704 0.0008608399
0.155343 0.0008873425
0.1296168 0.0008607417
0.09748215 0.0008422906
0.1178067 0.00085412
0.09949208 0.0009367724
0.104749 0.0008271635
0.1200666 0.000727224
0.118859 0.0007117599
0.1310338 0.0007969545
0.1280346 0.0007855204
0.09645266 0.0007337997
0.09777141 0.0005821138
0.1093779 0.0005578398
0.1182214 0.0005988946
0.1461016 0.0005555332
0.144135 0.0006222816
0.1407028 0.0005521919
0.1397126 0.0005290118
0.1652385 0.000521807
0.1262246 0.0005829308
0.1429062 0.0005800791
0.1674614 0.0005674973
0.1591757 0.0006123042
0.1260265 0.0006650266
0.1375871 0.0005694401
0.104144 0.0006338144
0.1007969 0.0006385756
0.07643548 0.0006245603
0.08454507 0.0005870601
0.1142918 0.0005380949
0.1542439 0.0005691792
0.1535567 0.0006780094
0.12964 0.000742815
0.1681303 0.0006903467
0.1658857 0.0007195992
0.1465942 0.0007055584
0.1075494 0.0007060369
0.1153825 0.0006730676
0.1644697 0.0006795453
0.2001674 0.0008198487
0.2085771 0.000781078
0.2426709 0.0007835544
0.2800099 0.0008370072
0.3097506 0.0008081356
0.2772069 0.0007964316
0.3238674 0.0007179169
0.3289097 0.0005887451
0.332894 0.0006534585
0.3365399 0.0007488874
0.3281309 0.000629422
0.3317713 0.0005894035
0.360192 0.0006078402
0.2927067 0.0006425991
0.2770953 0.0006390589
0.2940663 0.0006942291
0.3278611 0.0007096644
0.3364102 0.0007417289
0.3695565 0.0007397125
0.3591082 0.0007021202
0.3284795 0.0006997279
0.3007239 0.0006846934
0.342548 0.0007048629
0.3524778 0.000712516
0.3332022 0.000648893
0.3427186 0.0006079636
0.3564293 0.0006123664
0.3430155 0.0005430882
0.3629247 0.0004406396
0.3779618 0.0004647915
0.3295274 0.0004740358
0.313237 0.000494212
0.2848886 0.0005460356
0.3107521 0.0006197496
0.3487052 0.0005912411
0.3035261 0.000568622
0.2514786 0.0006070134
0.2460953 0.0006051121
0.2483572 0.0006152881
0.2553472 0.0006721313
0.2066145 0.0007286545
0.207493 0.0006898393
0.2187174 0.0006606589
0.2618727 0.0007143248
0.2045864 0.0006454133
0.2389321 0.0006668517
0.2268078 0.0006295069
0.2022466 0.0007262838
0.2030387 0.0008244219
0.1952299 0.0009417475
0.2106144 0.0009488794
0.1865416 0.0008294233
0.1683891 0.0008572807
0.1793442 0.0007579638
0.1859571 0.0008237239
0.1939111 0.0009911549
0.2239555 0.0009503691
0.2164191 0.001078151
0.2439228 0.0009491014
0.251982 0.000793165
0.2677196 0.0007785586
0.2392029 0.000781781
0.2498432 0.0007241606
0.29491 0.0007128734
0.277227 0.0006750449
0.2330049 0.0007584904
0.2414414 0.0007847152
0.2690991 0.0007772954
0.2780674 0.0007842345
0.315014 0.0007393097
0.3268399 0.0007350396
0.2990385 0.0007470816
0.2849319 0.0006998367
0.2718491 0.0006175849
0.2902416 0.0006594949
0.283228 0.0005601375
0.2522789 0.0006273565
0.2423417 0.0006429616
0.2538863 0.0005120054
0.2481918 0.0005975513
0.2016445 0.0005905725
0.2074988 0.0005448272
0.2063483 0.0005129424
0.174055 0.0005800937
0.1932974 0.0005851092
0.1968369 0.0005668328
0.2148185 0.0006185314
0.1911461 0.0006796517
0.1842919 0.0007368104
0.2093738 0.0007163401
0.2297423 0.0006711977
0.2542996 0.0006815565
0.2563403 0.0006926211
0.2961298 0.0006395309
0.3228355 0.0005906652
0.2917456 0.000615221
0.3258538 0.0005697858
0.3096863 0.0005406897
0.3133791 0.00053454
0.2815754 0.0005334772
0.2696419 0.0004896388
0.2402833 0.0004948084
0.276299 0.0005664312
0.2321481 0.0005706327
0.2304806 0.0005890375
0.2370396 0.0006256834
0.2110808 0.0006076675
0.1621811 0.0005848813
0.1679351 0.0005847313
0.2175102 0.0006867607
0.1929069 0.0006569168
0.2298009 0.0005998453
0.2958529 0.0006358503
0.3312922 0.0007103709
0.4015684 0.0007652141
0.4021888 0.0008762951
0.3215341 0.0008147846
0.3682014 0.000822425
0.3794908 0.0007334479
0.3715001 0.0006688359
0.3880244 0.000652805
0.3846934 0.0006127239
0.3941036 0.0005906522
0.424941 0.000608756
0.4574276 0.0006102913
0.4801167 0.0005365772
0.4424238 0.0006011533
0.4378441 0.0005421115
0.4125454 0.0005210015
0.3721422 0.0004956247
0.3903925 0.0004680655
0.383544 0.0004640815
0.3793647 0.0004741882
0.3529231 0.0004360822
0.3670733 0.0003915475
0.4244201 0.0003698138
0.4173898 0.0004323483
0.4812359 0.0003958275
0.4648691 0.0004252937
0.4375657 0.0004234384
0.450463 0.000436764
0.4743621 0.0004190426
0.4958953 0.0004887902
0.5177678 0.000412642
0.4935054 0.000433792
0.4595597 0.0004832034
0.4533689 0.0004976048
0.4661968 0.0005558191
0.5061023 0.0006475367
0.5061151 0.000676244
0.5061274 0.0005888764
0.4851394 0.0005432885
0.4845226 0.0006326931
0.5205467 0.000620048
0.5425491 0.0006780909
0.5939965 0.0006352371
0.5915224 0.0005075257
0.5916371 0.0005233309
0.6127468 0.0005164986
0.6100561 0.0004919672
0.6099504 0.000468297
0.6088263 0.0004671906
0.6323916 0.0004357397
0.6290824 0.0004138161
0.6438703 0.0003502432
0.6456318 0.0003452863
0.6901302 0.0003390052
0.6773376 0.0003715439
0.6340373 0.0003813774
0.6523199 0.0004054141
0.6724211 0.0004194988
0.6762876 0.0004817842
0.657853 0.0004524458
0.6637465 0.0004521143
0.718046 0.0004706439
0.6959631 0.0004220535
0.6952272 0.0004415202
0.6806191 0.0003844765
0.6282289 0.0003613802
0.6465453 0.0003550509
0.622788 0.0002837744
0.5875015 0.0002692842
0.6032363 0.0002841379
0.5668797 0.000321944
0.5708284 0.0003774223
0.5885619 0.0003700542
0.6440595 0.0003434585
0.608714 0.000353307
0.5732082 0.000385211
0.5781875 0.0004109361
0.5992327 0.0003774956
0.6301019 0.0003704488
0.6265022 0.0003869178
0.6167596 0.0004058802
0.5759173 0.0003390198
0.5951575 0.0003268953
0.5846646 0.0003746792
0.6069559 0.0003998237
0.5803988 0.0004010913
0.5778097 0.0003905424
0.5502771 0.0004322504
0.5933989 0.0004153326
0.5951194 0.000458853
0.5790337 0.0004316531
0.5808761 0.000423946
0.5675153 0.0004269732
0.546618 0.0004255084
0.6148532 0.0004305343
0.6024535 0.0003963252
0.5930519 0.0004176729
0.6535337 0.0003955675
0.6492504 0.0004288431
0.6372201 0.0003819712
0.6004497 0.0003962197
0.5463432 0.000390489
0.5507837 0.0004258246
0.5244129 0.0005021837
0.4981834 0.0005268595
0.5099955 0.0005507377
0.4989013 0.0005753549
0.4611399 0.0005247543
0.4391992 0.0005184819
0.4435193 0.0005608382
0.4794189 0.000598852
0.4339352 0.000562704
0.4472064 0.0006119031
0.428906 0.0006568115
0.4608927 0.0006698393
0.41263 0.0006063962
0.4235187 0.0006079355
0.4287147 0.0006240532
0.4230641 0.0006965895
0.3954895 0.0005459511
0.3746435 0.0005539944
0.37574 0.000608757
0.3606181 0.0005950457
0.3355919 0.0005404358
0.3227501 0.0004964035
0.3092557 0.0004609986
0.321995 0.000508498
0.3128221 0.0004852899
0.2868128 0.0004882064
0.2949157 0.0004647054
0.3032469 0.0004272485
0.3148599 0.0004020761
0.2840451 0.0004437699
0.2606673 0.0004893357
0.2099246 0.0004920763
0.252319 0.0004959038
0.228283 0.0004575351
0.2122126 0.0004574958
0.1766793 0.0004438222
0.1873457 0.0004290939
0.1516656 0.0004762946
0.1762682 0.0004448901
0.2102536 0.0004590819
0.1745349 0.000417325
0.1648604 0.0004096111
0.1529865 0.0004148171
0.1933923 0.0004854433
0.2096439 0.0005084081
0.232916 0.0005010919
0.2407133 0.0004432195
0.2595059 0.0004453625
0.261238 0.0004315693
0.2935278 0.0004002221
0.3131685 0.0004704369
0.3018538 0.0004821814
0.3288362 0.0005099704
0.2829064 0.0005326892
0.2958483 0.000582827
0.2590532 0.0006002098
0.2893769 0.0005227898
0.2667939 0.0005558357
0.3085294 0.0005368053
0.2903621 0.0005868358
0.2370922 0.0005577672
0.2957002 0.0006436757
0.2845021 0.0006218846
0.3010019 0.0005327283
0.318556 0.0006053362
0.3050056 0.0006827443
0.3073655 0.0007258069
0.2990257 0.0006371462
0.3332315 0.0005900855
0.3859713 0.0006388784
0.4068417 0.0006357795
0.4225024 0.000634916
0.4615697 0.0006819606
0.4498583 0.0007173736
0.4663886 0.0006194196
0.4503899 0.0006443994
0.4527078 0.0006455777
0.4895338 0.0005627874
0.4929185 0.0005626447
0.5002853 0.0004783914
0.5072656 0.0004817733
0.4970571 0.0005450443
0.4670056 0.0005054162
0.4704818 0.0004638223
0.5018035 0.000473577
0.4939233 0.0005618659
0.4617443 0.0005717983
0.4916351 0.0005956766
0.4908949 0.0005362621
0.5122462 0.0006038997
0.5158581 0.0005413123
0.5158836 0.0005194467
0.5379891 0.0005809676
0.5602083 0.000555833
0.5533637 0.0004955971
0.6000738 0.000524884
0.5716633 0.000499933
0.5094546 0.0004723819
0.4964808 0.0004546943
0.5086934 0.0005011828
0.4886491 0.0004810895
0.443895 0.0004544383
0.5076347 0.0005371847
0.5295735 0.0005603036
0.5583579 0.0005368481
0.5680457 0.0005335274
0.5315745 0.000534781
0.4885318 0.0005139815
0.5043525 0.0005425311
0.5121514 0.0006044392
0.5328284 0.0005997126
0.4812267 0.0005914996
0.496552 0.0005338935
0.4632496 0.000485439
0.4794073 0.0004985227
0.4629226 0.0004959251
0.4388067 0.0004754173
0.4477354 0.000425076
0.4526821 0.0004832478
0.5215505 0.0005441026
0.4717102 0.0006088261
0.4945383 0.0005810722
0.4826879 0.0005070019
0.4414026 0.0004527858
0.4229615 0.0005513717
0.4738039 0.0005784766
0.4666409 0.0005996775
0.4325861 0.0006428771
0.4182933 0.0005862284
0.3866203 0.000560454
0.4030114 0.0005317595
0.3841846 0.0005959246
0.403862 0.0006136799
0.4022892 0.0005801689
0.4193645 0.0006016352
0.449313 0.0006139456
0.4538557 0.0005604571
0.4162234 0.0005197352
0.4171952 0.0005484521
0.438947 0.0005696745
0.4260689 0.0005453226
0.3921335 0.0005485251
0.4118597 0.0005546195
0.3809283 0.0004845606
0.4090846 0.0004680648
0.3627918 0.0004486732
0.3966474 0.0004217748
0.3587566 0.000400915
0.3128279 0.0003928408
0.2860208 0.0003430949
0.2969651 0.0003486172
0.3270548 0.000346342
0.3439528 0.00037708
0.3501833 0.0003707746
0.3619521 0.0003498029
0.3965292 0.0003665951
0.390342 0.0003727249
0.386725 0.0004486487
0.3610632 0.0004023682
0.338766 0.0003681029
0.3028326 0.0003558162
0.2918599 0.0004175374
0.3161438 0.0003838491
0.3001137 0.0003706041
0.2799685 0.0004344339
0.2690092 0.0004094111
0.2445604 0.0003976943
0.2424725 0.0004431314
0.2235532 0.0004341346
0.2543837 0.0004459401
0.3177332 0.0004798333
0.3308262 0.0004488301
0.3416252 0.0004070426
0.385705 0.0003637375
0.3354852 0.0004084878
0.3287212 0.000451584
0.3393182 0.0003919276
0.3102881 0.0003970819
0.3400039 0.0004315261
0.3699017 0.0004773666
0.3895081 0.0004035771
0.4283587 0.0004286068
0.4026805 0.0004545219
0.3650124 0.0005211155
0.3688147 0.0004762595
0.3498193 0.0005773858
0.4172848 0.0005344037
0.3770025 0.0005094305
0.35039 0.0005507686
0.3571452 0.0005333955
0.3750518 0.0005798805
0.3840915 0.0005702385
0.3534691 0.0005431551
0.3718547 0.0006061795
0.3583435 0.0004984766
0.3153917 0.000444947
0.2811524 0.0005080981
0.2388745 0.0005401185
0.2209726 0.0005394634
0.2276327 0.0005497869
0.2142735 0.0005768658
0.2039371 0.0005839785
0.1715944 0.0006095751
0.2027963 0.0006445194
0.2024611 0.0005901324
0.215264 0.0005521083
0.188176 0.0005243715
0.1978694 0.0005020506
0.2035432 0.0005600243
0.176171 0.0004780715
0.1800149 0.0005028027
0.2039672 0.0005223569
0.2048456 0.0005051295
0.2043529 0.0004706386
0.2308908 0.00040434
0.2408926 0.0004387864
0.2332448 0.0005274372
0.2301026 0.0006081658
0.241718 0.0005652714
0.2611568 0.0005490919
0.2510786 0.0005467625
0.2816339 0.0005360895
0.2852479 0.0004861705
0.253823 0.0005195783
0.2506917 0.0004984196
0.2475091 0.0004743482
0.2177952 0.0005279025
0.2450169 0.0005701438
0.2473497 0.0007864396
0.2730541 0.0008446504
0.2341589 0.0008457051
0.295723 0.0007924365
0.2664978 0.0007232504
0.223749 0.0007563368
0.2039582 0.0007661354
0.1837155 0.0007457561
0.18018 0.0006583234
0.1498512 0.0006118517
0.1948239 0.0005629909
0.2161554 0.0005365187
0.1827796 0.0005951018
0.1517774 0.0005952861
0.1511444 0.0005644284
0.1666251 0.0005888706
0.1813254 0.0006388494
0.1419285 0.0006924634
0.1813752 0.0008277662
0.2037229 0.0008039363
0.176094 0.0007219114
0.201123 0.0006954329
0.1984803 0.0007140224
0.2007533 0.0007199525
0.2339594 0.0007450272
0.2070235 0.0006707309
0.2056981 0.0006331414
0.1944237 0.0006747427
0.1962776 0.0006576196
0.1864717 0.0006855584
0.1893515 0.0007482038
0.2455571 0.000658611
0.212579 0.0006738207
0.1991226 0.0007157606
0.1965856 0.0008304732
0.1810471 0.0008411535
0.1780841 0.0009456394
0.1810739 0.0009323846
0.2289721 0.001036388
0.2243466 0.00106428
0.2058486 0.00107735
0.2384826 0.001013225
0.2402445 0.001005911
0.2167113 0.001004546
0.2144377 0.000899439
0.2332121 0.0008391229
0.2255895 0.000985521
0.2240864 0.0009739696
0.1919641 0.0009391646
0.166934 0.0008404955
0.148573 0.0008374671
0.1213845 0.0008645443
0.1504835 0.0009165392
0.1583995 0.0008954644
0.1158397 0.0009348966
0.1004096 0.000979907
0.1025037 0.00102978
0.1028116 0.00113825
0.1075959 0.001190421
0.1037881 0.001214503
0.1184372 0.001096738
0.1451123 0.001117821
0.1780411 0.0009766652
0.2209959 0.001022682
0.1996252 0.001110318
0.1968359 0.0009869607
0.2064244 0.000911547
0.2173668 0.0008372045
0.1648698 0.0007819295
0.1591115 0.0007955722
0.1717361 0.0009130109
0.1703755 0.0009605509
0.1917016 0.0009278904
0.1686711 0.0009142976
0.2002709 0.0009306793
0.2042235 0.0008003921
0.1801218 0.0008910895
0.1627254 0.0008337401
0.1744508 0.0008659813
0.1744423 0.0009644717
0.1813197 0.001023028
0.211665 0.001039285
0.195807 0.001013854
0.1865237 0.001117194
0.1660128 0.001151531
0.1559175 0.001010896
0.1975412 0.001059118
0.2423098 0.001062491
0.2459912 0.001005457
0.2632185 0.0008909936
0.2143287 0.0009466282
0.2039579 0.0008800052
0.1732662 0.0008479847
0.212035 0.0008286305
0.2221396 0.0007604494
0.2415558 0.0008737928
0.2635858 0.0008225123
0.2492654 0.0008902751
0.2517452 0.0008221855
0.2579287 0.0009084829
0.2289868 0.000921138
0.2439278 0.0008547105
0.2967299 0.0007165926
0.288077 0.0006959724
0.2898885 0.0006489086
0.3218653 0.0007121851
0.327942 0.0006852112
0.3480655 0.0007654237
0.3394834 0.0008091904
0.3669163 0.0008801987
0.3550735 0.001008046
0.3682511 0.001050541
0.3737051 0.001274668
0.3409521 0.001157883
0.3094226 0.001093195
0.3147478 0.001154652
0.2958492 0.001251046
0.311193 0.001335425
0.3078458 0.00140367
0.2517998 0.001381122
0.2556609 0.001416303
0.2640745 0.001454238
0.2766465 0.001413801
0.272403 0.001294319
0.2452983 0.001431334
0.2398667 0.001299361
0.2719204 0.001204082
0.2329381 0.001528024
0.2033582 0.001386432
0.2266971 0.001342754
0.2212248 0.001214473
0.2509454 0.001164714
0.201731 0.001073336
0.1669906 0.001075464
0.1589825 0.001009361
0.1719392 0.001017409
0.165431 0.0008304709
0.1644587 0.0007919919
0.1746733 0.0008312786
0.1811879 0.0007603757
0.1732493 0.0006920331
0.1275261 0.0007390212
0.1575125 0.0008103843
0.1810207 0.0007325714
0.1558397 0.000721811
0.1894442 0.0007041684
0.1805693 0.000824446
0.1730008 0.0008450607
0.165929 0.0009069628
0.1664176 0.0008985497
0.1557549 0.0008645086
0.149241 0.0009461061
0.1550519 0.0009650373
0.1601004 0.0009513173
0.1793814 0.0009540285
0.1725819 0.0008758736
0.1746023 0.0007951581
0.1758291 0.0007792504
0.1927239 0.0007066501
0.1887418 0.000725922
0.1827295 0.0008163452
0.2078698 0.0008706386
0.1979815 0.0009688281
0.2372857 0.0009067236
0.2725731 0.001069441
0.2769736 0.001134489
0.2525758 0.001188394
0.2346847 0.001307245
0.2088072 0.001301729
0.2402799 0.001252519
0.2263954 0.001277122
0.234961 0.001224818
0.2300628 0.001135413
0.2226331 0.001080511
0.2356878 0.001103153
0.2280567 0.0009702783
0.2266998 0.0009344064
0.2198158 0.0009408659
0.2419462 0.001027114
0.2488588 0.001025511
0.2362052 0.0008922578
0.2849978 0.0009998503
0.2946369 0.0008412521
0.2876557 0.0008732706
0.2934549 0.0008712488
0.3318107 0.000712784
0.2888879 0.0007313556
0.2860714 0.0006318331
0.2887687 0.000658562
0.2846125 0.0006605367
0.2497378 0.0006328202
0.2292268 0.0006399067
0.2283948 0.0006550889
0.22266 0.0007291658
0.2003446 0.000770335
0.2020598 0.0008170923
0.1792457 0.0008449538
0.1475536 0.0008639738
0.1591834 0.0008093183
0.1845679 0.0007984215
0.1954912 0.0008238377
0.1730576 0.000861066
0.2272608 0.00093304
0.2566881 0.0009007404
0.2705383 0.0008414452
0.266124 0.0006963406
0.2670887 0.0006467335
0.2683296 0.0005884632
0.2869112 0.000577737
0.2870441 0.0005222475
0.2615688 0.0004200347
0.2445751 0.0004559895
0.2395781 0.0004896089
0.2578922 0.000474218
0.2680289 0.0005566678
0.231188 0.0006282821
0.2210245 0.0006396301
0.261005 0.0007247049
0.2804464 0.0008923856
0.2697393 0.0008037355
0.2692891 0.0008390429
0.2872463 0.0008450212
0.2889541 0.0007727156
0.3109737 0.0006762178
0.3173399 0.0007062252
0.3056654 0.0006322297
0.2747272 0.0006424653
0.2678159 0.0005869939
0.3071514 0.0005355989
0.2633309 0.0005430244
0.27622 0.0005528269
0.2829928 0.0005013567
0.2680769 0.0005151609
0.2867569 0.0004998825
0.2836689 0.0004154869
0.3389797 0.0003971846
0.357909 0.0004007733
0.3422983 0.0004041087
0.3954996 0.0004436974
0.393833 0.0004350751
0.3925293 0.0004751407
0.4067042 0.0005195533
0.3908369 0.0004831661
0.4321 0.000509309
0.4553201 0.0004968491
0.4829093 0.0004687978
0.4693201 0.0004265253
0.4845131 0.0004713417
0.4587735 0.0004652016
0.4242931 0.0005189897
0.4184291 0.0004562945
0.4210326 0.0004213909
0.416516 0.0004748976
0.4620256 0.0005048919
0.4370908 0.0004914986
0.4633959 0.0005289277
0.4511808 0.0005927301
0.4352381 0.0005607404
0.3630417 0.0004584026
0.3685413 0.0004691475
0.4020587 0.0005036636
0.365799 0.0004681841
0.4081884 0.0004663022
0.4015693 0.0004912145
0.4023085 0.0004680072
0.4174983 0.0004894073
0.426356 0.0004522683
0.3981661 0.0004129789
0.427238 0.0003949064
0.383222 0.0004192334
0.4124204 0.0005470005
0.4071181 0.000597832
0.4254058 0.0005848962
0.3624047 0.0006167017
0.3733083 0.0005898921
0.3962173 0.0006088448
0.382175 0.0005988694
0.3550011 0.0005631884
0.3587541 0.0005334686
0.4334987 0.0005384346
0.4383201 0.0005445241
0.416053 0.0005328754
0.4493234 0.0005638894
0.4177737 0.0005835741
0.3968274 0.0005645271
0.464655 0.0005415434
0.4527103 0.0005976363
0.4420242 0.0005689474
0.4412611 0.0005568411
0.4496048 0.0005849519
0.4431299 0.0004850416
0.4912538 0.0004861108
0.4953767 0.0005046965
0.4717253 0.0005884738
0.4229601 0.0005388105
0.3989779 0.0004881381
0.4059651 0.0004582118
0.4301865 0.0004178237
0.4325405 0.0004092959
0.4333166 0.000430482
0.4289848 0.0004358496
0.3913943 0.0004216187
0.348085 0.0003909191
0.3987479 0.0004133037
0.3783028 0.0003635313
0.4237226 0.0003303854
0.485199 0.0003522732
0.5017169 0.0003250339
0.5600858 0.000353892
0.5193618 0.0003474195
0.4852769 0.0004062929
0.4752821 0.0004461514
0.4424957 0.0004265161
0.433974 0.0004534741
0.4599267 0.0004223035
0.4103614 0.0003974981
0.3753863 0.0004159601
0.3528041 0.0004911989
0.3435245 0.0004808234
0.3247888 0.000556253
0.3334928 0.0006333759
0.3297567 0.0006709637
0.3335639 0.0006858925
0.3429604 0.0007943081
0.3255172 0.00078311
0.296915 0.0008421783
0.3417615 0.000798391
0.3254555 0.0008395273
0.3481019 0.0008966308
0.3624934 0.0008597559
0.3613612 0.000922737
0.3765025 0.000965381
0.3059856 0.0009045597
0.3178266 0.0007949231
0.3056259 0.0007685874
0.2634957 0.0007761742
0.2649219 0.000769011
0.2605449 0.0007337545
0.2808786 0.0007551996
0.2522192 0.0008861776
0.2422515 0.0008227686
0.2316565 0.0007842321
0.2293957 0.0007595229
0.2234941 0.0009255737
0.2399297 0.0008617764
0.2487873 0.0007757104
0.2463367 0.0007430175
0.285164 0.0007177772
0.2770712 0.0007705648
