0.003113424
0.003015897
0.002851598
0.002743261
0.00259526
0.00257924
0.002630643
0.002601344
0.002400258
0.002427643
0.002392391
0.002182434
0.002035583
0.002026727
0.001984734
0.002008224
0.001953357
0.001941003
0.001879652
0.001954547
0.001942575
0.00198817
0.001992022
0.001934694
0.001932568
0.001765751
0.001845911
0.001709169
0.001799763
0.001743256
0.001691435
0.001760649
0.001775353
0.001815305
0.001808901
0.001840179
0.001974757
0.001939476
0.001883688
0.001924827
0.001785196
0.001886403
0.001827564
0.001807398
0.001754151
0.001759433
0.001765436
0.001720973
0.00174294
0.001664757
0.001647825
0.001650466
0.001614755
0.001556353
0.001614761
0.001602866
0.001583464
0.001505592
0.001588001
0.00166443
0.001659889
0.001721981
0.001750514
0.00174467
0.001760097
0.001743075
0.001626584
0.001690999
0.001647603
0.001614134
0.001577849
0.001424728
0.001345282
0.001274488
0.001343361
0.001287695
0.001198288
0.001226925
0.001266259
0.00122044
0.001145624
0.001055988
0.001048319
0.001060497
0.001031423
0.001004919
0.000933567
0.0009556984
0.0009387978
0.0009515261
0.000923704
0.0009498756
0.000964827
0.0009756281
0.0009489828
0.0008842278
0.0009701893
0.0009258342
0.0008928349
0.0008936754
0.0008764944
0.0008843302
0.0008450453
0.0008197846
0.0007292432
0.0007242586
0.000698861
0.0007521598
0.0007536052
0.0007435509
0.0007568929
0.000769588
0.0007694484
0.0008025103
0.000818472
0.000771814
0.0007517285
0.000749183
0.0007204636
0.0007279301
0.0007336475
0.0007640442
0.000762287
0.0007732117
0.000769994
0.000854084
0.0008610143
0.0008612338
0.0008399859
0.0007958785
0.0008063915
0.0008184893
0.0008026159
0.0008116149
0.00084653
0.0008441572
0.0007784975
0.0008422483
0.0008412947
0.000814179
0.0007930859
0.0008045016
0.0007352234
0.0007359668
0.0007441135
0.0007167019
0.00066774
0.0006645296
0.0006150459
0.0006060278
0.0006061565
0.0006233253
0.00069705
0.0006947701
0.0006638938
0.0006825201
0.0006718906
0.0006616204
0.00066226
0.0006325924
0.0006515315
0.0006031765
0.0006032398
0.0005782979
0.0005672925
0.0005726096
0.000567905
0.0005533575
0.0005485918
0.0005389199
0.0005464149
0.0005259632
0.0005398105
0.0005184879
0.0005213876
0.0004832822
0.0004890108
0.0004794314
0.0004962968
0.0005448072
0.0005494404
0.0005343926
0.0005543536
0.0005369875
0.0005374374
0.0005241109
0.0005479961
0.0005224025
0.0005163101
0.0005025687
0.0005131813
0.0004933785
0.0005069156
0.0005007224
0.0005109867
0.0004884253
0.0004898916
0.0005003
0.0005031148
0.0004844216
0.0004856989
0.0004951019
0.0005074386
0.0005207924
0.0004782823
0.00049386
0.0004668259
0.000445681
0.0004518823
0.0004257256
0.0004288753
0.000422355
0.0003937138
0.0003997928
0.0003908049
0.0003877431
0.0003888761
0.0003969868
0.0003703352
0.0003661079
0.0003535317
0.0003855104
0.0004080325
0.0003925728
0.0004195952
0.0003915196
0.0004009301
0.0004038846
0.0004093498
0.0004341276
0.0004039989
0.0004134414
0.0004079956
0.000399324
0.0004119916
0.0004020665
0.0004149833
0.0004220431
0.000410922
0.0004239268
0.0004277153
0.0004446736
0.0004419029
0.0004473931
0.0004408562
0.0004342408
0.0004183714
0.0004351841
0.0004310614
0.0004148401
0.0004168537
0.0004067517
0.0003662073
0.0003575457
0.0003312147
0.0003252331
0.0003139164
0.0003009739
0.0002933044
0.0002867834
0.0002868324
0.0003061269
0.0002948388
0.000289085
0.0002831782
0.0002908301
0.000285088
0.0002871506
0.0002837841
0.0002916216
0.0002992641
0.00030246
0.0002936279
0.0002980555
0.0002824233
0.0002862618
0.0002601384
0.0002633683
0.0002489887
0.0002510317
0.0002697667
0.0002827222
0.0002874961
0.0003179064
0.0003263525
0.0003073107
0.0003117394
0.0003173072
0.0003071834
0.0003054022
0.0003101414
0.0003103854
0.0003137906
0.0003260211
0.0003289295
0.0003190187
0.0003155093
0.0003202555
0.0003206871
0.0003218719
0.0003090592
0.0003056339
0.0002974633
0.0002986867
0.0002854938
0.0002676731
0.0002820117
0.0002724754
0.0002779258
0.0002642572
0.0002568532
0.000272685
0.0002959079
0.0003051898
0.0003174624
0.0002945528
0.0003016967
0.0003072743
0.0003043428
0.0003179307
0.000317841
0.0003285481
0.0003322388
0.0003348204
0.0003352751
0.0003030686
0.0002925173
0.0002988242
0.0003027232
0.0002980496
0.0002958145
0.0002849786
0.0002842353
0.0002767282
0.0002789135
0.0002803259
0.0002680019
0.0002636606
0.0002632995
0.0002569018
0.0002728536
0.0002788919
0.000294761
0.0003064911
0.0002942281
0.000310808
0.0003075171
0.0002965223
0.000286575
0.0002760612
0.0002620972
0.0002672144
0.0002815743
0.0002840077
0.0002819694
0.0002925766
0.0002931417
0.0003061988
0.0003049514
0.000324204
0.0003250216
0.0003256614
0.0003196148
0.0003245727
0.0003268826
0.0003221846
0.0003239128
0.000316415
0.0003270635
0.0003324487
0.0003260541
0.0003132822
0.0003269287
0.0003194117
0.000336793
0.0003362763
0.0003646717
0.0003500737
0.0003573371
0.0003691952
0.0003664732
0.0003782878
0.0003789784
0.0003889902
0.0003857386
0.0003904126
0.0004062821
0.0004204087
0.0004246644
0.0004536361
0.0004493452
0.0004130204
0.0004098246
0.0004273281
0.0004044724
0.0004058385
0.0004041818
0.0004400813
0.0004663727
0.000465817
0.0004860405
0.0004961661
0.0004902159
0.0005089886
0.0004846884
0.0004799053
0.0004851961
0.0004676971
0.0004488275
0.0004295785
0.0004333047
0.0004480863
0.0004441638
0.0004242093
0.0003976323
0.0004039252
0.0003950568
0.0004186245
0.0003983193
0.0003715293
0.0003771462
0.0003743689
0.000350766
0.0003541962
0.0003439689
0.0003543221
0.0003426953
0.0003377793
0.0003356385
0.0003438055
0.0003576842
0.0003627645
0.0003714849
0.0003733132
0.0003571581
0.0003469074
0.0003593952
0.0003449632
0.0003590155
0.0003540641
0.0003523901
0.0003555826
0.0003492768
0.0003194338
0.0003164371
0.0003435307
0.0003548688
0.0003476281
0.0003387109
0.0003352965
0.0003299086
0.0003327936
0.0003223771
0.0003394302
0.0003538506
0.0003419776
0.0003557367
0.000367995
0.0003834741
0.0003888287
0.0003802671
0.0003982496
0.0004129308
0.0004375964
0.0004570352
0.0004552058
0.0004548685
0.0004575786
0.0004699577
0.0004537153
0.0004736726
0.0004684158
0.0004637543
0.0004879545
0.00047888
0.0004875331
0.0005094749
0.0005237222
0.000516165
0.0005060383
0.0004984162
0.0004949296
0.0005205112
0.0005296343
0.0005338381
0.0005491287
0.0005668388
0.0005876756
0.0005878053
0.0005540062
0.0005604248
0.0005440704
0.0005523778
0.0005851638
0.000535669
0.0005352779
0.0005755261
0.0005786812
0.0005505404
0.0005537213
0.0005606661
0.0005400682
0.0005252055
0.0005067243
0.0005101632
0.0005575666
0.0005514327
0.0005846873
0.0006070858
0.0005692532
0.0005528016
0.0005390226
0.0004836782
0.0004341855
0.0004478212
0.0004660603
0.0004524631
0.0004747896
0.0004504564
0.0004460134
0.0004200608
0.0004013785
0.0004128709
0.0004107639
0.0004304153
0.0004110944
0.0004375773
0.0004294096
0.0004117479
0.0003994235
0.0003736957
0.0003877507
0.0003808902
0.0003973283
0.0003922165
0.0003792638
0.0003819565
0.0003660149
0.0003636847
0.0003654913
0.00036286
0.0003765579
0.0003663322
0.0003558607
0.0003564791
0.0003568596
0.0003768607
0.0003762302
0.0003865601
0.0003973181
0.0003885896
0.0004097672
0.0004193219
0.0004127085
0.0004192688
0.0004102153
0.0004072829
0.000396695
0.0003797382
0.0003719629
0.0003989667
0.0003827694
0.0003779103
0.0003925733
0.0003930114
0.0003753169
0.0003886444
0.0003757411
0.0003990963
0.0004112962
0.0003909142
0.0003818454
0.0003786802
0.0003743322
0.0003694989
0.0003955358
0.0003975559
0.0004217454
0.0004004232
0.0003868187
0.0003902608
0.0004231971
0.0004161876
0.0004203036
0.0004164167
0.0003954057
0.0003774437
0.0003864724
0.0004003621
0.0003771983
0.000348992
0.0003429455
0.0003362586
0.0003221369
0.0003346857
0.0003228994
0.0003105456
0.00032268
0.0003478301
0.0003264688
0.0003065042
0.000308961
0.0002966146
0.0003190417
0.0003376203
0.0003495702
0.0003452416
0.0003326451
0.0003170964
0.0003190657
0.0003115174
0.000310899
0.0002871603
0.0002890334
0.0002731467
0.0002707211
0.0002824899
0.0002818046
0.0002706098
0.0002765395
0.0003033241
0.0002967803
0.0002884311
0.0003102781
0.0003359221
0.0003344415
0.0003403016
0.0003639067
0.0003586325
0.0003492435
0.000344974
0.0003305021
0.0003417209
0.0003419995
0.0003549992
0.0003334808
0.0003356975
0.0003279382
0.0003394204
0.000331708
0.0003205648
0.0003178634
0.0003131263
0.0003227842
0.0003195884
0.0003242352
0.0003182198
0.0003206964
0.000326654
0.000307549
0.0003164599
0.0003312929
0.0003171019
0.0003250357
0.0003174552
0.0003074298
0.000299737
0.0003091824
0.0003178256
0.000314513
0.0003307504
0.0003285106
0.0003386467
0.0003413738
0.0003325853
0.0003414589
0.0003655323
0.0003591522
0.0003645459
0.0003710595
0.0003729513
0.0003841038
0.0003941032
0.0003837597
0.0003645664
0.000366348
0.0003643094
0.0003736351
0.000371622
0.0003966499
0.0003985219
0.0004031491
0.0003977524
0.0003792356
0.0003561639
0.000337943
0.0003284067
0.000350778
0.0003465712
0.0003413449
0.0003397727
0.0003302134
0.0003246777
0.0003388571
0.0003541223
0.0003465948
0.0003516676
0.0003746346
0.000386041
0.0004016941
0.0004144882
0.0003990108
0.0004005252
0.0004103505
0.0003957619
0.0003772959
0.0003791754
0.000402182
0.0004029009
0.0004072637
0.0003953349
0.0004054388
0.0003868533
0.0003893939
0.0003689979
0.0003765311
0.0003686907
0.0003561682
0.0003573778
0.0003533031
0.0003332847
0.0003298916
0.0003119073
0.0002939005
0.0002806986
0.0002664042
0.0002679052
0.0002676306
0.0002570959
0.0002664815
0.0002665679
0.0002664526
0.0002639213
0.0002630947
0.0002967417
0.0002910879
0.0002939769
0.0002710697
0.000270231
0.0002670503
0.0002741927
0.0002837518
0.000276552
0.0002631652
0.0002648894
0.0002521956
0.0002681399
0.0002699006
0.000286054
0.0002837179
0.0002854388
0.0002929641
0.0002777728
0.0002613243
0.0002669181
0.0002480645
0.0002611148
0.0002619464
0.0002590494
0.000254438
0.0002540538
0.0002499036
0.0002499746
0.0002534268
0.0002565745
0.0002444756
0.0002448729
0.0002302086
0.0002236613
0.0002207454
0.0002169527
0.0002153338
0.0002350129
0.0002462283
0.0002273837
0.0002370976
0.0002426118
0.0002146784
0.0002150367
0.0002142911
0.000230339
0.0002311483
0.0002267829
0.0002278767
0.0002304672
0.0002220218
0.0002322308
0.00023268
0.0002261065
0.0002163716
0.0002139633
0.0002228363
0.0002218362
0.0002131024
0.000211842
0.0002129271
0.0002211922
0.0002200844
0.0002129419
0.0002170035
0.000209697
0.0002078307
0.0002085471
0.0002252655
0.0002297978
0.0002294581
0.0002243144
0.0002268601
0.0002150398
0.0002322169
0.0002193815
0.0002261901
0.0002284612
0.0002341092
0.0002400883
0.0002260722
0.0002172603
0.0002071602
0.0002177729
0.0002090215
0.0002025499
0.000205776
0.0002073762
0.0002048025
0.0002066124
0.0002172674
0.0002168566
0.0002185232
0.0002069142
0.0002184916
0.0002206838
0.0002325337
0.00023506
0.0002282772
0.000227902
0.000223356
0.0002310681
0.0002276691
0.0002418527
0.0002531668
0.0002501386
0.0002494139
0.0002462358
0.000236346
0.0002446493
0.0002489167
0.0002602344
0.0002720363
0.0002674801
0.0002649876
0.0002783884
0.0002640944
0.0002541166
0.0002403553
0.0002344629
0.0002150588
0.000211738
0.0002144363
0.0002364163
0.0002357447
0.0002202566
0.0002202857
0.0002294454
0.0002236452
0.000222406
0.0002204647
0.000228651
0.0002242681
0.0002322894
0.0002378604
0.0002414696
0.0002499022
0.0002555475
0.0002580706
0.0002421289
0.0002360003
0.0002344785
0.0002381423
0.0002242731
0.000227153
0.0002371809
0.00022689
0.0002181673
0.0002182949
0.0002243047
0.0002148259
0.0002198348
0.0002168333
0.0002266503
0.0002437802
0.0002407953
0.0002453643
0.0002494518
0.0002361113
0.0002464261
0.0002533944
0.0002466206
0.0002462179
0.0002735135
0.0002813832
0.0002743832
0.0002802767
0.000261113
0.0002469666
0.0002427968
0.0002547607
0.0002442854
0.0002558821
0.0002515418
0.000264343
0.0002632367
0.0002672563
0.0002890325
0.0003015941
0.0003104429
0.0003206232
0.0003127526
0.000311056
0.0003350498
0.0003311234
0.0003345095
0.0003383433
0.0003275397
0.0003353766
0.0003177169
0.0003196598
0.0003249021
0.000341149
0.0003607667
0.0003722587
0.0003751042
0.0003755283
0.000364631
0.0003703105
0.0003645734
0.000354229
0.0003581344
0.0003466302
0.0003525406
0.00036409
0.0003466757
0.0003506516
0.0003471645
0.0003612906
0.0003493858
0.0003700426
0.0003567789
0.0003620843
0.0003673597
0.0003664125
0.0003770654
0.0003788093
0.000377108
0.0003487161
0.0003612089
0.000343861
0.0003625156
0.0003900981
0.0003711702
0.000391312
0.0003871283
0.0003826795
0.0003746306
0.0003709733
0.0003665212
0.0003957067
0.000412069
0.0004100718
0.0004152489
0.0004229508
0.0004019546
0.0003943239
0.0004017607
0.0004011167
0.0003806987
0.0003995332
0.0004072754
0.0003657625
0.0003670434
0.0003843335
0.0003819884
0.0004127235
0.0003941457
0.0003936641
0.000399064
0.0003922994
0.000377091
0.0003816119
0.0003869935
0.0003851203
0.0003844224
0.0003701476
0.0003842278
0.0004225415
0.0004544215
0.0004193261
0.000420536
0.0004157816
0.0004154707
0.0003943394
0.0003702431
0.0003696126
0.0003645405
0.0003582228
0.0003508303
0.0003447548
0.0003334341
0.0003254902
0.0003181051
0.0003123507
0.0003184611
0.0003255554
0.0003319
0.0003169778
0.0003133903
0.0003077941
0.0003109207
0.0003120859
0.0003169673
0.0003071951
0.0002903576
0.0003208143
0.0003178337
0.0003076572
0.0003071578
0.0002944596
0.0002963205
0.0003155635
0.0003133876
0.0003204423
0.0003288256
0.0003146656
0.0003312783
0.000312907
0.0003026027
0.0002891637
0.0003048368
0.0003131294
0.0003227735
0.0003153932
0.0003145565
0.0003183995
0.0003363425
0.0003628055
0.0003546255
0.0003413297
0.0003618781
0.0003598993
0.0003824573
0.0003699427
0.0003730031
0.0003646706
0.0003637035
0.0003879334
0.0003882906
0.0004148175
0.0004166397
0.0004103
0.0004283563
0.0003951922
0.0003921498
0.0003999288
0.0003795566
0.0003506844
0.0003628711
0.0003678396
0.0003762366
0.0003768916
0.0003661584
0.0003653461
0.0003745103
0.0003654755
0.000370753
0.000365715
0.0003624704
0.0003517666
0.0003706625
0.0003490162
0.0003905756
0.0003901151
0.0004014045
0.0004075368
0.0004195394
0.0004095002
0.0004065779
0.000403317
0.0004063122
0.0003918612
0.0003857485
0.0003895348
0.0004057966
0.0004147075
0.0003886231
0.0003883725
0.0003975058
0.0003931483
0.0003873324
0.0003913732
0.0003956574
0.0003924836
0.0003584165
0.0003567141
0.0003725957
0.0003674983
0.0003906633
0.0003942488
0.0003870291
0.0003973389
0.0003792449
0.0003541336
0.0003682959
0.0003729436
0.0003515935
0.000355694
0.0003477658
0.0003481288
0.0003444073
0.0003461833
0.0003608433
0.0003585107
0.0003435534
0.0003593695
0.0003589826
0.0003514838
0.0003544611
0.000367486
0.0003640019
0.0003683244
0.0003646662
0.0003779839
0.0003950459
0.0004036872
0.0004198869
0.0004485318
0.0004493887
0.0004474359
0.0004738253
0.0005155319
0.0004851072
0.0004683434
0.000462082
0.0004756385
0.0004931054
0.0004724165
0.0004340321
0.0004426474
0.0004252081
0.0004264948
0.0004235628
0.0004354032
0.0003980173
0.0004102263
0.0004216568
0.0004107428
0.0004350364
0.0004208279
0.0004261789
0.0004438056
0.0004260971
0.0004063702
0.0003930665
0.0004078578
0.0004129958
0.0004184264
0.0004120462
0.0004038551
0.0004096997
0.0004091256
0.0003899264
0.0003862117
0.0003844684
0.0003554092
0.0003403019
0.0003506112
0.0003531629
0.0003749632
0.0003597549
0.0003576739
0.0003455152
0.0003268181
0.0003228787
0.0003264378
0.0003131657
0.0003229517
0.0003258407
0.0003268433
0.0003512342
0.0003369095
0.0003381744
0.0003432802
0.0003384006
0.0003248174
0.0003410588
0.0003351072
0.0003407271
0.0003296746
0.0003211062
0.0003161143
0.0003209079
0.0002925826
0.0003097914
0.0003089921
0.0003133269
0.0002995057
0.0003056977
0.0002996381
0.000314705
0.0003070754
0.0003083147
0.0003061409
0.0002951392
0.0002926154
0.0002940267
0.0002805409
0.0002955276
0.0003080707
0.0003190754
0.0003207104
0.0003160208
0.0003284284
0.0003439466
0.0003109935
0.0003095291
0.0003335253
0.0003419146
0.0003453448
0.0003658242
0.0003571402
0.0003725784
0.0003639283
0.0003587732
0.0003303536
0.0003398076
0.000343236
0.0003471881
0.0003850626
0.0003818408
0.0003761237
0.0003716685
0.000351638
0.0003398674
0.0003423462
0.0003676028
0.0003796942
0.0003738987
0.0003959538
0.0003853028
0.0003786805
0.0004086006
0.0004054486
0.0004038588
0.0003901284
0.000373861
0.0003525033
0.0003393065
0.000317229
0.0003280004
0.0003488273
0.0003594438
0.0003540093
0.0003498393
0.0003490101
0.0003383798
0.0003238158
0.0003333518
0.0003305421
0.000323592
0.0003204021
0.0002964628
0.0002896398
0.0003020935
0.0003065564
0.0003042354
0.0003114635
0.0003155388
0.0002957998
0.0002996578
0.000285657
0.0002881116
0.0002942401
0.0003011179
0.0002958975
0.00027799
0.0002867015
0.0002904322
0.0002922124
0.0002918881
0.0003291357
0.000318492
0.0003344431
0.0003311474
0.0003270179
0.0003282634
0.0003133742
0.0003199573
0.0003243525
0.0003322844
0.0003329199
0.0003406767
0.0003427465
0.0003501352
0.000353919
0.00036506
0.0003520183
0.0003659109
0.0003505424
0.0003535985
0.0003426646
0.0003199678
0.0003117142
0.0003128868
0.0003224969
0.0003257623
0.0003303456
0.000346047
0.0003490751
0.0003393723
0.0003307221
0.0003320079
0.0003284124
0.0003288919
0.0003532877
0.0003454376
0.0003508606
0.0003737082
0.000350164
0.0003424777
0.0003459626
0.0003602833
0.000362074
0.0003426288
0.0003611279
0.0003460405
0.0003446172
0.0003427245
0.0003434671
0.0003569572
0.0003435326
0.0003660217
0.0003723431
0.0003790017
0.0003988168
0.0003906164
0.0003717039
0.0004009486
0.0003970223
0.0003935986
0.0003986052
0.0004228877
0.000404378
0.0003999812
0.0003905676
0.0003857305
0.0004060477
0.0004009827
0.0004301075
0.0004012157
0.0004140513
0.0004038581
0.0004099994
0.0004144831
0.0004475685
0.0004497889
0.0004283748
0.0004231255
0.0004285395
0.0004091299
0.0004027962
0.0003835737
0.0003843184
0.0004093957
0.0003952884
0.0003900274
0.0003972866
0.0004513682
0.0004661056
0.0004606056
0.0004660622
0.0004624252
0.0004601358
0.0004591748
0.0004642692
0.0004610026
0.0004936023
0.0004974535
0.0004747905
0.0004576451
0.0004878951
0.0005118329
0.0005572377
0.0005540678
0.0005377936
0.0005437659
0.00052662
0.0005310849
0.0005431257
0.0005666826
0.0005312093
0.0005258355
0.000578304
0.0005589212
0.0005655644
0.0005864904
0.000569216
0.0005469618
0.0005539813
0.0005440538
0.0005251078
0.0004966253
0.0004857605
0.0004844245
0.000486305
0.0004784694
0.0004930332
0.0004654514
0.0004414159
0.0004518739
0.000458881
0.000467644
0.0004648564
0.0004777543
0.0004622496
0.0004431027
0.0004623224
0.0004628441
0.0004808811
0.0004431435
0.0004589798
0.0004643675
0.0004863521
0.0004823057
0.0004418459
0.0004221613
0.0004343829
0.0004045956
0.0004172025
0.0004318096
0.0004328447
0.000437411
0.0004314256
0.0004354504
0.000415652
0.0004029753
0.0004161283
0.0003908211
0.0003876016
0.000405596
0.0003938019
0.0004154111
0.000401808
0.0003745713
0.0003866788
0.0003658697
0.0003832163
0.0004031203
0.0004199897
0.0003943847
0.0003848244
0.0003758137
0.0003616223
0.0003683255
0.0003724968
0.0003646505
0.0003468117
0.0003611319
0.0003408364
0.0003490228
0.0003343735
0.0003372564
0.0003618548
0.0003303529
0.0003204305
0.0003245664
0.000318343
0.000341928
0.0003265726
0.0003274136
0.0003487571
0.0003442868
0.0003439436
0.0003489386
0.000328149
0.0003385184
0.0003249968
0.0003094505
0.0003276298
0.0003189367
0.0003125893
0.0003163027
0.000289422
0.0002935031
0.0002863377
0.0002797907
0.0002872927
0.0002847308
0.0002846062
0.0002747381
0.000281305
0.0002814702
0.0002762536
0.0002737292
0.0002633865
0.000255879
0.0002554416
0.000258141
0.0002641423
0.0002535669
0.0002473944
0.0002394899
0.0002393253
0.0002416744
0.0002407242
0.0002465992
0.0002387709
0.0002434416
0.0002224688
0.0002150816
0.0002063114
0.0002033847
0.0002108238
0.0002099786
0.000209795
0.0002064224
0.000210759
0.0002160885
0.0002163343
0.0002204535
0.0002219874
0.0002211304
0.0002161575
0.0002116357
0.0002071897
0.0002124511
0.0002177338
0.0002278281
0.0002165987
0.0002238794
0.000215893
0.0002163833
0.000216074
0.000206606
0.0002118158
0.0002096807
0.0002066385
0.0002037437
0.0002017902
0.00019061
0.0001886287
0.0001798213
0.0001770533
0.0001638943
0.0001717018
0.0001789844
0.0001703704
0.0001765646
0.0001854588
0.0001871626
0.0001811675
0.0001747565
0.0001744901
0.0001705903
0.000175434
0.0001715132
0.0001762129
0.0001761158
0.0001767342
0.0001589288
0.000167108
0.0001697261
0.0001669831
0.0001625483
0.0001662867
0.000173603
0.0001807268
0.0001908782
0.0001844674
0.0001903855
0.000185347
0.0001809254
0.0001830734
0.0001822002
0.0001950969
0.0001979343
0.0001920161
0.0001863798
0.0001881647
0.0001897988
0.0001876293
0.0001948049
0.0001793541
0.0001756959
0.0001741679
0.0001841879
0.0001880337
0.0001926138
0.0001878128
0.0001877994
0.0001895521
0.0001810476
0.000181914
0.0001774825
0.0001694601
0.0001657407
0.0001685623
0.0001656004
0.0001699366
0.0001687094
0.0001716653
0.0001692745
0.0001731486
0.0001696615
0.0001775843
0.0001732538
0.000172752
0.0001682782
0.0001722642
0.0001671003
0.000158675
0.0001556376
0.0001638412
0.0001662878
0.00015804
0.0001616472
0.0001549969
0.0001543886
0.0001532428
0.0001558848
0.0001638576
0.0001681122
0.000165769
0.0001808529
0.0001808773
0.0001865112
0.0001868702
0.0001898202
0.0001719001
0.0001705471
0.0001593627
0.0001559164
0.0001534823
0.0001597687
0.0001491986
0.0001503855
0.0001563293
0.0001539651
0.0001591117
0.0001573028
0.0001615785
0.000159414
0.0001644807
0.0001710856
0.0001817124
0.0001701793
0.0001723272
0.000169663
0.0001845706
0.0001757001
0.0001674463
0.000167263
0.0001667894
0.0001585759
0.0001642005
0.0001580685
0.0001610669
0.0001636589
0.0001632059
