0.0001885256
0.0001520982
0.0001429497
0.0001270825
0.000135285
0.0001258727
0.0001132137
0.0001044272
0.0001031503
0.0001044702
9.660798e-05
9.460293e-05
8.709357e-05
8.745021e-05
0.0001074865
0.0001049876
0.0001373125
0.000126484
0.0001313163
0.000130434
0.0001297016
0.0001308178
0.0001293614
0.0001278168
0.000114544
0.0001276375
0.0001374067
0.0001340824
0.0001400675
0.0001415166
0.0001513783
0.0001630997
0.0001670831
0.0001648556
0.0001614266
0.0001726249
0.000163385
0.0001522264
0.0001542152
0.0001345298
0.0001779777
0.0001732258
0.0001762156
0.0001610842
0.0001695926
0.0001795479
0.0001632869
0.0001598353
0.0001807888
0.0001920228
0.0002227216
0.0002195585
0.0002422337
0.0002530377
0.0002718938
0.0002397611
0.0002359292
0.0002494982
0.0002377622
0.0002096624
0.0002020366
0.0002110324
0.0002048803
0.0001786424
0.0001712721
0.0001499917
0.0001530729
0.0001747869
0.0001640586
0.0001476811
0.0001386345
0.0001335358
0.000123201
0.0001204592
0.0001166614
0.0001219179
0.0001332451
0.00011912
0.000121493
0.0001511757
0.0001612719
0.000153566
0.0001837277
0.0001815464
0.0001726142
0.0001776908
0.0001924913
0.000206946
0.0001932687
0.0001683945
0.0001751446
0.0001575018
0.0001523647
0.0001337537
0.0001360488
0.0001423377
0.000150503
0.0001508784
0.0001541683
0.0001479717
0.0001729057
0.0001723438
0.0001568364
0.0001477217
0.0001514271
0.0001538687
0.000158564
0.0001521769
0.0001441673
0.0001451185
0.0001417053
0.0001444843
0.0001289993
0.0001469072
0.0001406857
0.0001355149
0.000140082
0.0001455446
0.0001474782
0.0001537633
0.0001267491
0.0001209279
0.0001272514
0.0001311916
0.0001253361
0.0001164141
0.0001063591
0.0001209716
0.0001235319
0.0001238571
0.0001252337
0.0001351161
0.0001267132
0.0001336926
0.0001372999
0.000144383
0.0001536755
0.0001651142
0.0001765674
0.0001606637
0.0001516395
0.0001334077
0.0001313369
0.0001429284
0.0001461617
0.00015794
0.0001610606
0.0001410452
0.0001497354
0.0001477087
0.0001726124
0.0001797041
0.0001873306
0.0001711722
0.0001761765
0.0001692617
0.0001718212
0.0001650287
0.0001530912
0.0001399227
0.0001483752
0.0001335042
0.0001480425
0.0001473636
0.0001304131
0.0001426952
0.0001440469
0.0001342773
0.0001432041
0.0001769674
0.0001762425
0.0001683877
0.000168446
0.0001962273
0.0001954243
0.0002117159
0.0002168815
0.0001916363
0.0002130205
0.0002073937
0.0002203644
0.0001911918
0.0001944348
0.0001923089
0.0001894836
0.0002043777
0.0001537701
0.0001448119
0.0001526999
0.0001430013
0.0001267764
0.0001428808
0.0001481468
0.0001391144
0.0001405087
0.0001668124
0.0001658366
0.0001684585
0.0001533941
0.0001749225
0.0001539502
0.0001686345
0.0001599772
0.0001761693
0.0001830761
0.0001764414
0.0001681608
0.0001844729
0.000173815
0.0001711038
0.0001697839
0.0001626025
0.0001649135
0.0001659987
0.0001973902
0.0002066036
0.0001966634
0.000193487
0.0001863744
0.0001811172
0.0001690156
0.0001548983
0.0001499933
0.000157794
0.0001536896
0.0001562159
0.0001434142
0.0001423443
0.0001448409
0.0001286105
0.0001292735
0.0001337332
0.0001469447
0.000131716
0.0001131524
0.0001204535
0.0001289863
0.0001365294
0.0001280786
0.0001462269
0.0001256896
0.0001097639
0.0001105347
0.0001185785
0.0001130758
0.0001102598
0.0001221085
0.0001183608
0.000111104
0.0001163837
0.0001291779
0.000126248
0.0001440128
0.0001586818
0.0001803723
0.000195538
0.0001830951
0.0001653969
0.0001709483
0.0001969644
0.0002147056
0.0002048181
0.0001996001
0.0001813081
0.0001719659
0.0001700166
0.0001666926
0.0001582906
0.0001453599
0.000156632
0.0001480404
0.0001476626
0.0001359025
0.0001191537
0.0001251909
0.000115765
0.0001141097
0.0001137153
0.0001018757
0.0001072848
0.0001189587
0.0001190685
0.0001258298
0.0001345585
0.0001214985
0.000133809
0.0001183685
0.0001183224
0.0001095403
0.000106787
0.0001087119
0.0001143204
0.0001220143
0.0001102548
0.0001259901
0.0001155981
9.248888e-05
9.185265e-05
8.61098e-05
7.72836e-05
8.708023e-05
8.288037e-05
8.459221e-05
7.928173e-05
7.861822e-05
8.214361e-05
7.666107e-05
8.971984e-05
8.917661e-05
8.37054e-05
7.344594e-05
7.546405e-05
7.391491e-05
7.029209e-05
6.538493e-05
6.627274e-05
8.562604e-05
8.854297e-05
8.08689e-05
8.147658e-05
8.418128e-05
7.958145e-05
9.636435e-05
9.08817e-05
0.0001013518
8.752453e-05
8.688119e-05
8.719017e-05
9.714188e-05
9.873042e-05
0.0001076298
0.0001078217
0.0001183062
0.0001158055
9.756794e-05
9.666407e-05
9.645922e-05
0.0001076724
0.0001012658
0.0001103174
0.0001081918
0.0001057252
0.0001109138
0.0001101793
0.0001073863
0.000115162
0.0001113436
0.000117797
0.0001175511
0.0001210788
0.0001334641
0.0001297969
0.0001328797
0.0001409986
0.0001428141
0.0001430041
0.0001505262
0.0001581388
0.00017182
0.000159463
0.0001479822
0.0001253739
0.0001214832
0.0001137592
0.0001241851
0.000112563
0.0001261481
0.0001235241
0.0001278382
0.0001296676
0.0001337728
0.0001394046
0.0001377525
0.0001254168
0.0001249647
0.0001156891
0.0001238315
0.0001346541
0.0001200001
0.0001253549
0.000123165
0.0001095737
0.0001102322
0.0001091599
9.70076e-05
8.963302e-05
9.931156e-05
9.857813e-05
9.553712e-05
9.921527e-05
0.0001010424
0.0001029757
0.0001035617
9.82744e-05
0.0001117968
0.000116305
0.0001108211
0.0001216137
0.0001247479
0.0001321977
0.0001448459
0.0001481062
0.0001321561
0.0001111959
0.0001109197
0.0001073417
0.0001073786
0.0001199967
0.0001265336
0.0001336691
0.0001245306
0.000128231
0.0001254588
0.0001350351
0.0001406626
0.0001400079
0.0001647604
0.0001437908
0.0001521311
0.0001471993
0.0001554276
0.0001428915
0.0001422823
0.0001760339
0.0001516038
0.0001623987
0.0002080617
0.0002052723
0.0001969732
0.0001986855
0.0001885369
0.0001877988
0.0002007342
0.0001942702
0.0002044786
0.0002034639
0.0002072615
0.0001893029
0.0001742467
0.0001700632
0.0001628598
0.0001763843
0.0001837799
0.0001960472
0.0001988137
0.0001701191
0.000162025
0.0001707702
0.0001971564
0.0001839126
0.0001868627
0.0002065876
0.0002049318
0.000200936
0.0001828844
0.0001662175
0.0001593779
0.0001545205
0.0001642564
0.000168843
0.0001727144
0.0001620476
0.0001609694
0.0001860318
0.0001894537
0.0002004501
0.0002018835
0.0002280854
0.0002113835
0.0002050867
0.0002178918
0.0002277522
0.0002043067
0.0001994336
0.0001951432
0.0001832634
0.0001740478
0.0001599818
0.0001324511
0.0001116218
0.0001188677
0.0001095058
0.0001259622
0.0001323245
0.0001177245
0.0001204671
0.0001180879
0.0001100009
0.0001075409
0.0001018397
0.0001074031
9.201661e-05
9.534981e-05
8.570227e-05
8.9119e-05
8.959979e-05
0.0001074461
0.0001048631
0.0001079778
0.0001003373
0.000101654
0.0001216062
0.0001187189
0.0001183616
0.0001037891
0.0001124371
0.0001034567
9.39225e-05
0.0001021563
8.253162e-05
8.931364e-05
9.135557e-05
9.865014e-05
0.0001010239
9.071366e-05
8.932469e-05
8.831833e-05
8.942343e-05
8.238535e-05
8.12519e-05
7.890031e-05
8.389905e-05
8.51238e-05
7.671004e-05
7.806533e-05
6.718633e-05
6.524879e-05
6.322794e-05
6.093552e-05
5.90855e-05
6.29335e-05
6.301466e-05
6.866124e-05
7.100798e-05
8.186752e-05
7.385274e-05
6.984232e-05
7.285595e-05
8.032223e-05
7.408899e-05
7.604671e-05
8.036445e-05
8.489773e-05
8.500027e-05
9.052779e-05
8.447601e-05
8.370643e-05
8.640258e-05
9.163553e-05
8.15676e-05
8.164303e-05
7.673219e-05
7.439711e-05
6.658456e-05
7.221119e-05
7.293985e-05
8.117474e-05
9.075101e-05
8.606114e-05
8.114044e-05
8.152973e-05
7.659591e-05
7.747656e-05
8.893594e-05
9.780121e-05
9.853245e-05
0.0001076117
0.0001100321
0.0001091877
0.0001114736
0.0001267839
0.0001275702
0.0001258407
0.0001359759
0.0001377741
0.0001487942
0.0001418566
0.0001382965
0.0001364747
0.000153916
0.0001626652
0.000156666
0.0001611573
0.0001653985
0.0001697445
0.0001787724
0.000174574
0.0001953904
0.0001753682
0.0001951998
0.0002059101
0.0001895144
0.0001967787
0.0001833672
0.0001916391
0.0001810211
0.0001728446
0.0001728394
0.0001644509
0.0001644494
0.0001902295
0.000168783
0.000153835
0.0001551553
0.0001471994
0.0001777537
0.0002183376
0.0002167387
0.0002144973
0.0002115788
0.0002005639
0.0002000412
0.0001917282
0.0001599564
0.0001841058
0.0001799561
0.0001976845
0.0001887057
0.0002052829
0.0001877688
0.0002080731
0.0002274161
0.0001879042
0.0001912237
0.0001883355
0.0002011041
0.0002227317
0.0002128396
0.0002097393
0.0002030228
0.0001997971
0.0002033717
0.0001814042
0.0001850437
0.0001855026
0.0001819635
0.0001726994
0.0001741584
0.0001585604
0.0001753518
0.0001647849
0.000175578
0.000185762
0.0001482805
0.0001424581
0.0001420301
0.0001532208
0.0001318083
0.0001276022
0.0001260766
0.0001424826
0.0001393155
0.0001495228
0.0001417606
0.0001504902
0.0001367561
0.0001305821
0.0001238076
0.0001171384
0.0001097997
0.0001205855
0.0001205501
0.0001172665
0.0001305936
0.0001197622
0.0001212053
0.0001224379
0.0001162021
0.0001486511
0.0001396478
0.0001389275
0.0001453219
0.0001455403
0.0001441931
0.0001563667
0.0001461941
0.0001618561
0.000184554
0.0001797707
0.000181778
0.0001829502
0.0001847553
0.0002061278
0.0001973362
0.0002024437
0.0002219033
0.000218547
0.0002061013
0.0001890749
0.0002011767
0.0001956163
0.0001840962
0.0001568124
0.0001716239
0.0001574762
0.000158767
0.0001604947
0.0001547987
0.000147252
0.0001374893
0.0001387646
0.0001190597
0.000111263
0.0001165014
0.0001358183
0.0001310456
0.0001301577
0.0001208469
0.0001075742
0.0001258878
0.0001374516
0.000124014
0.000122047
0.000114475
0.0001064239
0.0001033799
0.0001150023
0.000117599
0.0001072325
0.0001131965
0.0001189295
0.0001321898
0.0001364203
0.0001219483
0.0001175767
0.0001407779
0.0001551797
0.0001475715
0.0001473153
0.0001625019
0.0001595042
0.000143949
0.0001366937
0.0001294498
0.0001330801
0.0001319414
0.0001290089
0.0001422124
0.0001421458
0.0001575224
0.0001605596
0.0001609968
0.0001746435
0.0002003221
0.0001908732
0.0001613054
0.0001628847
0.0001640737
0.0001587269
0.0001832838
0.0001846018
0.0001693178
0.00017317
0.0001734215
0.0001996844
0.000180612
0.0001649688
0.0001801043
0.0001929287
0.0001720314
0.0001768519
0.0002131286
0.0002383833
0.0002505701
0.0002596565
0.0002522943
0.0002401431
0.0002435606
0.0002315749
0.0001864462
0.0001720967
0.0001730964
0.0001697233
0.0001648594
0.0001641929
0.0001562383
0.0001531906
0.0001556298
0.000129359
0.0001243962
0.0001264843
0.0001424708
0.0001533033
0.0001599011
0.0001491259
0.0001627575
0.0001605859
0.0001497659
0.0001489438
0.0001465419
0.0001215866
0.0001407327
0.0001468046
0.0001562403
0.0001634517
0.0001639101
0.0001753939
0.0001480011
0.0001519745
0.0001553145
0.0001601563
0.0001474382
0.0001514291
0.0001444022
0.0001400383
0.0001291413
0.0001312568
0.0001199685
0.0001250029
0.0001148894
0.0001134924
0.0001205691
0.0001203744
0.0001207195
0.0001002786
0.0001016067
9.60432e-05
9.788158e-05
0.0001146012
0.0001181434
0.0001141905
9.911395e-05
9.723091e-05
0.0001112043
0.0001356882
0.0001532688
0.0001414312
0.0001434406
0.0001428296
0.0001507401
0.0001685912
0.0001694892
0.0001742722
0.000141866
0.0001359797
0.0001298865
0.000125681
0.0001138105
0.0001013105
0.0001081614
0.0001125154
0.0001010998
0.0001057694
0.000107451
0.000105759
0.0001087658
0.0001117501
0.0001192292
0.0001224199
0.0001146287
0.0001140527
0.0001076986
0.0001128338
0.0001107205
0.0001153786
0.0001122438
0.0001308083
0.0001301447
0.0001366012
0.0001261821
0.0001242099
0.0001436201
0.000145102
0.0001601637
0.0001548689
0.0001383158
0.0001548878
0.0001422463
0.0001557599
0.0001543676
0.0001589154
0.0001478759
0.0001635008
0.0001497816
0.0001541913
0.0001327098
0.0001139246
0.000124889
0.0001330051
0.0001332005
0.0001398853
0.0001380657
0.0001345472
0.0001308316
0.0001448929
0.0001462105
0.0001350694
0.0001538011
0.0001464528
0.0001568107
0.0001550808
0.0001539511
0.0001462601
0.0001669445
0.0001720496
0.0001489695
0.0001403248
0.0001402724
0.0001546022
0.0001397532
0.0001350923
0.0001483661
0.000161862
0.0001527896
0.0001292061
0.0001359797
0.0001340804
0.0001324148
0.0001119569
0.0001209029
0.0001115558
0.0001124008
0.0001130348
0.0001100735
0.000110874
0.0001112762
0.0001151532
0.0001278874
0.0001372649
0.0001141555
0.0001207132
0.0001225359
0.0001260829
0.0001266816
0.0001214068
0.0001484318
0.0001547718
0.0001590325
0.0001506254
0.0001684371
0.0001580889
0.0001600987
0.0001258111
0.0001281099
0.000140132
0.0001467235
0.0001505076
0.000136088
0.0001440374
0.0001549009
0.0001459449
0.0001368442
0.0001359164
0.0001212949
0.00011565
0.0001175547
0.0001061585
0.000102428
9.625402e-05
9.972934e-05
0.000109719
0.000110362
0.0001117177
0.0001123915
0.0001025452
0.0001076934
0.0001121844
0.0001034445
9.91277e-05
0.0001122254
0.0001302607
0.0001192697
0.0001241771
0.000119115
0.0001292441
0.0001229741
0.0001278328
0.0001183172
0.0001218036
0.0001395322
0.000152462
0.0001380043
0.000147975
0.000151151
0.000149142
0.0001500391
0.0001335727
0.0001299141
0.0001489498
0.0001564391
0.0001533713
0.0001472627
0.000128323
0.0001213833
0.0001240958
0.0001267482
0.0001302857
0.0001286729
0.0001173027
0.0001101285
0.0001113327
0.0001099964
0.0001104637
0.0001206263
0.0001299225
0.0001352901
0.0001133623
0.0001118091
0.0001299115
0.0001401967
0.0001647748
0.0001649046
0.0001482945
0.0001495581
0.0001455753
0.0001559554
0.0001540686
0.000147776
0.0001407093
0.0001349047
0.0001477395
0.0001581956
0.0001551975
0.0001521357
0.0001680479
0.0001617583
0.0001596755
0.000168776
0.000172669
0.0001320251
0.0001577393
0.0001842012
0.000198586
0.0001963413
0.0002193689
0.000250925
0.0002511391
0.0002491524
0.0002351502
0.0002225021
0.0002222927
0.0002322617
0.0002113626
0.0002160283
0.0002124873
0.0002023387
0.0002035326
0.0002048617
0.0002178675
0.0002107127
0.0002524716
0.000267987
0.0002573907
0.0002766846
0.0002470623
0.0002668914
0.0002848956
0.0002842889
0.0002822875
0.0002365665
0.0002274516
0.0002527463
0.0002232662
0.000215519
0.0002296643
0.000233095
0.000200756
0.0002104115
0.0002037119
0.000165471
0.0001505208
0.0001671029
0.0001492915
0.0001508624
0.0001486549
0.0001470525
0.0001512586
0.0001543771
0.000165062
0.0001532146
0.0001554792
0.000147873
0.0001462859
0.0001319912
0.0001362772
0.0001231869
0.0001304911
0.0001249041
0.0001223206
0.0001208977
0.000142939
0.0001291636
0.0001291049
0.0001258279
0.000130117
0.0001255612
0.0001379065
0.0001275953
0.0001299306
0.0001365831
0.0001306157
0.0001270142
0.0001085603
0.0001177165
0.0001230696
0.00012929
0.0001288646
0.0001241892
0.0001197513
0.0001301377
0.0001292382
0.0001192198
0.0001231254
0.0001254175
0.0001363832
0.0001258217
0.0001188889
0.000116518
0.0001316152
0.0001348923
0.0001148146
0.0001094458
9.867664e-05
9.92581e-05
0.000101122
9.697992e-05
0.0001030705
9.533475e-05
0.0001103998
0.0001263782
0.0001255341
0.0001553253
0.000148655
0.0001418321
0.0001648448
0.0001554847
0.0001665125
0.0001636494
0.0001589367
0.0001464372
0.0001242355
0.0001301233
0.0001391414
0.0001583689
0.0001592156
0.0001578879
0.0001486199
0.0001546656
0.0001423269
0.0001328637
0.0001394656
0.0001240024
0.000126236
0.0001154337
0.0001221689
0.0001376209
0.0001374777
0.0001353021
0.0001468585
0.000158324
0.0001505245
0.0001731962
0.0001705962
0.0001746294
0.0001513168
0.00016255
0.0001646534
0.0001726427
0.0001933571
0.000192684
0.0001926442
0.000181581
0.0001878163
0.0001856706
0.0002011142
0.0001807666
0.0001798068
0.0001844481
0.0001523897
0.0001354979
0.000114417
0.00011724
0.0001129892
0.0001264748
0.0001209776
0.0001162715
9.945304e-05
8.887265e-05
0.0001061808
0.0001019544
0.0001082876
0.0001210936
0.0001019281
9.669546e-05
8.748449e-05
8.638239e-05
8.904161e-05
7.162927e-05
7.144361e-05
6.820862e-05
7.806609e-05
9.095129e-05
0.0001002262
0.000128167
0.0001247796
0.0001161668
0.0001245425
0.000113377
0.0001121533
0.0001212552
0.0001190967
0.0001175978
0.0001198465
0.0001261833
0.0001272408
0.0001183866
0.000122312
0.0001124814
0.0001066779
0.0001082064
0.0001126007
0.0001320569
0.000135705
0.0001414354
0.0001439324
0.0001554934
0.0001522643
0.0001489494
0.0001614191
0.0001426398
0.0001573013
0.0001611654
0.00017944
0.0001699857
0.0001671084
0.0001488191
0.0001494369
0.0001599655
0.0001492897
0.0001474151
0.0001384695
0.0001458487
0.0001593048
0.0001800607
0.0001647654
0.0001569038
0.0001684461
0.0001559041
0.0001781749
0.0001694666
0.000174565
0.0001597662
0.0001696897
0.0001662091
0.0001489252
0.0001597854
0.0001493239
0.0001626119
0.0001646704
0.0001797213
0.0001886186
0.0002015068
0.000177512
0.0001847238
0.0001788935
0.000166694
0.0001798464
0.0001599777
0.0001542936
0.0001435972
0.0001447862
0.000156873
0.0001605418
0.0001415944
0.0001571962
0.0001663183
0.0001720344
0.0001704716
0.0001920827
0.0001915795
0.0001711009
0.0001769363
0.0001925365
0.0002019427
0.0001794024
0.0001684169
0.0001374298
0.00011657
0.00012277
0.0001251422
0.0001232182
0.0001222581
0.0001300796
0.000126397
0.0001387357
0.0001419431
0.0001406573
0.0001493902
0.0001475628
0.0001606919
0.0001609593
0.0001645316
0.0001843434
0.000222081
0.0002429437
0.0002307065
0.0002195235
0.0001858486
0.0001840532
0.0001706749
0.0001652089
0.0001747822
0.0001568458
0.0001457913
0.0001465339
0.0001362537
0.0001545694
0.0001469344
0.0001411107
0.0001400507
0.0001644537
0.000193625
0.0001757974
0.0001605267
0.0001716423
0.0001588966
0.0001443194
0.0001354111
0.0001201458
0.0001222583
0.0001242928
0.0001285778
0.0001522533
0.0001860912
0.0001698102
0.0001799089
0.0001787814
0.0001646721
0.0001775769
0.0001771283
0.0001789153
0.000159795
0.0001561093
0.0001517694
0.0001444129
0.0001425031
0.0001587472
0.0001483415
0.0001469639
0.0001429139
0.0001474992
0.0001273528
0.0001371044
0.0001367135
0.0001488949
0.0001222623
0.000126894
0.0001169587
0.0001238232
0.0001247103
0.000128785
0.0001373978
0.0001310027
0.0001155835
0.0001096912
0.0001021431
9.47726e-05
8.812674e-05
6.894079e-05
6.791167e-05
7.454495e-05
7.883741e-05
6.991603e-05
7.761224e-05
8.433815e-05
8.60151e-05
9.878947e-05
0.0001021023
0.0001051167
0.0001070516
8.709444e-05
9.307145e-05
9.748844e-05
0.0001027074
9.318842e-05
9.336786e-05
9.621878e-05
0.0001102982
0.0001269728
0.0001365521
0.0001320572
0.0001293009
0.0001310561
0.0001454601
0.0001455076
0.0001383545
0.0001205466
0.0001263326
0.0001357106
0.0001404252
0.0001438668
0.0001403275
0.0001337076
0.0001275653
0.0001174089
0.0001078303
9.37477e-05
9.215313e-05
0.00010097
0.0001025581
8.742229e-05
8.656161e-05
0.0001126583
0.0001176208
0.0001164996
0.0001153403
0.0001334193
0.0001339673
0.0001267595
0.0001412842
0.0001277649
0.0001378799
0.0001292162
0.0001074858
0.0001025987
8.835911e-05
9.00743e-05
0.0001016763
0.0001006134
9.525731e-05
9.541754e-05
9.404493e-05
9.289162e-05
9.736421e-05
0.0001054532
0.0001086668
0.0001129198
0.0001174776
0.0001149734
0.0001017436
9.87945e-05
0.0001015024
0.0001000814
0.0001010317
9.750536e-05
9.4582e-05
9.728539e-05
8.166597e-05
8.551849e-05
8.840187e-05
8.476101e-05
9.773538e-05
9.223049e-05
9.313129e-05
9.642183e-05
9.478851e-05
8.531902e-05
8.454367e-05
9.03568e-05
8.938992e-05
8.025098e-05
7.723655e-05
7.56828e-05
7.103628e-05
7.77169e-05
7.400883e-05
7.45878e-05
7.572958e-05
7.143889e-05
7.926992e-05
8.566315e-05
9.107513e-05
8.077799e-05
8.347076e-05
9.469149e-05
8.916781e-05
8.311637e-05
9.381399e-05
8.707831e-05
0.0001029779
0.0001070846
0.0001176731
0.0001166326
0.0001120633
0.0001186196
0.0001135762
0.0001029938
0.0001071082
0.0001101063
0.00010654
0.0001344787
0.0001258172
0.0001283618
0.0001442611
0.0001346973
0.0001302344
0.0001253014
0.0001295141
0.0001266864
0.0001355897
0.0001501304
0.0001682974
0.0001683815
0.00017259
0.0001824061
0.000185214
0.0001810081
0.0001688428
0.0001601771
0.000144313
0.0001477966
0.0001659223
0.0001586574
0.0001631017
0.0001623403
0.0001847183
0.000179612
0.0001930605
0.0002176034
0.0002095117
0.0002029195
0.0002210735
0.0002153444
0.000185343
0.0002063151
0.0001920064
0.0002073071
0.0001773027
0.0001630352
0.0001649852
0.0001762574
0.0001684293
0.0001576714
0.0001821574
0.0001773813
0.0001630765
0.0001564468
0.0001538768
0.0001585594
0.000144678
0.000186482
0.0001743837
0.0001719239
0.0001647989
0.0001625522
0.0001572183
0.0001718314
0.000171826
0.0001691264
0.0001799842
0.0002139396
0.0001833877
0.0002036491
0.0001874949
0.0001895573
0.0001895183
0.0002116685
0.0002321084
0.0002202139
0.000219622
0.0002100035
0.0002092606
0.0001944393
0.0001936927
0.0001842666
0.0001934897
0.0001609225
0.0001529011
0.0001432459
0.0001578681
0.0001500901
0.0001830826
0.0001856756
0.0002134367
0.0001746788
0.0001732855
0.0001788493
0.000203443
0.0002228191
0.0002410459
0.0002142595
0.0002053942
0.0002388206
0.000254856
0.0002101129
0.0002373035
0.0002417949
0.0002192065
0.000230101
0.0002133173
0.0002322594
0.0002441926
0.0002122016
0.0002368827
0.000239402
0.0002185224
0.0002457879
0.0002428281
0.000211129
0.0001950096
0.000220428
0.0002140414
0.000220846
0.0002315231
0.0002350444
0.0002174111
0.0001941543
0.0001607762
0.0001804334
0.0001573211
0.0001736813
0.0002142746
0.0002131799
0.0002031094
0.0001882202
0.0001841787
0.0001595362
0.0001428707
0.0001516515
0.0001493628
0.0001445118
0.0001533658
0.000172443
0.0001931951
0.0001729362
0.0001610154
0.0001635441
0.0001490518
0.0001456671
0.0001283591
0.0001303049
0.0001340291
0.0001369859
0.0001245033
0.0001401029
0.0001178573
0.0001342024
0.0001572485
0.0001704515
0.0001743311
0.0001683384
0.0001835539
0.0001793413
0.0001884959
0.0001841644
0.0001845703
0.0001694864
0.0001778828
0.0001641352
0.0001402431
0.0001543537
0.0001614735
0.0001628315
0.0001563718
0.0001539747
0.0001568714
0.000153642
0.0001640749
0.0001586309
0.0001407164
0.0001274485
0.0001322524
0.0001229924
0.0001173826
0.0001263978
0.0001186038
9.819527e-05
0.0001028514
0.0001020326
0.0001091596
0.0001275927
0.000128934
0.0001456732
0.0001215957
0.0001224711
0.0001272983
