747.5003
773.8736
663.2543
753.1309
870.382
893.2775
829.6193
954.7118
956.4946
1196.604
1099.021
1208.024
1208.896
1373.526
1234.497
1390.141
1423.195
1523.436
1666.851
1416.591
1252.284
1631.67
1822.572
1924.459
1751.868
1801.672
1739.098
1975.146
2274.616
1858.079
2141.418
2063.414
2652.486
2643.001
2387.529
2271.976
2264.76
2306.432
2403.67
2191.525
2079.483
2215.868
1826.807
2067.989
2332.913
1825.631
1896.65
1854.565
1780.813
2093.847
2355.291
2314.948
2376.477
2387.868
2297.934
2353.966
2334.623
2886.15
2658.217
2615.619
2436.309
2222.77
2438.397
2349.481
2471.75
2533.421
2738.551
2573.791
2577.355
2793.197
3225.532
3049.991
2869.509
2904.022
3082.152
3034.149
3218.418
2891.214
2614.72
3113.6
2900.15
2517.31
2826.77
2666.952
2489.797
3147.014
2717.193
2979.619
3053.36
3227.371
2919.576
2684.901
2667.744
2763.109
2293.85
2532.74
2383.356
2922.066
3024.96
3000.859
2355.549
2452.023
2415.91
2325.271
2320.14
2410.401
2102.82
2563.926
2601.325
2395.665
2786.707
2600.251
2826.364
2919.484
2685.894
2390.334
2437.227
2255.172
2284.841
2338.949
2092.942
2408.125
2329.702
2204.658
2379.407
1818.566
2217.54
2035.834
1917.045
2204.721
2425.975
2277.943
2326.023
3095.488
2518.705
2536.319
2463.149
2782.211
2458.131
2328.49
2570.807
2341.571
2530.37
2204.426
2211.754
2120.197
2062.567
2299.165
2258.394
1940.571
1978.465
1951.816
1969.643
2480.176
2561.73
2431.468
2389.179
2534.955
2254.902
2215.193
2304.313
1934.808
1689.256
1999.56
2280.527
2319.261
2575.413
2551.4
2174.898
1962.979
1814.871
1980.616
2059.941
2037.032
1898.633
2213.664
2422.527
2076.752
1873.761
2073.344
2129.89
2509.005
2053.707
2345.322
2257.693
2000.836
2025.301
2162.454
2207.166
2347.281
2142.966
2129.228
2365.998
2160.484
2154.03
1932.177
2026.838
2388.781
2196.37
2409.385
2567.298
2351.227
2292.104
2313.714
2123.185
2195.928
2251.173
2350.237
2182.687
2296.674
2437.439
2685.496
2548.413
2223.983
2429.674
2309.537
2596.92
2628.804
2627.37
2837.982
2753.731
2575.311
2462.76
2941.255
2450.069
2881.009
2988.963
2737.889
2760.632
3019.16
2489.927
2542.202
2651.702
2607.429
2496.702
2568.653
2683.737
2382.411
2270.943
2279.791
2597.302
2683.53
2202.4
2581.11
2876.622
3001.443
2980.11
2610.737
2631.019
3284.66
3372.829
3483.209
2935.651
2684.207
3271.983
2721.209
2858.57
2893.892
2287.669
2470.69
2157.364
2228.959
2389.909
2242.106
1911.433
2204.663
2118.479
2274.983
2101.312
2369.584
2381.477
2564.958
2256.647
2116.71
2378.12
2282.262
2403.338
2360.536
2759.042
2429.487
2375.437
2071.9
2172.029
2413.719
2431.714
2346.225
2326.095
2585.645
2295.287
2580.946
2560.192
2187.518
2626.039
2421.279
2328.653
2345.887
2173.002
2156.567
2664.432
2500.807
2411.566
2456.852
2505.072
2481.421
2043.34
2200.532
2128.64
2210.468
2028.021
1942.008
1859.605
1781.02
2037.075
1981.792
2322.325
1972.61
2152.286
2260.472
2473.633
2500.095
2213.644
2257.48
2304.586
2502.101
2407.159
2338.219
2456.381
2421.128
2273.34
2212.215
2282.882
2001.095
1920.121
2002.128
2188.2
2199.109
2213.51
1962.969
2302.727
2067.286
2226.565
2389.388
2393.132
2423.016
2353.868
2198.074
2474.244
2400.798
2262.393
2129.434
2383.65
2359.962
2175.196
2205.556
2435.424
2408.145
2433.591
2487.794
2905.123
2604.587
2421.905
2321.51
2923.649
2243.122
2340.725
2083.24
1898.181
1935.601
1826.863
2062.867
2043.553
2424.725
2436.121
2184.51
2474.144
1972.532
2172.321
1908.095
2043.241
1921.073
1891.908
1919.458
2049.767
2133.286
2053.664
2296.447
2190.264
1901.576
2280.439
1833.007
2103.766
1841.716
1851.127
2155.424
2203.942
2452.939
2034.078
1965.896
2365.472
2451.759
2423.654
2446.298
2171.453
2130.503
2053.717
1994.974
2037.88
2231.253
2380.589
2215.048
2152.502
2080.009
2030.111
1926.756
2003.203
2465.72
2288.101
2083.972
2252.879
2066.501
2009.805
1889.484
1806.322
2035.289
2248.654
2166.152
2060.786
2045.81
1983.219
1816.954
1843.574
1601.458
1579.74
1925.088
1910.316
1807.931
1888.591
1947.925
2108.802
2258.849
2154.222
2081.475
2245.639
2466.883
2428.95
2009.419
2119.74
2411.751
2192.066
2283.393
1901.075
2147.137
1964.084
2027.326
1768.9
2085.969
2151.435
1980.531
2343.33
2403.49
2279.257
2173.62
2200.829
2134.577
2204.413
2156.913
2199.231
1676.523
1600.513
1835.48
2006.251
2020.325
1916.733
1535.674
1755.89
1964.48
1917.201
2102.09
2186.251
2116.817
1892.346
1615.192
1643.603
1928.758
1838.841
2065.728
2075.877
1971.299
2242.699
2085.527
1851.724
1989.58
1986.878
1944.869
1977.348
1929.436
1847.891
2147.323
1840.387
1776.713
1695.678
1858.197
1623.389
1711.297
1469.162
1449.245
1659.989
1597.397
1444.955
1311.469
1665.394
1626.64
1693.488
1831.202
1890.202
1529.875
1749.978
1697.419
1692.615
1972.777
1844.957
2083.339
2084.023
1950.356
2125.666
1824.051
1904.86
2281.812
2467.921
2645.345
2732.466
2462.493
2597.636
2263.505
2421.037
2775.072
2656.77
2557.323
2334.262
2291.086
2260.673
2360.697
2513.865
2394.659
2273.293
2152.806
2105.711
1985.441
1814.608
2037.318
2313.08
2414.165
2086.039
1937.131
2390.364
2338.133
2296.292
1979.248
1918.776
2223.34
2446.822
1993.574
2034.347
2180.797
2125.543
1980.213
2043.353
2015.178
1860.727
1735.732
1872.636
2069.798
1945.454
1625.016
2068.94
2025.211
1713.967
1725.155
2153.051
1886.243
2110.577
2386.119
2485.603
2316.438
2064.355
2045.157
1964.896
2009.248
1771.346
1828.023
1799.069
1699.839
1769.327
1972.32
1819.577
1908.814
1873.55
1741.518
1638.491
1511.402
1421.665
1591.931
1538.35
1617.563
1564.341
1456.955
1540.282
2057.817
2391.567
2118.126
1832.447
1755.778
1697.897
1772.284
1732.393
1672.515
1839.293
1754.206
1831.59
1849.02
1890.924
1852.216
1696.797
2108.455
2335.391
1905.522
1772.353
1719.944
1857.044
1670.56
1550.303
1734.525
1932.375
1925.629
2054.324
1756.709
1997.856
1995.876
1983.106
2012.386
2327.741
2173.37
1859.173
1997.94
1881.57
1817.257
1855.507
1848.316
1958.105
1976.489
1900.78
1976.53
2033.8
2089.973
2046.891
2029.085
1739.969
1524.179
2022.621
1726.564
2069.807
2117.502
2292.917
2176.594
2457.842
2225.2
2220.239
1791.309
1800.491
1858.486
1867.883
2154.396
2026.221
2480.916
2564.02
2742.747
2641.804
3081.446
2935.666
2818.422
2678.986
2675.539
2024.605
2060.688
2497.675
2168.862
2543.615
2259.088
2373.223
2691.101
2414.651
2422.202
1974.199
2334.191
2233.636
2312.478
2472.727
2013.061
2157.467
2624.122
2034.513
1974.751
2220.069
2184.141
1984.326
2204.327
2145.183
2394.429
2675.569
2631.437
2272.925
2191.253
2193.851
2167.223
2258.214
2472.87
2441.634
2598.255
2397.895
2285.178
2344.955
2449.749
2897.994
2527.253
2258.016
2222.222
2004.661
2227.021
2098.643
1795.416
1879.05
1948.651
2021.211
1737.654
1836.793
1682.338
1510.923
1742.735
1586.866
2008.005
2220.401
1970.185
2153.999
2252.14
2315.201
2082.708
1982.76
1927.398
1868.974
2135.849
2129.561
1991.359
2140.412
2162.258
2275.46
2005.292
2172.747
2319.505
2157.538
2072.521
2244.092
2288.836
1859.136
1813.146
2184.609
1945.169
1874.805
1871.205
2023.26
2235.538
2298.914
2001.255
1896.944
2110.569
1913.402
1969.778
1918.481
1903.781
2188.993
2033.894
2576.898
2405.579
2807.651
2605.64
2549.527
2838.677
2583.853
2637.747
2299.229
2434.2
2180.487
2142.544
2020.964
1873.532
1918.397
1915.481
2202.807
2157.518
2173.391
2475.326
2464.01
2560.65
2372.764
2138.828
1926.911
2137.028
2444.649
2448.911
2645.288
1992.047
2028.931
2064.691
2100.897
1980.306
2250.962
2153.07
1849.83
2176.874
2316.566
2492.815
2425.479
2348.544
2267.064
2146.213
2200.29
2250.515
2244
2138.285
2579.282
2337.727
2203.741
2469.354
2379.752
2130.372
2185.81
2373.678
2332.143
2094.133
2535.265
2324.492
2301.11
1984.594
2128.235
2070.937
2139.003
2057.436
2005.085
2009.171
1874.203
2006.655
1994.704
2017.243
1961.451
2308.503
1918.333
1721.691
1684.289
1735.856
1714.659
1934.659
1780.409
1503.938
1535.787
1910.74
1849.798
1908.531
1926.851
1575.707
1858.147
1952.611
1883.405
1778.075
1789.628
2059.576
1932.957
1890.358
1865.596
1871.4
1695.36
1944.681
1705.835
1864.852
1620.933
1853.803
1969.168
2172.021
1580.994
1717.838
2016.662
1690.865
1830.272
1917.235
1931.284
2037.598
1778.679
2085.853
2182.322
2026.754
2164.361
1976.899
1760.105
1790.649
2004.097
2363.577
1983.154
1809.427
2145.502
2255.807
1954.898
1922.389
1945.226
1859.976
1612.018
1721.698
1570.1
1630.889
1642.304
1877.219
1960.614
1875.611
1963.313
1743.157
1932.559
1729.316
1953.962
1651.816
1861.224
1533.009
1565.33
1886.766
1921.331
1443.269
1733.38
1699.109
1575.123
1904.884
1946.751
1754.298
2163.686
1931.019
1647.311
1699.321
1808.882
1800.14
1906.66
2035.869
1878.965
1505.95
1448.132
1579.181
1624.839
1737.922
1563.703
1478.58
1366.066
1456.197
1592.963
1539.933
1560.876
1416.5
1769.657
1731.607
1330.082
1482
1492.359
1394.698
1300.008
1292.006
1349.969
1313.94
1573.181
1846.026
1755.419
1811.216
2242.785
2086.834
2187.418
2562.397
2826.159
2569.315
2253.628
2260.708
2125.775
2211.108
2124.976
1694.848
1923.913
2023.574
2627.256
1954.248
2213.78
2075.913
1948.403
1783.317
2014.116
2279.46
2051.329
2090.803
2059.019
2193.215
2340.369
2343.803
2517.389
2255.792
1897.34
1844.508
1861.626
1840.086
1896.627
1752.3
1783.296
1789.003
1912.347
1903.61
1362.665
1810.152
1716.577
1750.42
1670.071
1904.338
1851.435
1889.95
2008.878
1652.488
1662.586
1728.913
1979.962
1788.16
1914.5
1790.588
1767.426
1774.152
1647.753
1719.348
1902.657
1876.604
2026.546
1872.419
2407.82
2470.087
2604.22
2689.803
2517.897
2705.502
2234.532
2105.764
1905.175
2442.85
1997.353
2000.178
1889.912
1988.068
1879.726
1914.452
1830.786
2052.08
1979.977
2246.758
2046.114
2378.064
2318.242
2282.829
2186.126
2009.778
1811.585
1857.21
1725.332
1873.73
2020.395
2477.114
2403.736
2059.812
1588.742
1619.308
1703.21
1776.505
1815.116
1879.059
1739.641
1698.636
1414.153
1392.71
1559.787
1372.969
1456.588
1628.214
1492.114
1502.257
1712.334
1898.585
1951.834
2402.827
2350.702
2432.749
2446.53
2505.583
2643.497
2337.495
2089.339
2383.115
2575.329
2494.702
2411.916
2125.874
2185.123
2062.122
1863.129
1670.591
1735.752
1655.853
1841.201
2015.006
1938.661
1968.264
1499.778
1710.259
2019.793
2427.712
2359.935
2158.96
2399.685
2185.158
2598.166
2534.089
2338.216
2290.742
2242.019
2396.879
2053.477
2347.954
2339.892
2645.775
2498.734
2414.095
2167.109
1951.543
1875.658
1792.681
1841.853
2063.995
1985.638
1948.442
1896.305
1883.023
2110.734
1907.732
1866.926
2026.978
2245.681
2109.482
2185.89
2278.612
2001.66
2166.292
2069.396
1792.183
2119.765
2102.727
1975.101
1858.833
2247.354
2139.748
2070.736
2059.687
1895.012
2310.158
2075.377
2115.819
2175.969
2079.461
2115.562
2050.873
1905.063
1855.638
1687.584
1913.386
2160.568
2440.685
2379.273
1901.251
2021.318
1981.647
1978.095
2123.836
2123.223
1915.169
2049.831
1846.629
2063.001
2209.131
2353.197
2525.28
2837.21
2483.471
2738.989
2323.219
2184.277
2340.989
2286.017
2239.21
2397.861
2329.101
2419.318
2285.532
2194.039
2482.757
2041.654
1969.728
2101.536
2108.318
2020.035
2145.213
2167.144
2137.391
1858.124
2094.092
2011.039
2227.395
1768.009
1686.779
1645.711
1533.831
1856.81
1531.016
1557.205
1676.07
1606.491
1656.972
1899.938
1966.269
1965.614
1954.343
2007.061
1968.839
2301.279
2379.709
2511.355
2458.804
2264.475
2004.707
1851.062
1708.256
1678.454
1714.1
1818.97
2144.802
2076.405
2233.627
2494.356
2309.046
2113.885
1959.608
2130.41
2710.977
2687.586
2408.141
2317.904
2282.853
2417.691
2493.556
2301.254
2638.042
2589.128
2407.807
2752.49
2820.81
2465.33
2509.73
2568.548
2183.301
2405.668
2338.494
2357.195
2362.546
1830.682
1880.938
1830.36
1983.59
1759.597
1994.562
1959.892
1704.548
1604.538
1651.682
2033.9
2206.443
2399.056
2537.807
2447.237
2694.927
2376.401
2115.042
2210.53
1928.845
2180.772
2385.228
2148.518
2504.555
2424.119
2219.909
2182.826
2355.477
2256.113
2155.827
2248.994
2272.718
2519.033
2904.221
2360.908
2096.067
2134.229
2288.448
2359.957
2174.376
2022.481
1914.78
2433.759
2755.511
2780.466
2411.911
2300.349
2369.815
2796.352
2445.181
2180.798
2126.547
2520.359
2660.661
2380.497
2496.311
2128.788
2366.482
2720.79
2579.343
2626.627
2679.646
2436.713
2589.307
2296.535
2381.889
2536.213
2419.615
2407.935
2021.384
2559.746
2507.514
2525.268
2861.141
2406.006
2284.509
2171.496
2301.029
2655.041
2571.019
2759.917
2350.206
2494.206
2345.891
2189.202
2200.196
1896.586
1762.642
1669.806
1783.38
1903.644
1966.542
2211.643
2178.892
1981.06
1675.124
2040.952
2288.942
2171.288
2296.945
2454.654
2312.923
2600.854
2217.23
2110.572
2175.461
2161.285
2239.173
2536.635
2322.681
2401.646
2405.01
2661.258
2619.961
2185.864
2501.146
2792.632
2921.949
3160.074
2567.169
2618.433
2204.233
2445.767
2410.328
2534.568
2474.367
2353.68
2155.905
2142.777
2024.856
2073.487
2116.28
2410.812
2479.41
1830.384
1703.934
2087.266
2190.04
2164.727
2169.654
2184.245
2212.145
2310.138
2315.298
2264.761
2675.502
2611.527
2356.001
2140.848
2432.334
2215.279
2164.841
2372.211
2469.468
2531.361
2463.409
2035.115
2695.086
2285.468
2277.986
2182.187
2238.05
2025.239
2369.159
2426.544
2050.137
2043.777
2087.363
2040.036
2459.987
2849.073
2752.243
2651.669
3057.273
2862.811
3009.383
2761.922
2736.696
2798.348
3306.064
2905.584
2787.094
2824.77
2431.904
2990.146
2700.217
2659.871
2744.977
2583.585
2365.412
2235.869
2254.4
2024.599
1995.788
2218.062
2219.582
2034.741
2720.286
2624.916
2800.574
2517.386
2066.921
2367.403
2119.271
2069.646
2091.901
1944.924
2055.051
1988.337
2096.419
2248.207
2143.026
1934.884
2030.751
1902.533
2027.713
2031.112
1973.032
1900.54
2266.572
2194.584
2337.817
1885.964
2196.278
1845.382
2084.852
2201.24
2443.11
2359.529
2278.762
2270.581
1888.211
1900.557
1884.923
2219.535
2116.733
2293.057
2355.915
2374.489
2249.849
2469.006
2508.965
2553.664
2622.145
2716.611
2837.496
2405.537
2146.855
2065.115
2046.896
2163.237
1973.476
2028.956
2292.348
2160.044
1904.773
1763.325
2199.318
2228.631
1940.245
1993.088
1809.174
1978.838
2156.847
1937.3
2074.685
2277.099
2295.991
2078.855
2165.117
1938.501
1950.5
1874.967
2044.164
2098.025
1858.311
1927.998
2122.141
2247.966
2379.603
2091.958
2300.227
2269.405
2179.342
2202.564
2083.149
2155.044
2221.091
2462.227
2487.238
2399.748
2176.111
2063.655
1756.934
1852.082
2222.636
1855.79
2225.426
2201.325
2212.682
1905.026
2376.892
2134.989
2027.617
2695.237
2611.786
2274.131
2398.007
2464.775
2317.457
2382.76
2497.601
2547.364
2108.693
2079.885
1982.633
2024.286
2216.958
2167.785
2541.186
2783.069
2422.237
2386.789
2522.053
2939.377
2612.244
2556.784
2496.132
2445.26
2469.377
2446.813
2388.318
2607.647
2236.533
2515.168
2232.381
2294.398
1991.314
2116.833
2394.874
2484.688
1811.159
2195.17
2325.384
2299.642
2308.302
2065.664
2258.918
2288.276
2147.62
1914.611
2061.296
2021.903
2620.506
2353.213
2139.669
2179.468
2048.949
2317.126
2497.827
2576.685
2536.618
2694.611
3019.868
2205.819
2250.679
2367.237
2517.705
2239.991
2446.136
2256.397
2216.27
2543.871
2429.554
2424.882
2654.818
2577.705
2543.342
2976.761
2891.164
2289.71
2270.919
2197.348
2337.659
2428.664
2547.497
2512.559
2434.614
2156.325
2245.378
2043.176
2110.699
