531.1509
323.5455
239.637
208.1946
213.9087
218.0546
197.351
209.6326
209.3447
208.4416
222.9035
196.1912
197.5617
210.443
203.6431
224.6769
187.1175
198.2848
223.7635
191.0321
223.4835
187.5932
200.9003
200.1794
220.6899
214.3212
183.9971
176.8049
187.3183
176.2096
187.9744
216.2185
202.2507
210.5613
186.0957
207.91
162.9043
193.1059
224.1642
205.5139
197.9866
240.8182
187.4774
216.4559
206.9214
207.1362
212.0103
215.459
246.7543
208.7786
194.5728
188.8282
209.0041
199.4581
215.9527
205.1196
215.0341
207.2108
194.3688
202.978
178.9432
209.1868
192.534
201.2631
201.7654
231.6073
205.0595
219.75
224.9645
179.1951
205.3923
227.8246
216.4359
210.329
216.596
215.8016
223.1698
218.5092
208.9297
227.0805
213.7593
212.9137
216.8436
174.3658
186.5009
200.2672
198.3335
203.7665
205.8351
187.0785
176.6433
191.3712
210.8139
212.9084
216.5927
216.8898
195.0606
184.6077
210.2749
217.343
209.2762
206.822
206.2147
190.7393
221.45
184.0895
195.0919
209.2127
200.5754
222.173
190.8118
209.9475
238.0211
207.8257
240.5133
213.8672
213.5778
208.1718
202.4182
218.8045
210.0903
229.6146
256.9792
242.6795
207.4355
195.2705
179.662
228.8285
188.0978
198.2023
201.4128
191.1912
216.2387
184.1633
204.69
206.9438
215.4455
213.4487
242.9203
234.2501
218.7856
205.4976
208.1537
171.774
169.93
182.1704
219.1962
222.5014
253.4119
226.8379
226.4578
203.8924
190.7042
218.351
199.7809
242.6337
210.3137
205.6293
202.6829
201.8068
208.6004
178.1486
204.4193
197.9026
215.8092
209.2085
209.3261
198.7775
213.7187
219.3537
222.1469
205.4703
194.2333
187.0364
188.6566
208.3729
234.3107
205.0015
187.4581
208.2886
195.7279
181.3394
192.6753
234.7289
206.5315
202.476
198.5297
217.5505
210.2206
219.0457
205.5125
199.2249
187.3462
177.8861
187.0686
203.4643
204.8664
273.5269
200.8779
206.7019
217.9412
190.7153
223.138
203.6547
189.2614
203.9547
240.9671
213.7419
207.5253
188.9648
199.1343
209.0208
201.5136
220.3508
246.5839
227.4544
206.9793
206.2151
202.4339
184.1176
186.8021
227.0608
227.4745
218.5181
193.0927
197.121
185.4309
190.7385
202.9667
216.5739
204.4735
189.3416
165.4114
191.9759
194.1452
199.9578
232.0265
244.585
228.2496
231.3722
232.2929
197.094
218.3159
208.2888
211.8957
247.0937
218.5637
206.7078
181.8857
191.6129
199.2465
193.7253
177.026
213.7255
199.182
217.0037
201.0222
220.612
186.8488
163.5533
182.0784
204.2244
216.7282
181.5003
198.123
199.8426
192.084
187.5044
214.4312
192.7833
212.7221
217.8477
199.3735
188.4663
219.2673
191.0672
200.4281
208.233
185.1451
186.0459
226.7357
245.5831
239.1334
192.2475
188.6453
249.2538
225.7996
221.7074
185.9433
210.166
201.5388
183.4563
195.1525
200.7773
184.1189
199.3964
213.0192
224.3998
182.9628
262.7275
219.6683
193.9553
188.7513
192.9021
202.6416
194.4299
190.0685
217.4337
186.1072
226.4456
210.6996
218.6178
227.1744
182.349
197.3814
213.049
202.2667
186.2423
205.7889
209.4425
189.7103
206.9319
189.3356
223.6242
222.0012
198.35
189.1774
206.0361
243.6268
173.3539
204.8343
225.7496
208.4097
239.8688
245.2181
210.0037
208.7953
220.1101
214.3539
204.8965
219.0398
208.1304
229.1488
188.338
174.6766
205.9527
172.1599
189.962
215.5373
239.3806
232.6041
216.1762
193.5476
213.74
201.2864
217.3807
195.5973
191.5421
223.4417
210.7713
226.1637
201.8941
188.4219
215.511
206.3816
183.1008
212.1585
199.0748
193.1564
196.8466
204.1268
202.0921
202.3936
246.8459
190.1838
206.4326
213.7805
182.438
202.6627
191.656
210.4343
211.2481
240.6375
214.8636
228.7797
192.5662
223.6338
178.4248
184.6621
209.2596
215.3632
203.1837
212.3229
212.8676
205.6219
196.9477
213.2611
210.7611
190.6209
256.085
214.2035
187.5263
213.684
227.7641
219.8867
218.0904
200.1317
195.063
218.4708
241.6277
231.114
217.2683
229.1087
212.7546
197.9312
212.529
204.1678
194.2121
180.6483
210.4597
198.1241
196.3104
190.2635
197.9383
197.0104
196.3436
201.0408
175.4617
177.2541
192.496
207.3895
237.1066
218.7854
211.5287
191.2927
203.2382
222.8202
209.4339
216.6317
189.1478
218.0777
199.5282
182.3958
216.296
204.6128
226.9325
193.6564
206.0463
192.5767
222.5545
200.3616
246.7007
209.5377
190.2847
195.6691
213.8346
185.6
187.1809
208.8462
186.3911
224.2345
235.2651
222.4452
213.4321
199.7559
199.5422
179.8933
186.2815
232.2668
205.9871
182.2043
180.2207
205.2117
205.9444
195.033
218.6078
192.4897
211.8429
222.5901
201.7863
203.2515
198.8309
211.7118
193.7513
196.3434
195.6455
188.0289
194.043
223.2575
219.4323
193.0286
215.5872
219.7675
208.4112
230.7525
204.1195
190.6795
187.1079
210.0948
194.8871
226.033
242.2897
238.2578
219.9763
209.1813
226.8374
203.5423
187.2952
223.6442
226.9673
205.7161
202.9251
234.2924
223.9718
218.2878
204.0793
180.7753
199.4671
214.1669
201.3581
184.8893
189.3707
195.8223
180.7926
182.0804
204.8456
189.3667
233.0141
214.929
227.6863
180.8346
237.5147
198.4562
200.1225
219.4869
182.6073
231.4122
248.3878
243.1061
202.3549
212.6453
222.044
224.6654
241.2903
188.6172
203.9008
209.9766
220.8978
218.5234
201.2853
221.502
199.7275
209.8672
210.1353
218.4211
201.3906
216.7625
223.9987
195.1853
214.8573
223.0776
226.1849
229.0301
214.2174
214.1002
191.9425
212.6127
219.9941
265.4753
242.447
193.9616
215.3849
198.1805
183.3473
170.515
225.0854
224.8016
208.8752
189.2974
207.4356
224.8621
217.7177
202.8119
192.1503
198.4771
188.2094
207.4876
240.3401
205.2173
217.7931
227.1183
206.7199
205.3217
196.4163
176.9054
227.2423
190.9739
175.5271
207.0796
203.0523
206.2889
197.751
231.3793
193.7963
208.5698
200.4189
176.5084
203.1041
202.4517
206.5638
206.7914
190.2744
196.2877
228.811
208.5243
181.9449
209.6837
185.3047
199.5977
223.9632
192.0104
219.1559
197.0005
205.3699
182.3433
189.4059
201.0591
209.0439
187.5889
199.2851
231.959
209.9534
205.2738
195.635
198.6071
189.7115
198.2004
224.4778
186.4948
221.356
196.254
198.3976
188.4382
219.6522
215.9487
202.6192
211.6636
194.6221
203.4754
208.7568
194.346
212.2434
225.0105
234.3122
200.2087
232.036
217.1174
232.2423
207.7168
214.8796
244.3288
207.7568
227.5822
222.3638
196.8629
182.5445
224.1696
201.6197
182.8768
188.2861
181.0638
201.4699
212.793
198.7016
179.6891
190.039
181.1078
202.463
222.0741
198.9095
202.0787
188.6029
178.8585
214.9047
218.4531
180.5584
186.0788
204.6866
186.7292
221.5822
226.7546
236.728
256.7424
222.1348
220.7443
197.9415
195.6277
190.5135
188.8049
228.5338
236.133
230.8434
207.3001
200.0493
228.7063
216.1862
222.4022
212.3474
250.4705
242.0959
216.1083
239.5776
213.9317
215.4175
245.3459
200.2232
224.2444
233.0376
239.2357
226.6055
221.0056
211.2829
208.922
218.213
188.9229
199.1097
160.8181
210.0183
207.922
219.3172
179.1847
201.353
185.786
181.0824
222.4887
210.4844
189.5246
217.504
197.9482
197.165
189.289
225.4034
193.8435
219.9674
195.4377
203.7102
184.7046
203.2656
202.2564
215.1428
211.7475
217.127
183.1148
229.6944
191.4639
184.0959
182.8874
207.4222
189.6677
209.942
190.4263
194.6598
191.0152
218.679
200.9814
197.8074
193.562
203.1172
240.3256
197.721
234.3138
229.1731
179.9751
195.2732
244.4301
205.0083
188.9563
220.5115
247.0353
255.6823
248.3211
205.5526
218.6492
221.3474
221.051
204.2042
212.5813
207.7336
199.5579
215.7919
201.0459
194.3898
205.8258
196.2113
227.4817
190.1514
224.8493
206.8543
228.4317
242.3348
229.6478
211.2072
195.7976
205.4695
201.395
205.4204
219.5256
215.7665
204.3973
200.13
192.0499
204.4772
183.0448
183.2256
210.5614
191.3323
190.2457
215.1284
175.8576
191.0513
185.0773
214.8745
219.3027
199.9142
198.4687
190.3068
228.7554
197.8315
219.8135
241.9965
199.3208
190.7948
221.2432
161.7999
223.443
192.9518
191.0236
191.3647
190.2757
202.5076
204.6082
220.2268
206.4035
210.6074
198.9147
206.4278
194.6864
233.1807
240.675
243.6983
233.6833
235.8591
244.2874
203.4076
196.1522
185.8147
204.0948
195.2737
230.3891
233.6774
220.3219
191.1719
181.1346
185.4429
207.3589
189.0498
202.6252
209.5848
226.2945
204.1048
223.7808
222.8112
227.7791
199.2847
207.2577
199.0862
203.1732
206.125
196.1369
195.5921
209.0592
211.8763
229.2805
240.0129
191.7717
207.1104
174.7211
166.0023
199.4356
209.4186
215.2221
207.83
227.883
205.8993
196.1814
184.8546
186.3612
183.2361
193.2208
203.1676
202.5595
189.6641
190.2424
192.6938
189.557
191.5717
212.933
220.6312
191.0812
177.1332
156.69
192.1594
187.9583
252.1844
207.7671
217.1727
225.1619
221.7937
206.191
204.5661
246.8423
203.8886
214.7185
214.7106
161.4275
193.2427
204.2263
223.3486
204.545
198.9831
204.9902
228.4089
206.5965
192.1363
209.631
200.8055
223.902
251.9933
211.235
180.439
221.8613
226.6579
156.5852
203.7006
205.8342
228.455
203.2908
188.8805
209.3382
200.3041
212.6046
189.5647
191.5196
187.2373
206.089
207.8912
188.156
199.2596
207.2379
229.912
226.025
188.4945
215.6189
231.9023
196.7318
224.5172
260.0438
196.395
187.7461
209.7984
247.3407
214.917
203.6581
215.4288
185.5237
180.6809
233.2658
252.4534
214.3349
202.8871
207.5346
216.7971
211.1055
197.4831
251.9748
241.4045
224.5107
200.2519
219.2859
204.7404
237.3208
192.947
175.8288
213.8364
210.9184
180.0889
196.876
213.8804
197.6841
211.4195
