20.03942
14.52354
15.89144
18.21081
24.2633
25.85789
24.51876
26.80305
23.09139
29.32976
28.90661
29.82816
30.72416
26.88478
24.81179
24.59354
23.84742
28.73614
28.62414
30.06943
28.79008
28.33176
28.65747
26.78176
31.74941
37.13649
33.57549
29.86849
38.95783
28.80767
25.61672
28.29815
29.70582
25.25836
29.74346
27.57492
29.07016
36.40533
38.07447
46.96311
52.62181
49.47701
39.781
33.32047
40.00295
34.72152
28.73199
30.95086
23.94082
18.94431
19.62436
19.32575
25.47667
24.47658
20.1109
25.96799
22.50182
25.80876
25.19578
22.84904
22.59568
23.74375
23.03294
27.15151
26.26681
24.31519
23.81765
27.89483
22.00442
20.56847
17.27492
17.41712
23.5874
22.20586
23.68685
21.06031
21.54413
27.44432
27.04571
25.36247
32.26899
27.58537
22.24927
17.79165
22.78058
22.49968
24.948
26.27937
27.89342
22.13746
24.40442
41.28766
35.21205
34.46335
30.82901
29.48798
30.48092
22.21113
26.62459
29.51828
27.08622
31.95728
43.13737
42.14732
38.62683
32.3612
24.04312
21.20142
32.81298
26.59551
30.99493
38.25476
36.69735
34.7188
26.10128
35.56878
37.42109
32.01645
34.54105
33.67741
35.28282
37.8089
42.22891
31.57849
31.32038
26.61554
25.54381
21.13117
23.41681
23.80649
22.34998
30.4255
23.70194
23.9039
27.32111
24.54889
23.63876
28.74503
24.09393
24.35931
19.41968
18.6274
29.31222
28.64321
32.20846
29.89323
29.6551
20.50414
22.88119
18.96634
20.8451
22.86682
21.85652
26.46322
23.28914
30.55238
24.45251
22.44267
26.42622
35.03824
41.76482
29.98345
25.00142
24.8627
26.02304
21.36417
21.57326
19.23274
21.69896
19.42734
16.70641
17.54444
19.58227
23.50888
30.35816
24.09848
28.8764
24.3581
26.29883
28.22847
28.43977
24.01181
18.21238
15.62618
21.22087
18.59082
20.23459
20.95551
21.62889
26.77459
24.75624
28.37297
32.02291
29.64985
23.81008
24.92198
31.49826
39.87752
33.01969
30.52143
30.06258
37.49091
52.74401
36.08092
30.25569
30.70778
32.75372
28.85714
36.45867
33.40429
37.75237
30.99353
21.81018
22.09502
37.50419
31.66505
33.87096
31.53932
28.23371
25.43738
28.52118
29.47432
25.15371
20.92938
26.34739
23.35491
21.54692
24.87452
28.75631
28.23292
22.68219
29.55295
32.624
26.47465
29.65388
29.54254
24.4398
21.10918
17.76151
20.38142
24.20288
25.00913
22.07463
25.42293
19.62924
23.46308
27.76078
27.27813
34.38559
32.8729
30.30904
38.11722
42.01742
42.37662
45.64187
34.69313
32.71817
27.56611
30.46468
24.67774
24.04625
26.38151
25.30795
21.40892
19.71984
23.54559
19.67139
27.10845
22.95826
33.20329
33.78081
40.65541
40.67708
36.16667
26.53969
24.86882
26.4838
16.58622
18.14443
19.66963
16.56234
26.25285
32.8755
29.64882
31.6426
37.15763
24.52878
24.02471
33.21881
32.08856
28.28591
27.10824
34.58205
39.13144
33.14564
30.45375
25.99924
26.66395
24.29774
23.20366
23.72169
25.98982
28.38905
26.39067
22.66593
26.82028
28.31709
35.10744
31.023
26.50404
22.20342
26.42184
34.24996
29.98738
33.83307
31.16451
25.77397
23.0021
21.40389
24.03698
21.05682
22.85345
24.70436
27.70283
29.16232
34.17365
27.52381
22.31109
21.20932
30.34929
24.58757
23.75605
27.40921
29.73487
29.75195
29.96675
39.22026
46.24158
42.52582
34.08548
32.22203
35.24736
39.22837
28.96679
23.81446
22.73009
24.3626
31.76315
31.62595
21.81588
22.0861
24.78015
22.91774
19.29254
19.8271
24.44508
26.12766
27.78916
21.99483
28.53014
28.15599
26.87905
36.307
26.92776
26.59754
27.89863
30.84023
32.56715
34.15559
28.48289
26.58559
22.48925
26.965
24.4784
28.6234
34.16427
37.06493
30.60033
31.37132
27.28589
36.57786
29.33872
24.48917
22.14528
28.99124
21.94684
18.53156
22.63736
22.1986
19.84884
19.57176
22.23883
25.20004
24.95866
30.62281
37.46481
39.72413
32.68396
38.06796
32.7123
32.62316
27.13865
23.68777
19.68163
23.40209
21.44559
34.77129
38.94419
48.84186
43.00242
50.47415
35.77873
25.01171
27.2427
27.24382
24.36213
27.54294
22.72135
22.6384
21.43653
27.27098
25.71738
28.01633
27.81286
25.2617
19.19731
21.00328
22.24
26.49007
25.51787
29.28142
21.88871
23.47686
22.90587
25.23754
17.72872
21.57035
25.55929
30.1135
33.00931
38.33694
41.96388
39.03091
38.33003
30.33654
27.62491
32.64847
32.59669
33.4971
26.3976
27.91883
24.29353
28.5038
22.63423
16.18007
18.08033
19.56955
23.52941
21.97998
22.73597
19.57665
21.04288
23.26342
21.91013
27.68825
42.68627
41.90526
38.39103
28.53431
28.86234
37.1032
33.75825
31.45466
41.24228
39.6001
43.72555
39.46451
43.15135
49.63454
36.88507
32.28694
39.73
38.79587
48.56478
55.17184
51.59865
49.50647
36.00143
37.09401
41.48127
45.19988
34.23764
28.01139
23.66864
28.93884
22.11794
21.03466
19.25595
28.83459
32.00392
28.50042
24.01773
23.93378
21.47351
18.07876
18.31909
25.20654
31.93358
28.18667
19.9838
20.74283
22.08503
33.26971
38.65265
27.62151
47.37579
42.87214
49.70344
38.18234
31.8953
29.88053
32.57473
35.56242
33.19233
34.05127
37.91042
29.54543
26.07347
37.29634
38.21693
29.48667
23.97616
21.23702
22.92359
23.89881
30.26163
39.50367
38.51676
36.72765
29.96241
30.66452
33.88183
35.33718
35.45002
32.39755
35.01607
38.21567
26.55829
27.00529
31.49383
42.95246
39.18837
37.75392
36.79389
40.58755
37.06054
38.68867
35.42952
26.68138
36.32766
39.23605
28.20757
34.9373
34.522
35.00524
38.6915
32.0606
36.07154
40.50646
38.69862
34.84337
30.15521
34.1882
40.94947
41.24637
35.77527
42.46551
31.5163
31.36754
25.87154
28.53712
22.8871
21.29042
26.19528
25.20929
22.61344
27.22952
32.34442
28.42064
24.09329
24.48305
24.89987
25.17708
28.23497
30.90857
38.09916
30.94457
23.53086
22.8714
22.66581
23.14574
26.16256
25.83673
30.42312
26.84595
29.06938
29.58277
26.22771
30.12786
21.8728
20.48991
19.74419
22.44565
28.36737
32.84506
28.71549
28.32678
32.04776
32.71928
36.95694
36.8698
30.09281
22.74645
18.94917
16.17601
16.98612
25.19837
30.32411
40.12872
29.3116
32.42647
28.49241
29.6074
24.93501
28.99283
26.502
22.55942
20.62309
23.01213
27.72225
22.38953
21.73947
26.47658
29.39269
30.49499
27.0563
26.2484
19.61305
19.57867
24.01276
27.36949
21.55632
22.53198
27.23867
25.56172
26.72422
26.1907
27.88435
24.78098
27.597
27.3267
22.93124
22.94572
23.8102
19.22326
20.99741
22.24915
28.82749
28.64844
29.51785
33.51767
38.31059
44.31649
36.77004
30.8046
39.78987
36.04563
23.35449
17.63224
15.78958
19.5459
15.78745
17.68122
26.57466
27.30416
24.79661
30.11128
28.70474
30.83632
25.84519
29.01993
28.7135
20.19929
25.21629
26.56628
26.58487
25.3525
21.54214
19.18829
24.09964
25.95384
23.87997
21.59657
23.81145
30.19239
23.88573
22.13091
21.69752
20.49989
27.68301
25.79282
35.95188
31.33866
28.32368
29.85867
31.90804
25.31528
24.5393
30.26251
26.52976
26.36627
31.26836
23.00492
27.06059
29.15766
30.12189
28.95411
28.69008
32.9397
41.74314
41.35975
38.74508
27.16164
23.01869
27.0271
29.48563
26.56465
27.59835
27.1744
28.47598
28.63526
32.51295
33.10313
27.16598
23.50146
28.27037
20.27077
29.55754
37.85214
38.81381
50.57028
47.05472
49.35885
53.91882
49.85998
62.24814
40.54308
22.31185
26.14675
24.79231
27.00884
25.83148
26.58597
31.38505
29.30841
25.202
21.20014
19.51667
22.43591
22.48766
26.19815
28.10853
27.08054
25.33216
28.50811
30.95604
30.13011
35.78222
27.31166
25.62932
33.33403
22.5325
25.91874
23.12498
21.73024
21.4627
15.40216
20.55549
14.76367
21.24139
20.9615
25.56903
22.47298
22.56811
24.34195
20.43816
22.45784
28.51059
25.7836
34.06281
32.95575
32.08104
28.302
29.9436
27.65254
26.32262
21.28528
16.29305
22.40519
25.30883
32.0697
31.8432
28.12443
23.92394
28.04226
23.54882
20.99498
21.30403
20.75229
16.72395
19.76349
20.57021
16.06266
17.37387
23.59033
24.94873
28.34195
29.9008
24.21289
25.87553
27.85214
25.23842
26.36042
26.7191
27.815
21.33697
29.62578
27.73841
22.79458
31.45059
25.1997
25.68527
17.35866
18.84761
13.73553
22.63343
21.0402
19.48651
20.83573
21.4601
22.47991
25.58897
31.03101
30.34734
34.15799
34.30917
34.84479
28.28389
26.79492
25.38425
20.91389
22.12633
21.76494
23.36844
24.24573
31.40987
26.20693
33.20925
23.66362
21.08751
23.09222
27.0657
27.03213
28.38619
29.93317
27.30877
25.05833
24.42191
27.82105
22.67213
20.67977
21.38761
19.1108
20.43317
19.6104
15.94629
21.82236
22.3917
18.92487
23.09015
32.19591
33.23793
34.55563
41.30468
44.4637
35.8435
31.07015
31.69865
26.91158
30.99654
29.6547
32.98297
34.85471
32.28871
23.50947
27.98093
30.05926
31.51818
20.9103
18.82466
19.9582
24.65233
29.08055
26.98023
29.80161
30.38163
31.5357
21.26757
15.6482
20.58138
20.70244
18.92975
19.63361
15.65832
18.11593
20.29276
21.65339
19.27258
15.57332
23.25563
30.49651
24.1188
15.48279
19.07287
26.33505
25.9002
27.57434
35.18006
33.83007
40.2541
30.02193
27.85497
20.36867
21.87987
34.48369
28.83613
25.03383
22.13084
20.81976
21.76958
18.53884
26.66517
23.29038
23.66545
29.96334
39.3085
42.8822
41.69275
34.81724
35.27732
28.38534
24.57468
21.50167
20.80379
21.25149
25.33401
25.76073
22.20016
18.3337
22.9977
30.31321
34.65672
35.98058
33.95929
36.28484
33.91722
25.77418
26.93735
29.21332
27.97181
32.79846
26.82554
28.83274
35.82847
39.27522
50.79764
46.8932
29.6621
24.81062
29.45278
32.6735
31.85099
27.83441
22.92818
19.59847
19.25292
21.00981
18.05184
23.01344
16.9272
