32.14959
34.66964
37.5702
38.84978
40.14227
40.53345
43.43222
42.92757
45.31731
45.3484
45.47959
45.26552
46.86597
48.22347
49.56753
48.54532
46.48683
46.98571
48.37621
47.61653
46.73292
48.29498
47.16412
50.382
49.36727
51.02646
51.68237
50.58482
51.6968
54.32885
52.75821
52.42484
50.62024
48.49839
46.76562
46.87198
46.6429
45.09245
46.57878
45.81775
45.9831
47.57555
48.2407
48.75157
49.9705
49.53652
50.04756
49.91845
48.92285
48.32805
50.36638
51.95429
53.45954
55.96283
55.54871
55.35411
57.35976
56.36636
54.69378
54.18456
55.85197
53.12682
53.81435
53.10417
51.80362
53.2046
54.43354
54.42029
53.88967
52.16678
55.32226
53.30705
55.76288
54.16076
54.80285
56.15903
56.03193
55.33134
55.29748
54.85812
53.76443
56.96693
56.90996
58.11528
61.28254
60.8098
59.46879
59.24546
58.96912
60.96212
60.84253
58.75948
59.16455
57.78355
59.06998
57.93236
55.96998
57.34318
59.06235
58.631
59.2953
61.92548
62.24082
62.03415
59.68685
59.22483
59.44439
60.23778
60.72201
59.72922
60.28698
65.11349
62.30032
63.52348
63.34621
63.01761
64.18356
64.63128
65.37559
64.20916
62.64553
64.75312
63.81721
65.73001
67.1471
64.67213
66.91615
67.92508
67.27986
64.43864
66.3223
68.49891
69.42001
66.53037
66.63315
66.19209
63.82846
66.75691
65.56154
63.46616
61.99167
62.50516
63.62684
64.26441
64.25707
64.36301
66.95161
67.78298
69.2097
69.87462
70.32562
69.73975
71.68984
73.9264
74.06165
76.36063
83.60532
85.18358
87.13817
85.21217
84.03334
87.58702
88.27375
84.23214
88.5842
90.22035
88.33341
86.67899
80.60034
84.72651
81.31709
81.14254
80.87974
76.00506
77.17721
79.16626
79.71827
80.10293
78.99036
76.98658
74.39093
72.84778
75.70625
75.79974
76.3426
76.46202
74.48784
73.87201
72.45356
70.97087
66.18663
65.16324
65.63544
67.00982
68.16374
65.97732
62.74555
61.71918
64.48368
64.77448
63.26117
63.516
66.74116
68.86295
68.25209
70.31654
75.64182
73.66081
70.69768
70.35434
72.21139
72.7507
72.16909
72.45764
73.66076
73.6393
71.11861
70.34233
74.50105
74.41502
72.53863
72.93317
74.8408
76.17347
75.27179
75.23236
74.87659
73.33892
76.17726
76.99078
74.17745
74.80517
73.43919
73.38813
73.14453
72.85781
70.81713
71.42922
69.3081
68.15677
68.87203
69.42048
68.3465
68.40212
69.16823
67.02142
68.86459
66.29824
65.34422
66.61082
63.70114
65.22499
67.223
68.71464
67.6644
66.36308
69.58235
69.37917
69.7554
69.3766
68.07449
69.43581
70.2146
69.30252
68.73683
65.86206
66.95057
64.88933
67.28883
68.74497
67.53976
66.71745
66.05238
62.92495
65.48406
65.1692
68.11962
69.63049
76.72878
73.83891
76.00348
73.02591
74.76932
72.24333
72.57351
72.74549
73.4505
76.78187
77.26216
75.07642
74.50155
74.00719
72.76117
68.96041
71.72055
71.39986
71.01696
68.32153
68.62036
66.95249
65.68371
67.24966
67.42901
66.57642
66.54006
67.36979
65.17877
66.20296
66.77826
66.20142
70.66951
68.97666
64.97086
67.55801
67.61363
67.74031
65.26306
64.205
66.269
63.25729
63.75308
67.62744
67.84242
67.83274
68.93089
67.25246
66.83189
68.94104
65.6808
66.56519
67.5952
65.51955
66.13407
63.12831
64.0401
62.18477
61.7614
60.77034
61.62267
61.22018
59.76056
61.29538
60.95562
61.75088
60.11637
57.84732
57.77315
58.26595
57.31125
58.06745
58.40217
57.37739
58.53615
58.4091
59.05484
59.90247
57.50976
60.21139
58.96005
57.68016
58.26838
61.72597
60.7729
62.61459
61.20947
63.15867
59.8898
58.57885
56.9375
57.74648
53.60862
52.79094
53.86004
53.61744
53.72619
54.39266
52.98223
56.38043
55.56924
58.93627
59.81492
60.51317
60.51568
62.77368
60.96468
61.29547
63.01666
59.28684
57.16647
56.66548
58.02674
56.69945
56.5601
54.94984
54.81296
57.15444
59.53161
59.33415
59.23151
62.38658
62.14793
61.94494
60.70816
60.04272
60.18192
60.2428
62.10757
62.22098
64.31925
66.58287
67.48287
67.89558
65.06563
64.56596
65.53639
65.93878
65.49777
67.0238
62.35017
61.00302
60.40919
58.82176
57.81249
57.01545
56.00394
58.27816
61.10526
62.00277
60.18587
61.12956
62.40416
64.02692
62.56883
62.41186
64.1162
64.91039
61.78151
59.55817
57.04502
57.72449
57.52659
56.18245
55.36899
55.00688
55.68908
56.32554
59.34181
56.42833
56.34134
57.20589
56.42735
55.46534
53.94801
55.86573
54.3805
55.10959
54.1457
54.41818
52.93503
53.29271
55.98593
57.74374
58.53654
57.65254
56.40781
52.97865
51.29933
50.28479
47.87951
48.06899
48.01345
47.03452
47.13942
46.43823
45.85881
46.09527
48.57815
47.59897
45.91
44.97417
44.80636
45.29213
44.95355
47.08181
45.09216
47.28069
48.11446
48.30524
48.39685
49.79068
50.88228
51.65099
52.07855
50.10883
52.41782
51.67469
50.98979
53.01956
53.22032
52.13624
52.15686
54.44061
56.25272
58.06124
54.6591
54.24794
53.55428
53.15782
52.42578
53.04458
54.86152
52.25552
54.78704
53.81871
55.67719
56.07544
54.72925
55.24417
55.92185
55.17604
52.96656
51.94093
52.96426
53.47273
54.01318
52.64571
54.10346
54.76964
54.65117
55.97672
53.01994
52.1454
51.79456
55.52708
55.32124
53.29857
54.51152
53.76022
53.37061
51.78666
51.61134
52.43451
50.96087
53.64364
52.82927
52.67814
53.1091
54.42668
55.76615
56.55015
56.72525
57.4892
56.91779
57.57771
60.32413
59.37916
60.6344
59.27576
55.17425
55.57885
57.29925
56.34344
55.39821
56.8914
58.3986
59.50033
57.282
56.24214
54.33443
54.11
52.60204
53.54554
52.77061
53.41074
56.04351
56.66018
55.10875
56.7624
59.43555
57.79989
60.19461
59.52342
59.08166
60.00847
60.82137
63.34526
61.68798
64.70935
65.9277
67.16677
69.18852
70.6574
69.57565
65.85754
65.45553
62.84932
63.87125
62.83809
63.87263
63.28119
62.81078
62.48482
61.30549
63.04893
60.11013
61.453
59.12906
58.33959
59.38021
60.62783
59.12205
60.17868
59.14073
59.5856
60.13863
59.35325
60.52465
60.45252
59.58743
60.90485
60.93372
62.48751
60.57972
60.12874
58.18391
56.84754
55.18804
55.24341
55.7478
55.43513
54.80738
51.42771
53.84301
53.51872
53.03971
54.05608
53.68674
56.07885
56.26418
55.4414
53.35755
53.48195
52.95842
54.29321
54.37429
52.23375
54.99291
55.92658
58.68641
57.68357
56.26112
56.15337
58.61248
60.17264
61.19284
61.42645
60.10034
59.62627
60.12275
62.8423
64.45003
64.06384
63.98179
62.65774
61.77152
63.54969
61.3125
61.85935
62.94486
64.07507
61.88303
59.76837
59.09972
59.09246
59.6412
61.33513
60.95485
59.15572
58.03806
59.35449
56.99275
56.02953
57.37766
57.4748
57.73376
56.68036
55.60269
54.78539
56.7693
58.16846
58.54803
57.02377
56.64811
55.98125
54.24133
53.30391
53.96308
53.89921
55.21005
55.55463
53.70091
52.18067
51.2906
50.33363
50.19806
52.47838
52.89214
55.16497
55.61709
54.77247
54.04968
55.97407
52.88161
54.85798
57.28952
57.96782
57.60713
55.76031
57.01264
58.3575
57.38115
59.8037
57.81935
56.90195
56.74121
58.95307
59.32151
56.57776
55.46194
56.67036
56.22517
54.16608
53.57779
53.09414
56.35487
59.02228
59.04309
57.81589
56.84509
56.1014
58.58944
56.83377
57.21806
55.4806
55.22989
55.81947
55.74013
57.58872
57.00522
54.16669
55.90682
54.05723
54.77703
54.7592
55.99316
56.6465
59.14955
58.98463
60.06376
57.33501
55.24635
55.95801
56.60726
57.20281
58.28304
58.32429
58.64002
58.0391
57.3032
56.61941
58.80956
57.75341
59.54168
58.49948
57.60975
56.98515
58.00943
57.32975
57.3718
58.89795
57.89064
59.64322
59.01066
56.97177
59.40891
58.53405
57.81573
59.51093
58.98752
58.49563
59.35482
59.05049
60.46374
61.90272
61.32247
58.97855
59.74056
63.51119
62.91221
62.78547
64.42286
65.17788
63.72626
67.75339
66.38933
65.58194
64.36163
65.33017
68.84669
68.99471
67.60925
64.15237
63.49288
60.98365
60.20563
59.66866
59.53955
61.4436
59.28409
59.83972
61.57339
60.17453
59.0536
60.31784
60.14713
58.21223
57.41306
55.02439
55.95711
52.80191
52.88258
53.3211
51.73755
51.56094
54.6871
54.28584
50.83259
53.52871
51.9995
47.43174
46.55074
44.64487
44.37655
46.194
47.23381
45.30562
44.39133
44.74763
44.25369
43.8988
45.57035
46.40818
47.45793
46.80085
46.94409
48.8292
46.57959
46.18014
47.6877
47.91625
45.45193
45.77651
45.93578
46.16138
47.29345
47.74646
50.35251
50.26473
48.90873
48.0887
48.2334
44.73254
47.08994
47.87743
48.70139
47.41484
48.76374
48.77348
48.62767
46.6735
45.6968
47.66291
48.16014
50.0481
48.36323
48.954
48.82063
50.3141
47.74082
48.76196
46.4352
46.6364
46.67904
46.70325
46.53829
48.38541
49.14549
49.14558
49.97661
47.05046
46.01844
45.20636
46.09391
44.17475
43.65457
41.82778
44.51385
46.46843
47.56338
48.47167
49.78143
50.91149
50.62784
49.91504
50.95456
50.40864
49.27355
51.90485
53.21163
56.4684
52.45074
54.0209
55.55472
55.6422
56.28367
53.60561
53.02997
52.16731
51.7393
49.71927
50.30977
50.34162
51.25858
50.30183
51.89469
54.29702
51.85499
49.02092
48.28316
47.8657
46.104
46.87314
45.30406
43.3401
42.40741
41.29429
43.05808
42.67575
43.35184
44.85457
47.03192
48.88509
49.84933
51.54654
52.45432
51.51783
54.01209
55.19836
56.85878
57.61524
57.15296
53.77812
53.26247
53.36407
53.60035
52.44581
52.336
50.98814
50.33881
49.43708
48.06885
48.79281
51.47643
52.35755
53.02775
53.19162
54.45318
52.99081
50.85097
52.03841
50.53157
49.83264
49.69676
50.58952
50.10398
50.01704
51.0124
50.39295
51.62608
49.9869
49.3204
48.07873
47.36834
46.43856
44.49115
44.14282
44.29754
46.47679
49.18626
47.90447
49.2609
48.10525
48.12359
47.79263
48.98958
51.05741
52.11418
51.01661
51.06914
49.85442
50.18174
51.15265
50.47936
52.81599
54.39435
51.95324
54.51165
52.82195
50.44969
50.62207
50.44467
51.68932
49.08648
48.10612
49.72766
52.09745
52.82047
55.55346
55.26851
53.89466
53.52069
53.05496
52.36835
52.24898
52.19328
51.85031
49.0989
49.19883
49.46227
47.94996
46.3469
46.28487
46.45084
45.89053
48.74669
49.76791
49.50321
49.09604
49.17577
51.13238
52.60434
51.0886
52.43097
49.36469
48.52705
44.71261
45.26105
44.73767
46.16053
47.24244
47.24611
44.43406
44.70363
43.2491
43.31015
42.70347
41.48217
44.53958
45.48635
43.47806
46.3337
48.11049
47.16704
48.20537
46.37369
44.44368
43.55616
43.34884
42.5412
42.04731
41.37017
40.86534
38.51924
38.82031
39.07009
38.94429
38.73922
38.93193
38.90913
39.00783
41.15859
41.48552
41.11561
43.99649
44.25836
45.11305
44.5067
44.31561
45.04846
47.3453
46.48841
47.89965
46.96015
45.39279
44.58748
44.26961
44.05637
45.1335
44.24849
41.89959
44.02723
42.78304
42.37031
42.63103
41.95932
42.6493
42.59776
45.13382
45.77127
45.42602
43.67342
42.71893
43.51011
41.40194
42.95362
43.3717
44.2581
42.97458
41.66317
42.04914
44.00006
43.63872
44.15801
44.32361
44.72073
44.30852
44.85211
44.5134
44.31072
42.14414
40.83599
40.26422
41.38952
41.88919
43.5293
42.94172
43.24118
43.014
42.59725
43.06161
44.05131
43.24221
45.17119
44.70668
45.36569
47.43154
47.61763
46.74396
47.39281
50.85794
49.56233
51.20631
52.56166
52.67791
51.38901
49.59414
49.7653
48.63156
48.19855
49.56139
48.92698
50.48526
51.48075
50.53513
53.53985
55.66347
54.51779
54.42704
51.70286
52.97015
52.24854
49.89676
49.48873
49.25982
51.07315
50.4539
51.31802
51.79876
49.75778
49.33907
49.08281
49.72465
50.45162
50.03307
50.5151
50.28548
48.92201
48.53135
50.25933
48.42716
51.62609
53.14874
52.16299
48.79088
50.57475
49.43546
49.13216
47.82156
48.1351
48.87982
49.07869
50.95524
50.32964
47.16111
45.45848
47.01486
45.38936
43.93949
43.24485
43.43329
44.17305
44.80473
44.73968
44.81313
44.49595
44.90365
45.2728
45.1218
47.07098
45.61622
44.86027
46.19013
45.39945
44.37714
43.8951
43.68725
43.97022
42.67521
42.49558
43.76312
42.18078
42.87281
41.86134
40.2792
39.22409
39.95876
38.85297
39.4096
38.9884
38.8785
40.49264
41.81068
39.95944
40.65269
40.6924
40.53104
40.75208
40.22838
40.04297
40.36585
40.89723
40.93386
41.49575
41.44731
41.31278
42.90618
42.4316
43.52548
43.79334
44.14208
46.08051
45.26316
45.39266
45.62478
44.84272
44.10357
42.26508
44.17397
44.11307
45.23253
43.8012
43.94772
44.64978
45.90983
45.8913
44.42595
45.36891
44.15056
42.07665
41.86373
43.62021
42.70227
44.47902
44.15617
44.54814
45.26208
45.5851
47.19819
46.24655
48.04104
48.45924
47.53013
47.77504
45.45825
45.58714
47.31984
44.43843
46.88256
45.40663
45.67186
46.74619
46.93151
46.87338
45.18709
46.68637
49.10559
47.35561
46.83216
47.69558
46.85733
49.4566
49.81082
50.07704
48.39706
47.58927
47.60197
47.9606
50.67245
51.95752
54.00266
53.59011
53.56441
53.45109
51.18142
52.60399
56.15728
55.69276
57.129
55.63603
55.61918
55.71771
55.60061
53.63654
55.43505
54.84251
54.89002
54.33097
53.66341
55.83929
56.07026
55.95114
57.65304
61.20209
63.19184
63.31081
61.46835
59.72747
57.35701
57.04198
59.0139
57.96427
56.26836
57.51341
56.97846
59.18091
59.60936
59.29864
59.11074
58.60431
57.94985
58.89706
60.57145
62.55036
61.54655
61.40543
61.53871
62.65087
61.68549
62.69734
64.6135
63.95926
61.84838
61.15219
61.17034
59.31258
61.56811
60.44234
62.163
65.4767
63.10322
64.28089
62.61343
67.04484
67.55884
66.0378
64.32485
66.99726
67.29448
66.28958
64.40528
64.64436
66.12166
65.21796
63.43385
63.79542
62.16505
62.70204
63.63626
65.74119
64.06269
67.33435
67.3255
65.70854
64.63371
66.2452
62.08424
65.48806
69.99677
68.5966
67.96552
65.12076
63.84519
63.58721
61.79194
61.00728
63.36723
62.26549
60.66711
61.2416
61.54718
64.20763
63.33245
64.61347
66.54942
66.4669
66.20444
68.21846
66.49902
69.90279
66.92351
68.47079
67.14334
69.00073
68.69666
70.4462
68.98804
69.88444
72.66945
70.21332
72.90157
72.41739
69.78111
69.86937
66.84036
66.78549
66.97903
67.42813
65.56207
65.84546
64.07779
60.13806
60.42664
60.3395
60.19379
58.99283
58.30534
60.52753
61.42405
60.29216
57.75551
58.93866
59.24081
60.20932
57.6948
53.75455
54.16868
53.96108
54.25227
53.99065
53.87381
54.69443
55.34023
54.35387
55.93134
54.65393
55.82854
54.86533
57.24695
57.21185
58.64956
57.02507
55.06318
55.2262
56.32496
54.11693
54.76578
56.60627
55.88716
56.49878
55.53498
54.54906
54.39662
56.54846
54.73105
53.35832
55.09028
54.36908
55.7886
56.75177
60.00782
60.43897
58.07021
61.30234
59.53703
60.71428
61.16378
64.77794
65.23764
66.65656
67.64557
66.43711
64.2142
64.15171
64.3239
64.47049
62.30852
62.48648
66.39601
65.36702
69.08063
67.26711
70.01881
67.25637
63.47345
61.25008
58.80181
56.77018
54.49598
54.56815
53.24085
53.99392
53.54475
55.99387
56.52012
54.95904
52.18256
50.35893
50.98688
51.08239
53.07125
53.63087
56.19554
52.36286
54.42199
55.65
52.57904
51.10484
53.85105
54.66343
55.77922
57.72472
55.70424
57.39106
56.3444
55.11025
57.59271
56.77575
57.39991
55.944
56.51083
56.59245
59.17897
56.60738
54.20007
53.316
51.11733
53.02931
55.5567
57.53865
59.83123
58.15848
57.9345
57.01211
55.86212
55.97837
59.47207
61.42113
60.76939
56.94171
59.27272
56.74541
54.28316
56.26889
55.70694
53.94297
51.38764
50.93776
51.74717
52.21477
51.76209
50.53022
48.99352
48.41242
50.06119
50.77083
51.1564
49.92805
49.49645
49.13547
49.35098
50.23774
49.8807
49.56027
47.68717
45.99242
46.11955
46.83104
47.18885
46.0467
44.99238
44.95227
45.4978
45.38334
45.41074
45.73538
42.73329
44.09788
45.75269
46.98377
46.53926
48.14933
50.44589
48.92212
47.40721
49.03896
50.96613
49.97401
50.13108
50.63129
49.96933
48.59309
49.21374
45.98468
44.25894
45.37698
46.17755
47.02663
46.35355
49.08567
51.46517
49.13099
47.1268
47.07928
46.23017
45.32303
46.30562
45.78468
44.96764
44.34482
44.03311
43.5008
44.90849
44.59796
45.83152
45.58644
45.59108
