9.402386
10.36978
9.169382
11.83674
12.10976
14.85787
10.33112
10.50682
8.047962
7.974466
8.928931
9.16722
6.853072
9.39948
7.306706
6.595758
8.235729
8.317664
10.04942
11.98996
9.963801
10.57815
11.90126
9.906106
8.210579
8.040785
11.55605
10.18844
9.349478
11.68054
13.34335
8.24054
8.070329
7.863648
7.000259
7.744201
6.476923
5.600798
5.36809
7.510489
7.813547
7.513446
7.522331
7.667897
6.310311
6.193993
6.114841
5.188562
5.720705
7.964264
9.23993
11.71985
9.61058
10.82332
10.96112
13.34812
13.69352
12.032
11.85799
13.70393
13.9062
16.03264
17.95563
14.53039
15.39405
13.70782
11.48675
13.50527
16.14076
14.57661
11.52279
9.213974
10.05561
9.097215
10.54998
8.263359
6.818959
4.920299
5.756766
6.225519
5.81704
5.772983
4.867091
6.149557
6.739143
7.995719
7.997758
7.529396
8.975604
11.41191
13.7256
12.20263
10.06594
8.352471
9.522573
12.76924
11.43872
13.23296
8.855293
9.0667
8.468153
6.392888
6.202357
5.798296
6.568808
10.67644
13.54158
12.32629
10.95906
9.182279
7.089703
9.07744
11.9309
13.34544
11.42035
8.483642
10.07609
9.841755
10.8956
11.88645
12.36284
9.931458
5.780733
6.911132
7.644482
6.320732
4.337405
7.695884
7.341218
10.09519
10.33656
11.22955
7.472114
7.506587
7.067878
7.109068
9.225769
8.565745
8.009118
9.107968
8.971328
11.40573
15.59425
16.4478
19.6654
20.11604
14.94819
13.34447
12.89683
15.43987
11.16595
11.69105
10.10647
7.966543
9.243423
7.65604
6.376935
7.311628
10.27839
13.57965
14.38941
14.67505
9.468116
10.2532
11.05572
12.77027
11.34821
9.831337
9.901603
7.547504
9.185832
8.14169
7.959203
9.39913
9.065525
8.107732
7.077409
11.04574
12.39575
15.19495
16.5765
15.05173
14.34529
18.03639
16.82963
14.89427
12.66764
10.6042
11.65192
12.01879
10.55212
6.351557
5.891331
5.393183
7.103108
8.680589
7.378543
7.334041
9.774009
9.693956
8.262304
7.772288
9.812976
9.833893
8.763152
8.539852
9.243323
12.64811
10.61464
9.860424
10.13475
12.2572
11.99325
9.675621
9.136572
12.6814
11.6679
13.78045
13.94275
13.87611
11.27264
14.41455
14.34021
14.38748
9.06014
11.66976
13.70037
16.50341
11.33277
10.85802
7.549533
7.668156
7.145171
7.173876
7.054225
8.139564
12.152
9.691369
10.41196
10.89266
9.803357
7.78276
6.788987
6.153945
5.987283
8.923897
10.9719
9.92406
13.89265
9.39184
7.505661
11.52368
11.11809
13.27818
15.40892
11.65748
11.57181
14.56036
10.98335
10.1001
9.048782
7.702025
10.60491
14.00701
10.54433
14.50564
9.946136
9.040721
7.378044
7.204924
7.816789
6.865634
11.81206
8.548711
8.347455
5.622187
4.866589
7.236703
8.937838
8.811309
10.41444
10.92363
10.8146
11.12475
11.69904
9.172098
11.04864
8.713901
9.255846
9.305257
12.69098
13.28391
12.55004
10.59388
6.647155
7.826937
7.770371
7.401361
9.216331
10.04529
10.92424
15.11228
20.91112
16.14234
14.89009
17.22787
23.52121
12.86626
15.30921
13.07194
11.48893
11.78314
8.946611
8.805503
8.056961
10.6087
9.198116
11.25246
8.348512
8.831021
8.75469
9.603765
8.844813
7.784251
6.773857
7.152215
8.266432
9.821825
11.36384
11.32498
14.68095
14.63534
11.47548
7.389886
9.415389
11.32635
10.99157
12.77762
10.72737
9.761875
7.711105
10.70732
10.46926
9.569644
8.419252
7.209326
8.249743
9.272337
8.398888
5.94344
4.738224
7.063321
8.438499
7.9658
8.064078
8.201016
8.004517
7.204929
12.2358
18.51762
16.83836
21.25583
17.28295
16.92154
13.39083
12.15099
11.46944
13.11719
12.76298
13.8807
13.18249
15.91566
16.60244
14.79007
14.31834
14.42998
10.49623
9.49713
9.185157
6.869027
6.012617
6.954613
8.830038
11.15661
8.332869
10.26807
12.52904
12.02693
10.65635
10.77678
15.35016
13.08386
8.690604
9.380051
7.736034
7.899552
4.364342
6.179136
6.178047
8.714625
13.72271
12.62866
12.91566
13.99794
16.23809
14.98432
13.67012
13.70231
9.717515
10.05746
12.84317
11.847
11.63073
11.45153
11.28447
13.24683
17.25981
14.50844
13.44328
9.526189
12.78793
11.54649
9.605726
10.29886
6.708603
9.105475
8.585738
9.363144
9.432609
9.565737
6.531037
5.167636
5.21604
3.738077
4.600284
5.7468
4.74544
6.086406
5.924646
6.768478
8.338329
7.957547
7.675894
5.91218
5.240941
7.515191
9.866694
9.223144
7.90215
7.617161
7.628565
10.57046
11.22071
11.41058
9.048694
9.469763
8.961098
7.845631
7.332518
13.03229
15.54942
16.41623
16.54389
14.07711
14.0184
13.95816
9.590808
12.55774
9.199464
7.436888
9.86962
8.26184
7.173098
6.741153
7.838139
7.184541
5.997349
7.862448
8.804814
5.539612
6.738141
8.119391
8.739048
6.926214
6.49273
7.001885
6.140668
6.096204
6.470222
13.12247
11.88553
11.07638
7.734211
8.157375
12.07932
9.180045
9.20388
9.88186
13.87423
19.96531
14.04613
11.22646
14.02723
13.88972
13.83486
10.84564
9.141822
11.68978
10.29533
9.335666
7.532957
6.470283
8.753037
8.107302
5.50354
4.981595
6.472791
8.066323
7.277736
8.560021
6.701794
6.089257
6.555728
7.9386
11.4865
13.81114
12.13875
8.211569
11.63509
9.025957
12.02327
11.29281
8.179841
11.68564
14.17389
16.31594
14.32694
17.06485
13.39996
9.934182
10.99564
8.88284
8.069553
10.27159
11.08857
13.46225
10.89735
12.24242
8.340998
10.2564
10.43867
11.35895
9.483824
9.786858
12.01168
7.514406
9.412208
10.16672
8.386715
6.347156
8.297781
8.245455
6.496988
8.454809
9.290267
10.73972
10.63997
10.34538
10.41686
8.741273
5.992259
9.596184
8.28138
9.951599
8.245591
8.536036
9.974227
8.734669
10.27813
12.61073
14.01458
12.68236
13.44389
14.76139
15.10636
13.48073
11.99944
9.083305
8.666201
7.051183
7.552311
7.503582
6.729823
5.352632
4.047456
3.65719
5.620924
5.668046
8.512392
11.3358
14.70981
14.41383
12.86894
12.61202
10.40371
8.286467
6.156902
8.977485
7.30312
9.131639
12.35306
12.62049
9.589584
9.21556
6.775633
6.229058
8.479835
13.39932
13.90747
13.90001
11.99857
10.26292
7.247399
7.05907
6.53347
4.920763
7.604365
8.242621
11.98679
11.75833
9.728796
13.18322
15.71348
15.04897
12.21058
12.80138
11.04421
8.946714
8.015928
9.008905
8.383212
9.821526
10.88789
11.94957
9.465939
10.80973
12.38627
14.8439
15.7112
15.04524
13.78094
13.92441
13.60543
11.71126
10.94319
13.14972
12.5821
10.68943
11.90662
9.010776
9.080274
6.347183
7.19999
6.9395
8.379202
7.196889
8.223853
7.444386
6.849577
6.822321
6.618975
6.465375
7.7039
8.530751
9.704353
12.09979
13.78285
18.84362
19.02391
17.62742
16.66329
15.92859
13.3829
11.17733
10.80344
8.774935
8.831608
10.38801
6.509122
6.828458
9.408663
8.683837
11.3918
12.2255
12.05387
13.518
13.35442
12.16272
9.920257
10.87584
7.770714
7.839468
9.599436
8.911345
7.582572
12.54147
13.62155
13.83754
12.64974
11.37028
11.02716
12.82742
10.48434
10.8618
11.22898
13.58138
16.09395
12.18161
13.34478
12.9212
13.08789
12.74448
12.71669
12.92054
14.31232
9.071868
11.35274
12.10007
15.89573
16.68224
18.54487
11.88542
14.32003
17.51267
19.71911
17.60125
14.62725
17.31241
15.17015
15.62767
12.80044
9.654879
12.66518
12.4904
18.51244
16.79342
15.95841
11.79264
12.01186
11.20003
9.404073
8.044809
9.526948
12.05472
13.57824
14.56809
13.93034
13.3719
15.96743
18.10862
14.39271
14.92062
15.09601
15.78762
15.17492
16.10015
11.54842
11.22166
15.11677
11.8274
10.03104
9.153854
11.78201
11.28037
10.96902
9.7332
9.106607
9.684039
9.424996
8.338479
9.922854
14.55563
12.24817
10.45661
10.88495
9.400869
9.105134
9.676586
10.33739
11.55022
11.34802
7.771597
6.934477
6.69516
7.070125
8.23543
9.344138
8.674769
8.136357
7.050452
7.475691
9.878125
8.571083
11.38361
10.95045
11.40372
15.13571
13.63723
15.87355
13.90444
18.84837
10.58233
9.512333
9.899858
12.00269
12.78394
10.61535
11.75203
13.60708
13.40514
10.63639
11.9236
11.25965
12.13467
14.18758
16.63418
18.72862
18.80204
16.46399
15.28029
23.00285
21.09198
23.38092
28.65011
25.74398
17.68962
19.05334
16.28211
10.62154
8.917364
12.37104
12.14446
8.838833
8.401413
8.133789
9.025398
8.373405
9.670828
7.977458
10.2207
12.82629
12.89661
12.99615
13.58161
12.14897
14.73146
16.38631
16.97885
18.89399
21.78059
23.64717
26.11492
21.0997
17.01149
17.9404
17.15402
15.23327
14.42675
11.39102
16.9057
10.91633
10.88701
11.7411
15.01209
12.19457
12.39392
16.27265
15.21755
18.17856
17.26135
16.70721
9.479092
9.186497
12.89115
15.83486
17.12675
14.03674
15.34616
13.30968
13.21845
11.65355
12.95239
11.82802
13.43823
13.39172
10.95143
9.609061
12.34965
10.89175
10.27396
10.52453
10.04197
11.81652
9.567253
7.19147
5.328355
5.820046
7.502547
6.333364
7.644141
8.718574
9.602814
11.89098
9.512007
10.98893
10.93478
8.603915
8.675337
8.436416
8.659673
10.27545
13.42287
11.24393
11.7333
12.1972
11.29897
9.892935
9.712565
8.872665
9.09042
6.575784
6.152245
7.37672
5.567019
6.787476
5.188231
4.381997
4.767976
6.675595
6.187631
7.235074
6.404774
9.83127
6.977452
5.815376
8.291595
8.944652
7.47398
7.294809
9.663404
8.876876
8.198449
8.6499
8.820853
9.709055
8.201739
9.483124
7.581029
6.286469
7.989439
11.27562
13.64176
12.7046
11.58939
10.18122
7.579857
9.461541
11.9269
16.01538
16.32742
15.12925
13.79548
13.3143
9.174691
9.007309
9.869338
8.719154
9.480745
15.18573
17.51133
21.82793
17.97396
16.09873
12.87811
12.2873
9.423659
6.530719
8.266607
5.269253
8.122363
9.162564
10.06673
10.61234
8.977123
9.781776
7.971295
8.926429
10.87466
11.95755
10.43002
