50.45428
47.87428
53.40833
50.42695
51.90167
57.77262
53.8353
58.03513
60.71579
56.38834
55.04379
61.98446
51.16871
49.98605
55.28177
61.89511
52.70867
55.91768
62.7316
50.4618
52.30733
52.87646
51.61581
58.70019
50.67899
48.54574
55.11112
49.58072
58.6075
53.11661
59.10656
53.96543
50.82487
52.4587
55.28336
55.85585
53.57788
51.86617
56.44672
50.89007
50.50813
54.55156
52.0666
56.08238
55.41012
62.86962
54.39306
54.29528
60.68716
57.88856
53.57548
54.13081
50.0122
59.85726
48.98687
57.87545
53.99457
58.87642
59.80889
49.0201
47.98245
55.34368
49.1017
53.15047
50.39481
54.58386
58.20273
49.86141
51.15735
46.83382
51.49064
51.55498
58.38622
53.51969
56.27913
54.08967
54.179
61.56205
56.82656
50.45627
57.10064
55.19136
51.43551
52.80513
49.72284
57.4604
57.6211
53.25532
53.7926
55.90736
51.94354
46.66984
56.9722
51.92549
51.37724
54.18596
57.98571
59.22062
58.21873
57.35203
59.93493
60.3222
52.42697
62.17076
64.06786
55.00367
56.12817
57.53145
51.45303
47.53496
56.69826
54.42826
52.73121
53.76583
59.58243
64.16174
62.24975
59.94911
56.61078
59.70825
56.74121
51.75186
53.11751
56.88886
55.51001
58.69422
55.59374
58.11136
58.13066
57.25329
53.17945
51.81709
57.64272
55.78191
54.08889
54.08525
59.47748
58.02923
60.53768
53.93958
57.34769
55.67993
53.48104
53.75501
50.84784
51.4981
57.78916
51.65677
53.99218
50.24634
56.00005
56.04742
47.94526
55.25599
51.13494
56.52414
60.71774
54.09154
51.87258
51.77808
61.39435
50.95535
53.43171
50.17032
51.64748
56.56692
58.24078
50.79973
54.9374
52.16111
55.98961
58.52205
53.84481
49.18214
62.02031
44.61635
55.91824
58.49941
49.53002
51.66415
54.39194
52.8653
55.34095
50.51566
46.5669
50.6744
50.28439
45.05861
52.25232
57.03078
59.77175
60.16507
53.79487
56.90513
56.45182
50.22571
53.17858
53.43999
49.53947
54.64646
56.20238
56.21929
59.2364
55.32066
55.33082
57.19217
60.94564
54.57961
54.2406
55.42819
57.74711
52.70151
55.88808
49.70897
54.63052
57.39686
58.70685
53.25522
49.05803
53.37722
49.35567
49.88009
55.25455
50.55834
50.09685
58.48828
53.51567
52.96479
54.72283
52.24695
57.70033
53.31012
58.65244
49.5872
59.10592
54.01843
52.63762
54.76613
58.06304
51.63874
51.63324
56.87656
46.01252
49.26083
58.50453
53.87119
57.5107
55.00436
52.54048
54.05584
50.21384
50.3821
58.44631
56.52179
56.20038
52.82351
51.71783
55.81984
51.69995
52.3759
58.80358
60.71592
54.93444
55.22963
57.79789
46.14266
51.73697
46.13804
51.63779
61.79927
51.6212
47.72217
58.48672
47.79217
49.83101
55.87575
60.41548
58.38936
54.75915
46.0793
60.53023
54.98987
51.92145
55.24482
56.09476
52.11063
51.44522
61.21343
53.09617
52.14767
49.54628
54.8238
58.28657
51.75411
57.55113
56.50057
51.77472
53.65599
50.299
53.92779
53.48051
54.77909
53.66024
51.06756
54.25298
60.10626
57.03309
53.81909
53.99172
54.74187
52.09692
47.6805
58.564
48.56957
57.01791
51.765
53.94269
49.25169
53.08383
55.5651
64.33125
62.02408
57.63246
55.18606
59.08169
60.24675
50.30834
53.81538
54.33261
56.46174
55.39783
55.96216
53.1898
56.81226
55.4375
47.09063
55.25778
53.94856
46.42916
56.33882
50.62372
53.02072
49.3819
48.74665
54.95812
62.54918
57.14617
50.06102
53.63549
54.73116
54.21015
59.56967
50.20118
54.35056
54.91181
48.18469
53.07927
53.00556
57.48844
49.87035
48.83384
51.68021
50.46124
51.4345
52.53726
54.75321
54.10775
56.0898
63.47831
51.25056
47.81174
59.28675
48.56931
50.18138
57.90958
59.10087
63.39747
51.41764
58.1806
50.39235
52.24009
49.30611
52.90941
52.10136
56.68103
56.08291
49.36001
51.92296
60.21458
55.9405
52.07291
59.0938
55.76703
59.11082
56.4786
55.77045
52.10315
53.27881
55.04189
50.54321
51.26413
54.38281
57.6584
57.12768
55.99531
51.20978
58.36723
54.69969
52.93686
51.22304
54.70709
52.14407
51.05773
53.00833
58.84923
50.59931
57.68333
56.28703
55.98634
49.25187
52.57969
59.64465
53.12512
59.37435
51.99079
57.08365
53.79306
56.16881
55.52381
60.56974
58.21726
52.78724
57.0024
56.2886
49.86462
52.48273
56.76836
56.58304
55.24383
49.95446
49.3573
56.83542
61.95419
51.32852
56.03815
52.99341
60.86243
53.93438
54.16424
51.60006
55.41867
52.21706
57.42645
63.40317
49.97002
57.305
50.53804
53.91607
51.83326
58.37592
54.76762
62.63342
59.93637
60.01887
49.13306
56.30247
58.44251
50.30522
56.87346
52.6123
50.28607
53.02116
57.70814
61.58397
55.98048
60.63767
60.7608
58.50295
50.83868
51.84974
46.21878
50.53618
50.8074
61.85395
48.89474
47.41625
52.55144
55.03667
58.24497
54.01
49.83256
59.96827
59.80932
48.92116
51.8556
51.12262
49.98783
50.73267
52.69041
49.32935
55.78304
55.39864
52.36597
55.5386
49.887
46.29643
52.98745
56.69563
54.54291
52.97229
54.95612
52.98658
52.31223
53.3079
55.28717
52.69979
57.59501
59.66014
51.20389
61.50901
61.0247
52.66718
53.95004
51.61611
54.49282
57.85355
52.17451
51.62503
53.77228
53.81309
54.38303
60.92468
52.68665
55.72432
50.27983
54.25021
55.18604
52.43199
53.38072
55.76555
55.65785
62.92383
53.00534
51.9076
53.64625
60.04939
56.85015
58.30283
53.41359
49.57187
50.01196
46.95484
55.284
55.29345
55.06605
52.74696
53.39122
53.21826
58.3061
52.09087
51.99971
54.30623
53.25177
63.33704
63.9787
53.26038
52.95862
56.26589
52.60017
60.04223
48.95387
52.63791
51.5476
55.72952
56.4542
59.81925
48.82963
55.25811
49.92617
49.93691
53.48525
51.03431
55.86618
66.00793
53.66367
55.24166
52.44484
51.68439
57.54869
59.25534
58.86387
53.75072
59.75892
58.19735
58.10647
51.83778
50.10387
55.23594
59.70539
51.87299
50.6139
52.18583
45.80261
54.17356
52.11301
58.59212
55.13215
55.29031
53.04925
55.44188
52.62107
44.40808
53.17756
51.63415
50.80321
49.15142
45.94233
46.66842
52.15642
51.48753
55.90703
51.86166
47.51509
56.62491
55.17408
52.68183
55.11561
52.67221
52.75879
57.86147
52.5701
55.28648
55.35981
47.0012
49.30131
60.77037
57.08075
50.88221
52.89083
60.56697
55.20687
49.79752
55.50187
55.6102
54.13028
52.74876
51.37276
53.57134
57.60987
56.02625
47.4271
48.84853
51.51286
52.81941
58.12858
49.63684
51.60473
58.04457
49.92643
57.00248
57.184
49.68598
52.25856
58.35301
63.00998
51.36408
54.36422
52.03266
54.262
51.51397
53.0945
59.17396
51.57793
51.74191
54.72906
51.61807
57.19191
51.79493
45.27074
53.33338
48.97705
52.58704
54.03264
52.61815
58.02498
60.31192
61.34481
56.44678
53.19897
50.82814
54.21922
49.80947
50.64923
56.03651
61.8237
53.82797
65.81013
49.40424
46.96495
49.76284
58.51177
58.25268
54.69111
48.75921
50.56826
47.71873
53.52543
53.36035
58.03364
49.92328
51.24929
55.592
49.64285
57.13615
58.40841
53.34069
53.08619
51.92411
50.32565
53.31166
51.15652
54.07106
53.14466
56.55449
58.0601
58.64978
49.22715
49.10458
56.45899
55.95981
52.77339
57.00183
60.32964
51.06233
55.97587
52.99062
57.49594
58.65472
43.62683
47.86655
50.70308
49.52346
47.37484
47.70567
47.84922
52.52337
54.54132
47.58359
50.03958
49.14814
55.3961
54.45315
59.0566
58.83227
55.39269
55.01143
54.6897
47.5073
49.95696
58.00468
58.18169
52.67946
52.00322
55.01391
51.83377
52.78769
50.25539
50.84997
54.79783
51.70721
58.32407
50.86119
51.20769
57.00111
52.70555
53.61667
54.22924
57.83384
58.8221
50.57974
55.84432
48.53838
51.4722
49.14115
55.58049
54.30838
55.46934
49.23918
53.46942
52.86646
57.56329
50.29646
58.07752
56.45267
50.74854
57.85315
53.31552
51.24566
60.48729
49.54142
57.31249
60.9781
54.77934
50.88025
51.49852
60.96343
54.74931
56.42189
52.04591
52.28561
51.8392
55.84321
55.15904
53.72063
49.43943
48.4985
59.59491
52.18342
51.37262
45.92884
53.08607
55.90426
49.28761
59.50294
57.36851
50.56031
55.20121
53.81229
52.9229
56.42178
49.92889
50.638
50.04889
59.77059
63.07916
56.51779
48.39825
53.69153
57.48695
57.3627
52.98865
61.54354
54.16251
52.44648
51.76452
51.42988
57.51254
51.62453
56.96776
57.14056
56.15115
55.84669
62.03436
56.92944
52.427
59.45812
56.88986
57.42749
51.63781
52.33818
51.82125
55.92915
57.12729
53.36184
55.1542
53.42819
51.03544
52.3299
58.03484
50.96498
53.76109
49.16738
58.79767
56.45066
57.32025
52.70861
47.56764
51.27786
56.30713
53.96941
50.95185
65.3887
50.45232
59.80077
56.32592
49.06892
52.99176
51.3061
55.4215
58.63778
51.84739
56.21594
48.71315
51.88723
51.22165
50.42527
58.95363
53.53027
57.53584
59.48727
49.83111
52.34601
60.72856
53.94536
55.58778
58.19648
51.71993
57.01534
61.21852
54.21113
55.06646
50.78816
52.05531
57.15332
59.92054
56.94527
58.26144
51.62317
56.10729
55.59599
54.88745
57.41048
55.62329
54.32733
51.44377
54.30376
49.70075
54.40045
50.1178
57.51105
53.48008
58.00726
56.79061
58.51627
65.56058
53.75995
57.52627
56.9404
52.29505
58.08536
53.81351
56.43688
50.5961
52.99959
55.0173
56.35557
65.03144
55.94131
49.81805
53.61415
50.11222
51.40142
55.33063
56.60364
58.79648
50.65553
54.23628
55.86977
51.15653
53.11662
65.07873
57.94022
48.58241
56.96635
63.31102
57.71974
56.57378
53.01903
49.88532
55.08539
53.99616
56.28133
52.04105
53.3524
60.30039
54.45433
54.68947
48.56725
56.64633
51.62819
46.89415
48.34739
52.48072
51.62777
50.7626
46.87758
58.3995
50.56839
53.80299
48.29862
60.31035
57.05284
56.61434
62.05111
53.58291
53.48429
51.10676
52.2997
50.15641
56.94022
