113.4785
136.6944
136.2409
219.3322
152.3398
171.2273
186.7104
184.3565
222.1873
177.8772
181.7997
213.8362
187.0799
195.8899
189.747
202.4559
225.2398
197.8922
207.8642
187.1201
179.0726
164.3852
204.195
178.5081
164.402
158.9187
202.2703
153.7064
135.524
206.8737
217.7897
311.4863
240.7884
225.1657
199.9989
168.7666
151.3682
200.6705
229.225
146.2173
172.4448
169.8717
176.5893
139.0256
132.3593
160.9838
147.1361
183.3949
139.3195
153.605
182.9315
168.3282
150.9976
170.4388
163.3848
187.6009
182.3891
239.7391
194.783
218.116
205.2231
176.642
201.5883
178.8279
189.7004
156.3672
187.2188
202.2487
143.7138
127.4401
141.9047
200.4837
233.5803
243.0909
210.3212
166.7897
185.2629
180.3098
164.5551
171.3941
153.5321
159.2949
159.7415
139.9316
149.6057
127.9877
169.841
164.1615
202.437
206.983
201.17
189.3851
223.7243
257.8787
193.4047
219.2814
184.3205
183.9191
174.317
131.7244
145.2394
113.6736
130.5836
122.9086
153.4066
210.3252
194.5162
148.8084
175.333
152.0821
197.5177
213.2138
174.4958
139.5889
165.5562
188.3646
169.5432
201.3757
172.6956
118.5863
162.5993
154.9011
128.6366
157.6141
135.4926
106.4524
117.1237
158.646
164.2506
205.7379
222.6036
220.7678
236.3426
233.3115
156.0983
199.1
193.1375
210.9021
196.6591
155.5976
180.2286
148.6296
132.8482
163.8742
159.1465
200.3349
195.2454
202.3565
155.3475
162.6475
119.7864
133.168
161.5589
150.0642
184.8612
205.9198
158.6622
153.7882
200.5856
182.5802
166.3178
168.8052
223.7933
175.2834
154.4039
159.0838
136.2848
185.2781
180.672
179.1478
170.1716
193.1922
194.401
177.217
183.6394
155.4532
145.9677
111.47
129.7704
152.6622
155.7679
143.539
115.2896
174.6579
220.4338
266.3024
250.9051
163.7345
159.2623
160.6147
149.5761
142.2682
141.6151
144.3793
173.7554
176.6392
149.3867
131.0961
157.1588
186.7417
213.044
176.1526
141.896
158.0338
143.6901
126.2471
148.6482
173.0989
169.9348
139.7932
184.4671
211.8385
270.9814
213.4501
190.3432
183.7128
167.5047
180.6689
185.2096
182.2095
149.7087
195.2504
142.9039
163.9087
172.9799
207.9797
174.4179
185.8963
229.0321
185.6853
162.6676
172.5456
159.5081
161.3583
156.4604
170.1876
208.6624
158.5271
152.6668
141.2589
129.9206
176.267
148.459
145.8864
130.0141
140.4158
113.586
147.0617
171.9204
151.8778
160.7127
143.8032
147.393
172.8195
160.6955
148.5092
155.7959
131.6219
133.9244
201.3596
159.4395
159.1496
165.1971
190.2978
207.3207
228.2945
250.4018
249.6483
206.043
229.2884
172.5499
229.4318
210.2904
220.8821
221.1278
167.0137
171.0388
203.1188
212.3556
169.8908
185.0998
233.9185
228.0936
186.6849
182.6423
197.5207
161.6169
157.4276
189.2574
283.2653
207.7572
208.5248
174.5145
173.8729
163.2969
203.9013
162.9402
214.7892
189.0326
145.9155
128.7583
175.3539
144.7504
147.3926
143.2997
196.4171
153.1679
125.947
102.3693
161.6262
171.839
148.429
134.0577
145.283
173.3432
249.6798
242.0397
235.8311
260.8776
189.3375
147.5066
120.849
195.7206
182.569
155.533
163.2085
208.1877
172.5237
176.415
160.8796
160.0239
141.4228
189.8147
169.878
188.6957
179.5229
205.5463
204.8525
182.3236
191.8719
176.9276
189.9458
196.0442
161.1831
185.2986
192.1439
197.3751
145.4249
143.5208
121.9539
142.0835
203.7834
173.2822
152.3353
171.5744
162.5077
160.61
149.1004
143.4615
164.743
197.3442
236.2614
184.1411
204.628
218.2191
214.8903
170.945
157.3403
173.824
133.9748
192.2095
148.3262
198.6819
198.8517
189.5368
159.8207
176.7101
172.8167
171.3221
162.3774
188.9743
235.4371
246.4943
204.3369
221.0979
168.7593
173.3296
176.5769
182.3744
165.67
224.0444
239.9207
194.5626
201.6449
259.3627
210.4303
194.5058
221.2133
166.4112
162.5638
172.6635
192.283
171.5359
280.7904
197.8069
218.0539
184.4378
203.3625
170.2427
135.7917
125.815
175.2234
150.3143
134.5293
162.9215
150.6026
160.3837
157.4779
180.6582
186.4197
188.2314
194.0141
160.5977
160.0645
170.2074
175.1131
162.2288
181.2704
161.5852
162.9664
146.3264
133.7185
127.5228
126.7884
142.0087
134.9983
161.2747
124.4652
135.1906
111.0853
151.532
151.4343
173.6143
169.8182
177.2032
167.9655
202.7416
169.2372
200.5772
167.6436
166.7693
219.8481
210.3102
227.6607
215.6527
219.618
233.6812
176.5085
134.2609
182.9232
149.4701
165.0744
163.577
187.1561
154.1275
193.5744
151.2805
116.4445
115.6466
121.6792
154.5143
209.4809
177.5498
176.9945
164.4345
131.2135
144.9102
174.8149
160.8005
140.8823
220.2205
198.9022
178.5629
202.7563
167.488
174.6079
172.1574
150.994
164.4864
169.7419
175.8806
201.519
196.8764
176.4107
168.5533
159.8182
211.4969
199.7395
164.3861
151.1354
138.9261
201.946
198.5415
173.7406
157.9015
132.7433
124.7251
145.3429
232.3139
254.5508
214.0223
197.8594
212.7636
223.1204
162.6005
157.2629
144.8052
153.7447
156.4784
165.5261
125.9491
117.1652
150.3392
222.3144
152.8545
148.0674
138.1836
170.3795
168.9718
178.1138
165.2325
205.1428
176.4175
152.1443
142.6955
135.3374
174.5402
199.3169
201.1764
187.7638
143.3243
211.4433
169.9766
179.2495
222.7811
199.0263
174.8063
130.5513
129.5634
124.0853
165.7186
122.1749
166.7749
156.568
170.183
162.0743
203.577
233.6189
210.5164
236.4502
178.5833
170.535
147.812
157.2809
167.3868
162.9181
210.0175
199.4956
218.792
241.7536
183.9612
229.2287
139.4436
165.2886
199.1251
177.7463
131.7871
181.3601
144.2497
179.5722
199.6861
205.8296
222.7921
260.0872
223.6435
170.6811
214.2762
282.9229
339.7407
235.5287
159.8803
189.7296
186.8929
135.4438
161.6034
153.4722
172.3492
165.4808
183.2934
154.5098
176.9666
172.7199
168.0491
157.3006
192.7953
177.0608
163.6847
147.1797
174.7766
150.0009
133.8619
138.1175
126.6534
136.0629
131.9618
151.1679
158.8311
155.0818
158.9933
179.1606
178.6596
123.4192
98.06275
135.1475
122.908
135.3647
183.5521
145.6627
160.9357
163.3284
157.4642
147.9645
160.289
184.6798
188.809
161.1707
175.3843
241.8398
194.1835
197.0403
187.6053
159.1987
205.317
157.1828
159.2974
145.6785
131.0094
128.5526
162.5149
141.1571
209.8698
181.2153
199.1326
201.1432
190.2518
194.9916
201.1928
192.6294
145.3409
127.6205
132.1466
199.5081
200.298
234.8573
215.8122
142.4669
181.9589
160.8579
183.6502
184.5174
195.3618
210.8865
191.1878
170.4339
166.0622
187.8598
201.0823
196.6868
159.2424
177.1982
127.3014
150.4465
136.2103
146.5948
163.6244
154.9296
183.4544
237.4689
203.4194
199.7967
214.4539
156.104
170.6914
164.7487
159.8383
147.2356
196.3902
195.9465
232.9578
210.7694
210.0326
200.8165
165.2262
137.6912
165.1177
179.708
224.5345
179.9058
186.8285
190.6839
205.969
217.0427
204.355
174.6648
169.1761
152.8273
225.9661
191.8525
188.1894
183.98
240.8696
267.858
236.9336
223.9951
167.9994
186.6057
167.8751
137.4848
169.9019
169.3134
159.278
155.839
161.9033
205.8788
197.2124
156.2695
181.9929
201.3501
177.5825
202.1433
197.4937
141.5937
188.9474
188.8119
183.1484
138.9232
164.6612
134.7822
150.7391
173.6187
174.5305
189.311
217.8217
167.6923
128.564
157.3517
156.9164
182.8822
165.0397
169.2489
152.0491
162.4831
115.7013
149.859
220.6247
243.2743
149.7151
161.4309
185.3353
190.4583
243.1718
198.552
220.4187
202.5378
221.9326
181.9508
177.9626
182.7789
205.948
186.8108
133.9501
125.3922
157.9558
176.1279
208.9825
197.2215
171.1787
217.3775
158.93
137.696
132.5203
151.8344
134.8134
134.8028
149.4025
151.3246
168.301
151.3616
159.9173
152.5189
173.477
144.0874
202.8695
155.0644
132.9418
163.5944
152.5125
148.3455
133.8503
179.2836
162.3695
195.9696
156.3753
147.0113
155.4076
188.8803
192.0605
178.888
153.6253
140.0855
135.6773
136.9055
155.8532
175.2469
229.6166
203.451
206.2403
188.6062
163.6218
143.7293
128.4138
155.106
181.0736
183.8601
201.8081
232.783
207.9949
223.2877
193.9559
190.4464
214.8597
186.9202
243.9198
191.8433
177.7179
158.961
182.9581
163.247
124.8104
125.6113
161.2934
136.0049
123.4778
125.8636
145.7698
166.7881
187.781
160.2142
140.5411
121.1201
135.1919
148.2265
171.0287
188.4096
185.5386
170.3393
150.2697
179.011
221.8033
207.5811
181.2003
152.5637
187.3387
213.9321
204.0314
196.147
190.9285
184.6984
262.1601
190.4827
198.3724
173.8157
167.7612
231.3409
208.6625
142.7178
240.4128
185.6193
197.7395
211.4944
201.209
215.7547
214.0504
141.9516
178.1538
191.9686
176.3008
196.7715
258.383
219.0921
173.7415
219.5988
205.8002
170.506
171.1054
224.4207
145.4298
152.7264
141.7167
167.7615
148.1368
178.4528
200.3651
220.6727
235.2753
162.6268
133.189
140.4073
183.58
172.3272
172.27
179.7067
163.9119
157.1243
170.2803
175.1806
132.3111
153.2587
135.6493
132.3202
133.597
159.2868
202.5259
182.7664
173.9667
159.5976
171.434
207.2866
237.4022
197.5315
210.2079
190.1881
179.4318
169.5064
218.7277
211.4847
211.8856
178.9254
169.8637
160.3244
144.3134
173.8394
178.6806
178.7694
207.2858
227.3552
186.5928
192.4847
165.7534
173.6621
150.9091
208.6646
204.1921
188.5493
240.2035
240.2709
154.2516
180.909
220.4793
165.5289
156.6954
137.6648
145.3162
184.6586
196.5313
173.4039
181.5409
141.8874
158.68
210.6671
246.1694
160.5525
133.7224
220.4531
232.6976
172.9101
253.6652
255.1736
243.8985
299.7956
308.2676
290.4691
147.1744
182.4107
122.8739
145.1732
196.7431
193.2748
180.955
137.3467
