33.38234
34.80598
35.28355
36.36227
37.29876
36.79117
36.44489
35.59006
37.18261
39.98833
40.11276
40.23802
41.4994
40.39473
40.56804
40.91828
40.59514
40.16974
37.97427
38.55392
36.58355
37.18259
36.13605
35.65555
36.93964
35.38018
36.62119
37.23984
39.38338
41.02803
40.76686
39.52647
39.30979
39.50358
40.18931
40.88112
41.96282
42.69095
41.52331
40.22785
41.92425
42.25387
41.31911
39.59175
39.4502
39.31276
37.38506
39.45185
39.031
40.20899
39.86859
39.96177
40.70624
42.0579
41.94852
42.65279
41.97211
43.1365
42.37208
40.34213
39.71895
39.69222
40.08042
39.44259
39.36902
41.6138
42.30606
40.92051
40.08583
41.4334
40.11513
40.60118
40.53607
38.44451
39.51256
38.67675
38.91574
37.87754
37.87233
37.52421
35.01572
34.75882
38.92769
37.69863
38.45162
38.19081
38.826
37.51714
37.26231
38.74086
40.51651
40.88668
42.77389
42.97299
43.78022
44.97283
45.45943
44.71856
45.25526
46.19803
47.2282
45.70657
44.17222
44.68181
45.39502
43.83675
44.09705
44.25804
44.51744
43.99198
43.65711
41.81207
41.37276
40.50862
42.62703
43.02023
43.49885
42.89065
42.55375
39.31228
38.44666
38.41575
37.77627
37.36518
37.87536
38.17456
39.59764
37.93155
38.15423
38.10951
36.56401
36.30461
37.12317
36.82075
35.47757
37.85175
39.03928
39.66016
38.79911
35.98082
34.66017
32.87876
32.73344
33.10192
34.0554
35.01879
34.78103
34.27754
35.09004
34.32527
35.83114
34.7203
32.97023
34.04961
33.11634
34.4487
32.52339
33.14812
32.57148
33.98266
36.3334
36.97423
38.37586
39.08486
39.30908
39.98729
40.45366
39.34436
41.42947
40.21119
39.12455
38.47372
37.88519
36.52359
36.10254
34.59915
32.93455
32.87613
33.06065
33.1044
32.66524
36.26997
34.76308
38.10411
37.56185
36.50069
39.53392
37.74849
36.24603
35.63645
36.63288
37.42126
38.18092
36.40848
37.18924
37.45906
37.08782
38.93418
37.65867
37.63072
37.93379
38.63621
39.87053
40.34958
40.74595
42.13374
43.65293
43.8193
45.34975
45.14326
43.74108
43.99874
45.88223
46.04074
47.48739
47.67294
46.04662
48.01285
47.74618
46.49815
44.97053
45.27893
45.69718
44.51059
42.53282
40.94821
38.28599
37.86508
36.18699
36.19369
35.73525
36.50391
37.26065
36.6402
37.71016
39.66601
41.72742
42.08126
41.0069
41.38004
41.72642
41.88634
41.75089
41.93371
43.45223
44.57203
44.30299
44.34617
45.28248
46.09774
45.72578
45.10584
43.92771
43.279
43.30281
44.09898
44.91718
45.90756
47.31269
49.48115
48.70369
49.68371
51.29769
53.25159
53.77825
54.63651
53.55042
51.87156
51.07296
52.0105
53.02147
53.10778
54.15476
53.89296
55.38664
56.54415
56.71476
56.2615
56.81354
57.45288
57.34067
56.59804
54.9333
54.95411
55.94896
54.22655
52.76298
52.01677
51.86208
50.42266
49.76129
50.14277
50.25144
47.97743
48.52587
46.96854
48.19789
47.44207
46.39179
49.10305
48.96607
49.61723
48.40775
47.49122
47.93218
46.64547
45.82224
45.53119
45.87498
46.80054
46.33472
46.28533
45.13218
45.42764
44.90429
44.31644
43.67521
42.73004
44.09429
42.47878
43.81843
43.7275
42.12152
41.17264
40.09206
39.43009
39.42783
38.07214
36.34
34.22796
35.7296
34.96544
37.55405
36.34627
36.82039
36.90681
38.23609
38.94846
39.39148
40.93944
40.33205
42.12608
40.44231
40.3748
39.70684
39.64811
37.25637
37.57753
36.87708
37.91754
39.23379
39.09647
37.919
36.72397
37.75936
38.88482
38.45624
37.7697
37.99103
38.10341
37.53367
36.25033
35.88864
36.80281
35.77841
34.35503
34.72717
33.62635
34.35486
33.59757
33.1378
34.76617
34.22071
33.67973
32.85856
31.44081
33.37673
34.17969
35.35747
34.03062
34.53522
35.41899
34.31703
33.54301
34.77699
33.87181
33.20311
31.83938
32.52176
31.96672
32.29569
31.87662
31.63732
32.02271
35.11601
34.46154
33.91347
33.79244
32.68975
33.63992
34.31691
34.40138
35.28276
35.02468
35.84178
35.30873
36.1508
38.28095
38.94926
39.8001
39.04172
39.37031
39.17777
38.79311
37.14756
36.178
36.41714
36.54668
35.03556
37.39148
37.57104
39.48697
39.30126
39.43094
39.90925
38.93374
39.57743
39.13733
39.37541
38.50773
37.05902
37.33901
35.68648
36.19425
36.52203
36.46692
38.15362
38.27887
39.25075
39.31363
39.35588
38.03794
39.24749
37.1305
37.91121
37.81222
39.01769
39.13831
39.57325
39.66796
41.08076
40.04219
39.50433
40.00612
39.74569
41.0564
39.50614
39.40539
37.24546
39.6568
38.48932
37.50241
36.61125
37.05195
36.33904
36.88861
38.1462
37.44261
38.61396
39.21125
38.58924
38.17781
38.83648
40.15959
40.38094
40.19057
40.19035
39.93306
41.39696
40.50217
41.41135
41.02893
40.76742
42.98859
41.74921
44.83545
42.66368
43.1634
43.71182
45.0941
43.45056
43.24417
41.99644
41.16715
41.36574
43.14822
43.89824
43.44891
43.4951
42.91258
44.82736
45.38371
44.16799
42.72787
41.82731
40.52011
40.36702
40.9057
41.25285
42.28982
42.75783
39.72275
38.46174
39.51697
39.33901
38.91437
36.92727
35.21501
34.07641
32.01431
32.39617
33.96339
36.65085
37.19723
35.77601
36.55947
37.59854
38.54251
37.5937
38.82493
38.66124
37.31466
36.48355
35.87574
35.87179
34.45598
34.88238
34.79629
35.48038
35.56874
35.19201
35.06164
35.94897
36.2713
36.42427
35.3234
35.9269
34.10206
34.02104
33.73625
34.74739
33.58023
34.97257
37.01788
37.59428
38.99848
38.36342
37.60333
37.31958
37.49243
38.01231
36.82414
35.5249
37.96987
37.54809
35.96306
35.25341
35.42616
35.4768
36.6227
36.24029
35.10366
35.46506
35.67776
35.77082
34.11715
36.26402
37.1006
36.55959
37.24441
37.3765
36.66691
37.46645
39.43319
38.73646
38.93912
38.8809
39.41652
37.05481
38.29168
39.33301
40.79907
39.83612
39.96801
39.9047
38.49478
37.59041
37.22102
36.01018
37.00618
37.49416
36.26999
35.87326
37.55837
38.31343
37.03998
36.77677
35.42612
36.24232
37.9878
36.85595
38.44702
38.21558
37.65676
38.88125
43.43626
43.56869
42.13856
42.58565
44.17432
44.56194
45.74873
44.89001
44.4487
43.44226
41.40931
41.17269
42.42387
44.00242
44.39094
44.47238
45.15746
46.61384
46.1469
47.06453
47.91502
46.96145
46.40589
45.24865
44.50332
45.1089
44.71523
45.60472
45.83595
47.56533
47.75493
48.49632
49.2717
48.9059
48.4109
48.07675
47.13861
44.84692
43.76672
43.95489
44.66609
41.49844
39.65419
39.52947
39.19456
38.63223
39.70538
41.13359
43.88607
45.39077
44.3935
42.96315
42.82529
42.9158
40.4521
41.76572
41.00968
41.50869
40.2491
40.669
41.37898
42.65178
41.40419
40.88305
42.46804
42.71067
41.92796
40.57434
40.46371
39.65204
36.98727
35.31201
35.71347
36.04852
35.54013
36.20025
36.35188
36.36661
37.62793
38.719
38.71753
40.06591
41.48801
42.48738
41.85247
41.84949
41.11318
40.71664
42.71765
42.79471
44.16093
43.536
44.53995
42.7123
44.41704
46.68244
46.67166
44.9864
45.34972
46.91478
48.56293
46.66032
47.05404
47.69866
49.19026
50.59047
52.03603
52.64813
50.07354
48.3525
48.21183
47.88612
47.7299
48.97788
50.70918
51.6023
51.93413
49.60765
51.07196
48.44719
47.75194
48.14953
48.398
47.47138
44.0482
42.91156
43.15224
42.5303
41.44391
41.98055
39.95651
39.72751
40.61692
39.7309
40.77961
39.15663
37.06262
35.39489
33.34667
34.62657
33.038
33.9769
36.09316
33.90012
36.36737
34.34778
35.26126
34.08989
34.19136
33.34064
34.36866
33.35115
34.80807
33.91449
36.28923
37.98353
36.68778
35.57385
37.31444
36.16071
35.01354
35.33263
33.44286
33.64619
36.23662
35.68614
38.52442
39.13303
38.47526
38.30772
37.43243
37.10283
36.75777
37.27341
39.37478
41.79496
40.6181
42.6583
42.7889
42.31082
42.51692
41.8311
41.31646
40.31237
38.81701
39.53214
39.98357
38.64986
38.42949
36.04103
36.94379
36.25059
36.8713
37.29221
37.90528
38.89405
38.62405
38.67321
41.19901
41.14951
39.89657
39.76566
38.5722
37.97004
38.27619
38.12856
37.8397
38.44084
39.19795
40.99472
41.01931
38.48223
40.29302
39.61317
38.7093
39.12383
39.9529
39.29299
39.00139
39.87829
40.91099
40.68579
39.92945
38.39911
40.54562
39.98288
39.52478
38.85316
38.32815
38.08061
36.69884
35.46361
35.50701
36.47151
38.17919
38.669
39.43915
40.24341
40.16685
39.37244
40.29817
40.81956
41.30274
40.94737
41.97903
42.00213
42.32355
39.15254
39.85436
41.84692
39.77276
37.36006
38.64585
39.56741
37.46974
38.67082
37.79693
36.7838
36.26434
37.41027
37.33935
37.15262
36.81697
36.10042
35.26308
34.21762
34.73404
32.81074
33.1789
32.63166
32.48728
30.7548
30.96911
30.74395
30.58016
29.00027
29.22013
30.42035
30.15066
31.12342
32.53287
32.56427
31.30117
31.46777
32.99876
34.2265
36.41671
35.03846
35.14443
35.46813
35.63617
35.67642
36.8378
35.92313
35.30913
34.36319
34.33627
34.4502
33.4407
33.83974
33.1553
35.86799
36.96699
36.2205
35.94639
36.74565
36.69673
37.04333
38.21788
37.72711
37.30183
36.87515
36.10367
35.64354
35.79958
34.4066
35.57885
35.4423
34.03132
35.00362
36.50264
36.60964
36.48797
36.98532
36.89914
35.22259
35.31092
35.59854
35.97009
35.17708
32.6812
33.13737
34.2587
34.41977
33.80013
35.24303
35.69896
33.52383
35.35323
35.32398
34.89523
35.51746
34.11275
31.90148
30.42504
31.15584
29.63097
31.45028
30.16971
30.21595
32.03809
32.96226
34.91161
35.15284
34.28124
33.95421
35.08307
35.22797
35.78714
35.67793
34.8909
33.26502
32.78989
32.71048
33.83197
35.16142
33.69316
33.72778
33.85412
32.72542
33.55285
35.45139
36.51628
38.56279
39.09307
39.5678
37.3053
38.53571
39.30104
39.30928
40.55605
42.48365
42.36479
42.02095
42.84354
