probIn scale
0.008075268 4.951749
0.002330525 5.204756
0.001362959 5.267994
0.005188534 5.447262
0.0006524804 5.292926
0.001032476 4.483124
0.002261505 4.253472
0.006212828 4.334971
0.01517263 3.972065
0.006677814 3.98328
0.01189316 3.902835
0.01832577 4.123111
0.01999069 3.595708
0.0154359 3.822623
0.005451549 4.065332
0.01522034 3.896364
0.005648477 4.11236
0.006636209 3.870832
0.004841075 3.94564
0.01794667 3.796557
0.02299044 3.743574
0.01258995 3.760718
0.01184237 3.913375
0.01565942 4.295795
0.01971332 4.754614
0.0199479 4.897028
0.01013048 4.944337
0.009803207 4.539436
0.009660009 4.211389
0.01012763 4.560234
0.004898665 4.266774
0.0115091 4.170785
0.01113795 4.550312
0.01150354 4.293973
0.003949936 3.934562
0.003827455 4.462081
0.006666466 4.128516
0.01135692 4.274447
0.00493351 4.004551
0.002908851 4.49106
0.006907883 3.919462
0.007399339 3.863876
0.003326894 3.829429
0.006992632 3.703809
0.002462038 3.700756
0.006783864 3.277199
0.008353669 2.972286
0.009569735 2.999884
0.006622205 3.192801
0.009643948 3.194771
0.01013957 3.204893
0.0147224 3.183008
0.0170122 3.296184
0.02455542 3.664937
0.01358002 4.240048
0.01346091 4.280069
0.01677126 4.239908
0.01481919 4.05928
0.008768188 4.263401
0.01558277 3.842074
0.01308655 3.874231
0.02118689 3.716067
0.006859152 3.453421
0.01305371 3.404485
0.0177006 3.557409
0.002776814 3.394384
0.006014015 3.478458
0.007211981 3.989737
0.004005395 4.30756
0.009105486 3.918964
0.0107081 4.168355
0.009437053 4.204369
0.004183251 4.309242
0.008572968 4.569537
0.002540433 4.348782
0.01037319 4.517502
0.01396233 4.678935
0.004297586 4.568973
0.006202632 5.050005
0.003386753 5.073436
0.009984208 5.539495
0.007666636 6.127954
0.003761687 5.699084
0.016356 6.089579
0.006551157 6.052517
0.006644232 5.852575
0.008633781 5.533782
0.007928265 5.881349
0.003752803 5.355606
0.004940701 4.913533
0.001163615 4.628185
0.009789543 4.443886
0.001490261 4.529845
0.004437551 4.682586
0.006195496 4.671441
0.00784586 4.554939
0.009996677 4.806161
0.006190393 4.804235
0.005099712 4.900098
0.004664983 4.578498
0.005092384 4.472658
0.005754927 4.483346
0.00307513 4.170598
0.002163142 4.299609
0.008438098 4.795825
0.01215052 5.155388
0.007838431 5.050164
0.001421177 4.967555
0.002365428 5.756722
0.004854129 5.148101
0.004868897 5.147597
0.01361957 5.318977
0.0068292 5.312355
0.002530415 4.914236
0.003373441 5.19857
0.008679351 5.396584
0.002963161 5.76427
0.003841167 6.073035
0.0078901 6.2696
0.00388384 5.829427
0.003173251 5.953203
0.00527086 5.783406
0.009094895 5.918726
0.006324675 5.108704
0.002176775 5.137792
0.00796642 5.423048
0.002608546 5.854082
0.0004604514 5.687294
0.008488611 5.797053
0.004851439 6.411934
0.005810412 6.751908
0.006533169 6.451502
0.002301412 6.813549
0.0002587668 6.129267
0.00234946 6.163171
0.002643087 5.851402
0.002988653 5.944074
0.007522262 5.184388
0.005029682 5.363621
0.00178957 5.877016
0.001217747 6.009846
0.002086452 5.74649
0.001048672 5.88618
0.004967193 6.016255
0.003314306 6.590217
0.006682984 7.220804
0.007538805 6.620466
0.009884032 7.060687
0.004784342 6.940087
0.004259498 7.269025
0.002692688 6.62646
0.002135481 6.668453
0.003724507 6.912744
0.004090976 6.294785
0.006186826 5.687788
0.009297849 5.598465
0.01265109 6.132609
0.009633477 6.299519
0.007343901 6.197305
0.001305617 6.742992
0.004486839 7.009709
0.001458845 6.764291
0.002423001 6.45836
0.00392883 6.411114
0.001177956 6.642783
0.005316728 6.822213
0.001132094 6.367863
0.002814147 6.106721
0.001892028 5.683102
0.0009402023 5.563977
0.002816901 6.010482
0.001623377 6.132997
0.002011902 6.524373
0.0005206994 6.537992
0.0009189037 6.659511
0.001885783 7.063404
0.004001018 7.638309
0.0005748987 7.606375
0.00430578 8.018257
0.0001445395 7.591063
0.0035206 7.817716
0.001457097 7.628019
0.005197032 7.317312
0.005588725 7.192111
0.004274114 8.059585
0.009777295 7.484854
0.01076436 7.648463
0.0150433 7.947363
0.00903169 7.349059
0.01440522 6.950362
0.01403974 7.049855
0.01181455 6.988249
0.01190835 6.023086
0.01228081 5.585205
0.0102674 5.429942
0.01608145 5.962561
0.01890537 5.621761
0.007987156 5.725169
0.01215276 5.814275
0.003176255 5.28086
0.00760793 5.621675
0.007486671 6.185609
0.01163958 6.072015
0.006825433 6.429446
0.0176999 5.972336
0.008614855 5.438787
0.004430142 6.475617
0.01211218 6.510795
0.01003023 7.895364
0.002262751 7.861197
0.005918243 7.718736
0.003204048 9.01885
0.0003082694 9.032892
0.01356923 9.09222
0.009224588 8.736347
0.008249952 8.478275
0.00325025 8.113282
0.001959824 8.848246
0.003152291 8.968032
0.003996443 9.237481
0.000802189 9.086746
0.001248061 8.559007
0.002748459 8.265086
0.00206792 8.218637
0.004321344 7.741645
0.003765529 7.636238
0.001971474 7.835238
0.001007327 7.257408
0.005047144 8.083894
0.006819193 8.193794
0.0006186409 8.116118
0.0002807441 8.419024
7.512757e-05 8.836595
0.002006647 8.506955
0.002799001 9.747721
0.006673892 10.27145
0.004447964 10.36334
0.007051695 9.224292
0.004274406 9.695313
0.003663497 9.500553
0.009592172 10.30678
0.008178018 9.286595
0.005424123 9.456474
0.005307327 10.14038
0.005218716 9.524413
0.009751645 10.24284
0.005588427 10.2996
0.006094466 9.657669
0.007299876 9.843472
0.001761179 10.19303
0.01315625 10.08539
0.009590301 9.171044
0.003571579 10.6011
0.003496831 12.08133
0.004400744 11.98423
0.001738509 12.17657
0.001680857 12.87027
0.005689868 11.69063
0.002766194 11.1128
0.004488759 11.60435
0.002191669 12.31531
0.006418936 11.19278
0.001692928 9.917165
0.002504576 9.819806
0.0005455261 10.04422
0.002124401 10.39414
0.0003594062 10.14481
0.004932041 10.51735
0.009696743 9.865867
0.01211863 9.750596
0.00818135 9.310803
0.0121303 8.062706
0.007882156 7.798445
0.006413705 7.960211
0.004927177 7.965634
0.004354658 8.307636
0.003660232 7.547234
0.005346215 7.666903
0.004916728 8.005515
0.004417876 8.781745
0.004102116 10.15047
0.01162473 10.7233
0.005988159 10.90926
0.01235661 11.63835
0.007841378 10.02452
0.007326749 9.88024
0.005592334 9.291621
0.005372519 8.825105
0.01284007 8.82517
0.001834202 8.785125
0.002199985 9.242399
0.003104129 8.870965
0.004005733 8.74615
0.01010854 8.485164
0.007086768 8.632874
0.01169898 8.916568
0.006107771 8.480126
0.004493376 9.124596
0.002969817 9.337503
0.001498698 8.58874
0.002807897 8.374046
0.003429247 7.388146
0.005038877 7.703346
0.007138757 7.597511
0.01212595 8.153441
0.007918925 7.631016
0.005551994 8.754744
0.008064802 8.814047
0.01219457 8.335437
0.008034427 8.540916
0.006561922 7.803879
0.006694118 7.456238
0.00201135 7.02903
0.005860256 6.223964
0.005285978 6.537896
0.001586428 6.742678
0.003308046 6.155828
0.00490985 6.332433
0.007845953 6.171386
0.006003181 5.403812
0.006010579 5.695958
0.00338347 6.028174
0.004601509 5.918904
0.007860234 5.079565
0.009033668 4.51982
0.01142546 4.347051
0.005924797 4.041156
0.02132947 4.472943
0.01302478 4.533227
0.005772485 4.66833
0.01170828 5.229681
0.005783796 5.503759
0.005386104 5.90007
0.006621519 6.237062
0.002966612 5.802129
0.009901225 5.727906
0.001631902 5.949082
0.008345476 5.670387
0.00704884 5.231077
0.01206528 4.892216
0.008343645 4.967873
0.008067245 4.934148
0.005219813 5.264747
0.004075889 5.493736
0.008422165 5.180368
0.0004688877 4.560824
0.0006369029 4.495025
0.002063314 4.536867
0.001406589 4.726762
0.00365152 4.364403
0.005781587 4.119433
0.001846096 3.933433
0.006208669 4.149936
0.001763155 3.991407
0.006041019 3.753849
0.01358853 3.694756
0.0009167799 3.381211
0.00555444 3.31713
0.007200599 3.244063
0.006762024 3.7243
0.009355778 3.845353
0.00762097 3.871104
0.005300726 3.84152
0.01552309 3.619302
0.01262218 3.63962
0.0111322 3.321812
0.01441998 3.309421
0.01100551 3.10445
0.008194189 3.162126
0.004927706 3.357877
0.004627865 3.370198
0.002279421 3.648247
0.003063895 3.537619
0.005077445 3.396796
0.002115444 3.158016
0.005133831 2.950837
0.001902996 2.736358
0.008568798 2.921999
0.003727929 2.524769
0.003274414 2.449947
0.00702987 2.759054
0.005850475 2.895826
0.004466839 3.251163
0.01185935 3.696196
0.01702406 3.695819
0.001457482 3.50206
0.008808451 3.539151
0.00776147 3.745313
0.001035387 3.837083
0.005651125 3.630155
0.004503059 3.749954
0.01192724 3.745965
0.004632508 4.292586
0.00566485 3.942543
0.007418572 3.95578
0.006348518 4.01803
0.006921627 3.960686
0.006679575 3.670906
0.003806739 3.529522
0.002069485 3.334761
0.002484118 3.134639
0.001345743 3.140222
0.01110944 2.962066
0.004644011 2.536158
0.003347648 2.304953
0.007134058 2.095919
0.005987182 2.033446
0.002851894 2.036949
0.01762063 2.224161
0.01404236 2.087738
0.02016248 1.870525
0.004709027 1.977242
0.02006194 2.125837
0.01514761 1.82119
0.02204468 1.921974
0.01958061 1.75965
0.03186015 1.947718
0.01233307 2.103656
0.006043611 1.870822
0.007029465 1.846511
0.002080863 1.710241
0.001973717 1.593242
0.003240071 1.377164
0.008212363 1.286914
0.007298387 1.349389
0.001594713 1.4311
0.01213023 1.409274
0.007464384 1.414497
0.01013622 1.357581
0.01355357 1.275448
0.008428989 1.281377
0.00847806 1.164471
0.0116462 1.159103
0.01902327 1.224024
0.007992976 1.254446
0.02267015 1.102485
0.01489417 1.086114
0.03125218 1.006246
0.02324603 1.060299
0.03572695 1.01173
0.01963142 1.050512
0.01470952 1.018059
0.02396307 0.9593019
0.02205916 0.8722093
0.01711541 0.931289
0.03554644 0.9616586
0.03482917 0.8671378
0.03212961 0.7523931
0.04024859 0.8311726
0.03736033 0.7949046
0.03991273 0.8046646
0.06849633 0.7789071
0.04873038 0.8784821
0.07644084 0.8427744
0.04075309 0.9251255
0.05666837 0.9085295
0.02985596 0.8533424
0.03571912 0.7587108
0.04494136 0.6997773
0.04224714 0.6912393
0.03065321 0.7651509
0.06478158 0.6990794
0.06640408 0.716111
0.05637408 0.642732
0.06654743 0.6274984
0.05599646 0.6805453
0.03730161 0.679294
0.04198119 0.7106204
0.05664112 0.6882643
0.04357963 0.6916864
0.05094408 0.7290565
0.0375082 0.7598456
0.02269744 0.7527115
0.02500856 0.8257863
0.009879262 0.7627293
0.02723084 0.6705381
0.0178159 0.6482908
0.0234793 0.6501307
0.01185289 0.6543144
0.01471615 0.7363732
0.00915352 0.7453228
0.008282466 0.8004239
0.01650857 0.9226004
0.01917895 0.9419668
0.01711995 0.9733367
0.007653879 1.003396
0.01033576 0.9306506
0.01774208 0.8472077
0.002031212 0.9348601
0.005968015 0.9105286
0.002998462 0.9573017
0.0008707656 0.9216941
0.001693924 0.9010716
0.00901216 0.8813695
0.006545306 0.8294685
0.008370445 0.7048689
0.02170988 0.7551972
0.02869778 0.7304357
0.03985347 0.7245883
0.04574065 0.7220423
