59.16433
58.74435
59.31799
60.20971
59.87045
59.3734
58.5258
58.01934
57.00788
57.28772
57.30294
57.48504
57.22007
57.11983
58.14415
58.83745
60.83277
60.4419
60.06075
60.16882
60.15731
59.81676
58.77286
58.57629
58.40021
57.65027
56.8266
56.65277
56.18735
57.46414
56.88222
58.86629
58.69258
57.73621
56.84467
55.42527
54.8107
54.32086
53.7319
55.14891
55.69454
55.67346
55.4485
56.16515
56.62611
57.17789
58.16093
56.97844
56.0479
55.97761
56.22929
54.96675
55.06191
55.52559
55.39265
54.1236
53.95038
53.52094
54.39688
54.79539
54.1631
54.91798
53.79567
53.56465
53.10208
52.49492
53.42508
53.15662
52.84102
52.49891
51.78526
51.75665
51.95629
51.36899
49.9328
50.34764
49.94031
50.38543
50.29181
50.72538
49.99677
51.71273
50.96813
51.95032
51.82654
51.41851
51.26224
51.88824
51.77705
51.86284
51.56593
51.44831
51.43742
50.99211
51.74928
51.2524
51.12086
51.70788
51.52333
51.80039
51.32818
51.79473
53.19266
53.67106
53.81357
53.29964
52.09256
52.27844
52.15656
51.70839
52.53319
51.85189
51.39872
51.66595
50.45043
51.96477
51.24407
52.56147
51.02353
51.14463
52.75801
53.00367
53.58141
54.6966
54.24038
53.97582
54.71779
55.94605
55.94931
55.1688
53.91872
53.46212
53.29239
54.6581
53.65181
52.05187
52.64045
51.8955
50.9057
50.78888
50.42144
50.98416
52.24274
51.776
52.77421
52.31032
53.12112
53.01587
52.13779
50.90261
51.7377
52.72852
53.00463
52.29281
53.06616
54.12205
54.688
54.34242
53.92942
53.11637
53.84296
53.73435
53.81334
54.69805
54.50346
54.98661
54.83542
54.5426
55.87
56.38534
57.19641
56.48999
55.92788
55.65495
55.36212
55.87868
56.37889
56.09698
54.87272
54.95826
55.47495
55.47026
55.99894
56.22661
56.71696
57.72852
57.48553
56.76262
56.75591
57.09278
57.23645
56.88613
55.93879
56.49585
57.21372
56.45629
55.02315
55.4134
55.52509
54.38423
54.83187
55.26178
55.22065
56.78277
57.06394
57.0817
55.18827
54.77717
54.69924
55.17806
56.5873
56.36469
56.53523
57.70218
58.78712
58.6539
59.55738
58.46459
59.08212
59.33272
59.66358
59.78558
60.05042
60.09733
61.38143
60.31596
61.41199
61.48203
60.35777
58.52519
59.19957
60.57633
60.03771
59.83088
59.56761
59.91047
58.99546
59.17716
59.70241
60.28906
60.91618
62.20907
61.63668
62.16909
62.63358
61.56805
61.34141
61.98724
62.55072
61.84228
61.9422
61.86866
61.48272
62.65059
62.91818
62.0063
61.53727
63.16719
62.90519
61.2527
61.57469
61.37046
61.05055
61.41613
61.1168
60.47074
60.55415
59.81627
58.25582
57.11619
55.82494
56.35305
56.28822
56.71487
56.26541
55.74892
55.67985
55.29562
55.63018
55.29459
54.95405
55.33464
55.11296
55.48991
55.82841
55.36256
54.12753
54.24661
53.40681
53.7735
53.76412
53.41322
52.18062
50.90975
51.35462
51.41858
50.85615
51.8294
51.55154
51.6771
50.97323
50.62154
50.98655
50.52925
51.30213
50.78023
49.75439
50.47322
50.09165
50.2863
50.2213
50.94293
51.77466
52.91431
53.74447
52.97967
54.55025
55.67785
56.27093
57.86926
58.95057
59.17499
59.30962
60.40733
60.06418
59.22946
60.10392
61.01583
60.94586
61.98429
62.39714
61.72278
61.77249
61.66928
62.71499
62.55517
62.12908
62.05144
62.72637
62.28662
62.50295
62.63014
62.88953
62.9763
64.33957
65.04296
65.4758
65.09426
66.00806
67.09142
68.12165
67.66407
68.35549
68.87507
68.39565
67.44804
69.14039
70.75794
70.20205
70.17248
69.20228
68.28752
68.61824
68.25978
68.70772
69.06713
69.99772
71.18051
71.02273
70.71223
70.98978
69.24137
69.58714
69.66632
70.19042
70.34167
70.65247
69.3707
68.11142
68.58986
67.56913
67.04016
67.59873
68.00175
66.56597
66.96413
66.64781
66.36093
65.18608
65.42617
64.28267
64.56915
64.26815
63.08893
62.00496
60.83436
61.58592
61.01377
61.20629
62.30299
60.88773
60.78193
59.26055
59.05238
58.71673
59.06299
59.06708
59.70704
59.52121
58.7038
59.96135
58.35261
58.11006
58.37001
58.96199
60.04727
59.84631
60.53244
61.16026
62.14011
61.87214
61.38538
62.07044
61.13404
62.44738
62.20986
61.77249
62.28966
61.90787
62.38369
61.84794
60.79753
60.91789
61.47236
60.7592
59.49729
59.01634
59.05222
59.46646
59.88471
60.31684
59.31343
57.99809
59.49196
59.00889
57.69957
57.90312
58.05294
57.55156
56.03328
55.50522
56.61226
57.06133
56.70513
57.26968
55.5811
54.61849
54.85768
55.03545
55.00303
55.95977
56.47322
58.36655
57.00483
57.59575
58.75576
59.02029
57.69824
58.82394
58.68088
58.81032
58.89483
60.02245
61.05811
62.09829
61.80173
61.9503
61.52527
60.8676
60.44546
60.47085
59.81216
59.1155
59.95075
59.67083
59.688
60.44997
59.04409
59.24662
59.71316
61.69475
62.12862
62.09159
60.94901
60.62731
60.2906
59.33996
59.48147
60.23144
58.52574
58.91893
58.10009
57.95672
56.74227
58.12731
57.94002
59.46945
59.77109
59.64425
59.75356
59.79492
60.03903
60.45241
59.32279
59.20722
57.51403
58.68256
59.84326
60.60178
61.01351
60.19073
60.16131
61.12684
61.81327
60.14674
59.89933
60.47248
61.53172
62.2325
63.29805
63.93376
64.47898
65.20513
65.66859
65.69041
65.69142
65.97494
65.79454
65.61642
66.28902
65.11247
63.67311
63.68444
63.87941
62.23802
62.3829
63.4658
61.92476
63.45758
63.50086
61.29046
62.00077
61.64791
61.71976
60.32972
60.08788
60.26252
58.98903
59.30135
59.1453
58.98267
58.38667
59.53898
58.39281
58.786
58.16591
57.92988
57.94246
58.69779
58.86655
58.33374
58.00696
57.64902
57.13834
57.50777
58.38323
57.38954
57.68176
57.33221
57.32253
58.31913
58.22039
57.99695
57.38049
57.62615
56.89858
56.35567
56.3529
57.46541
57.66647
58.40436
59.13706
58.34265
58.90746
59.04322
59.01255
59.02498
59.3568
59.36808
59.59028
59.39091
59.60998
59.07862
58.23839
57.54603
58.74211
58.61894
58.95625
57.41619
58.05802
58.3124
56.74816
55.99915
56.63924
56.78632
56.82311
57.24652
56.75743
57.43321
57.16185
58.24132
58.3171
57.2441
56.08518
55.323
54.01571
54.63368
54.24598
53.2114
54.17072
54.20428
54.20937
53.38746
53.65242
54.13146
55.08908
55.3655
55.44255
54.95862
55.74465
56.11466
56.45356
57.07138
55.4577
55.64901
55.16122
53.92739
55.04465
54.16708
54.00076
54.81656
54.31055
53.91794
54.80407
53.92483
53.19946
53.73434
53.41545
53.78744
53.53209
53.92581
54.12395
54.60235
53.69904
53.42273
54.72857
54.33406
53.69777
54.32654
53.82086
52.8609
53.97045
53.50851
52.78802
51.80901
51.47771
52.16
53.71281
54.45169
53.5835
52.7999
52.00941
51.72282
52.35748
52.66164
53.38783
54.47415
53.66194
54.7272
54.27266
53.96407
53.66093
53.92919
54.45491
54.46692
54.55288
54.50706
54.06317
53.32259
54.33083
53.28865
54.04421
54.21109
54.94763
55.56732
54.43966
53.27611
52.99912
53.17551
53.77856
52.97768
52.68542
53.27358
53.92447
52.87711
52.81705
54.15132
54.26505
55.79376
56.82577
56.9018
58.79434
58.08986
58.23831
57.65455
58.20818
58.66295
58.55535
59.58942
58.85868
57.73408
58.19327
59.05641
59.01927
59.54526
60.1251
60.92893
60.33706
59.08714
58.87228
58.27332
58.76205
58.8068
58.09048
57.08603
57.2064
57.34192
57.14045
55.97476
56.13283
56.44657
57.52592
56.75518
56.38993
57.13756
57.51527
57.30027
56.98628
56.92959
56.63105
57.28892
57.16357
57.07821
57.59645
56.93317
56.83404
56.63567
57.08319
57.49131
57.94249
58.64816
58.66142
58.53873
60.50334
61.08504
62.34485
62.3971
62.87078
62.94037
64.2237
63.81066
63.45065
65.24018
65.6308
64.28863
63.89381
65.44261
66.2207
66.4719
67.02949
65.44903
66.43814
66.13272
64.39833
65.37185
64.2529
64.41345
64.29894
63.584
62.90118
62.94666
63.55696
63.1455
63.19811
62.64584
61.64233
62.63029
62.59618
62.65091
62.77699
63.614
63.12495
63.02127
64.29214
64.86167
64.16615
64.17547
64.47451
64.15019
65.29294
65.44345
64.41191
65.31606
64.7315
65.07089
65.14873
64.17795
63.39118
64.23883
65.09188
64.37177
63.73938
65.05339
64.80905
65.12889
65.03319
64.7875
64.74401
65.40247
65.38252
62.99483
62.01079
62.41774
63.12491
64.54538
63.07708
63.41455
63.35745
63.44153
63.12762
61.31918
60.75268
60.77156
60.30211
60.6335
60.56818
60.16009
59.09615
58.80983
58.10971
57.15781
56.19124
56.7812
57.29707
58.2237
57.73551
58.14172
57.85886
57.97214
59.33438
59.76461
60.49578
61.31097
60.0325
60.11025
60.1962
60.23998
59.51846
61.60256
61.65002
61.51427
60.48997
60.53804
60.62405
60.26941
61.34732
60.16313
59.26395
57.96238
57.38792
56.89301
57.56047
57.05715
57.56823
57.36324
58.12309
57.97605
58.14095
58.63559
56.96933
56.63463
57.05223
57.70476
57.97342
55.65078
55.45016
56.60797
56.67384
57.07735
57.82989
56.93303
57.75585
57.66612
59.11927
59.35297
59.3351
60.01555
60.22082
59.17277
61.01601
60.8365
60.47153
60.5541
61.60003
61.93062
61.10084
59.24798
60.20987
60.39284
60.70822
62.31675
62.28698
62.2898
61.58103
61.98675
62.15133
60.97394
60.93266
60.85311
60.99951
62.08355
61.3736
60.50123
60.21538
59.58824
59.55432
59.32586
59.36996
58.21659
58.4342
59.37265
60.20276
60.64543
59.59051
59.24368
58.68425
57.77543
57.72749
57.35856
57.7348
57.53427
57.11284
57.53226
56.94893
57.06381
58.71016
59.99158
60.69504
60.82638
60.91346
62.49657
61.60586
62.31581
61.33765
62.37755
62.96603
63.79755
64.59938
64.65079
63.52061
61.57495
61.11722
61.10838
60.44863
60.2886
61.12522
62.35885
62.44868
61.98042
62.405
61.49665
60.71611
61.03033
60.00124
60.33624
59.28223
57.92304
57.46937
57.62281
57.72317
58.34809
57.64512
56.96964
56.75053
55.57792
55.64471
55.7289
56.73424
56.33632
57.31466
56.10055
57.23242
57.29425
56.37609
55.83361
55.07809
54.55376
54.51393
54.69608
55.76111
55.5541
55.83432
55.11405
54.67763
55.10117
55.82853
56.39918
56.63394
56.03916
56.17801
57.09348
57.80699
57.76085
57.75925
57.23429
57.46248
56.77708
57.45608
59.28839
58.85786
58.40623
56.98757
55.79699
54.76332
55.01825
55.22629
55.19132
55.35939
54.60598
54.4105
54.12166
54.8052
55.07861
54.98755
56.35146
55.46532
55.59256
54.87831
55.84614
56.69128
57.2911
57.30447
58.14585
56.60033
56.27022
56.72805
56.52617
55.63958
55.37524
55.44102
56.12642
56.80008
56.83728
56.86158
57.3461
56.86874
55.83408
55.65095
54.96547
55.26746
56.59288
56.57875
57.45822
56.25873
56.54212
57.85187
57.48315
57.18676
57.40913
57.23567
58.55852
58.42049
58.07158
59.37503
59.36441
59.89242
60.00055
60.39941
61.26283
60.83201
61.52957
62.9417
63.07002
62.82409
61.77608
63.48242
62.62533
63.44342
63.59492
65.05249
65.32957
64.13085
63.74201
64.30692
64.88824
65.69674
65.12318
66.04778
67.67538
67.04446
66.83686
65.09502
64.99267
64.93063
63.98294
64.39679
65.02581
65.9781
64.32642
64.20787
63.1904
64.3423
65.33857
64.51804
63.73614
63.49303
63.88214
64.76914
64.38054
63.16769
61.57476
61.68232
61.50704
62.7201
62.65878
63.1106
62.54183
61.22222
61.74712
61.63183
60.39458
60.45022
58.93478
58.428
58.43073
57.83874
58.18682
58.39396
58.47848
58.60322
58.27798
57.94341
58.22615
59.26254
59.7114
59.79456
59.36585
59.54137
59.67493
59.4162
59.66279
59.6637
59.53692
59.55226
59.90553
60.17392
59.2008
58.26161
57.88578
57.729
58.56199
58.25715
58.43208
57.02571
58.19893
59.03545
59.57579
59.6785
59.73245
59.94819
61.65582
62.19501
61.0448
59.43643
61.09312
61.77682
61.61331
59.69242
59.69207
59.57028
58.16877
59.23829
59.03962
59.06915
58.87828
58.58947
57.89474
58.78772
60.72029
61.81501
62.08195
61.84009
61.79158
61.39405
61.41516
61.64264
62.70926
62.60278
63.04922
62.66394
62.04859
60.01015
59.499
61.15689
60.73504
60.62072
60.50812
61.55766
61.86649
62.07042
62.31598
64.10443
64.24874
64.98428
65.20885
63.50671
62.13686
61.44444
60.72792
60.16346
60.65365
60.52646
61.52393
60.55229
59.81927
60.13372
59.56859
59.97504
60.63018
60.1304
59.07425
58.29215
56.83186
55.73863
56.00859
55.98341
55.67167
55.3735
54.99399
55.24501
55.52259
55.25933
54.04201
53.49124
53.84215
54.2623
55.91852
58.0534
58.61308
59.98279
60.50246
61.39903
61.64307
62.50349
62.81526
63.71248
62.9833
64.0667
65.13663
65.75718
65.66548
65.60168
65.18394
64.05842
64.08431
63.70229
63.16029
62.40402
62.44718
61.89754
61.56416
60.09848
60.59894
60.6895
61.24841
60.11578
60.47079
61.69959
60.14374
58.23411
58.29935
58.6667
59.07446
59.14407
58.14865
57.11716
58.35223
57.80475
57.68059
58.86154
58.68649
58.92397
60.22046
59.97978
58.62154
59.59144
58.84237
57.67394
57.77429
59.76029
60.05204
59.34785
59.24551
59.90664
59.15161
61.49116
62.01948
61.43509
63.61852
63.23297
62.76801
63.56086
64.00203
63.10522
63.19225
63.05536
63.09581
61.67682
60.19493
59.59359
58.01527
58.222
58.93474
58.02481
57.38598
56.84365
57.20399
57.73111
58.07077
58.15599
57.67837
58.365
58.728
59.61723
61.26897
60.60908
60.26077
60.20604
60.41675
60.51503
60.25263
60.34975
59.8461
61.40563
61.91542
62.26593
61.61507
61.97306
61.93339
61.51132
61.19982
60.79689
60.4145
59.92056
58.941
59.50314
60.26145
60.45731
60.21866
60.05397
59.30999
58.97554
59.06793
58.89044
59.49574
59.71677
60.04187
60.48584
60.1876
59.7117
60.54048
60.48419
59.52121
58.68822
58.97691
57.98862
56.90271
56.76889
56.6543
58.47894
58.03354
57.14095
56.03899
57.13287
57.3206
56.31567
55.50786
54.56108
54.2057
53.72979
54.27705
54.81032
55.75449
56.42647
56.13246
55.52129
55.34029
54.79011
56.57837
57.40574
56.57148
57.46975
57.64832
58.39
59.1202
58.90253
59.60188
60.35587
59.9987
60.09163
60.322
60.51815
60.84117
60.03058
59.80777
60.22277
60.07799
60.72425
60.62255
60.69251
60.10395
60.63905
59.38749
59.54235
59.47246
58.78976
59.28772
59.09259
59.27128
60.77539
61.91363
59.85933
59.55191
59.96281
60.74276
61.75453
62.23092
62.32527
61.77901
61.83363
61.34321
61.23117
61.51622
61.30388
60.986
60.27924
60.75739
60.4622
60.352
59.83087
58.29239
57.05334
56.84858
56.94186
56.34394
56.24912
56.76456
55.95524
55.97567
56.7415
57.20541
57.78586
58.37132
58.30993
58.56534
59.88784
60.30302
61.20706
61.19207
61.92631
61.52061
60.98859
60.62016
60.9965
59.86521
61.01324
59.95731
59.52411
58.87425
58.50299
58.86534
57.96883
57.16811
56.40991
57.25059
56.98804
57.78226
58.41982
59.33153
58.91255
58.07687
58.57919
60.79078
61.63905
61.39182
61.21773
61.86032
62.47634
62.82594
62.69525
63.21886
62.04947
60.92508
59.72658
59.63584
60.23779
60.83889
59.98182
59.44057
57.78619
56.27605
56.99992
57.31711
57.99856
58.12551
58.71404
59.86052
60.75495
60.91758
62.40977
63.24307
63.40479
63.96293
63.0152
63.34274
62.86683
63.07922
62.14749
61.0789
61.46238
61.05595
60.8686
61.59849
60.82192
60.60179
59.98191
59.92936
58.85504
59.21566
60.67876
60.4302
60.97603
60.08258
60.46273
60.30562
59.52688
59.7158
59.56177
59.99579
59.00435
58.66941
58.40558
58.03954
57.6895
58.53372
59.78054
58.90929
58.73536
59.05902
58.29951
57.13712
57.43898
58.36126
59.39806
60.21229
61.35344
61.45246
61.51318
59.66036
60.79833
61.4404
61.20244
60.67068
61.06971
60.10981
60.15699
60.01109
58.66828
59.6721
60.10388
60.35915
59.19328
59.94617
58.91673
58.14287
58.34378
57.65723
58.98969
58.09683
58.55219
58.27903
57.81114
58.00785
57.3816
56.53937
57.32124
57.64173
56.7032
57.33158
56.65184
55.80595
56.98527
57.91056
57.86482
58.62779
57.8403
57.83792
57.48152
57.83961
58.8518
59.07199
60.16081
59.90083
60.42046
61.16972
60.72699
60.02369
60.26714
61.96272
62.37679
62.18206
62.22561
61.87511
61.16844
62.32963
61.9498
61.00228
60.36744
60.85988
59.79166
60.28051
60.19938
61.03004
61.1467
60.90791
60.7552
62.46153
61.07858
60.60678
60.28883
60.33668
61.69172
61.23617
61.44001
62.03684
62.31076
