39.88528
41.50556
45.04051
46.27403
46.13478
45.04468
47.50264
46.62435
46.38502
47.8933
47.95685
46.77344
48.06442
49.05044
49.14419
50.00525
51.05984
51.60433
50.69107
51.50352
53.30436
54.91979
54.83748
54.86356
55.35009
55.70713
55.83022
55.90398
56.48763
57.4243
56.8646
58.32573
59.73941
58.36525
59.48614
62.95816
63.24773
64.69787
66.03638
64.47123
60.54449
61.0793
65.13372
62.13539
63.95264
66.42336
64.87573
64.39383
67.00862
67.35519
68.1997
67.22884
68.92188
67.04793
67.11775
68.35532
65.38927
66.07913
65.27046
67.72057
67.03723
71.3241
75.59499
80.49417
79.91528
77.14723
78.67813
81.59798
79.06409
81.77022
78.99378
79.78564
81.24004
80.6059
81.07108
77.86687
78.38641
86.04791
93.51796
97.26763
97.12603
98.69972
97.42318
96.0901
93.39661
93.03084
96.6461
93.39576
96.34733
95.0345
90.62796
88.76036
89.01631
87.91499
87.07424
88.08454
83.73158
83.74081
81.85823
82.8406
83.39505
83.31061
86.41421
88.64741
87.87586
87.93024
87.55498
88.43692
90.0396
89.42747
85.36445
87.51434
86.60931
85.19341
87.75931
88.15948
88.94205
91.65597
96.41227
100.0369
96.3445
97.56886
98.38966
98.4378
100.4977
102.1214
108.287
106.5605
105.72
106.0499
105.0386
105.2382
108.3571
112.1429
116.0773
113.9707
111.4068
114.8064
117.1739
113.9648
112.2393
114.3077
121.334
120.0781
122.346
120.6419
120.1181
123.1856
124.1257
122.1394
121.7148
120.3677
118.7143
119.4035
115.7397
118.9972
120.8789
123.1571
123.16
117.8691
120.1911
120.2979
116.4882
116.5896
114.1212
108.3338
108.2859
109.2645
112.3347
112.271
104.8474
100.5737
100.029
98.93775
98.52836
98.51747
100.2625
102.9314
103.3747
108.143
107.7551
106.8865
107.6793
108.3453
108.6276
109.0297
106.0807
111.7202
115.5249
113.733
113.6689
111.3791
110.6323
108.7063
107.5802
108.6689
111.4226
113.8918
113.1972
118.3091
121.9743
121.7894
120.8158
115.1561
119.212
116.2283
116.9675
117.6
117.6595
115.3536
117.4908
112.7014
111.0429
109.9626
109.721
105.7572
103.8153
113.4701
107.6698
107.8788
108.4837
110.4306
105.8536
105.0897
107.7472
103.468
108.6783
106.2863
108.8547
104.159
105.7749
108.2131
110.6118
112.2601
116.5776
120.4731
118.0486
119.9321
121.9385
122.3944
119.3316
120.2371
119.1484
126.4579
127.1463
130.0138
129.0624
128.6245
125.8437
131.7572
131.6515
127.5187
122.097
121.304
123.1467
126.0937
134.1351
132.9378
136.0658
134.6586
134.4733
134.7739
130.7128
131.8314
129.1939
134.053
129.3505
134.1987
131.622
127.5781
124.1074
127.3695
124.7352
123.5817
122.5023
122.2787
120.073
120.3128
123.9378
125.0894
131.3929
136.9187
127.3695
126.6337
127.4541
126.3676
126.8081
125.1907
125.2193
125.1952
119.4406
126.5373
125.0491
126.287
131.9059
128.6427
127.6291
126.0645
125.4357
130.0504
137.9972
134.067
133.5382
135.4179
131.5287
131.1983
138.9006
140.8213
142.3147
145.1155
147.0855
148.9465
147.5164
148.9201
152.663
155.5533
163.6661
164.4523
167.5899
168.5563
169.0723
168.8941
169.7295
166.5794
167.705
168.1512
173.0037
179.1068
185.3048
183.3808
181.2847
185.0969
182.558
181.532
178.2925
179.3044
193.4455
189.5229
190.5133
185.8544
191.6699
187.4158
183.9812
189.6506
195.9902
191.2099
190.9292
184.4961
179.2476
185.6496
193.0378
189.5845
189.8779
185.5649
190.5455
194.1777
196.6131
197.5366
197.3804
203.5636
195.4358
196.6948
197.4814
199.0683
201.3504
206.2625
206.6424
208.324
207.9169
211.2668
205.0877
195.8546
196.7537
195.2901
183.7597
184.6953
192.2312
190.0158
186.7964
196.7543
189.3705
192.6657
190.6256
194.4117
188.6412
180.9767
180.4111
180.9644
181.3475
178.6231
172.6237
166.1691
168.0835
167.695
167.218
170.4494
171.6672
164.343
164.1325
164.0666
165.984
166.7564
169.8564
167.2543
168.0743
179.5433
173.2977
170.6665
171.3281
175.7213
184.7579
187.2809
196.4791
193.8714
185.1254
177.4968
180.0213
188.1268
187.4509
194.1096
192.9865
193.6892
186.088
184.6754
192.6822
188.1877
193.5338
195.2653
185.8133
187.6863
179.5836
178.6136
183.2725
185.7485
187.2721
194.5311
200.1181
195.1204
205.5385
207.4852
205.486
207.0859
209.2475
206.0167
207.9848
199.1455
212.6103
205.9543
204.1669
214.3947
220.0931
231.4743
220.4622
217.6952
220.0458
216.9252
208.0164
211.6252
208.8646
210.6666
202.5415
203.9638
212.2539
215.6425
222.7492
210.9776
214.7489
215.4378
221.9203
223.4986
226.76
226.6058
224.9085
216.9057
213.0306
214.0713
212.7775
210.1196
207.5186
220.3572
223.1303
211.3579
207.6726
204.7534
203.2829
217.5609
226.0221
233.7875
234.9391
238.5045
233.5687
249.013
251.4063
243.3593
252.1243
249.597
245.2311
248.3848
239.3916
244.5659
235.8806
236.7577
228.9312
229.6689
231.5779
223.4927
215.26
217.2676
208.4993
220.281
223.0197
222.3138
226.228
226.677
229.1284
223.972
225.0361
229.4774
226.7979
226.4527
225.6689
224.5687
220.3939
218.04
228.5455
230.0089
219.4281
215.605
222.1738
221.0273
226.2685
231.1422
248.4124
249.3576
243.0915
240.5119
238.1393
243.9539
248.8788
239.1414
246.1112
251.4575
244.6875
249.0854
254.4177
249.3111
250.3714
242.6757
237.0252
244.8389
260.5475
266.0753
279.6373
273.2191
274.6209
258.3356
258.9936
255.9089
261.7154
255.7422
254.6065
254.9384
264.1545
262.5883
258.4957
264.7225
272.7302
279.0536
276.2817
272.6264
264.5535
281.7076
279.6709
277.8688
283.5493
284.9528
252.5686
251.8845
251.1021
243.5096
243.6207
253.4054
244.9633
250.5194
247.9223
242.1771
234.5032
238.0881
240.8099
233.4651
240.0153
236.9204
229.8404
237.4602
228.2752
234.5896
226.4764
211.9854
213.726
211.3441
210.0162
211.6245
204.6882
202.222
197.0459
202.8286
202.0986
198.9034
194.2691
192.5502
187.285
187.6104
187.5313
188.9009
190.5294
193.294
185.3912
186.3045
177.8038
174.3215
179.7749
181.1726
188.3745
194.5696
188.8313
185.3971
187.4961
184.4207
185.892
186.5726
189.2188
190.1945
186.212
186.9021
191.1158
196.7843
193.7585
198.3814
193.171
202.247
198.2568
196.5943
194.9177
194.1194
197.5127
198.9477
201.3399
200.1378
197.8224
201.0895
203.083
200.4552
208.2777
209.7063
203.3173
202.7118
202.7329
201.9108
202.9194
206.7126
207.2262
217.8322
221.7633
223.4509
225.1442
220.9348
215.5591
220.9986
221.5223
224.5573
237.4885
229.5656
222.5552
226.5885
230.1234
225.197
222.0448
209.7876
212.4789
214.8126
207.6962
206.8022
207.9471
211.816
205.1184
205.2326
205.4768
204.0103
197.4887
196.2497
199.0248
193.0349
194.1767
183.2991
180.4737
182.497
178.161
180.2669
185.8893
193.167
193.5082
204.7635
202.0645
199.0697
201.8682
213.1243
212.2161
218.0678
213.3199
228.9274
229.6554
233.56
230.8076
231.4241
237.0063
238.7478
245.318
252.0992
255.3734
244.6189
247.6059
241.4921
246.4403
251.9073
254.4989
268.5336
271.9244
265.8317
262.1738
258.0922
257.2271
252.81
256.1942
267.3641
261.2494
260.0354
248.926
245.6986
241.7985
249.0716
250.8117
257.6555
252.7526
250.7889
252.109
247.312
245.2623
251.14
251.5021
240.7302
235.6241
239.3798
239.1096
228.9091
226.1977
222.8952
219.3992
211.7674
214.5856
211.4585
200.4209
222.0869
221.5452
216.0884
209.4348
217.2128
218.94
221.741
220.2957
223.1618
223.9546
214.5785
213.3434
209.4807
206.5082
208.248
204.1046
208.5501
207.8955
205.4249
219.0246
218.7835
220.7074
224.4851
215.6178
223.9598
217.7607
211.1322
209.9405
213.1218
220.3159
223.5058
217.9853
214.7656
215.3274
219.4897
211.209
213.3948
218.3364
224.329
218.7708
216.0065
219.2895
213.0711
223.1681
233.2889
226.5104
214.22
210.5312
210.7026
210.0362
212.5799
207.2789
198.8615
196.1118
199.229
193.692
196.4543
199.3392
194.1562
191.7956
194.0901
197.8446
201.6667
204.9259
209.1694
211.5637
199.0653
202.3946
200.5354
198.0112
193.8471
196.4141
195.2762
204.162
204.6314
207.2859
199.6793
195.4881
204.1878
208.1721
206.4244
212.6177
203.2388
199.2628
213.258
208.4561
209.8347
210.271
219.1916
225.7962
218.7635
219.2319
216.9865
223.1365
218.7238
217.0959
223.5523
217.5647
221.2266
218.3414
205.9596
201.7443
203.1476
207.481
200.5374
203.7671
206.6445
211.8775
209.5398
203.4414
200.0534
198.8664
189.0658
189.6519
189.6632
189.3744
185.014
184.4013
188.5688
178.5379
179.434
183.5735
183.6758
184.5759
176.1985
175.0318
175.2929
184.9304
181.1523
185.5861
189.1926
193.8666
188.3804
190.8567
197.0278
196.8529
197.3485
199.6479
202.6671
197.8515
200.0152
198.7637
187.6404
197.4883
188.1745
187.4462
185.7776
188.9349
191.4579
193.3961
196.6928
204.8143
202.6595
198.223
189.8858
181.8762
176.884
167.4322
169.0806
176.8412
178.7575
169.177
170.6708
167.8343
167.6603
169.5882
177.2019
178.0207
176.7814
177.1114
178.8792
183.7566
194.9777
201.4939
203.7655
197.3011
193.4086
201.524
195.7279
189.8486
197.2062
187.072
185.9643
175.8193
167.7728
156.096
162.3271
161.1455
161.5757
166.1098
161.7388
161.9813
166.0084
166.9348
165.0192
162.6337
163.9287
164.3195
165.0543
155.4099
153.7482
151.0345
151.6153
152.3239
152.0269
150.3059
155.5131
157.5684
156.971
158.798
165.6484
164.9217
163.3409
169.4729
162.8737
164.2368
161.2661
165.1251
165.2327
162.5629
166.6272
169.5981
169.4262
165.9307
161.7627
164.2948
164.2359
169.4853
176.5896
181.7472
190.9734
186.7693
189.5287
198.7907
191.5692
191.8614
186.4921
192.5608
187.7084
190.4206
183.9134
191.0123
190.7042
192.0522
188.0565
186.1383
186.2706
190.9712
198.4881
200.0089
210.0652
215.106
218.2668
215.2105
217.7444
212.9663
208.5367
208.7376
208.3501
203.3366
204.8427
198.3775
202.8695
204.0087
198.4897
197.5936
201.0527
197.19
198.5707
194.9848
197.7777
193.5918
187.474
189.459
186.4353
186.0445
178.777
174.6177
181.0484
183.4999
178.857
178.6273
178.706
176.9783
176.5558
169.142
166.8485
177.9226
177.5748
174.7603
158.6993
158.7317
159.0956
166.0854
163.3276
159.4572
151.8244
158.2908
148.2735
145.5969
139.0164
148.4843
145.0499
142.9968
151.657
147.4809
150.2856
150.1773
154.4217
156.8515
156.3223
152.0993
160.1683
160.4888
163.4617
160.2628
164.0933
162.6799
168.6887
164.4478
168.6115
161.9096
155.2381
158.7509
157.5942
160.4872
161.3574
157.7949
156.3076
160.6502
162.6702
160.5421
165.8768
173.5354
170.8488
175.5674
178.8235
167.8309
171.6257
166.7377
168.6528
168.3621
175.7342
175.1795
176.3449
185.662
181.4293
178.0019
185.9918
186.7128
184.0018
195.1505
197.7693
193.7847
192.9629
196.4023
197.1693
192.7753
195.8618
199.4842
195.349
202.7818
199.2541
197.2727
198.2108
202.4444
210.9129
203.8021
207.2416
206.3429
207.243
205.1633
206.7492
218.8746
223.6079
219.4989
214.3614
216.4908
221.74
229.6927
239.0778
234.4691
242.8486
245.7755
241.5219
233.067
235.8279
236.9337
219.8933
222.702
227.2184
217.8745
228.0137
228.4331
237.3616
241.9222
236.7145
229.897
233.0015
221.2785
224.9425
233.5241
229.3183
224.9814
231.8217
230.0635
238.4762
243.8974
248.5824
238.9428
232.4667
227.449
225.2965
222.6844
226.4813
218.6773
210.4232
208.8954
214.1638
217.3663
214.0659
213.8261
212.8298
212.1069
218.6866
213.5769
215.4147
228.0972
227.593
218.064
216.5521
231.9693
227.4906
227.5852
227.7813
224.5048
223.0942
215.8395
227.893
220.135
211.922
209.338
206.8408
209.8188
225.315
225.5216
213.7203
217.8132
212.9365
216.1058
215.3556
206.7611
209.2555
208.6687
204.0993
208.1261
206.0692
203.7673
200.2324
196.0993
200.1947
205.2553
204.0318
206.497
199.109
198.3955
193.6476
188.8042
186.656
180.3136
181.4072
190.4531
192.6609
191.9604
192.1453
195.2259
200.3814
206.4733
206.1818
213.4092
211.6872
217.8077
218.1191
211.6318
217.486
218.88
209.3964
218.8991
215.7908
222.202
215.396
219.7769
220.7351
229.4196
227.5865
218.8728
225.8186
228.6739
227.0555
218.771
217.1586
213.41
211.0591
216.0831
208.9629
207.9099
210.3704
204.1233
200.1211
200.8912
204.5138
201.0962
203.6735
202.1623
198.2875
202.0928
188.4404
185.8802
186.4674
184.3601
186.0671
193.2828
184.8942
188.0598
184.393
198.48
198.9243
206.5478
205.1401
212.0411
209.5649
220.6823
224.3275
226.2825
221.0544
210.0434
204.473
194.1449
204.7739
206.0717
201.0369
192.9465
191.6815
203.6921
201.3355
205.3775
202.8616
200.8367
189.8629
189.6257
188.9579
182.9417
196.1043
193.6279
190.0783
183.6733
181.0953
176.5469
178.6126
175.258
176.1857
180.8762
183.5317
187.6236
183.6482
182.0982
188.8943
192.5985
196.2516
191.9874
190.9167
196.565
190.0734
181.706
174.5317
168.7209
172.6942
169.6486
172.7135
169.6386
182.4275
185.7609
189.5742
184.3737
184.6054
182.2799
187.7531
192.6986
203.7248
193.6133
191.5459
194.5274
189.9424
180.1366
184.6868
178.103
182.8049
185.9278
191.1746
192.9047
194.198
189.9778
186.0737
182.8154
183.6401
181.3737
177.6646
179.0928
168.6047
178.0738
187.0722
184.9874
186.8444
184.2326
183.0375
187.5039
179.0038
179.0864
183.3546
181.7136
178.9438
170.9184
174.4839
175.6578
177.0271
178.9822
166.6324
172.601
173.5045
170.8384
175.0632
174.9244
169.9764
170.7277
171.545
175.2288
177.6285
178.5052
186.85
179.4686
180.4187
192.8341
203.0531
205.2079
204.4409
200.9374
198.6039
196.6396
189.8733
190.0291
189.7773
187.9485
183.5263
190.1311
188.4462
183.879
189.4054
188.6494
190.3072
199.2269
190.616
196.8249
202.0806
197.3909
187.5214
187.8295
185.723
191.8334
190.7028
179.9595
173.5162
182.7604
183.2119
188.0698
181.6111
177.1241
180.2765
183.8179
181.0231
170.5334
167.548
168.7817
174.798
179.5159
176.5646
183.3019
190.3744
192.3206
189.6013
188.3765
191.1995
199.5538
198.5079
188.8986
184.098
190.8505
195.3375
197.151
194.3536
205.6056
204.7207
208.4799
209.8458
217.9621
227.9292
215.8386
215.704
207.2596
201.0241
200.4243
199.1041
200.6013
194.8761
191.199
196.2507
190.0455
185.6761
192.2279
190.4137
189.3969
191.7872
187.4506
185.9367
194.1582
199.2053
197.59
191.6906
192.5525
190.451
196.4044
189.2893
193.5855
200.7458
199.1989
195.9473
199.6222
200.4161
197.5946
195.4698
200.9824
186.433
187.2739
198.5118
202.6465
205.6585
205.3705
208.8643
203.4605
202.0281
201.0983
207.1483
213.6371
216.8813
228.1991
224.4834
230.8128
232.0799
223.5454
239.7168
238.524
236.3882
239.1259
232.3958
239.6865
233.763
218.0785
222.2462
222.1581
222.2705
223.626
229.3403
230.8371
226.8024
219.7653
216.0765
231.8647
228.6856
223.3428
209.063
211.5854
204.8964
210.6014
204.1626
200.4638
211.1661
210.1044
211.9184
214.079
222.5235
216.855
221.5376
226.4198
229.4536
222.504
213.3839
209.8469
212.6094
214.8535
228.4475
229.7881
231.012
229.4379
231.6946
236.6074
235.5202
247.1899
237.0678
227.8051
218.9603
217.9532
218.6157
220.5721
223.3275
221.2928
215.6113
214.9121
217.3893
214.6651
205.838
201.9495
215.4397
216.2504
209.0036
203.3417
200.8785
201.9281
213.1873
222.4518
227.5817
233.6593
239.0087
239.1984
240.2518
239.292
238.8118
239.035
238.8623
241.5979
241.6232
244.7608
257.1023
247.7097
245.9613
252.6826
253.6798
252.4554
245.679
248.4049
258.3343
266.924
269.8884
256.8266
265.1675
266.2366
273.1785
288.2276
291.9357
280.1168
265.2151
264.2112
262.5369
269.3326
261.1417
271.5259
272.4458
270.5454
268.6449
272.0999
271.3056
269.8484
271.1204
277.7632
278.8446
284.9256
285.1671
288.5765
287.1429
282.1565
275.989
282.7945
269.9101
271.0743
266.5028
265.5487
270.2889
270.326
256.1405
258.3676
252.7079
254.6653
264.263
262.3258
257.6714
253.8294
253.9531
254.7034
247.8618
265.1974
265.5874
266.9414
262.5186
265.7192
264.5433
276.4258
277.9273
