0.7824523
0.5546814
0.5283619
0.6332895
0.3585646
0.3138847
0.3086915
0.2985174
0.2947365
0.3468953
0.6184136
0.463967
0.3984436
0.3178357
0.2531087
0.3117643
0.4013512
0.369127
0.3118208
0.2941441
0.449459
0.4594343
0.5443976
0.5867125
0.6266173
0.7450027
0.6929845
0.5453214
0.4525949
0.4773527
0.5909814
0.5330033
0.7333267
0.6345628
0.5907192
0.5977687
0.5183831
0.6681878
0.5741508
0.4659096
0.4611915
0.3841513
0.464752
0.580206
0.5034328
0.4338105
0.4090381
0.3426843
0.4079873
0.3799537
0.2905417
0.2998607
0.2962524
0.2957566
0.3116264
0.3314126
0.3777585
0.3593232
0.3307096
0.3975593
0.5024555
0.4993085
0.3720164
0.5106513
0.4777642
0.3756264
0.3601225
0.420901
0.5648834
0.3927284
0.375358
0.4123932
0.3903755
0.3723351
0.3928624
0.4243067
0.33172
0.3414141
0.3213397
0.4279859
0.3676032
0.3475882
0.3417708
0.4264163
0.4439567
0.4469486
0.3419512
0.3920828
0.4682392
0.6642241
0.504722
0.501586
0.3924611
0.3709584
0.5131037
0.7575229
0.6001449
0.5396521
0.655116
0.6492623
0.4419637
0.7007729
0.6332867
0.5538793
0.3920541
0.3940134
0.3537332
0.480164
0.4561833
0.3679358
0.3680375
0.4983068
0.509467
0.617474
0.498794
0.4484488
0.3685117
0.3843193
0.5528403
0.5067151
0.5904117
0.5690781
0.4673483
0.5776166
0.5935795
0.5028785
0.3976301
0.3717259
0.4942752
0.5780971
0.4925442
0.4822434
0.6814302
0.6114969
0.5362888
0.4548386
0.3496999
0.444596
0.4981063
0.4075191
0.4826918
0.4715639
0.4452712
0.4746528
0.3979163
0.3950884
0.408977
0.4983303
0.5237957
0.499261
0.4263802
0.3989852
0.4360498
0.4152986
0.5529784
0.4446851
0.5111187
0.434878
0.3604541
0.3521501
0.4568467
0.5264328
0.5804489
0.5120101
0.5341214
0.7320559
0.5161226
0.4278164
0.5384697
0.5089028
0.3868141
0.4763519
0.492492
0.4555903
0.3958308
0.530806
0.5801794
0.5741444
0.5727635
0.4426313
0.3617468
0.3450471
0.3033389
0.3355839
0.4540017
0.3711071
0.4337506
0.4111217
0.3020212
0.2521526
0.3074345
0.332618
0.3774755
0.3945298
0.3958824
0.3896783
0.4043244
0.4174689
0.394006
0.4497718
0.4539001
0.4245844
0.4907866
0.4964317
0.4459515
0.4911946
0.3986577
0.3421151
0.3545309
0.2913213
0.3489468
0.4316448
0.4543368
0.672325
0.451333
0.468807
0.452722
0.5030019
0.4011715
0.4009246
0.4977985
0.3362449
0.2823032
0.2994776
0.3210778
0.3288961
0.3536338
0.4112561
0.3797062
0.4147083
0.4572389
0.4953488
0.4947869
0.6134227
0.5898275
0.4836957
0.3465063
0.4262931
0.3282493
0.2987687
0.272298
0.4024233
0.4632796
0.4764498
0.4844721
0.5108865
0.4176172
0.5808552
0.7190867
0.6937176
0.3916691
0.3901306
0.4209403
0.368554
0.2127262
0.2583525
0.4229293
0.5304421
0.5830799
0.6564606
0.6961552
0.534032
0.41892
0.4398957
0.4268093
0.3824329
0.4759174
0.5169283
0.4382827
0.5805588
0.4733804
0.4512053
0.3746115
0.3675119
0.425808
0.4525887
0.4610349
0.4449383
0.4291305
0.4668851
0.5005538
0.4860877
0.5134238
0.457529
0.328343
0.3860348
0.5003712
0.5290142
0.5308524
0.7720001
0.628969
0.6958656
0.597788
0.5828907
0.4916431
0.4865104
0.4531896
0.3526396
0.3544668
0.4387621
0.4454762
0.3841396
0.4571482
0.4299101
0.3896595
0.4577589
0.5719261
0.5401895
0.6424708
0.5794369
0.5330985
0.5859848
0.4321831
0.3683514
0.377099
0.4445178
0.4622061
0.3806669
0.3464459
0.3547498
0.3861838
0.4061157
0.3064695
0.3977348
0.3643847
0.3776943
0.4253509
0.3893957
0.4412695
0.3509988
0.3020992
0.2730551
0.3472313
0.4814131
0.4425067
0.5119408
0.5292942
0.3921758
0.4149303
0.3073289
0.3599538
0.3752805
0.5199274
0.5314606
0.4268213
0.5774248
0.4903648
0.4141838
0.4831012
0.4320766
0.4268352
0.4237523
0.4549643
0.4825642
0.4734949
0.3921578
0.5256732
0.4792008
0.5265892
0.6095075
0.4413733
0.5108795
0.5770473
0.4824189
0.4429872
0.6075294
0.6551514
0.6475001
0.4965529
0.4918329
0.3565224
0.4061168
0.4894499
0.3790824
0.4491343
0.4457725
0.5840057
0.4999476
0.5752594
0.4584991
0.4579101
0.3412804
0.3644902
0.2814571
0.3764558
0.2728962
0.2931459
0.2747482
0.2629939
0.3255797
0.2719874
0.379708
0.3720326
0.4896215
0.4614472
0.5091475
0.5163989
0.4073982
0.3294908
0.359426
0.4325295
0.4089369
0.2979892
0.2831959
0.2524167
0.2816509
0.3361733
0.3851292
0.5528597
0.5100383
0.4993474
0.4991155
0.4093814
0.4779947
0.7870227
0.8475638
0.8273862
0.5826018
0.5037265
0.4945503
0.5921302
0.6664758
0.5294086
0.4740472
0.3861135
0.4217718
0.2757716
0.3609033
0.2544891
0.2744629
0.3244869
0.3239597
0.3881561
0.3042618
0.4697209
0.4084836
0.4331119
0.3656273
0.3713886
0.3048778
0.4268481
0.5454519
0.4121764
0.5439481
0.6190788
0.7733685
0.6990731
0.6412452
0.6333264
0.5868427
0.5998807
0.5519712
0.5572756
0.7238604
0.5075167
0.523988
0.4739052
0.4549128
0.3670699
0.3551234
0.3894345
0.3922523
0.3711686
0.2537342
0.2125835
0.2955118
0.3460989
0.3720313
0.4137402
0.527918
0.6515809
0.5767617
0.5117256
0.4424754
0.4181251
0.4416176
0.4756253
0.4640134
0.4962031
0.5397386
0.5685831
0.5488118
0.5992529
0.4719726
0.5793434
0.4537342
0.348941
0.3576004
0.4535961
0.5724118
0.4575539
0.5101436
0.4289047
0.3842534
0.3156679
0.4828349
0.3862135
0.3827761
0.440815
0.3502294
0.3413218
0.4170981
0.4667822
0.4199076
0.3955304
0.4322075
0.4238366
0.346253
0.378924
0.3618374
0.3049949
0.316464
0.3832764
0.3705088
0.3795067
0.3568299
0.4045312
0.3376446
0.2937759
0.3035438
0.2348715
0.3196134
0.3452697
0.2886233
0.2995875
0.2835139
0.3105278
0.3994557
0.3506841
0.4164742
0.4457754
0.5127664
0.3749422
0.3486768
0.3617373
0.3923785
0.3778915
0.4609213
0.5700087
0.6392185
0.6331446
0.5899075
0.5617443
0.4950225
0.6008743
0.7116242
0.4762188
0.4187136
0.3883809
0.3415094
0.2530182
0.3646865
0.4021064
0.3814444
0.3210766
0.4862478
0.5834481
0.5098286
0.5690195
0.5920892
0.7274484
0.5738288
0.5460968
0.6347888
0.5080508
0.4659542
0.4751994
0.4445335
0.4799169
0.4014266
0.4468911
0.4788153
0.4675335
0.5347354
0.5562712
0.4876082
0.4998848
0.539258
0.5005862
0.466558
0.4920349
0.3689639
0.3802788
0.3162344
0.3325943
0.2305616
0.2761689
0.2547801
0.2903109
0.3271604
0.4078629
0.4353447
0.5659991
0.5413215
0.4687454
0.4167114
0.3811569
0.394283
0.4226507
0.3350655
0.3461621
0.4089216
0.4933893
0.4516217
0.4107326
0.4300794
0.3216479
0.2833267
0.3029125
0.2932381
0.2593689
0.3260874
0.3963341
0.3429945
0.4389683
0.4994559
0.5822679
0.6317582
0.4331543
0.5108059
0.5429032
0.5670668
0.6001414
0.6534797
0.5090697
0.4204439
0.4431195
0.3347488
0.3202983
0.4134605
0.3454558
0.390819
0.4039021
0.4147914
0.4628294
0.4427441
0.4064401
0.3119511
0.3340969
0.2751923
0.3448407
0.323087
0.2954882
0.2904663
0.2843843
0.2919506
0.3155247
0.3655029
0.4132564
0.4055781
0.3379417
0.2820135
0.3385636
0.3471337
0.3878025
0.3607388
0.3885123
0.376516
0.4871965
0.4869938
0.4859437
0.4634504
0.4015832
0.4389643
0.5302235
0.6991091
0.8037785
0.9257949
1.114083
0.7587517
0.5739862
0.6045719
0.7374711
0.9045581
0.693753
0.6155167
0.5762262
0.5617799
0.6582529
0.6380239
0.6093715
0.5251819
0.6141098
0.4391812
0.3259224
0.3750935
0.3407716
0.4053947
0.4588488
0.4386747
0.5222061
0.4582173
0.5340488
0.4506464
0.3408617
0.3339819
0.3755975
0.3607277
0.2989952
0.2639676
0.2883612
0.3432262
0.3435821
0.3496243
0.4394512
0.505397
0.6520846
0.5494058
0.5297406
0.3468088
0.4666
0.431737
0.508423
0.4900501
0.4671718
0.5080832
0.4018297
0.330941
0.3193458
0.3301094
0.3190582
0.390633
0.2754696
0.2675837
0.3228614
0.4178567
0.4730731
0.3479848
0.3382517
0.3253239
0.3140225
0.2513849
0.2842174
0.3687888
0.5146179
0.5015424
0.5020917
0.4595269
0.5304657
0.5617605
0.6113522
0.5784468
0.4916306
0.4161824
0.397111
0.3540703
0.4993403
0.5396713
0.5109686
0.3800014
0.3881778
0.4346131
0.3875313
0.3215405
0.3901294
0.3818672
0.4597214
0.4197638
0.3825267
0.383567
0.6011584
0.4752793
0.4541249
0.4765385
0.4627763
0.5319187
0.5605606
0.5455757
0.5070449
0.5431916
0.4111512
0.4326829
0.4600502
0.3830585
0.4652808
0.4743867
0.6094238
0.7524378
1.102459
0.8044136
0.802782
0.6178522
0.6248124
0.5076097
0.4447298
0.5476451
0.535687
0.5581157
0.5206573
0.6085302
0.484578
0.4839115
0.5113884
0.6251994
0.609453
0.6218283
0.5260017
0.7022871
0.6690246
0.6763734
0.7014336
0.6862816
0.8837827
0.7545709
0.6469977
0.4971784
0.4653713
0.5178911
0.5402874
0.6330628
0.6961695
0.8007851
0.7548443
0.6345241
0.6445031
0.5418645
0.6639118
0.6269805
0.6556049
0.6962536
0.6578498
0.5417427
0.6055005
0.8364198
0.8394666
0.7301945
0.6703178
0.6028242
0.7108551
0.7584803
0.7005078
0.5220217
0.414337
0.4065316
0.5756725
0.5046735
0.4290102
0.4468405
0.4704683
0.4977067
0.4958601
0.4739546
0.6205044
0.7673138
0.5893017
0.6267273
0.6772179
0.7562701
0.7141396
0.6541964
0.8858328
0.9340916
0.6214179
0.6551794
0.5867397
0.5148109
0.4388318
0.5673248
0.5012607
0.5828152
0.5016142
0.5552221
0.4835402
0.5712555
0.4988877
0.6690423
0.603765
0.6218334
0.6200246
0.5992565
0.6355673
0.6089472
0.4950688
0.4531998
0.4210401
0.3971976
0.3556058
0.4619349
0.4632844
0.3543239
0.4359128
0.3392895
0.3661638
0.410804
0.444542
0.4872376
0.5588127
0.5233374
0.508469
0.4330676
0.523875
0.508227
0.3907583
0.4153471
0.4212278
0.3149467
0.3942577
0.3740922
0.3870275
0.3753227
0.3633784
0.5101563
0.5266439
0.4449727
0.5580812
0.5090795
0.4695298
0.3915146
0.4020123
0.323326
0.3400653
0.3448098
0.4023073
0.369569
0.3456618
0.3306072
0.2886589
0.3308065
0.4003432
0.3848134
0.3649797
0.5074943
0.8616293
0.6130398
0.7115522
0.668814
0.8232618
0.6329644
0.5218765
0.5836504
0.6293584
0.7092382
0.7242875
0.6822332
0.5997251
0.5028972
0.5307698
0.6020037
0.4551161
0.3940727
0.339631
0.3088114
0.3204969
0.2781365
0.3177509
0.3265982
0.3134412
0.3431653
0.4422982
0.5309053
0.4531183
0.4032221
0.4442525
0.3929884
0.3524488
0.3821467
0.353969
0.4731059
0.5149167
0.505365
0.4539589
0.4554174
0.4332467
0.4796448
0.5100576
0.4548223
0.4291176
0.3479097
0.3708966
0.3999936
0.523913
0.6232851
0.5524793
0.4547263
0.353142
0.6147049
0.5162279
0.5944566
0.5103483
0.4514055
0.3971842
0.3751529
0.4347224
0.5497383
0.4532001
0.413146
0.4222183
0.3628947
0.3414078
0.2799839
0.2983884
0.2875148
0.2572062
0.3067006
0.2803249
0.2827768
0.3496153
0.3553063
0.3431161
0.3607112
