116.6361
116.4605
116.4288
116.3907
116.3755
116.4044
116.4476
116.2103
116.3285
116.4045
116.3299
116.5359
116.5232
116.4625
116.3993
116.6589
116.9491
116.8326
116.8802
116.4603
116.2514
116.1461
116.1299
116.0446
116.0214
116.296
116.3498
116.4131
116.2918
116.5489
116.5174
116.5931
116.5972
116.8287
116.5228
116.5774
116.4914
116.6772
116.4584
116.5368
116.492
116.8544
116.983
116.6835
116.6422
116.4821
116.5613
116.1615
116.0877
116.3609
116.2358
116.3975
116.7505
116.5128
116.3717
116.4706
116.6751
116.4909
116.5683
116.6941
116.8101
116.5595
116.8245
116.4195
116.5514
116.6266
116.504
116.2974
116.3229
116.4438
116.3349
116.2692
116.3218
116.2215
116.385
116.4322
116.6385
116.6206
116.2293
116.4332
116.5167
116.3748
116.3098
116.4299
116.4578
116.3688
116.4583
116.4596
116.3479
116.4972
116.3163
116.2332
116.3322
116.4952
116.5182
116.4343
116.4303
116.6588
116.8261
116.6415
116.732
116.7407
116.6796
116.7537
116.8855
116.8423
116.5714
116.733
116.3783
116.2186
116.228
116.3542
116.1257
116.323
116.5023
116.72
116.7331
116.8659
116.8003
116.8127
116.6776
116.4958
116.389
116.6955
116.5702
116.7689
116.6912
116.5423
116.5624
116.7009
116.742
116.6518
116.5896
116.5719
116.4116
116.3769
116.4781
116.3963
116.2522
116.2707
116.5917
116.7727
116.5427
116.5628
116.6552
116.5732
116.4899
116.34
116.5308
116.4249
116.5398
116.5707
116.3504
116.3918
116.3964
116.255
116.6166
116.3788
116.4189
116.4901
116.3208
116.1096
116.371
116.01
116.1062
116.0436
115.9709
116.3205
116.2766
115.9403
116.1101
116.029
116.5579
116.273
116.3335
116.5749
116.256
116.0671
116.1
116.0768
116.2041
116.2476
116.4521
116.4941
116.495
116.2177
116.1106
115.8894
116.5492
116.3202
116.3947
116.4729
116.2643
116.3479
116.5455
116.656
116.6734
116.4934
116.6031
116.6744
116.9434
117.0134
116.6836
116.1595
116.2164
116.2695
116.3552
116.2969
116.2216
116.3163
116.5181
116.6148
116.0882
116.1511
116.3263
116.4365
116.2564
116.2513
116.0055
116.413
116.4907
116.2124
116.4198
116.2137
116.5579
116.3325
116.4511
116.2094
116.1914
116.0536
116.0829
116.0011
115.9342
115.8892
116.1237
116.2196
116.0458
116.0716
115.9823
115.9378
116.335
116.3928
116.1948
116.2266
116.2846
116.6547
116.7699
116.7784
116.4107
116.4548
116.4327
116.2729
116.2753
116.1438
116.0794
116.0497
115.8514
115.6419
115.9631
116.3536
116.1261
116.1249
115.8073
116.0411
115.9592
116.0664
116.0485
115.9333
116.0031
115.8083
115.938
116.0901
115.9059
115.7565
115.8266
115.8735
115.9997
115.7455
115.8277
115.5819
115.8264
115.9817
116.195
116.5241
116.7406
116.4746
116.11
115.8336
115.8233
116.4608
116.5895
116.3796
116.3305
116.0664
116.4077
116.1348
116.2798
116.218
116.3033
116.327
116.4007
116.2363
116.3928
116.0816
115.9545
116.2256
116.6587
116.7882
116.8746
116.7621
116.4839
116.5898
116.3613
116.2722
116.2324
116.5345
116.6324
116.3391
116.4902
116.4433
116.4975
116.5169
116.3602
116.639
116.3942
116.5144
116.4537
116.3266
116.4066
116.3579
116.23
116.4587
116.2255
116.2062
116.4008
116.2956
116.1672
116.5181
116.6764
116.6113
116.6505
116.6878
116.6295
116.6419
116.6663
116.533
116.6333
116.4989
116.7303
116.5663
116.4881
116.7367
116.8833
116.4051
116.224
116.3059
116.2387
116.0334
116.1793
116.3761
116.2339
115.9172
115.3855
115.5004
115.5065
115.4488
115.6771
115.7029
115.652
115.8377
115.9999
116.1128
116.1741
116.2328
116.4009
116.5199
116.617
116.5928
116.7791
116.603
116.6635
116.6847
116.7864
116.5112
116.6507
116.5383
116.8306
116.7938
116.7702
116.61
116.6347
116.7834
116.9894
116.8264
116.584
116.4838
116.55
116.434
116.5352
116.5196
116.5352
116.6257
116.6275
116.5417
116.3797
116.2023
116.4145
116.1695
116.0421
115.9597
116.2478
116.1013
116.192
116.4507
116.3357
116.1262
115.9519
115.9934
116.0684
116.466
116.489
116.5039
116.3884
116.511
116.5488
116.6056
116.2664
116.3156
116.3285
116.1323
116.2431
116.5024
116.4791
116.7442
116.7109
116.7271
116.6105
116.4579
116.4629
116.3246
116.536
116.5602
116.5626
116.7798
116.932
117.0654
117.3109
117.4156
117.2915
117.1266
117.0297
116.928
117.119
117.1533
116.5992
116.4687
116.2452
116.3339
116.7266
116.3953
116.6981
116.5859
116.6594
116.7217
116.5726
116.5433
116.4928
116.436
116.2788
116.0158
115.8772
116.0482
115.9165
116.1391
116.4053
116.4016
116.3868
116.5521
116.2805
116.2924
116.3494
116.1826
116.0611
115.9962
115.8466
115.8382
116.0313
116.034
115.8615
116.2355
116.4516
116.3052
116.5646
116.9978
117.0946
116.7175
116.6826
116.4578
116.536
116.4813
116.6869
116.4919
116.3242
116.4792
116.6515
116.7196
116.8442
116.7296
117.0075
116.8285
116.7098
116.5019
116.2777
116.4201
116.3947
116.4674
116.5123
116.2354
116.1447
116.538
116.5289
116.5264
116.4255
116.2989
116.2015
116.3703
116.4971
116.2997
116.1941
116.324
116.2403
116.0997
115.9762
115.9914
116.089
116.0323
116.0646
115.9679
116.0882
115.9659
116.1002
116.4021
116.2017
116.0912
115.9639
116.1833
116.332
116.5037
116.4273
116.6159
116.6851
116.5164
116.3457
116.4135
116.5621
116.4926
116.5112
116.8915
116.8731
117.1245
117.2351
117.1125
116.9031
116.8748
116.5676
116.6457
116.4737
116.5272
116.7914
116.9397
116.9777
116.5904
116.3019
116.6326
116.4579
116.2612
116.2554
116.1827
116.196
116.0262
116.1804
116.1825
116.3856
116.3856
116.3393
116.1812
116.3237
116.5515
116.6572
116.538
116.7123
116.6217
116.7105
116.6713
116.7324
116.62
116.5063
116.4806
116.5562
116.5791
116.4655
116.6322
116.5884
116.7656
116.8025
116.8535
117.0665
116.8445
116.7847
116.6123
116.6017
116.5889
116.8389
116.856
116.3554
116.5128
116.6395
116.4871
116.1555
116.3732
116.2808
116.3013
116.187
116.0579
116.3711
116.1725
116.1514
116.3324
116.4713
116.595
116.7932
116.9156
116.7747
116.7345
116.8292
116.5835
116.2869
116.4202
116.3192
116.1426
116.3631
116.1415
116.532
116.3871
116.5323
116.5216
116.2804
116.4131
116.5818
116.6574
116.5088
116.7077
116.3739
115.9974
116.0541
116.1438
116.2818
116.2899
116.2107
116.1923
116.4692
116.6795
116.534
116.4926
116.5816
116.5537
116.2195
116.417
116.4154
116.3838
116.4543
116.5399
116.7353
116.7212
116.984
116.9481
116.9193
116.7983
116.7816
116.4322
116.4272
116.3545
116.2515
116.5424
116.6342
116.4703
116.4855
116.4989
116.4745
116.2969
116.431
116.3748
116.2391
116.1184
116.0761
116.167
116.0851
116.2042
116.2452
116.4169
116.4733
116.391
116.446
116.4564
116.7454
116.7711
116.9537
116.8058
116.4489
116.3304
116.4516
116.6443
116.3851
116.5411
116.4659
116.4276
116.169
115.8855
115.93
116.2529
116.127
116.3906
116.2573
116.455
116.2067
115.8944
115.8192
116.2904
116.0235
116.161
116.308
116.1273
116.1393
116.1938
116.1859
116.4538
116.4858
116.4753
116.2113
116.1166
116.2058
116.5286
116.6286
116.5059
116.7224
116.3483
116.5622
116.38
116.3506
116.3766
116.2808
116.3822
116.1403
115.9137
116.2592
116.3235
116.0733
116.1495
116.4419
116.4486
116.235
116.2471
116.1411
115.9925
116.0365
116.287
116.429
116.3462
116.1545
116.1496
116.2953
116.0942
116.167
116.187
116.4066
116.5062
116.7918
116.6544
116.6458
116.2739
115.9664
115.8513
115.8358
115.7869
115.8895
115.8815
115.8245
115.8563
116.2096
116.0328
116.0608
115.9594
116.0561
115.9544
116.085
116.2279
116.1114
116.1884
116.3292
116.4354
116.3386
116.191
116.1078
116.0767
115.9973
116.0243
116.0331
115.9067
116.1052
116.2873
116.1006
116.111
116.0396
116.0164
116.2052
116.3072
116.007
116.1388
116.0705
116.3754
116.3642
116.4503
116.4187
116.6211
116.4511
116.2878
116.3332
116.4412
116.31
116.3868
116.4082
116.4684
116.3378
116.6547
116.3976
116.1357
116.2787
116.1325
116.2052
116.0375
115.915
116.2063
116.049
116.1255
116.0849
116.1124
116.1132
116.1331
116.4418
116.5254
116.5244
116.295
116.3097
116.0724
116.168
115.8705
115.9962
116.3749
116.2145
116.26
116.2231
116.4443
116.7908
116.2328
116.1684
116.1381
116.1332
116.1694
116.1631
115.9166
116.0072
116.1884
116.1359
116.6387
116.3083
116.2488
116.4285
116.284
116.2626
116.4737
116.608
116.5916
116.7332
116.8831
116.6494
116.6118
116.5914
116.2899
116.4629
116.52
116.4126
116.3253
116.3921
116.5706
116.3749
116.6804
116.736
116.6408
116.6994
116.712
116.3515
116.5639
116.1875
116.2032
116.0926
116.1225
116.3041
116.3903
116.2835
116.4455
116.2574
116.5306
116.3496
116.1066
116.3699
116.4211
116.6561
116.5193
116.2617
116.1576
116.4409
116.4947
116.4944
116.6066
116.7593
117.0559
117.189
117.5449
117.4928
117.7894
117.5604
117.4037
117.4756
117.3233
117.3318
117.2645
117.1805
117.0746
117.1426
117.0512
116.5788
116.5553
116.5542
116.6044
116.5234
116.4806
116.4081
116.3242
116.256
116.2224
116.3639
116.2175
115.8807
115.7668
115.8761
115.81
115.7593
115.5924
115.7928
115.7328
115.4493
115.3548
115.4068
115.6625
115.6859
115.6311
115.8894
116.0014
115.9467
115.9255
115.8482
115.9965
116.2523
116.2337
116.1234
116.4383
116.4016
116.3698
116.4009
116.6628
116.7051
117.0472
116.7327
116.726
116.8064
116.9469
116.6332
116.9335
116.9536
116.6869
116.5587
116.554
116.3227
116.2782
116.2568
116.2253
116.4444
116.7039
116.4926
116.4838
