probIn scale
0.03727819 12.54203
0.03129021 13.04094
0.0472533 11.82674
0.03842429 11.84327
0.06103938 11.21696
0.05015979 10.66452
0.04486215 10.68756
0.04883755 10.76946
0.05666756 9.879959
0.05115413 10.08386
0.06293766 10.26414
0.06381324 10.7495
0.05467602 10.64648
0.04414995 9.910451
0.04511203 10.69128
0.07310964 9.64455
0.06735486 9.173954
0.0650126 9.152974
0.07984658 9.265651
0.09083275 8.886586
0.05508168 9.056555
0.03583221 9.140972
0.0499677 9.155984
0.05086303 9.720389
0.05247464 8.639065
0.04516492 8.61554
0.05455962 8.78169
0.0620437 9.24386
0.0542099 8.694278
0.06729649 8.194734
0.04330515 7.927201
0.04107221 7.9984
0.06976137 8.498923
0.05805982 8.608525
0.06333745 8.804064
0.05136937 8.662986
0.06714902 8.434842
0.06292625 8.213967
0.06767498 8.165371
0.05713004 8.60205
0.06788665 8.432783
0.05554006 7.789635
0.06936839 8.124642
0.04898409 8.766559
0.04941664 8.760391
0.0456953 9.058161
0.04633849 9.328935
0.05390966 9.35119
0.04851451 10.26006
0.05499894 9.340163
0.05367915 8.331399
0.05163259 8.238348
0.05831601 8.522116
0.06685619 8.566194
0.06390889 8.641055
0.06289936 7.597259
0.06513171 7.644292
0.06627776 7.737968
0.0451711 7.236973
0.06587784 6.607001
0.08157207 6.649933
0.08376476 6.802344
0.08256468 6.491603
0.06717643 6.74754
0.08826517 7.689174
0.09053703 7.357176
0.06220558 7.309493
0.05542422 6.915853
0.0798273 7.602539
0.08532323 7.279953
0.09555638 7.572862
0.09783905 7.343377
0.1008292 7.734748
0.09240923 7.155608
0.06747575 7.551188
0.06578599 7.87255
0.06677026 7.987996
0.04894162 8.604089
0.05058472 7.798328
0.0687674 8.180479
0.09264794 8.449645
0.07524815 8.023991
0.06895442 8.416657
0.06347958 9.142189
0.05259909 8.370004
0.07238062 9.269722
0.07935811 9.995372
0.07241366 8.622257
0.117711 8.391329
0.08741967 8.946433
0.1076428 9.119726
0.09892542 9.024401
0.09806857 8.831489
0.08059149 8.88868
0.08255405 9.407896
0.06340065 10.14756
0.05983556 10.88309
0.07443087 10.9156
0.09884327 10.20039
0.07596841 10.90327
0.07274862 9.652723
0.08517895 10.22733
0.09619929 9.364225
0.08880763 9.613368
0.09372786 9.543888
0.08886624 10.18428
0.07055571 11.28549
0.06277507 11.00074
0.05561213 10.62864
0.05476321 10.12673
0.0617899 10.27529
0.04762363 10.50635
0.0797626 11.48663
0.05959455 11.27611
0.077109 10.02697
0.04564669 10.34491
0.06070776 11.334
0.04722799 11.11687
0.0380858 12.24639
0.06962458 11.95736
0.0368775 11.30342
0.05114461 11.42963
0.05064375 13.07818
0.04968264 13.66557
0.05986375 11.91968
0.06046228 11.95878
0.04777439 10.70254
0.05038794 10.33389
0.06134693 10.02655
0.06472578 10.07237
0.07425342 10.58303
0.07304112 10.31395
0.08382922 10.44678
0.04931015 10.75898
0.05279401 10.39939
0.05805103 10.12302
0.05817572 10.21642
0.06823969 10.88915
0.04987288 10.09711
0.06095638 9.987508
0.07784786 9.416943
0.06186713 9.05925
0.06976186 8.868027
0.09104968 9.913168
0.05187447 8.682289
0.05925934 8.199306
0.07168097 8.415751
0.06337526 9.256627
0.05024489 9.523645
0.06081547 11.28179
0.06269252 10.20313
0.04801632 9.483972
0.04951517 9.377529
0.06854005 8.170592
0.06707555 8.595594
0.04575804 9.086162
0.05742029 9.059479
0.05349755 9.372727
0.0345017 9.42911
0.05947 8.631898
0.05702253 8.39589
0.05947245 8.91937
0.05563511 8.22906
0.05537839 8.008853
0.07661202 8.065561
0.08625309 8.387156
0.08250336 7.924174
0.06553663 7.858753
0.06476078 8.165901
0.07193935 8.829849
0.05607649 8.185529
0.0522704 8.703668
0.04716045 8.159338
0.05999596 8.180091
0.06721349 8.148624
0.07348243 8.114619
0.07795754 7.295662
0.08541675 8.032247
0.07713735 8.405269
0.06360029 8.73247
0.06170631 8.913269
0.07228141 8.72988
0.06696869 7.867716
0.07784536 7.842635
0.1080527 7.312154
0.08238711 7.864314
0.09143727 8.352653
0.07775242 9.083978
0.08330836 9.397308
0.09146104 9.074415
0.111702 8.355807
0.1036262 8.555936
0.09554415 7.864932
0.08990607 8.107501
0.07425428 7.808788
0.09058546 7.015514
0.07474408 6.697848
0.07619891 6.957395
0.1003783 6.607053
0.08870933 6.552031
0.09908798 6.720137
0.1161358 5.95529
0.1129436 6.094002
0.0965941 5.696889
0.07660328 5.217351
0.08004664 5.796589
0.06974656 5.611987
0.07702092 6.384481
0.07679932 7.154219
0.100218 6.639738
0.08640762 6.675325
0.07962403 6.546925
0.07358488 6.483295
0.05967774 6.549875
0.07019628 7.921007
0.08299564 7.438234
0.07177297 8.004031
0.06682935 7.882024
0.06135264 7.313369
0.05453897 6.995653
0.04589332 6.207226
0.07565146 6.388486
0.09700035 6.381035
0.0604507 6.527902
0.09867902 6.398715
0.09580321 6.729094
0.117044 6.275884
0.08212507 6.413926
0.08203186 6.587408
0.07391218 6.428055
0.07704377 6.209668
0.09186991 6.018156
0.09703659 5.380156
0.07268222 5.614466
0.04874239 5.672887
0.06270805 5.452801
0.06131732 5.609545
0.08262353 5.858613
0.06648195 5.353272
0.05231713 5.171974
0.06291923 5.255379
0.08242414 5.029121
0.09014301 4.876489
0.1112194 5.232393
0.1044341 4.723265
0.1189964 4.277932
0.07952058 4.250596
0.08321261 4.046206
0.08280572 3.869223
0.09079203 3.797097
0.1017288 3.85644
0.08936956 4.30417
0.07616122 4.135914
0.04993926 4.419086
0.05734176 4.523703
0.0533145 4.168886
0.04285331 4.377124
0.05274724 4.369373
0.03880583 4.744866
0.04512585 4.319969
0.04677665 4.750638
0.04784953 5.235228
0.07500302 5.033415
0.05566339 4.791722
0.06446672 4.564922
0.05943455 4.766969
0.04144975 5.000079
0.06656578 5.711147
0.05371762 5.292978
0.07315565 4.986832
0.07994513 4.992395
0.065595 5.465472
0.06542993 5.5775
0.04308816 6.364104
0.05674541 6.638033
0.0508145 6.741091
0.04293227 7.017631
0.05003338 6.691097
0.04246998 7.280146
0.05279172 6.840526
0.04597544 6.717542
0.0510323 6.685849
0.05133525 6.301222
0.05852909 5.372147
0.05461807 5.205797
0.0445866 5.217226
0.05822147 4.937049
0.07907752 5.427285
0.07104746 5.214268
0.06280989 5.214608
0.08206844 5.458735
0.04996781 6.267127
0.03861632 6.491011
0.0746265 6.508573
0.07181761 6.170471
0.07074952 6.219897
0.074651 6.2078
0.06918196 5.943831
0.07178243 6.171219
0.06672258 5.311857
0.08692725 5.348182
0.04653614 5.149949
0.06373848 5.527833
0.06371051 5.6077
0.07390114 6.198042
0.06771304 5.42491
0.06775096 5.394658
0.08533043 5.191578
0.07863941 4.726478
0.08788742 4.758908
0.09800568 4.573483
0.08600514 5.050395
0.09442575 5.370746
0.08821533 4.960308
0.07697901 4.876458
0.08723304 4.327362
0.08132839 4.473187
0.05240073 4.347257
0.05007659 4.592903
0.05884114 4.91803
0.053441 4.749748
0.06099066 5.313108
0.06556607 4.798096
0.07986671 4.878857
0.05400365 5.247913
0.05680559 5.234797
0.04492646 5.454613
0.05058013 5.230029
0.0463714 5.619568
0.0517683 5.555038
0.06697714 5.527287
0.05673555 5.625598
0.04907848 5.729577
0.05584656 5.308884
0.06002513 5.312102
0.0677565 5.646508
0.05967989 5.733329
0.07955173 5.784865
0.0610674 5.482677
0.06000005 5.738687
0.06370543 6.08569
0.0714902 5.616417
0.1045201 5.446806
0.05019719 5.988613
0.08090835 5.646572
0.06327859 5.854349
0.0463134 5.457807
0.07877832 5.369113
0.05893417 5.752783
0.0726905 6.068801
0.0525591 6.390878
0.05708051 5.932933
0.045825 6.467146
0.05719257 6.839103
0.04683069 5.54058
0.07242342 5.737925
0.05643094 5.899426
0.05944154 6.004268
0.05407026 5.818538
0.04495797 5.511374
0.04628189 5.883859
0.07291409 6.161271
0.05726299 6.19124
0.04551657 6.004468
0.06774163 5.22802
0.09175775 5.123037
0.07503917 5.022955
0.08834375 5.159882
0.1091744 5.101805
0.102787 5.294787
0.1404684 5.276769
0.1424348 5.484297
0.1188003 4.759189
0.1036643 3.941645
0.1423472 3.997328
0.1111496 4.04678
0.1172298 4.198452
0.1130293 4.154711
0.1141608 4.348479
0.1286187 4.315422
0.1217909 4.108762
0.1272181 3.957604
0.1249208 3.75349
0.1142551 3.747805
0.1211805 3.400242
0.1142057 3.248954
0.09350672 3.388587
0.1091868 3.593122
0.1005944 3.518199
0.0986727 3.816533
0.09582214 3.817892
0.117703 3.907379
0.1282003 3.413065
0.1604177 3.255488
0.1588718 3.570434
0.1506911 3.532066
0.1631524 3.397794
0.131548 3.739606
0.1503073 3.438642
0.1383459 3.243533
0.1810683 3.29112
0.1592873 3.05484
0.1552803 3.248227
0.1500176 3.64679
0.1054746 3.525705
0.08971105 3.410514
0.1475154 3.488722
0.1494655 3.335183
0.0978975 3.338805
0.1105196 3.375539
0.07128073 3.266197
0.09389222 3.378212
0.09958584 3.354494
0.1093374 3.827072
0.08465131 3.590711
0.08187198 3.514354
0.1313745 3.57088
0.1431921 2.961064
0.1147964 2.89313
0.1183502 2.960741
0.1424185 2.831866
0.1307983 2.726909
0.1523577 2.876396
0.1668917 2.75476
0.1614092 2.720244
0.1224116 2.550063
0.1124432 2.769332
0.1551217 2.964489
0.1850916 2.856322
0.1535671 2.813406
0.143383 2.691799
0.1464276 3.272541
0.1513487 3.033946
0.1372351 2.9567
0.1262883 2.673936
0.1356964 2.683153
0.1339447 2.776915
0.1392611 2.83447
0.1148371 3.270869
0.1244893 3.496331
0.1619427 3.21618
0.1620741 3.217196
0.1138863 3.409488
0.1061895 3.704568
0.1169948 3.751097
0.08830413 3.997406
0.09422668 3.752791
0.08761388 3.429088
0.1062572 3.258966
0.1307339 3.483026
0.1336079 3.564723
0.1373695 3.41287
0.1306072 3.458532
0.1327764 3.677194
0.1327654 3.867465
0.1389076 3.876061
0.1588144 3.804018
0.1828784 3.917754
0.1858082 4.022432
0.1210697 3.970937
0.1444863 4.108196
0.1469395 3.990287
0.1473894 4.236862
0.1139133 4.963422
0.1231787 5.188855
0.1272592 4.68648
0.1104713 5.607314
0.09841332 5.733003
0.09363795 5.775568
0.1254394 5.78105
0.08249403 5.538303
0.09459496 5.617731
0.07812696 5.910265
0.08547268 5.932633
0.07225559 6.520318
0.07117278 6.252605
0.07453182 6.283537
0.09453208 5.716567
0.06353394 6.168004
0.07067948 6.113129
0.06633309 6.455181
0.07138724 6.158347
0.05946543 6.720012
0.06683271 6.319418
0.07588957 6.524376
0.07496567 6.593944
0.06925346 7.463717
0.06238233 7.309545
0.06055007 8.183631
0.08566443 8.553181
0.09026021 8.247221
0.1034338 6.681363
0.0994881 6.678203
0.08058443 7.099422
0.09624639 7.294359
0.08953781 7.08413
0.06480614 7.026886
0.08877518 7.189085
0.1022507 7.035393
0.06147353 7.061955
