0.5832262
0.5602589
0.5504615
0.5182735
0.4937515
0.5298146
0.5143916
0.5007756
0.4918972
0.4847891
0.4759131
0.4639936
0.4633415
0.4730803
0.4944598
0.5163064
0.5284016
0.4926773
0.4983349
0.5167162
0.4766756
0.4947238
0.4921338
0.4694072
0.4405951
0.4653418
0.491839
0.4857729
0.5298517
0.5052853
0.516067
0.5161565
0.5497959
0.5493104
0.5182357
0.5483217
0.5333752
0.5472346
0.5203219
0.5260786
0.536381
0.5167945
0.5064602
0.5192497
0.5155503
0.5150763
0.5158216
0.4984297
0.5132295
0.5450307
0.5477978
0.5577656
0.5385701
0.5489481
0.537607
0.5185266
0.525265
0.5234554
0.5596868
0.5346966
0.5483301
0.5563061
0.5652181
0.6074595
0.5745892
0.5848757
0.5702124
0.5663401
0.5685589
0.5546364
0.5139021
0.5202967
0.5217694
0.5267079
0.509715
0.5075142
0.4842334
0.486749
0.4947921
0.4797983
0.45597
0.4337683
0.4333435
0.4322703
0.4434697
0.4587591
0.4659966
0.4450767
0.4623624
0.4906602
0.5131078
0.5308781
0.5017894
0.4784964
0.4581459
0.4638197
0.4986769
0.4679951
0.4726369
0.4620405
0.4601537
0.4525582
0.4882157
0.4820105
0.4688036
0.4636557
0.4693041
0.4609632
0.4442794
0.4494174
0.4420752
0.4243425
0.4435584
0.4702092
0.4947869
0.5060755
0.4970234
0.5033124
0.5144156
0.4715546
0.4746448
0.4597614
0.4631357
0.4675094
0.4682192
0.451094
0.4448631
0.4346576
0.4686721
0.472742
0.496147
0.4827848
0.4740809
0.4696406
0.4711141
0.4662171
0.4655253
0.4662234
0.468881
0.45682
0.433028
0.4478679
0.4476132
0.4359694
0.4388384
0.4578631
0.4403003
0.4301234
0.4311846
0.4158545
0.4311224
0.423037
0.4272656
0.4319625
0.4542757
0.4257048
0.3997434
0.3714933
0.3672696
0.3647855
0.3496301
0.339066
0.3415173
0.3358174
0.3291289
0.3394506
0.3483554
0.3555984
0.3494075
0.3401676
0.3471199
0.3615679
0.4096211
0.3946884
0.4207951
0.40564
0.3797535
0.3853836
0.3836681
0.4035959
0.4003213
0.3953638
0.3990413
0.381438
0.3827633
0.3803877
0.3849595
0.3860563
0.3868812
0.3789512
0.3750673
0.3573454
0.3494599
0.35712
0.3702458
0.3529257
0.3494693
0.3391307
0.342659
0.3516795
0.3590187
0.3333066
0.3357795
0.33605
0.3158859
0.3226182
0.3129568
0.3067014
0.290168
0.2804398
0.2769003
0.2824838
0.2728888
0.2820654
0.3023384
0.2849387
0.2773749
0.2762424
0.2994115
0.3107011
0.3300211
0.3110304
0.3015259
0.3101159
0.3207876
0.3397362
0.3427801
0.359516
0.3625549
0.355586
0.3871118
0.3615112
0.3775871
0.3666689
0.3459759
0.3191536
0.3141298
0.3219952
0.3222191
0.3193808
0.3004449
0.3097961
0.3391441
0.3380063
0.3493066
0.3426688
0.341431
0.3436855
0.3489408
0.334583
0.3345897
0.3342868
0.3287523
0.3402315
0.3576671
0.3718634
0.3526093
0.3597982
0.4018017
0.4015153
0.3988197
0.3850678
0.3891152
0.4061684
0.407438
0.4152516
0.4274398
0.4105113
0.4078356
0.4101784
0.4073511
0.424599
0.4101337
0.4222212
0.4269795
0.4469987
0.4559159
0.4443869
0.4496792
0.4395875
0.4687512
0.4545063
0.4703611
0.4609459
0.4733762
0.4763073
0.4896094
0.4521901
0.4623233
0.4499274
0.4567377
0.4794164
0.494164
0.4661331
0.4388001
0.437722
0.432349
0.4673448
0.4661557
0.4669352
0.4830743
0.4634672
0.4540466
0.4638455
0.4644373
0.4568495
0.4641168
0.4649458
0.4878509
0.4831624
0.4895231
0.4879888
0.5077812
0.4931907
0.4914348
0.4802803
0.4863345
0.5082127
0.4738195
0.4692843
0.4790568
0.4891003
0.5080386
0.5039814
0.4912455
0.4810621
0.4865045
0.4585323
0.4630252
0.4560802
0.5029945
0.4936911
0.4939083
0.4936597
0.4977189
0.4989926
0.4789162
0.4987352
0.4582421
0.4626305
0.4822346
0.4941338
0.4998961
0.5055392
0.5154201
0.5348465
0.519972
0.5404921
0.5204252
0.5394635
0.5659669
0.5515513
0.5779816
0.5778509
0.5484724
0.5640318
0.5758526
0.5920999
0.6344964
0.6345992
0.6302645
0.6143257
0.6381625
0.6162606
0.6013268
0.616805
0.6202183
0.6143031
0.5929968
0.5959401
0.5892356
0.5627645
0.5362886
0.5529585
0.541176
0.5523225
0.5344264
0.5690071
0.5520677
0.5529772
0.5611743
0.5504021
0.5273691
0.5369853
0.5266965
0.5138666
0.529194
0.499017
0.506696
0.4914149
0.4872997
0.4808341
0.465866
0.4478187
0.4430661
0.4389242
0.4349881
0.4314049
0.4629907
0.4656931
0.4553456
0.4570159
0.4300954
0.4567348
0.4678311
0.4484766
0.4314084
0.4523491
0.4533038
0.4474719
0.4546221
0.4530947
0.4457301
0.4729173
0.4899081
0.461363
0.5027414
0.5114142
0.5240246
0.5280498
0.5438772
0.5241589
0.4946166
0.4733518
0.443369
0.4428126
0.4623565
0.4383379
0.4335808
0.4350307
0.4230573
0.4407778
0.4352391
0.4301277
0.4465442
0.4351514
0.4462316
0.465035
0.4809978
0.5169395
0.5571534
0.5283203
0.5158581
0.5012465
0.4980688
0.491902
0.4959709
0.4827132
0.4762752
0.4605934
0.4722798
0.4500081
0.4628994
0.4456919
0.4185986
0.4307524
0.4379286
0.4334251
0.4264535
0.416489
0.4274895
0.4428407
0.4282426
0.4187874
0.4025009
0.4054816
0.4037776
0.4081308
0.3885528
0.3655091
0.3519483
0.3393469
0.3348505
0.339452
0.350327
0.3253842
0.324714
0.3219669
0.3117064
0.2938733
0.2957358
0.2953225
0.2911539
0.3001189
0.3046092
0.2859964
0.2972068
0.3037886
0.3097437
0.3182227
0.3313541
0.3374316
0.354063
0.352547
0.3459195
0.3273013
0.317667
0.3183002
0.3122377
0.3035855
0.3240007
0.3247229
0.3326835
0.3376613
0.3279076
0.3281615
0.3277334
0.3239778
0.3234275
0.3590617
0.3507486
0.3546158
0.3474228
0.3514822
0.3435146
0.3616481
0.3641783
0.3575291
0.3493177
0.3614776
0.3617424
0.3647539
0.3670508
0.3614229
0.3473714
0.34407
0.3343145
0.3570956
0.3628084
0.3670398
0.3522927
0.3548731
0.3621441
0.3617975
0.3631943
0.3797856
0.3884052
0.3767919
0.3749776
0.3632948
0.3486
0.3441574
0.3262804
0.3365485
0.3617476
0.3809052
0.3630042
0.3815541
0.3841863
0.3859619
0.3742841
0.3595227
0.3575432
0.3347545
0.3443336
0.3552922
0.3503782
0.3384674
0.3369045
0.3568044
0.3384208
0.3263322
0.3180046
0.3276249
0.3346503
0.339258
0.3335912
0.3314696
0.3540466
0.3605418
0.3574772
0.3558506
0.3700443
0.3891752
0.379022
0.3967945
0.4106702
0.382595
0.3743568
0.3402949
0.3464644
0.3602043
0.3885532
0.3989121
0.4086999
0.4241797
0.4452578
0.4267874
0.4422479
0.442259
0.4123222
0.3946331
0.3860004
0.3877751
0.3783475
0.3640855
0.3694514
0.4085544
0.4086847
0.40807
0.4308546
0.4241432
0.4147561
0.4123767
0.4002212
0.3983352
0.3791136
0.3783765
0.3823537
0.3859275
0.3771627
0.3828674
0.3867215
0.4010657
0.4149251
0.4013987
0.4306463
0.4381645
0.4549178
0.4373377
0.4334594
0.4530785
0.4419735
0.4796817
0.4782348
0.49225
0.4874482
0.4852105
0.5000345
0.5088262
0.4763372
0.4503362
0.4625593
0.4791328
0.4937987
0.4699019
0.4467287
0.4547254
0.4761012
0.4667433
0.4661648
0.4514155
0.4243781
0.4205939
0.4281754
0.4445748
0.4726068
0.5039209
0.5195105
0.520136
0.5100118
0.4727438
0.4662641
0.4867315
0.48165
0.4678875
0.457327
0.4627834
0.4605132
0.4569464
0.4628727
0.4486054
0.4754925
0.4516129
0.4376262
0.4631625
0.4729727
0.4724737
0.5085301
0.5320446
0.5253357
0.5286255
0.5249587
0.4992352
0.5197368
0.5187345
0.5061674
0.4779513
0.4994953
0.4772746
0.488951
0.4772055
0.5103473
0.5416148
0.5455177
0.5574792
0.5723637
0.5959312
0.5863684
0.6058731
0.5719477
0.5690564
0.5406396
0.5341831
0.552803
0.5849288
0.5236715
0.5145515
0.4987537
0.4819383
0.4855542
0.5030144
0.4773734
0.5041723
0.5182623
0.5321898
0.5089617
0.5099765
0.5177834
0.5181876
0.5294336
0.5373665
0.5366322
0.5250567
0.5214691
0.5224466
0.5082757
0.5016298
0.5099552
0.531123
0.5288535
0.5026519
0.5171699
0.5100812
0.4971851
0.5197254
0.5437727
0.5551581
0.5307357
0.5705764
0.5770158
0.5839187
0.5781017
0.5880058
0.5952678
0.5985471
0.6017375
0.590287
0.575599
0.5661072
0.581994
0.5612531
0.5207135
0.5435976
0.5328215
0.5046994
0.5094913
0.5096593
0.5170609
0.5076949
0.5221299
0.5123979
0.5058195
0.5148108
0.5279963
0.5230405
0.5414248
0.5402783
0.5253904
0.5296812
0.5180516
0.5140239
0.5059907
0.4923055
0.4764543
0.4863104
0.4799459
0.4685079
0.5087062
0.4907073
0.5127559
0.5069901
0.5172076
0.5309771
0.5263791
0.5150562
0.5076108
0.5130252
0.5190683
0.5261223
0.542158
0.5853787
0.5482655
0.5641584
0.555597
0.5462477
0.5515002
0.5421583
0.5361679
0.5753996
0.579026
0.577964
0.593161
0.589506
0.602957
0.6026899
0.5920873
0.5731677
0.5360082
0.5322169
0.5191347
0.5008914
0.4909121
0.5350267
0.5258874
0.5153725
0.5177196
0.5282855
0.5250787
0.5446101
0.5147494
0.5505211
0.5620892
0.5875018
0.5780715
0.5721478
0.5722664
0.5579893
0.5644297
0.5080419
0.5195125
0.5214726
0.5560558
0.5951568
0.5867848
0.5685988
0.5924147
0.5854949
0.5677404
0.5450683
0.533602
0.5396061
0.5387694
0.5173921
0.5007112
0.4811063
0.4952348
0.4819338
0.4822478
0.4789816
0.4426569
0.4548513
0.4788107
0.4844722
0.504729
0.490702
0.4970407
0.489654
0.4770923
0.4857879
0.4633283
0.4804004
0.4877498
0.4942182
0.4853162
0.4889281
0.4849031
0.5213483
0.5429269
0.5149045
0.5003478
0.4647393
0.4516917
0.4476098
0.4469842
0.4287344
0.4538853
0.4297021
0.4153143
0.4087022
0.3943594
0.3966052
0.3918791
0.377563
0.3520622
0.3668838
0.3784612
0.3742079
0.3736099
0.3517894
0.3749175
0.3598266
0.3751563
0.3777405
0.387078
0.3646051
0.3415201
0.3277057
0.3296011
0.3147188
0.3164596
0.3209132
0.3160025
0.3127912
0.3080998
0.324601
0.3397458
0.3386846
0.3241119
0.3246722
0.3221074
0.3227432
0.3363621
0.3505113
0.3451439
0.3274925
0.3473559
0.3236837
0.3045878
0.2962978
0.2938178
0.2796697
0.2727841
0.2797374
0.2942786
0.282684
0.2858514
0.3068261
0.2995097
0.2946062
0.285797
0.3008237
0.289504
0.2828142
0.2983639
0.3027179
0.3162041
0.3207386
0.3175417
0.3281749
0.3303659
0.3291351
0.3400226
0.3310898
0.3259995
0.3195745
0.3126689
0.3176843
0.3218549
0.3257964
0.316226
0.3142786
0.3278295
0.3233609
0.3174473
0.3232613
0.3257998
0.3383467
0.3392025
0.328917
0.3125935
0.3166053
0.308218
0.318351
0.3107816
0.3146498
0.3079717
0.2989077
0.2921535
0.287344
0.3061189
0.2907461
0.3248839
0.323669
0.3395003
0.3365321
0.3182578
0.3193163
0.3151139
0.3104976
0.2956114
0.2958854
0.300957
0.3126671
0.3151374
0.3141243
0.3225261
0.3205419
0.3078986
0.3064181
0.3259698
0.3071711
0.3171695
0.3063151
0.3180565
0.3137934
0.3154082
0.3051215
0.3136824
0.3228506
0.3274471
0.3391661
0.3375845
0.3284695
0.3450369
0.3381937
0.3498248
0.3587555
0.3526153
0.3782472
0.3614793
0.3956278
0.3828143
0.3911598
0.3830492
0.3919432
0.3904375
0.352741
0.3470566
0.3555368
0.3337675
0.3342261
0.3097376
0.3219493
0.3163117
0.3267538
0.3353786
0.3277607
0.3320642
0.3442542
0.3549785
0.3502374
0.3510629
0.3651382
0.3588153
0.3669805
0.3883585
0.3744857
0.3712306
0.3787933
0.3766958
0.3882916
0.3771295
0.3955944
0.4212715
0.4214125
0.4207067
0.4270022
0.4344412
0.4338983
0.4466198
0.4376981
0.4662024
0.4824779
0.4975243
0.4942411
0.4937811
0.5048827
0.4942374
0.4968955
0.4979907
0.4963813
0.5244606
0.5162941
0.5048165
0.5304756
0.5078661
0.4950768
0.4763123
0.4646307
0.4705313
0.4744058
0.4756684
0.4691133
0.4756548
0.4880435
0.467809
0.4657664
0.4762284
0.4709903
0.484487
0.4885144
0.472039
0.4763491
0.4609388
0.4992889
0.5163902
0.5470417
0.5188682
0.5042905
0.5027713
0.5034223
0.5007115
0.4878733
0.4701251
0.4947303
0.4556291
0.457397
0.4473034
0.4340629
0.4322055
0.4741275
0.459655
0.4543872
0.4616495
0.4765639
0.5027324
0.5191077
0.5238665
0.5800406
0.589266
0.5617527
0.5344952
0.5434967
0.5482737
0.582578
0.5329369
0.5488662
0.5535742
0.5487827
0.5578244
0.618418
0.6250385
0.6089303
0.618565
0.5997576
0.6100651
0.6402849
0.668093
0.6515327
0.6608386
0.6887466
0.6924159
0.6669927
0.6509014
0.6889766
0.6428024
0.6985711
0.6970358
0.6976083
0.6569434
0.6262332
0.6196471
0.5801871
0.5722655
0.5765642
0.5423926
0.5552982
0.5681142
0.575923
0.5736102
0.564727
0.5603671
0.5609206
0.5613732
0.5537983
0.5736087
0.5879002
0.5578524
0.5331774
0.5477594
0.538744
0.5207504
0.5554964
0.5288433
0.5406283
0.5586732
0.5075329
0.4962317
0.4779136
0.4785342
0.4791044
0.4854677
0.5089012
0.5066744
0.5189795
0.4967621
0.514411
0.5344439
0.5305019
0.5763882
0.5762896
0.5674902
0.5686751
0.5343709
0.5242973
0.5363269
0.5602882
0.5754047
0.5567795
0.5852771
0.5675728
0.5510872
0.530905
0.5259199
0.4878661
0.4939454
0.517388
0.5110464
0.5013668
0.4892169
0.5044644
0.5034385
0.5270205
0.4960386
0.4776824
0.5030653
0.5617943
0.5457988
0.5169005
0.5243419
0.549342
0.5626068
0.5487796
0.5616762
0.5553603
0.531024
0.5120445
0.507834
0.5263584
0.5339669
0.5180591
0.5313632
0.5059294
0.5043116
0.4990772
0.5215128
0.5537469
0.562642
0.5464643
0.5481342
0.5605053
0.5526877
0.5638195
0.5858937
0.5897656
0.5656526
0.5463481
0.5458108
0.5136769
0.5456075
0.5539386
0.5868901
0.607584
0.5979501
0.580877
0.5637233
0.5693929
0.5473597
0.5276465
0.5349861
0.5440477
0.5396044
0.5308456
0.5030413
0.5318509
0.5323588
0.5507222
0.5505333
0.5612557
0.5310744
0.5146447
0.4931424
0.5064425
0.5157863
0.4902869
0.5063368
0.4867711
0.4740099
0.4634673
0.4494554
0.4488115
0.4526252
0.4371971
0.4469153
0.4345876
0.4066222
0.42118
0.4307004
0.4430174
0.4489396
0.4578492
0.4539928
0.4313752
0.4415985
0.4692637
0.4753576
0.4857038
0.4553477
0.4528227
0.478904
0.4892455
0.5059491
0.5004892
0.5066639
0.4936123
0.4868081
0.4857553
0.4779518
0.4802066
0.4874726
0.5072895
0.4799019
0.4776892
0.4822321
0.5006427
0.4857993
0.495514
0.5233944
0.5117849
0.4857103
0.4832968
0.4919606
0.4912619
0.4774819
0.4791982
0.5028863
0.5492647
0.543918
0.5382514
0.5378389
0.533929
0.5520101
0.5533504
0.585354
0.555504
0.5262606
0.5134507
0.5234295
0.5319326
0.5037531
0.5147509
0.4587812
0.4601378
0.4390993
0.4297628
0.4239064
0.4043087
0.3917911
0.3961556
0.389047
0.3952958
0.3893703
0.3730072
0.383015
0.3516763
0.3553063
0.3642064
0.3654573
0.3790056
0.3985405
0.4152811
0.399957
0.377116
0.3895546
0.4053265
0.4286335
0.4303513
0.4058222
0.4222801
0.4298124
0.4353515
0.4429013
0.4552385
0.4649179
0.4752505
0.4368006
0.4150524
0.4029316
0.4225941
0.4545373
0.4539023
0.4738708
0.4394657
0.4430798
0.4578092
0.480687
0.5045366
0.4998465
0.4968771
0.5083911
0.5206082
0.5266093
0.5789965
0.5654023
0.5416055
0.5594944
0.5377988
0.5426957
0.5601923
0.5748936
0.5559493
0.5560875
0.5511328
0.5856808
0.6089473
0.6037941
0.603108
0.5905106
0.5848264
0.5834089
0.5401589
0.5421725
0.5374283
0.506171
0.5024958
0.4904932
0.4681469
0.4360446
0.4225024
0.4069265
0.3973839
0.3812011
0.3744926
0.3735952
0.3867114
0.3867995
0.3651103
0.347629
0.331286
0.3369833
0.3320296
0.3206713
0.3040833
0.3046513
0.2884947
0.2986599
0.313366
0.2948508
0.3036623
0.3029405
0.3008523
0.2988794
0.291831
0.2933579
0.2968179
0.2904479
0.3097203
0.3114684
0.2879578
0.2876026
0.2856825
0.2880493
0.2788827
0.2662634
0.2748729
0.2641455
0.262634
0.2643098
0.2551852
0.2475999
0.2406586
0.2489963
0.2540081
0.2449061
0.2304036
0.2312589
0.2246434
0.224617
0.2221144
0.2473585
0.24693
0.2633957
0.2856612
0.2893024
0.2960976
0.2952621
0.294264
0.2991511
0.2995235
0.2862643
0.2995263
0.2956631
0.3121014
0.3228002
0.3153556
0.3470768
0.3574638
0.3503382
0.3645084
0.3731349
0.396002
0.3957036
0.4170004
0.4028924
0.3935892
0.3829598
0.3709118
0.3669776
0.3578148
0.3810944
0.3627534
0.3703318
0.3472089
0.3498258
0.3340418
0.3105095
0.3069033
0.3015615
0.3169873
0.3130029
0.3082945
0.3099638
0.2909658
0.2934526
0.2886262
0.2967903
0.2848008
0.2909097
0.2976887
0.296387
0.2979201
0.2796668
0.2784995
0.2696912
0.2843145
0.2983626
0.2874284
0.2839686
0.2854193
0.2722317
0.2649673
0.260299
0.2762854
0.2797753
0.2618304
0.2572433
0.2650797
0.2636286
0.2803439
0.2780228
0.2957482
0.2937167
0.3045037
0.2842149
0.2962828
0.28353
0.2710936
0.3043471
0.3093772
0.3045603
0.2861366
0.2965229
0.2937395
0.2968705
0.2963716
0.3124249
0.3208608
0.3192595
0.3086356
0.3062063
0.3102533
0.334567
0.3534764
0.3497387
0.3529777
0.3534384
0.347932
0.3451296
0.3220347
0.302048
0.305414
0.3212512
0.3346632
0.3376578
0.3410642
0.3327965
0.3506647
0.3711626
0.3596055
0.3480525
0.348534
0.3403404
0.3341547
0.3211291
0.3155634
0.3242014
0.3278765
0.3423793
0.3319722
0.326627
0.3316407
0.3369757
0.3270307
0.3216826
0.3353981
0.3518625
0.3473783
0.3411168
0.3421367
0.3608414
0.3486598
0.3595322
0.3552314
0.3634
0.3890605
0.3992363
0.3718935
0.3753656
0.3673712
0.3399799
0.3491963
0.3345812
0.3131679
0.3043243
0.3070252
0.2998565
0.3003682
0.2976744
0.302355
0.3035204
0.3170372
0.3389515
0.3317344
0.3255937
0.3325887
0.3234045
0.3102905
0.3011682
0.2888646
0.2889751
0.2941534
0.3034682
0.3195892
0.3232359
0.3424845
0.3453814
0.3545015
0.3473237
0.3522679
0.3698055
0.3616265
0.3711013
0.3671416
0.3908838
0.3932648
0.383709
0.3922438
0.3902732
0.4088898
0.4086534
0.4160483
0.4186131
0.4172524
0.4332705
0.4229565
0.4257942
0.3885028
0.3844822
0.3928883
0.4178976
0.4312271
0.431478
0.4096405
0.423234
0.4431995
0.4447899
0.4415053
0.450802
0.4631544
0.4558023
0.4488288
0.4561454
0.4696617
0.4849038
0.479808
0.4692472
0.4588237
0.4452569
0.4415063
0.4692432
0.4761815
0.4705319
0.5098846
0.5180487
0.5158448
