27.12432
28.90791
29.44712
28.34293
29.42792
28.5833
29.72351
29.8638
30.42082
30.30189
31.0523
32.66373
33.60419
33.25895
34.20695
34.77189
32.89289
32.28383
32.60447
33.02203
32.50358
32.62577
33.28798
32.27264
31.85019
31.49422
31.08484
30.8379
30.64851
32.2297
31.79489
31.9963
32.19843
32.28731
32.77239
32.80745
34.109
35.20158
34.41773
33.82809
34.84515
34.57305
34.01053
35.37675
34.03854
35.73423
35.05265
35.59612
35.73542
33.61323
34.05403
34.43732
35.24564
34.63086
35.21368
36.19618
36.60318
37.54513
37.02
35.71797
36.05266
35.85284
34.74279
35.80018
35.07233
35.79093
36.17806
36.98161
38.14561
38.33175
38.37851
38.07112
38.78029
39.56685
38.57906
39.61979
40.38683
39.94457
39.78196
39.06314
39.63309
38.73079
39.36664
40.44251
38.74053
39.29329
40.44859
41.01169
39.97387
39.11096
39.80038
40.6957
41.71786
42.06531
41.37915
39.55022
39.82834
39.06378
39.09873
39.07709
40.40483
42.41913
41.7459
43.51367
43.5831
42.93636
42.48442
42.56946
41.81395
41.19941
42.39262
42.43258
40.65312
39.01049
39.53087
40.96413
40.15605
39.99405
40.08841
40.1729
42.09425
41.89648
41.71772
41.10495
39.89565
40.39347
39.16574
38.89383
38.63907
39.86688
38.52902
38.38016
37.7943
39.10811
39.69717
39.60716
41.23566
40.16097
40.8672
40.26505
40.17659
39.34939
38.25418
36.18542
36.48888
35.61196
35.31227
34.09407
34.91508
35.40701
34.37863
35.05498
37.07312
38.5951
38.57133
38.04872
37.24337
36.93815
37.66764
37.26502
37.28318
37.17741
37.40819
37.63638
37.47322
35.80048
36.311
36.42069
36.19172
35.85481
35.29785
36.11349
36.08854
36.59157
35.9184
35.62925
36.20516
36.57667
36.71191
35.84342
35.98364
36.34246
36.78286
37.40303
36.3418
34.26621
32.54949
33.0736
33.29335
33.05458
31.06756
30.30957
30.10497
30.33749
29.78435
29.68804
27.91545
28.77685
27.99714
30.78539
30.26882
28.37148
28.77574
28.47548
29.23379
28.98075
28.43955
29.88344
28.63611
27.4885
26.98442
26.67298
26.52026
27.71683
26.18417
25.12848
25.1002
23.20717
23.71188
22.36233
21.70229
20.76163
21.10862
20.93695
19.67204
18.78288
19.79024
20.85426
21.09069
21.09454
19.98868
20.09571
20.39601
20.47842
20.89139
20.28665
19.71504
20.82228
19.38896
19.55508
19.79376
19.78928
20.21211
20.15767
19.51516
20.90456
21.16258
20.14649
19.59334
20.91743
21.49109
21.65956
20.65041
22.32177
22.09331
23.49376
24.3224
24.3511
23.28736
22.56441
21.79237
22.12927
21.68608
19.55847
19.07478
18.65147
18.60067
18.67556
18.49169
18.76973
18.56217
18.46135
19.39606
19.7058
18.1612
18.33421
17.59491
16.73322
16.38909
17.40906
19.26348
19.97817
19.45691
20.39756
20.95916
20.2345
20.51089
21.76135
23.16768
23.99827
23.50974
23.48353
23.62824
23.4612
22.20145
22.31321
22.68426
22.8536
22.09165
21.32823
20.52101
20.55435
18.74239
16.89465
15.39674
15.69441
14.49017
14.87744
15.04484
14.17481
14.93984
14.8475
15.38493
16.34406
16.97063
17.36279
16.78858
14.70922
14.67245
14.803
15.32172
16.86745
17.43723
16.1557
17.12938
16.77357
14.57455
15.41447
14.09328
14.3276
15.86429
15.85754
15.72803
15.75209
15.11371
14.07492
13.7071
15.30346
16.68663
16.67906
16.60134
17.01828
16.87171
17.22372
18.48347
20.31064
19.09152
17.59761
16.48465
17.4123
18.07596
18.37134
18.19163
17.58072
17.66246
17.29451
18.72324
20.02986
19.98591
19.38829
17.62425
16.58917
17.6956
16.0365
15.76222
14.57463
12.86029
14.34472
13.70874
13.47136
12.25178
12.88064
13.41419
13.78173
13.0145
12.29859
10.75247
11.16835
9.963455
10.08121
10.83831
10.20869
10.1554
9.669765
9.050288
8.952124
8.595705
9.663167
10.7858
10.58653
11.43733
11.22577
9.4659
8.907289
8.679892
9.082271
10.25963
10.62773
11.25347
8.864722
10.69897
10.58662
9.200296
7.877984
8.03942
7.484718
9.120367
8.248779
7.988338
8.83859
8.805614
9.073631
8.649766
7.981345
6.859325
8.920054
8.365706
9.392142
9.582655
10.03725
9.578284
10.20559
8.951171
9.352203
8.558061
7.891631
9.456739
9.60481
9.459675
9.410848
7.903525
6.945933
7.245025
5.321524
3.855715
4.30403
3.911991
4.657475
3.596333
3.119838
2.032478
3.317769
4.741997
6.157077
6.331359
6.244903
5.780719
5.048499
4.730314
4.202771
3.85149
5.042943
3.638332
4.127311
3.269694
3.475618
3.924756
4.944268
3.420582
4.334301
4.684916
2.70508
1.556309
1.998546
1.522661
1.639341
0.1759327
-0.4536022
0.8751192
1.772828
0.8542573
0.7542238
-0.3394983
0.4341628
-0.08819371
-1.594088
-0.1821478
-1.695587
-2.500131
-3.151349
-3.894925
-4.386756
-5.859851
-5.488036
-5.601905
-6.933962
-7.163965
-7.634523
-8.034377
-7.255651
-8.543047
-7.091989
-6.326105
-5.302608
-5.197107
-4.187564
-4.844702
-4.33952
-7.190442
-6.953767
-6.081748
-6.053704
-5.689708
-5.556194
-5.065554
-5.86479
-5.46724
-6.681459
-5.372568
-5.124165
-6.18808
-6.017567
-6.965854
-7.744388
-6.716524
-7.276348
-10.04267
-9.797391
-9.121045
-8.324772
-6.883292
-7.589236
-7.063696
-7.402874
-7.098866
-5.382111
-5.035314
-4.893445
-4.774523
-6.15247
-4.77146
-4.561334
-4.077746
-4.418221
-5.511582
-5.387877
-6.063095
-4.987703
-4.315503
-5.922988
-5.494605
-4.925693
-3.660954
-3.972547
-3.41882
-2.6152
-3.174053
-3.103425
-2.274218
-1.919935
-4.567878
-4.521908
-4.396285
-4.929779
-5.793391
-4.687229
-5.666399
-4.757738
-4.01368
-3.800652
-3.274703
-2.076591
0.5469315
-0.007422349
0.1976322
-0.7608862
-0.6940314
-1.398318
-1.840819
-1.388446
-2.184423
-2.333263
-2.348061
-1.658459
0.03840855
-0.4887669
-1.493264
-2.029457
-1.513352
-1.759466
-1.282737
-1.666395
-2.394808
-2.257132
-1.869404
-2.04067
-1.808233
-0.9161747
0.05552516
0.4065549
0.1839589
1.088707
2.366684
2.219411
2.006018
3.643333
2.332926
2.286078
3.325659
2.36031
3.19153
4.212503
5.025654
5.912715
5.142629
5.149037
5.771636
6.993931
5.898465
8.041179
8.878049
9.396277
11.01636
10.55214
11.14489
11.08054
11.36352
10.53854
11.72005
12.2293
12.92475
12.0172
13.28443
13.15111
12.83744
11.572
12.19421
12.96252
14.66151
15.1795
15.65021
16.80174
16.54695
17.44707
18.03952
17.75865
18.81402
18.8169
17.90866
18.74189
17.80299
18.77326
18.33812
18.40457
17.7661
19.38493
19.28366
18.41109
16.08644
15.35757
14.87215
16.67311
15.9305
15.41328
14.19061
16.23403
15.33615
16.29866
17.27492
16.38131
15.67622
13.38614
13.31878
15.57607
16.83503
17.84732
17.75867
18.50586
18.49733
17.5898
19.16903
17.64979
18.40464
19.19762
19.8969
19.38155
21.02722
21.21315
20.50194
21.05956
22.15874
21.42218
22.14719
22.00475
21.92549
23.9524
25.71256
25.49792
25.08279
24.14093
24.914
27.15952
26.60044
26.70004
26.65979
28.30321
28.47036
27.47435
26.6437
24.8549
24.39086
23.45097
23.34871
22.65545
22.78482
23.14967
22.30137
23.10179
24.59253
25.54063
25.46526
26.06736
26.14287
26.44607
25.9086
27.39325
27.60889
28.4206
27.78781
28.54835
27.36068
27.64425
28.38195
28.45788
29.23444
27.82805
28.729
29.97946
30.75014
31.16245
31.97154
34.29421
34.73383
33.64576
33.3076
32.08172
32.11446
32.06156
33.15282
34.15192
34.5975
33.65213
32.79303
33.76941
33.49479
32.5342
32.76855
32.57972
33.22379
34.77805
35.01224
37.4748
36.00065
34.81746
35.77184
34.54905
34.34376
33.17473
33.16385
34.90957
36.02959
35.19485
35.77367
37.26445
36.52343
36.86702
36.56416
36.36633
36.93816
37.87798
37.40725
37.3683
36.53388
36.9786
37.82795
36.63578
36.64601
35.72455
36.56346
37.9077
38.75007
39.17926
38.02816
36.92487
37.3136
36.54719
37.5702
35.50996
36.38205
36.3422
36.55017
36.65924
36.42992
37.34572
37.14496
36.7439
36.42892
37.57116
37.6103
34.88202
34.08826
34.19781
34.98782
34.6102
35.5389
35.21698
36.10183
34.55471
34.47641
34.96935
35.0832
34.34464
32.77562
33.99467
34.29877
33.52823
34.74474
35.77832
36.5389
35.32607
35.7436
36.30833
37.90015
37.86211
38.59905
39.5796
40.46215
40.00093
41.62703
40.69474
41.14338
40.38617
40.66724
40.46329
40.57171
40.01355
39.0891
39.16696
38.68674
37.61766
36.89172
37.37527
37.3909
37.23299
38.55552
38.23536
38.50108
37.68501
37.24649
36.90011
36.35305
36.16095
34.27911
35.29528
35.93929
36.73703
34.873
35.43895
35.31423
35.47227
34.63455
34.61064
33.74483
33.4291
31.98398
30.9768
30.25945
28.52617
27.0249
28.45963
27.38078
26.00016
27.91934
28.90593
29.78078
30.29904
31.04578
31.63686
31.23543
32.1083
32.28967
33.20662
31.47138
33.00387
33.10314
34.55735
35.07862
32.47538
31.23471
32.70016
32.14185
30.78389
31.40513
30.91543
30.72661
31.31141
33.07748
33.42813
33.37547
34.45847
34.64847
36.09203
37.10441
37.20818
37.13077
38.30425
37.37778
38.78178
39.21049
38.94139
39.26128
38.68899
39.18806
39.17052
38.99969
40.91825
40.07948
38.83055
37.97519
38.6175
37.67397
39.40671
40.00596
39.48443
39.51272
39.57047
38.96954
38.89337
38.34243
37.44692
37.22543
38.37411
39.83526
40.44765
40.80954
41.75804
41.6125
39.99894
41.15738
41.57107
41.22946
39.92616
39.22497
40.65568
41.62336
39.99317
40.14707
40.65875
41.21201
39.97675
39.32613
40.29378
42.92642
42.2363
41.60678
41.51495
40.9404
40.13561
38.03791
38.58053
39.69977
40.91699
41.1518
40.75134
42.90656
41.97945
41.21781
41.15265
40.21239
40.10843
38.87734
39.45232
38.84595
39.19402
38.68626
37.34167
36.00779
37.08139
37.3448
36.87089
37.99283
38.85106
38.09915
38.43522
39.93432
40.48002
40.11949
40.69732
41.0509
41.90691
40.89256
42.28232
42.10142
42.48524
42.45564
41.91325
40.97266
38.83479
37.9176
39.20629
40.21936
40.83317
39.87382
37.90603
39.08124
39.01312
39.76785
40.77723
39.79551
40.1898
41.15457
39.30178
38.93844
37.65803
36.15006
36.01202
34.77399
34.25829
33.09191
33.14378
33.14518
33.21128
31.67006
32.08203
29.93938
29.6516
29.75181
29.21183
27.67919
27.05754
27.458
27.89439
27.80132
26.53162
26.32965
25.4714
24.99307
25.93205
24.08716
25.02967
24.17847
24.4527
25.08173
25.11328
25.53373
25.21449
25.93711
25.7001
25.25936
25.81981
27.08114
27.59655
28.39309
27.0125
28.24016
28.32716
28.78449
28.23063
27.74773
27.73732
27.4838
26.18156
24.94168
25.51363
24.50281
24.83437
24.28463
24.66653
24.99384
24.68849
23.74765
23.04644
23.39062
22.7682
22.93649
21.99286
22.04443
22.93211
21.99835
21.4594
22.03355
21.21039
21.66831
21.99603
21.48147
20.61998
20.40245
20.79485
21.64517
21.50307
21.60168
21.37882
21.28147
22.20547
21.10308
21.22367
22.92479
22.52291
22.34788
21.73321
21.48907
22.1005
22.01764
21.77171
20.66912
19.3251
19.65672
18.8135
18.13317
18.62993
19.45666
17.31568
16.75328
17.5711
16.32618
16.34909
13.52259
12.89789
13.0732
12.36407
11.82509
12.55502
11.87712
11.4825
9.753759
9.580589
10.40474
9.648837
8.205721
6.790775
6.128576
6.86067
7.565582
8.234019
10.14462
11.40841
12.01821
12.68846
13.57868
14.88263
12.70785
12.43453
11.06828
11.91695
10.715
11.15455
11.77369
13.03651
13.06415
11.85537
11.44031
11.96903
11.72804
10.85224
11.27433
10.90431
12.77415
14.74935
15.10748
16.99574
18.0415
17.76342
17.75919
18.28636
17.76223
19.60228
20.23132
20.04109
18.32518
19.32947
17.25171
17.72069
16.46781
16.26351
15.72601
15.67566
14.07179
13.81128
15.11067
14.64127
14.48848
14.91427
15.19909
14.79451
14.79784
15.4859
14.69843
14.113
14.41546
14.40162
15.4696
17.33019
17.4893
18.7032
18.93347
18.38867
19.16376
19.124
20.01481
19.32619
20.16462
21.74977
22.80601
21.19731
20.10553
19.99036
20.03626
20.5784
21.54763
22.23514
21.9015
20.7041
20.07553
18.40611
19.23098
19.40676
19.96928
19.62248
18.23692
19.84278
19.4917
20.61543
20.16796
19.02916
18.31793
16.74502
16.73475
16.84718
17.29099
18.0332
18.06444
19.64569
18.29913
18.1673
18.19981
18.27565
18.33629
18.60029
18.82456
18.84376
20.12394
21.24679
20.9287
20.8062
23.10211
24.01109
25.07026
25.63641
26.61773
26.30325
24.53041
24.72572
25.76507
25.58004
25.69799
24.01684
25.92312
26.11951
25.78402
26.36195
25.88973
25.6953
25.63488
24.11802
24.03444
23.86417
24.6219
25.71666
25.23218
25.55283
25.27394
25.02802
26.32946
27.28515
27.50108
27.63435
27.80759
26.92581
26.42977
25.77854
27.28066
28.69647
27.64346
29.06867
28.33915
28.25843
28.80143
30.16369
30.24861
30.22393
29.44493
29.12312
28.9383
27.12433
28.43209
28.6722
28.95723
29.67864
30.07968
30.29151
29.5944
29.81143
30.2736
29.61088
29.05561
27.2845
26.65338
26.8899
25.9018
26.29748
25.82753
25.23048
24.89136
22.83252
22.11397
22.75837
22.35536
23.08105
24.06676
23.56293
22.5713
22.83035
23.30689
23.20742
23.61078
22.87491
22.91158
22.66153
24.34465
23.91515
22.62987
22.86494
21.10784
22.18781
22.84955
21.98049
21.8768
20.78841
20.57757
20.9376
21.86166
23.64475
23.24021
24.71357
26.48922
27.31217
26.0584
26.26238
27.22138
28.00005
29.15221
28.3163
26.50913
27.87088
27.31468
27.7298
27.10848
28.03016
27.46142
28.34069
28.15176
28.39374
29.51804
29.28844
29.36617
29.4447
29.79522
30.91813
30.89019
32.00157
34.01745
33.12817
33.51597
32.73493
33.04738
32.71828
33.89727
34.06669
33.50664
32.90107
32.66069
32.20408
33.80279
34.364
33.23121
32.68568
32.33547
32.34063
30.60341
30.58253
31.33784
31.90547
31.61315
30.58647
32.1098
32.36962
31.46754
32.42757
33.80151
32.84437
31.00206
29.88613
30.38964
30.36339
30.03822
29.69941
28.60781
29.49396
29.83887
30.95607
31.13712
31.19697
31.33172
30.04742
29.62765
27.33195
27.22352
26.34692
26.09757
26.22223
25.85808
26.27509
26.84613
27.04734
26.86014
26.89398
29.77777
31.37741
30.96048
32.26353
31.96073
34.66944
34.08792
34.64494
33.815
33.47327
35.21955
35.2864
34.59412
33.48137
33.34418
32.33931
32.38053
31.83014
32.39516
32.28025
31.46946
29.71085
31.62283
31.76689
32.51917
33.12032
33.39932
35.55959
35.27817
35.67135
37.32569
36.61606
36.01162
37.39057
39.22312
39.60191
39.30276
39.81478
39.43967
40.75941
41.05996
40.91604
42.36412
44.50908
45.41801
46.20418
46.79895
48.14213
49.16309
48.36104
49.16011
48.55798
48.02663
48.73067
48.10925
47.0386
46.06254
45.38985
44.99363
46.31468
46.35026
44.45336
45.68623
47.0047
46.09198
45.19671
45.01358
45.29362
45.77546
46.0768
46.22414
46.62893
46.14861
45.47369
44.3984
44.18599
43.20259
45.00286
46.75254
44.7069
42.66828
42.53036
40.982
42.24711
42.48525
42.1739
43.42414
42.52162
40.94967
40.30657
41.16343
41.27826
39.87815
40.30415
39.17466
37.74504
36.0525
35.57733
37.64922
37.97558
39.07057
38.94202
40.26887
41.35792
41.60292
40.73595
39.68002
40.19209
40.28381
40.92162
40.19414
41.5264
41.69944
41.55638
40.74104
40.05556
40.25239
40.45817
41.76419
39.87391
39.45487
38.62367
39.30784
39.29268
40.7596
42.32323
42.769
42.522
40.13117
39.28321
38.59255
37.31052
36.57687
37.25527
35.9014
35.81589
34.57998
33.51019
33.44491
33.48796
31.97678
31.99453
32.67481
31.73404
30.99496
28.52768
28.02367
26.26152
26.05569
24.8997
25.54867
24.98294
24.52103
25.85969
24.53046
23.85911
24.24767
24.55388
24.34545
24.95312
23.70644
23.53375
22.66405
22.69985
22.18118
22.76467
24.37575
24.98991
24.30675
23.07929
23.23798
22.5168
21.89623
23.75271
22.76709
21.92756
22.37181
20.89581
19.52832
17.23843
18.16627
17.94965
18.72406
19.41275
21.20009
20.97675
20.39393
18.70929
18.80739
17.98232
17.03122
18.4061
18.91036
19.52246
18.12819
19.95507
20.75666
22.13973
22.5256
23.00718
22.58898
21.18392
20.54679
20.45796
20.41132
20.12264
20.90938
21.36935
22.6296
22.40168
24.47433
25.46733
26.15963
26.10817
26.31229
26.48289
26.8233
25.02705
25.01808
24.51146
24.39165
23.9045
24.25592
23.68339
23.45036
23.88272
23.7409
24.49525
24.0493
24.52334
25.55756
24.85643
24.29482
21.55015
21.9656
22.15404
22.43197
24.04685
22.9449
22.60462
