5953.385
5286.86
5274.221
6316.27
5982.24
5401.803
5915.138
6403.887
6569.751
5355.653
6207.333
6231.844
6101.324
6089.007
6117.724
5843.645
6337.112
6757.067
5952.64
5798.125
6142.734
6732.875
7122.062
5623.277
5894.233
6545.935
6586.92
6838.797
6173.406
7578.066
6471.715
6289.006
6383.523
6463.615
6071.14
5535.233
6271.404
6291.61
6796.508
6244.75
7104.151
6800.471
6293.616
6526.755
6659.299
7070.099
6000.361
6789.552
5672.793
6350.15
6660.708
6816.898
7014.477
6873.103
6545.528
6699.356
5568.042
6135.733
6000.643
5503.029
5734.867
6354.045
6029.42
5390.327
6565.702
6084.291
6133.276
7386.532
5893.979
6338.522
6053.362
5732.979
6450.045
5949.927
6118.807
6828.148
6790.425
6209.199
6361.828
6180.762
5866.844
6148.345
6895.197
5918.073
5985.767
6224.855
7124.437
6276.206
5807.916
6879.754
5526.545
5746.277
5740.918
6077.919
5762.142
5872.555
6607.674
5961.472
5750.271
6185.108
6973.562
6360.79
5801.369
6621.614
6724.615
6915.781
5782.913
6463.947
6616.552
5980.339
6296.849
6689.022
6639.241
6544.465
6289.767
5722.741
5770.315
5681.486
5325.592
6150.256
5954.204
6494.638
6202.5
5987.53
6506.93
6498.378
6054.808
6364.342
6352.631
6707.677
6272.401
5922.993
6477.743
6661.444
6501.745
7027.82
5573.518
7042.535
6134.915
6577.334
6392.683
6691.866
6574.571
6190.689
6432.07
7033.614
7475.617
6655.726
6376.296
6758.867
6261.105
5247.764
5917.989
6015.686
5576.459
6138.142
6805.372
6659.808
5969.638
7081.518
6290.621
6509.586
5503.059
5574.794
6509.239
6771.744
6135.413
5952.07
6594.273
6746.951
6408.415
6923.006
6655.206
6209.405
6076.359
6825.529
5920.62
6283.735
6171.487
6493.647
8285.738
6838.801
6279.368
6224.964
6079.122
6530.458
6068.519
6640.816
6068.166
6036.998
6396.494
6622.648
6110.16
7377.723
7039.819
6657.304
6364.039
6510.857
6651.096
7075.367
6536.078
6318.293
7320.302
6907.14
6904.955
6012.8
5990.289
6842.967
6906.464
6404.952
6160.958
7932.438
6662.064
6633.247
6464.944
6503.795
6391.522
6395.317
5919.295
6489.77
7046.846
6738.282
6551.124
5806.549
6400.281
5476.494
5972.836
5662.796
6239.587
6047.153
6276.485
5970.789
6424.126
6512.317
6478.921
6427.777
7295.817
6487.555
6204.852
6571.757
6179.749
6268.485
5985.225
6888.189
6831.261
6606.086
6056.461
5934.838
7096.888
6374.878
6065.928
7282.132
6727.374
5766.722
6159.708
6231.893
6846.649
5516.899
5889.964
6008.837
7379.659
6043.747
7499.665
6327.672
6889.797
6714.717
6444.648
6710.482
5901.123
7083.765
6184.774
5943.355
5783.861
5843.788
7061.845
6094.445
5354.924
6944.07
7372.185
7009.531
6628.474
6673.632
6673.237
5876.561
6611.608
6811.88
6333.815
7010.66
6505.283
7943.569
6581.552
6846.741
6900.318
6984.891
6918.238
6967.911
7540.042
6992.339
6631.322
6754.919
6723.972
8147.01
7953.304
6086.894
6819.948
7470.002
7146.1
7051.636
6567.104
6435.325
7193.535
6985.579
6180.081
6785.072
6847.636
7287.006
6596.464
6649.677
6533.214
6661.002
6661.371
7585.552
7426.99
6446.746
6861.803
6570.835
6230.072
6043.134
6082.28
6130.225
6288.177
6214.273
5457.73
5695.882
7115.845
7078.212
6611.131
6402.553
6539.252
5733.189
6595.88
6103.343
6788.564
6275.783
6360.654
6916.575
6444.282
7122.405
6203.428
6150.152
6697.317
7129.245
6127.392
6620.399
7384.448
7135.05
6890.611
7954.297
7104.931
6938.88
7082.001
6852.977
6450.658
6649.067
6946.815
6995.973
6926.51
6660.629
6549.92
6970.476
6763.421
7207.571
7197.503
6599.924
7429.583
6456.705
6328.781
6086.589
6825.695
6563.457
6600.119
6286.307
7125.239
6864.081
7642.069
6694.501
6798.425
6463.279
6795.876
6230.317
7045.541
6971.121
6467.532
7097.116
6359.319
7561.056
7635.375
6593.54
7485.273
7050.742
7313.347
6148.431
5348.132
6819.291
7161.595
5898.608
6902.123
6496.611
6055.107
7906.657
7474.507
6286.329
6778.237
6993.564
7152.049
6505.379
6204.873
6220.806
6702.29
6160.807
7239.043
7368.624
7007.043
7169.347
6781.527
6528.581
5708.799
6368.44
6007.534
7191.665
6512.226
6403.67
8142.778
6784.386
6373.118
8126.524
6597.567
6845.158
7403.862
6459.508
7348.714
6842.357
7015.11
6999.297
6418.1
6592.73
5744.709
6281.794
5684.121
6231.947
7255.6
6632.297
7365.016
6752.424
7447.483
7537.162
7518.356
6321.13
7051.587
7226.515
7278.569
6421.243
7165.068
6991.923
5755.009
6708.391
7026.116
6141.111
6350.057
6380.791
6232.974
6574.691
5931.239
6829.196
7110.54
6873.949
7267.328
7528.809
6363.223
7525.259
7545.347
6784.407
6321.789
5764.808
6440.112
6523.965
6535.688
6411.931
6565.413
6199.908
7333.56
6381.777
6147.852
8072.191
6378.597
7249.83
7548.087
7943.291
6955.089
7044.848
7336.295
6645.343
8172.95
6999.996
6631.754
7292.084
6515.043
6075.529
6270.963
6819.254
6463.696
7505.124
6118.886
6783.974
6454.977
7651.215
7144.016
6759.403
6626.295
6908.763
6271.537
8313.106
7008.662
6240.844
6518.216
6544.184
7811.361
6892.031
6338.577
6642.229
6196.526
6547.83
6455.819
6780.524
6513.224
6158.14
7016.725
7893.575
6401.451
6743.916
7187.242
6994.952
6924.637
6680.044
6319.572
6647.516
6676.503
6649.816
6532.729
6855.939
6905.786
7835.833
7358.339
6908.622
7192.739
8023.216
7402.173
6952.094
6323.705
7147.786
6918.232
6551.911
7850.02
6444.779
7361.234
7745.902
7227.19
7335.286
7256.249
6630.557
6467.025
7153.548
6530.103
6878.135
7240.563
7840.098
6582.516
7168.909
6663.834
6556.87
7763.254
7163.191
6307.482
7104.683
6487.915
7433.662
7650.668
6757.616
7148.446
7178.881
6798.088
7458.819
7339.005
6749.469
7282.691
7054.916
7644.906
6954.807
7141.815
6521.802
6542.126
7243.455
7447.218
7471.509
7680.144
6786.25
7691.171
7543.911
6445.589
8009.095
7780.117
7697.296
7054.628
6780.886
7325.565
6779.821
7293.79
7439.002
6847.225
7722.093
7538.856
6742.729
7358.328
7562.983
8240.431
6807.431
7118.185
7880.415
6449.92
7241.95
7807.619
5903.864
6513.268
7492.702
6310.864
7277.319
6838.281
7003.577
6852.641
7107.536
8363.076
6845.327
6951.764
6878.796
7220.366
7251.542
7430.239
6750.063
6556.035
7161.809
7201.738
6757.906
7442.457
6981.966
7671.508
6653.353
6997.349
7347.647
7866.436
7404.177
7365.819
7271.067
7282.651
7449.421
7435.038
7583.882
6609.536
7284.061
7618.278
7840.57
7748.688
7292.659
7681.225
6091.218
7158.195
7816.018
7427.449
7073.606
6691.729
7096.349
7338.86
7437.545
7245.91
7251.89
6944.893
6963.989
6882.771
7682.094
7982.756
6931.523
8364.367
7061.24
7223.074
7004.833
7793.936
7527.348
7713.728
8067.245
6888.946
6702.091
7052.259
7824.987
7460.728
7221.091
7407.978
7349.961
7255.698
6974.096
7816.153
7711.343
7082.22
8661.159
7465.723
7016.857
7523.194
6633.875
7109.883
7240.511
7856.948
6899.443
6666.055
6344.765
6554.02
8033.356
7090.68
7180.038
8289.235
6728.306
7347.927
7117.247
6389.12
7733.364
7651.47
7291.44
6778.793
6762.86
6611.775
7055.922
7414.651
7023.5
6830.72
7250.636
7228.45
6618.984
7046.648
7588.225
6396.52
7161.382
7792.595
6799.832
7904.186
7436.165
7069.942
7209.154
7097.672
7442.25
7560.362
6566.74
6639.755
6580.473
7131.438
7116.044
7667.532
8239.271
7295.119
6751.385
6289.816
6769.682
8702.862
7901.076
7068.848
7080.774
7134.532
7034.351
7313.516
6928.563
7278.036
7245.343
6698.958
7549.373
5999.355
7131.183
7701.398
7382.173
6949.182
7208.961
7213.27
7686.753
6891.914
6734.083
7542.635
7607.778
8387.295
6679.665
7395.952
6843.623
7956.631
7009.553
6802.379
7538.176
7208.217
7481.759
8310.374
7548.521
7467.925
6690.599
6584.277
7398.804
7154.539
8018.307
7396.127
6876.249
6534.741
6929.19
7876.247
7618.53
7242.457
6742.492
6947.597
6839.764
7350.955
6493.333
7129.051
6869.669
7853.56
6859.463
7727.711
7101.083
6945.126
7084.593
6698.062
6767.773
6945.089
7260.814
6735.77
8231.649
7505.955
6881.842
6969.49
6384.645
7784.246
7198.79
6467.664
7154.559
7138.028
7591.852
6680.181
6659.026
7561.682
9011.754
7516.199
8081.868
6483.292
7159.942
6721.979
7096.792
6882.144
7742.4
8418.689
7322.901
7396.403
7494.67
7240.491
7335.724
6740.089
8375.389
7510.787
7708.778
6872.355
7372.555
6543.468
7390.406
7524.85
8403.381
7156.949
7331.539
7391.866
6766.585
7008.351
7356.753
6907.792
6697.652
7818.65
7222.178
7363.502
7253.6
6774.15
6412.249
7202.371
7939.33
7594.727
6480.336
7662.748
7459.563
7936.837
7118.406
7051.673
6797.573
7168.119
7199.028
8128.786
7238.158
7160.949
7311.036
7045.468
6739.357
7357.743
6918.559
7761.437
6249.98
8288.523
7611.17
7285.19
7842.8
7944.727
7371.268
6662.734
7181.9
7278.015
6821.892
7978.474
6247.91
8348.331
7477.378
7168.441
7706.58
6736.695
8217.928
7318.375
7227.141
8451.654
7277.961
7346.267
7040.761
6988.955
7790.843
8373.127
7531.851
7335.796
7132.825
6520.919
8785.165
7888.637
7408.963
7840.535
7563.533
7412.231
6599.476
7083.473
7512.471
7341.655
7225.09
6922.191
7815.967
6876.105
7856.013
7218.317
6545.633
7166.435
6581.102
6999.573
7631.559
8152.002
7675.511
7228.282
7546.587
6981.081
7394.858
7297.839
7389.387
7133.885
6765.912
6862.911
7459.944
7519.261
7316.662
7379.509
7860.653
8096.466
7586.488
7880.86
7535.253
7290.083
6719.787
8252.662
7133.421
7589.048
6888.153
6682.359
7255.582
6971.94
8121.406
7481.813
7657.288
7421.456
7255.1
8057.09
7214.687
7081.57
7119.721
7335.951
7536.979
6863.539
7422.995
7049.244
8137.492
7985.66
7123.507
8085.024
7099.508
7177.559
6897.51
7048.865
7433.961
7202.186
7004.241
7522.126
7016.721
6792.653
6993.1
7322.988
7897.006
7364.607
7185.258
6561.166
6505.21
7413.386
7157.197
7469.626
7456.509
6699.972
7202.875
7478.58
6417.785
7017.631
6756.171
7346.501
7504.566
7846.757
7300.748
7454.916
7125.308
7996.797
7434.326
7061.274
6693.344
7945.1
7129.126
7417.555
7274.4
7685.632
7578.063
7827.724
8005.694
7606.442
8124.376
7612.56
7887.662
7586.532
7635.917
6983.237
7853.242
7104.873
7983.157
6852.036
8516.709
6373.439
7030.981
7944.512
6584.152
7721.582
7459.574
7427.688
7221.261
7103.029
8972.917
6392.194
7022.879
7419.938
7488.762
7149.437
6620.956
6563.203
8587.358
7235.238
7605.726
7498.326
8169.418
7439.909
6636.634
6382.862
7713.434
7483.783
6876.865
7732.078
8124.764
7030.191
7260.487
7110.992
6767.24
7312.878
7437.269
7113.136
7360.537
7881.707
7096.443
7740.097
7256.093
7794.073
7495.104
7202.123
7458.149
7690.712
7352.728
6621.514
7727.291
7611.759
7852.416
7733.102
7762.251
7114.955
6518.526
7002.136
7860.961
7566.116
5940.493
7633.234
7718.992
7338.988
7974.52
7439.098
7432.362
7077.986
6257.608
6496.416
6942.931
7800.508
8012.929
7448.525
7919.817
6620.831
7162.328
6798.926
7511.24
7436.654
6789.25
6913.748
7757.775
7477.406
8508.156
7313.275
7338.388
8144.61
7227.298
6921.411
7648.51
7051.775
6824.11
6327.033
6737.45
7429.849
6886.786
6828.281
7109.323
6737.655
8290.04
6913.043
6385.035
7423.328
7920.125
7667.432
6638.624
7217.84
6932.679
7281.275
7350.683
7030.285
8543.703
7157.775
7315.847
7155.293
6808.77
6945.449
7515.616
6848.645
7839.618
6451.242
6585.746
6242.324
6557.768
6976.72
6950.205
6757.325
7435.785
6736.847
7407.369
7026.796
6971.289
7433.738
7283.512
8473.421
7962.093
8240.959
6364.935
7741.127
7404.82
7316.942
6675.429
6796.205
6905.629
6824.883
6561.628
7113.156
7247.773
7033.616
6673.213
7343.533
6865.097
7366.274
7622.301
7396.42
6484.371
7487.85
7178.125
8636.008
7320.325
6675.06
6736.361
7149.643
6664.733
7087.165
6760.232
7188.226
7355.531
7341.448
6805.95
7841.9
6952.71
6743.046
7782.283
7445.86
6479.831
7541.887
7323.74
6855.149
7006.624
6189.846
7070.359
8021.93
6468.433
7250.273
7868.267
6894.316
6798.94
7117.422
6900.752
7375.699
6578.758
7467.996
6895.186
6946.006
7413.598
7942.898
7473.541
6487.504
7236.066
6648.13
6259.793
6696.796
7365.216
7203.821
7169.982
7368.38
6973.962
6869.17
7443.323
6215.177
6349.132
7012.818
7208.463
5908.283
6710.49
7158.461
7616.714
6596.421
7487.235
6662.875
7838.136
8062.232
7461.746
7040.609
7405.828
7532.419
7514.21
8251.635
7430.159
6173.819
6375.519
7588.387
6490.844
6691.734
8212.197
7004.469
6804.7
6763.222
7801.539
7172.261
7186.842
7256.888
6556.206
7333.753
7771.17
7392.07
6696.969
6638.747
6344.204
7697.34
7697.179
6873.723
6816.007
8241.928
6950.796
6708.836
7037.33
8028.729
7229.137
6886.939
6547.523
7614.257
7229.325
6695.588
7569.81
6720.614
6744.839
8063.75
7298.681
6842.767
7106.14
6411.103
6991.788
7474.696
6450.895
6656.652
6682.576
6899.898
6943.732
7470.917
7696.024
6163.977
6988.716
6663.862
7061.266
7118.891
7123.352
6783.093
7135.368
6668.851
7205.105
6367.918
8158.178
8512.647
7044.606
7483.885
6657.266
6570.469
6371.434
7029.358
8320.774
7256.069
6699.851
6081.889
7958.817
7138.106
7650.659
7496.901
8089.824
7189.928
6707.935
7411.911
7033.005
7198.755
8272.848
7506.513
7606.691
7422.415
7778.024
7159.491
6985.847
7256.538
6879.523
8142.45
7260.64
7438.863
7064.635
6438.04
8397.535
7208.843
7377.791
7490.283
7360.77
7016.953
8086.336
6915.715
7390.565
6903.965
7018.399
7424.468
7110.618
6356.493
7914.089
7300.642
7280.208
7375.92
7008.447
7695.338
7028.4
7052.925
7605.892
7999.317
7923.384
7671.548
7456.49
7307.584
7837.623
7091.735
7363.011
6622.319
6855.892
6653.522
7214.804
6802.377
7272.537
7006.148
7533.663
6265.802
7109.277
7321.445
7226.862
6823.251
7112.884
7596.938
7971.731
7638.086
7470.856
6800.729
7020.926
6877.915
7284.907
6414.187
6850.145
7612.644
7343.274
7864.565
7714.551
7012.115
6927.415
6863.622
7584.501
7600.011
6921.477
6748.58
7838.892
7631.861
6943.047
7282.811
7158.012
8287.166
8208.704
6686.782
8777.045
8256.721
7859.063
8007.906
7965.041
7765.989
7543.739
7251.442
7967.055
7761.597
7165.507
7136.173
6598.617
8428.031
7588.247
7431.463
7579.814
7027.126
7543.695
7326.895
6784.199
6957.387
6209.531
7464.167
7762.913
7648.842
7585.381
7797.526
7348.064
7877.505
7897.953
8055.66
6611.73
6191.847
6889.725
7129.84
6608.685
6838.174
7330.903
7795.144
7779.762
7346.197
6953.293
7042.583
7475.918
7590.756
8114.455
7716.72
7182.998
7129.814
6655.421
6888.234
7212.107
7366.382
6978.654
7025.965
8646.479
7434.734
6650.148
6921.302
7105.665
7243.039
7858.993
7360.869
6560.484
7568.595
6442.405
6859.813
6264.2
8023.98
6481.697
7105.602
7394.852
7487.962
6815.923
7250.354
6705.838
6430.083
7732.598
8069.372
7518.549
7559.688
7345.819
6959.957
7383.945
8308.003
7038.353
7741.73
7154.792
6794.119
7068.697
6504.957
6733.136
6639.345
6557.454
7332.668
6999.109
6731.973
7884.378
7718.837
7531.313
7512.691
7313.041
6903.356
7370.402
6957.622
6434.19
7555.883
6773.379
6712.134
6389.796
7054.997
7826.579
7076.748
7319.118
7586.836
6577.324
6236.401
7983.159
6829.297
7326.207
6610.45
6965.108
6758.505
7312.21
7091.526
6973.222
7935.277
7278.296
6812.18
6733.875
6518.867
7207.843
6917.922
6532.553
6972.672
6447.468
6329.212
7511.82
7749.378
6818.259
7945.078
8300.533
6606.356
7037.121
7225.562
8020.159
6793.593
6236.78
6904.457
7364.083
7770.517
7302.587
7238.559
6954.863
7108.368
6993.115
6658.025
7219.538
6934.718
7878.215
7666.708
7944.727
7285.366
6922.751
7424.631
6319.939
7179.269
7220.209
7177.946
7831.657
6714.132
7326.483
7497.828
7006.056
7143.446
7157.545
7596.329
6987.046
6911.248
6890.427
6551.518
7836.368
7393.784
5945.951
6764.09
6862.336
6890.033
8345.337
7437.576
7092.984
7592.729
6848.833
7074.103
8234.307
7192.915
7004.102
