0.0563573
0.04962428
0.04376773
0.03976378
0.04337249
0.04132212
0.03337457
0.03320399
0.03418281
0.03653236
0.03526629
0.03365269
0.03827755
0.04185479
0.04409624
0.04548359
0.042943
0.0452799
0.03972397
0.04091516
0.04362889
0.04241484
0.04520314
0.04781732
0.04481973
0.0440089
0.04405555
0.03767763
0.03231593
0.03399175
0.04178562
0.03928478
0.04298051
0.04386062
0.04216188
0.04258832
0.038576
0.0381951
0.03860791
0.04174651
0.04288237
0.04569367
0.05099363
0.05643964
0.05960024
0.05803792
0.0566002
0.05773955
0.05848033
0.05508871
0.05141466
0.05257096
0.04474131
0.05773515
0.05588609
0.05089917
0.04807382
0.04751741
0.04923834
0.04273355
0.04480698
0.03823064
0.04590477
0.05267785
0.05061755
0.0463787
0.05063983
0.04389951
0.04000968
0.04100943
0.04319875
0.04754494
0.0501103
0.05167783
0.04602551
0.05230458
0.06263928
0.05653485
0.05470075
0.05080684
0.05317084
0.05299321
0.05748421
0.05795123
0.05279156
0.05195889
0.05328662
0.05243722
0.05197172
0.04885049
0.05174716
0.04963596
0.05711942
0.06095478
0.05764183
0.06595985
0.05844259
0.05587079
0.05837338
0.0492375
0.06073084
0.06018504
0.06049938
0.06197963
0.07420517
0.07576948
0.07663348
0.08244801
0.08341764
0.07775263
0.0813996
0.08267065
0.07400523
0.07064121
0.08106964
0.08357267
0.08287095
0.08867411
0.09213607
0.07689814
0.07722369
0.07871833
0.08304151
0.08636324
0.08658208
0.0971289
0.08960285
0.08844684
0.09203401
0.1053679
0.1032779
0.08813529
0.09471375
0.09203215
0.07536688
0.07166339
0.06971695
0.07309063
0.07289059
0.07148491
0.067298
0.07476719
0.07644016
0.0775137
0.08433455
0.0689115
0.06781755
0.07079001
0.06306751
0.06632699
0.06178741
0.06163315
0.07435026
0.08526755
0.08085183
0.09814488
0.09496903
0.09414275
0.08667524
0.08819409
0.09498668
0.1028005
0.1062554
0.1092103
0.1119504
0.1077639
0.109473
0.1004991
0.09456108
0.09406248
0.0992332
0.09312451
0.09793021
0.100682
0.09832295
0.08790491
0.1023418
0.09284787
0.1051674
0.09573475
0.08827913
0.0936142
0.089185
0.09012725
0.0993898
0.08904977
0.08784582
0.08295876
0.08473598
0.0863654
0.09330263
0.09313296
0.08896204
0.08060433
0.08589503
0.08594035
0.1031851
0.09877094
0.101266
0.09636831
0.09831982
0.1000924
0.1023088
0.09028479
0.0991778
0.09847562
0.09422691
0.1046093
0.1140248
0.1137108
0.1038438
0.1038334
0.09793867
0.09960232
0.09861427
0.1028007
0.1107805
0.1138706
0.1070459
0.1146209
0.1133236
0.1155107
0.1170047
0.1030599
0.08778447
0.09324564
0.0812232
0.08213573
0.08291795
0.0907197
0.08815377
0.09740758
0.09221884
0.08857465
0.08621516
0.09611902
0.09103472
0.09121073
0.08322894
0.07710468
0.07119944
0.07589998
0.07830609
0.07598167
0.08048797
0.08125987
0.08463191
0.07283198
0.06513549
0.0710801
0.07625441
0.07446993
0.07118581
0.07054151
0.07225253
0.06983902
0.07745751
0.07944107
0.06685054
0.07317592
0.06769932
0.0663788
0.06238289
0.05861901
0.05218672
0.05728615
0.06480166
0.06801212
0.07313119
0.07005518
0.06202574
0.06722321
0.0664943
0.06026835
0.06935324
0.06800804
0.06041041
0.0586277
0.06266344
0.0641497
0.06755359
0.06593908
0.0616747
0.06143419
0.05838811
0.06189799
0.05709489
0.06102436
0.05387853
0.05988037
0.05447669
0.06166259
0.06385221
0.07237788
0.06566888
0.06549219
0.06426852
0.05574389
0.04702225
0.04774816
0.04602368
0.04885899
0.04667122
0.05052175
0.05100028
0.05311691
0.04822943
0.04688379
0.04735877
0.05147746
0.05235625
0.05119483
0.05317001
0.04906533
0.04122299
0.04752647
0.04474825
0.04367921
0.04707571
0.05149453
0.0515282
0.05498729
0.05774439
0.05829138
0.05616369
0.05133853
0.05309428
0.04929236
0.05462248
0.05187575
0.04681345
0.04756107
0.05200675
0.05234084
0.05463941
0.05888915
0.06107172
0.06214148
0.05613303
0.05612326
0.05439457
0.04652231
0.04957393
0.04914458
0.05306564
0.0565408
0.06033482
0.05521215
0.05431043
0.05531817
0.05881822
0.05277981
0.05696701
0.05844469
0.05745421
0.05544247
0.05437855
0.0659141
0.06421821
0.0642301
0.0722943
0.06879114
0.06366908
0.06465048
0.0657569
0.06654229
0.07314052
0.08108129
0.09268113
0.08608032
0.09774824
0.08734443
0.09516007
0.09395939
0.0964575
0.0967019
0.08884475
0.08689985
0.08610544
0.08535694
0.08066013
0.08043053
0.07373326
0.0752638
0.07682234
0.07546729
0.082467
0.08950213
0.09015759
0.09129974
0.09815546
0.09386901
0.09555158
0.08798127
0.08615248
0.08171144
0.08666372
0.08819424
0.08173899
0.08634714
0.08107794
0.08161704
0.08169298
0.08737573
0.07950248
0.08699634
0.07794168
0.0865466
0.08081897
0.07231392
0.07755752
0.08223322
0.07943292
0.08620963
0.07642223
0.07156054
0.06686679
0.06444141
0.06074726
0.06093852
0.05962814
0.04971853
0.05470783
0.06306829
0.06272832
0.05766539
0.06774244
0.06879857
0.06692381
0.06839425
0.0752051
0.07841031
0.0799434
0.08323437
0.08119322
0.07021389
0.07106
0.0728248
0.07064385
0.07287729
0.07393249
0.07299561
0.06287531
0.06807252
0.06720989
0.06138951
0.05662775
0.06006078
0.06167493
0.05940039
0.06054886
0.06102061
0.06436353
0.06262686
0.06771888
0.0757636
0.07473675
0.06158722
0.06590336
0.06897653
0.07059378
0.0736545
0.06528432
0.07064501
0.07880441
0.07465131
0.07746124
0.07437253
0.0734196
0.06919968
0.07679638
0.07362258
0.07038255
0.0778124
0.0843336
0.08590955
0.08791326
0.07812951
0.08700566
0.09212817
0.08489865
0.08418626
0.08001654
0.08468137
0.07400839
0.08586047
0.08452131
0.08533631
0.08619057
0.08227915
0.08694635
0.09119483
0.09603262
0.09713038
0.1057296
0.1085283
0.1055612
0.1149895
0.1129807
0.1134136
0.1136565
0.124655
0.1366745
0.1498468
0.1741935
0.1697209
0.1524174
0.1506627
0.1483265
0.1594625
0.1506266
0.1343194
0.1486998
0.1419182
0.136409
0.1348781
0.1156125
0.1235392
0.1253161
0.1109061
0.111674
0.1120624
0.1178755
0.1257849
0.152903
0.1464964
0.1628357
0.1467237
0.1459396
0.1505851
0.1475932
0.1422992
0.1317943
0.1318175
0.1192777
0.1175785
0.1234425
0.1001599
0.0975492
0.09156941
0.09629958
0.09586527
0.08731133
0.09536297
0.09754506
0.103633
0.1055133
0.1058489
0.1039037
0.1123042
0.1072401
0.1002427
0.1125896
0.1218933
0.1298338
0.1290795
0.1123001
0.1186847
0.1166985
0.1124582
0.1070423
0.1027294
0.101249
0.1030314
0.1077743
0.09693417
0.09361789
0.08535156
0.08608924
0.09175815
0.09928647
0.1088117
0.09869307
0.07630041
0.07882155
0.06985555
0.06653414
0.06818403
0.0706246
0.06874456
0.06610789
0.05996342
0.05999754
0.06240682
0.06955901
0.06759622
0.06624696
0.05868998
0.069934
0.06824123
0.07530725
0.08008563
0.08434242
0.09444717
0.09518645
0.08992831
0.09359237
0.1097451
0.09812775
0.09643524
0.09438897
0.0834336
0.08346076
0.0901824
0.09549163
0.08702586
0.07630579
0.07675879
0.07825149
0.0761098
0.07123991
0.06951162
0.06583128
0.0657909
0.0642541
0.05789005
0.05722518
0.06198928
0.05906863
0.05567543
0.05373443
0.04787812
0.04466252
0.03885726
0.03735046
0.0393725
0.04216329
0.03942845
0.03621659
0.03770629
0.04290755
0.04274847
0.04515973
0.04370209
0.04302791
0.04512091
0.04733657
0.04598025
0.04282253
0.03953564
0.03933019
0.03693722
0.04114459
0.04341198
0.04119874
0.04567985
0.04625691
0.05091548
0.05004763
0.0447982
0.04850308
0.04365463
0.04204529
0.04603243
0.04210587
0.04076048
0.03986231
0.04033151
0.0411825
0.03935499
0.03974843
0.03671762
0.0347953
0.03746015
0.03978785
0.04105983
0.04103147
0.04585563
0.04537284
0.04264677
0.049833
0.05595854
0.05628778
0.05679669
0.05482395
0.04883838
0.04947795
0.05341878
0.05601657
0.04944754
0.0479493
0.0451387
0.04703232
0.05225701
0.06074133
0.05165076
0.06192616
0.05450103
0.05830822
0.05363479
0.05687617
0.06156045
0.05931504
0.07072208
0.06393456
0.0597912
0.05071772
0.04824781
0.05247277
0.05591365
0.05697864
0.05886365
0.05640403
0.05158642
0.05696713
0.05618821
0.05576966
0.05559324
0.0595035
0.05706146
0.06046514
0.05346506
0.04860175
0.04967231
0.04330498
0.04386971
0.05151596
0.05751467
0.06232077
0.06716444
0.05890166
0.05862069
0.05811199
0.06008986
0.05898026
0.06463333
0.07042175
0.06842923
0.07597618
0.07737035
0.0760015
0.06790416
0.05953844
0.06225912
0.06349471
0.05827686
0.0584084
0.05893554
0.06267973
0.06253341
0.06610579
0.06966178
0.0689463
0.07038993
0.07605402
0.07117348
0.07943848
0.06943581
0.06773761
0.06870121
0.06191822
0.05842466
0.05727446
0.05216036
0.05447918
0.05040959
0.05513709
0.0566133
0.05664271
0.05371027
0.05162816
0.05593472
0.05795437
0.05071393
0.05232117
0.04735828
0.04959331
0.04958867
0.04220606
0.03870892
0.04018788
0.03530693
0.03636584
0.03503312
0.03228566
0.03358865
0.02948951
0.02949448
0.03224664
0.03056415
0.03014429
0.02704018
0.028543
0.02757653
0.02888497
0.02675757
0.02524225
0.02567292
0.02730043
0.02901826
0.02821336
0.02638912
0.02706218
0.02185858
0.02428144
0.02423334
0.02761259
0.02865308
0.02933829
0.03357566
0.03449742
0.03303307
0.04011939
0.04318124
0.03592388
0.0347009
0.03372985
0.03101904
0.03499489
0.03084533
0.02902489
0.02697829
0.0281885
0.03283596
0.03418314
0.03130355
0.03396809
0.0380556
0.0391121
0.03924387
0.03872056
0.04486795
0.0411296
0.04427811
0.03895079
0.03664214
0.0360121
0.03464132
0.03579301
0.03567179
0.03621413
0.03700331
0.03732858
0.04403504
0.03970649
0.03585151
0.03474386
0.03366701
0.03515258
0.03603328
0.03497573
0.0325503
0.03130431
0.03108491
0.03288325
0.03391347
0.033846
0.03560629
0.03133569
0.03240367
0.03156016
0.03114633
0.03155295
0.03303085
0.03433356
0.03399988
0.03534626
0.03867996
0.03904525
0.04195036
0.03938456
0.03977086
0.04125003
0.04254052
0.04786743
0.05358111
0.05785881
0.05876883
0.06499168
0.05822358
0.05272078
0.05234448
0.05646319
0.05571323
0.05213493
0.04656404
0.04893948
0.05094708
0.0521177
0.05072405
0.05749888
0.0624826
0.06822465
0.06502852
0.07176574
0.06586824
0.06026249
0.06371753
0.06101524
0.0712666
0.07071868
0.06054174
0.05420647
0.05156507
0.05199822
0.05330671
0.05734329
0.0570253
0.05649482
0.06119696
0.06382469
0.06423456
0.06601994
0.06572196
0.06817924
0.08014269
0.08099958
0.08412392
0.08098736
0.0807301
0.08811356
0.07865077
0.07951889
0.08036324
0.09559445
0.09625085
0.09949575
0.09860582
0.1039345
0.1109991
0.1231315
0.1117602
0.09956732
0.1090641
0.1006092
0.1145682
0.1041471
0.1158823
0.1093879
0.1010529
0.08909196
0.08744768
0.07982499
0.08702696
0.08276366
0.08509716
0.08974979
0.1077098
0.1106056
0.1069791
0.106397
0.1135187
0.1130094
0.10151
0.1080088
0.111379
0.1011322
0.09152098
0.0799838
0.08517595
0.0924861
0.09277888
0.09123423
0.1021964
0.09536037
0.08537349
0.08983175
0.0908991
0.09930111
0.09694486
0.1003781
0.1064065
0.1032803
0.1061555
0.1009001
0.09649231
0.1040052
0.1162542
0.1224595
0.1219969
0.1241628
0.1264457
0.137891
0.1189336
0.1152652
0.1096384
0.1261621
0.1381389
0.1327892
0.1290432
0.1241456
0.1266818
0.1256423
0.1202779
0.1149993
0.1101156
0.1090517
0.1235359
0.1186985
0.1236588
0.1067635
0.1092913
0.1183448
0.1104573
0.09640829
0.08990921
0.08484956
0.08814616
0.07468095
0.0760687
0.08488318
0.08753909
0.09125571
0.09414214
0.09432645
0.08605536
0.08865512
0.08839433
0.08598021
0.09097744
0.0875777
0.07223417
0.07379961
0.07624884
0.08165201
0.07979267
0.08597615
0.08930999
0.09019772
0.07938426
0.08296712
0.0750714
0.08346302
0.08057027
0.08647688
0.07947526
0.0989696
0.09160628
0.1000951
0.1005194
0.1187605
0.1017199
0.1149628
0.1020099
0.09760243
0.09699818
0.09989054
0.1058765
0.1007359
0.1008301
0.09845692
0.1135761
0.1073533
0.1044444
0.1083121
0.1234297
0.1229921
0.1371994
0.1363011
0.1266366
0.1251892
0.1223285
0.1243206
0.1186635
0.1156677
0.1293592
0.149329
0.1319082
0.1243819
0.1374986
0.1303514
0.131014
0.1285061
0.1134729
0.1285484
0.1172978
0.1069658
0.1157642
0.1177174
0.1057474
0.1252435
0.1228773
0.1278741
0.1223621
0.1160358
0.116994
0.1112509
0.1138704
0.1258929
0.13553
0.126486
0.1250833
0.1268096
0.1239483
0.1371632
0.1299427
0.1251615
0.125678
0.1400664
0.1168198
0.1215378
0.1237718
0.1188329
0.118647
0.1240118
0.1175505
0.1003761
0.09624
0.1042888
0.1030744
0.1066818
0.1063155
0.1111662
0.1131265
0.1219358
0.1227789
0.1154364
0.113739
0.1062335
0.1144343
0.09872054
0.08728682
0.08517913
0.09004118
0.08653801
0.08145787
0.08287303
0.08412675
0.0765052
0.08026053
0.08229782
0.07618119
0.06138443
0.068299
0.07786327
0.08728493
0.0957573
0.09447771
0.09326879
0.1045133
0.09835065
0.0907732
0.08889308
0.09222135
0.09637219
0.09292808
0.0999801
0.09631152
0.1005131
0.1064181
0.1060369
0.1159807
0.1226891
0.1381056
0.1276056
0.1446766
0.1520803
0.1549539
0.1379649
0.1296679
0.1189103
0.1188237
0.1136676
0.1113813
0.1090583
0.111802
0.1061684
0.1036826
0.1142563
0.1027553
0.1089096
0.1085283
0.11441
0.1108054
0.1129549
0.09323409
0.08461069
0.08049199
0.07239534
0.08083992
0.07929871
0.07976788
0.07536755
0.08100237
0.08979141
0.08891511
0.08949301
0.08803459
0.09367487
0.08758076
0.08755154
0.088317
0.07548732
0.08573181
0.08482273
0.07479746
0.07300271
0.07274955
0.07493756
0.0763415
0.07497194
0.0812807
0.06920394
0.06984872
0.07507302
0.08315945
0.07828542
0.08637094
0.08415529
0.08937538
0.09370025
0.09472681
0.08884478
0.0859871
0.0918402
0.09719792
0.09997646
0.1011043
0.1130299
0.1110487
0.1152262
0.1116266
0.1158975
0.1204861
0.1188941
0.1211827
0.1111743
0.1100693
0.1070227
0.1006591
0.1293858
0.127812
0.114129
0.1243891
0.1133887
0.115649
0.1173977
0.1193485
0.1200417
0.1125024
0.1127125
0.1195489
0.1004013
0.09882886
0.1153694
0.1041784
0.09776394
0.106
0.1038367
0.09472127
0.1081836
0.1135325
0.1240429
0.1078696
0.1009948
0.1005347
0.103984
0.10313
0.1013506
0.1088132
0.09897154
0.1045349
0.1096495
0.1122478
0.1141512
0.1178312
0.1245219
0.1181989
0.1264029
0.1272379
0.1113618
0.113183
0.1000491
0.09566445
0.09888881
0.1146022
0.1137377
0.1232517
0.125786
0.1087772
0.1230413
0.1118889
0.1057346
0.1200086
0.1145442
0.1107857
0.12587
0.1239569
0.1201048
0.1048356
0.1026971
0.09926855
0.101004
0.1078223
0.1019858
0.09596873
0.1125642
0.1131808
0.1290239
0.1185137
0.1190332
0.1199638
0.1210783
0.1157876
0.1229826
0.108618
0.1140974
0.1260471
0.1195858
0.1172979
0.1167035
0.1093855
0.1020722
0.1035057
0.1086733
0.1089449
0.1030768
0.09946811
0.09718941
0.1059208
0.1014042
0.1035146
0.1106084
0.1007791
0.1009284
0.09990951
0.1019723
0.1060426
0.0993781
0.09599518
0.09961255
0.09227095
0.08630105
0.08737039
0.09026193
0.0970609
0.1106674
0.1189216
0.1085808
0.1115913
0.1299699
0.1164299
0.09701485
0.09974218
0.09132248
0.09034867
0.09459022
0.1015093
0.1067855
0.1043091
0.1009584
0.09539788
0.08498825
0.08296692
0.08119209
0.09101596
0.07943076
0.08427498
0.08858854
0.08978162
0.09973516
0.1043585
0.1014321
0.1121628
0.103778
0.09378394
0.09181369
0.08174468
0.08171889
0.08560615
0.09529814
0.08972755
0.09906023
0.09733647
0.1018733
0.1088364
0.098656
0.08335704
0.0821074
0.09246868
0.08705559
0.09055685
0.08692657
0.09602942
0.09243921
0.0909687
0.0928222
0.08344041
0.08788296
0.08526363
0.08221546
0.08096364
0.08475678
0.0947098
0.09815481
0.08767829
0.08939893
0.08999022
0.0924424
0.09484575
0.09555218
0.1076868
0.1082116
0.1122912
0.1316163
0.140527
0.1184292
0.1157832
0.1434285
0.1484805
0.1423699
0.1374331
0.1487842
0.1500692
0.1494846
0.1413235
0.1330924
0.1405883
0.1355984
0.1328599
0.1273302
0.1271842
0.1163104
0.1297108
0.1381928
0.153264
0.1143796
0.1312643
0.1341162
0.1310638
0.1186027
0.1053564
0.1104185
0.1046398
0.1036154
0.09827706
0.09500827
0.09223371
0.1029099
0.1034517
0.1083973
0.1182328
0.1247213
0.1379616
0.1335939
0.1213983
0.1178493
0.1105965
0.1089967
0.1092015
0.1084548
0.1091707
0.1056742
0.09520581
0.09294344
0.09532712
0.1026247
0.113878
0.1045701
0.1049346
0.1030534
0.1074626
0.1162913
0.1234313
0.1079257
0.1000409
0.112424
0.1122068
0.1126706
0.1077491
0.1150203
0.1114203
0.09756724
0.09951521
0.09559494
0.1033811
0.1153485
0.1124801
0.1081179
0.1032616
0.1085501
0.09084272
0.07699446
0.09424592
0.09821332
0.1078062
0.1008164
0.1098932
0.1284784
0.133945
0.1352792
0.1280417
0.1178423
0.135051
0.1262424
0.1285868
0.1291415
0.1337815
0.1414633
0.1413703
0.1382236
0.1538478
0.1515975
0.1389881
0.1301456
0.1322065
0.1543464
0.1524589
0.152028
0.1362097
0.1217235
0.1258379
0.1334111
0.1220111
0.1205594
0.1196057
0.127056
0.1395494
0.1543403
0.1511369
0.1367962
0.1263253
0.12697
0.1258673
0.1205122
0.1149607
0.1077022
0.1106098
0.1082371
0.1174575
0.1058225
0.1054804
0.1089164
0.1060332
0.114059
0.1150877
0.09938645
0.0967938
0.09727946
0.08712287
0.09160098
0.09547687
0.08736978
0.08222864
0.08572586
0.08341034
0.08487457
0.07679678
0.09202437
0.09563606
0.09013552
0.08758672
0.08357148
0.08415616
0.07839658
0.07470654
0.08919293
0.08288739
0.08361438
0.07620658
0.07155736
0.08279404
0.08293753
0.08643779
0.09447687
0.0979717
0.09424154
0.0912404
0.08406521
0.0784476
0.07614893
0.08373848
0.08097179
0.07534402
0.07465399
0.08120318
0.07340272
0.07263997
0.06481637
0.06884799
0.0684298
0.06890506
0.06757821
0.06712355
0.06962727
0.06344239
0.06446104
0.06246284
0.06782518
0.07505485
0.07213799
0.06668026
0.06641173
0.07216867
0.07280829
0.07032501
0.06994266
0.07662205
0.08604869
0.08190375
0.07943722
0.08485805
0.08602552
0.08118288
0.07659484
0.08221638
0.08185492
0.0750803
0.07081049
0.07342016
0.07701119
0.08489495
0.0808601
0.07751252
0.07622897
0.07686594
0.06934562
0.0706645
0.07386467
0.06668817
0.06664457
0.06652114
0.07059258
0.06828967
0.07539292
0.07068865
0.07479562
0.09246246
0.07994603
0.07664797
0.0856755
0.09464661
0.09916663
0.09395023
0.07913626
0.07488718
0.06873799
0.07688503
0.07552592
0.07393263
0.07582845
0.07744616
0.07447698
0.06718698
0.06129388
0.06264636
0.06580727
0.06550414
0.06975625
0.0717594
0.07668467
0.0805103
0.07768187
0.07474516
0.08091497
0.08075126
0.08569636
0.07926957
0.0829702
0.08683284
0.07637168
0.08390059
0.09008754
0.09061497
0.07563053
0.08201769
0.08594738
0.1002287
0.1098509
0.09665596
0.1023821
0.1017431
0.08904301
0.08620175
0.08828188
0.0946286
