0.8376022
0.7357704
0.7427709
0.7008685
0.7408523
0.7106262
0.6855478
0.6704247
0.6641746
0.6997017
0.7105668
0.6887949
0.6565352
0.6352154
0.6086672
0.6138256
0.6092228
0.593518
0.5705872
0.5648981
0.5419631
0.545929
0.5327799
0.4941474
0.4559621
0.4420008
0.4577387
0.4360046
0.445847
0.4681053
0.4693022
0.4548614
0.4437993
0.4521314
0.4634932
0.4532716
0.4370311
0.4143404
0.4110979
0.4028452
0.4118326
0.4017437
0.4070813
0.3947802
0.3948424
0.3870426
0.404982
0.3846965
0.3982603
0.3979314
0.3956232
0.4283045
0.449479
0.4617924
0.4737823
0.4856228
0.4669207
0.461649
0.4531915
0.473713
0.4736931
0.4664442
0.4786502
0.4550287
0.4638934
0.4755575
0.4795897
0.4904991
0.4757719
0.4722838
0.4377452
0.4422147
0.4350226
0.429348
0.4607499
0.4376421
0.4393581
0.4556869
0.4538783
0.4549017
0.4819623
0.4885311
0.4910968
0.5002626
0.5054116
0.4935255
0.509177
0.5119998
0.4668882
0.4802019
0.4833881
0.4942489
0.4708745
0.4611176
0.4296758
0.4221034
0.4236435
0.4393583
0.4493647
0.4371893
0.4416312
0.4281264
0.4338473
0.4526407
0.451826
0.4362639
0.4307607
0.4350175
0.4053359
0.3954428
0.4037386
0.4254841
0.4213143
0.4170999
0.4121319
0.4219254
0.438369
0.4269827
0.4239911
0.4251974
0.4184537
0.4017047
0.3960264
0.4147592
0.4079225
0.4164918
0.4119547
0.4023052
0.4051015
0.4216971
0.4207007
0.4120369
0.406308
0.4253972
0.4090938
0.4055414
0.417773
0.418511
0.4112404
0.3934534
0.3877419
0.3675945
0.3643195
0.353213
0.3382115
0.3155418
0.3198826
0.3021648
0.3020876
0.3023685
0.3284143
0.3236613
0.3265522
0.3375649
0.3301986
0.3509266
0.3537906
0.3742894
0.382038
0.3924544
0.3799365
0.3740328
0.3647432
0.3725489
0.3752608
0.3858151
0.3845092
0.4015519
0.3792004
0.369658
0.3697177
0.395852
0.3997212
0.3860695
0.4056401
0.4037793
0.4169663
0.4106544
0.4277367
0.4295683
0.4223894
0.426353
0.4139355
0.3983032
0.3858343
0.3871714
0.3792544
0.4015645
0.4054605
0.4027093
0.4086441
0.3808845
0.3957502
0.3784591
0.3754057
0.3990589
0.3994723
0.4124537
0.3734048
0.3901327
0.4058827
0.3990634
0.3974162
0.3813859
0.3795613
0.4168039
0.4049778
0.3977569
0.3908786
0.3825845
0.375197
0.3888423
0.4035279
0.4050272
0.391687
0.4045594
0.4253511
0.4299503
0.4410422
0.4387093
0.4551229
0.4401619
0.4163813
0.3873138
0.3737138
0.3802039
0.3953699
0.3784858
0.3673465
0.3852878
0.3930663
0.4217105
0.4333839
0.4089586
0.4166294
0.4296195
0.4429355
0.4452614
0.4454016
0.4587166
0.4528291
0.4505972
0.4512128
0.4253591
0.4432948
0.4297927
0.4345394
0.4415415
0.4500385
0.449939
0.451099
0.4535518
0.4685402
0.4406956
0.4242728
0.4363293
0.4205552
0.4324201
0.4482509
0.4451746
0.4433659
0.4498099
0.4387882
0.4528971
0.4386143
0.4551432
0.4472514
0.45156
0.4636664
0.457536
0.4575961
0.4729949
0.479037
0.4769623
0.4957215
0.5168399
0.5178546
0.5316879
0.5186429
0.5116106
0.4933235
0.455941
0.4427628
0.4386454
0.4270047
0.4243389
0.407645
0.4303662
0.4363445
0.4355364
0.415167
0.4149862
0.4171237
0.4104123
0.422285
0.4207722
0.4278211
0.443688
0.4338674
0.4458914
0.4705481
0.484795
0.5004921
0.5106507
0.5001642
0.4810645
0.500737
0.492132
0.4697032
0.4849423
0.4687557
0.4673853
0.4395777
0.4526621
0.4491795
0.4443113
0.439943
0.4161477
0.4201325
0.4271544
0.4053211
0.4055244
0.4366139
0.4272914
0.4277781
0.4029556
0.4093856
0.3937417
0.3962435
0.3958664
0.3896571
0.3844648
0.3966265
0.4138922
0.4131689
0.3999486
0.3854471
0.3763806
0.3821373
0.354011
0.3559778
0.3223623
0.3196859
0.3411626
0.3490131
0.3585925
0.3405742
0.3398117
0.3394805
0.3517348
0.3646456
0.3575666
0.3478058
0.3561567
0.393213
0.3765291
0.3899235
0.3804815
0.3906906
0.403272
0.4082004
0.3965826
0.4094172
0.3890305
0.4032259
0.419181
0.3932546
0.406388
0.4218471
0.4024616
0.3971041
0.4063205
0.3867864
0.3786942
0.3966927
0.4063599
0.3936325
0.4009623
0.3799168
0.405735
0.3841042
0.3896684
0.3726313
0.4061841
0.4098403
0.4024409
0.4100531
0.4057302
0.4031368
0.3921281
0.4164326
0.4285544
0.4362631
0.4429101
0.4407505
0.452332
0.4734281
0.4467695
0.4293814
0.4328785
0.4259312
0.4236963
0.4200532
0.4396475
0.4401038
0.4544209
0.476729
0.5113533
0.4705633
0.4983909
0.5114485
0.540048
0.5129481
0.5300408
0.5863419
0.5555661
0.5406988
0.562697
0.5386883
0.536094
0.5109297
0.5378146
0.5699504
0.5697268
0.5649637
0.570157
0.5889684
0.5841651
0.5831247
0.5757383
0.5532959
0.5800712
0.6106101
0.5929982
0.6163276
0.6519821
0.6168737
0.6405151
0.5942359
0.6066164
0.597828
0.5804686
0.5797896
0.5846069
0.5763326
0.5807352
0.5660056
0.58497
0.553401
0.5700995
0.5527102
0.5709162
0.5467246
0.5314816
0.514759
0.5169548
0.5037625
0.5538262
0.5855444
0.5838735
0.5952221
0.5931123
0.5810184
0.5659676
0.5422364
0.5317247
0.5378513
0.5282715
0.5302091
0.511357
0.5023738
0.5163062
0.5028075
0.5151278
0.5238044
0.510426
0.5513494
0.5427685
0.5055606
0.5158173
0.5493661
0.5734007
0.5592591
0.5478048
0.5388462
0.5520761
0.5529327
0.5432143
0.5642425
0.5540839
0.5659339
0.5827675
0.5812378
0.5795052
0.5783693
0.6137543
0.6044595
0.6142969
0.6153888
0.5707013
0.5719236
0.5821358
0.6023122
0.60726
0.5973777
0.6063708
0.6061739
0.6132918
0.6184756
0.6031352
0.6044444
0.5895597
0.5750239
0.6062512
0.6477814
0.6397621
0.6075995
0.619995
0.6464301
0.6352466
0.6120401
0.6075062
0.6002242
0.6029573
0.6122645
0.5897662
0.6129069
0.5636243
0.5677481
0.5466432
0.5595371
0.5460888
0.5428507
0.569977
0.5818817
0.5776364
0.6034883
0.5944152
0.5894859
0.6131624
0.6314689
0.6061248
0.5988807
0.5986802
0.5918622
0.6085627
0.5469456
0.5583433
0.5582495
0.5365042
0.580673
0.573458
0.5774285
0.609955
0.6501519
0.6118919
0.5889768
0.6118064
0.5748939
0.5560677
0.5559861
0.5776734
0.5417522
0.531964
0.509926
0.4893683
0.5136589
0.5045931
0.4992028
0.4981123
0.5203947
0.515283
0.5386752
0.5174856
0.5205217
0.5053825
0.5370332
0.524993
0.5454235
0.5384299
0.5402484
0.5741592
0.6167303
0.5875807
0.5778265
0.5837504
0.5493524
0.5737944
0.6275961
0.6535343
0.628878
0.6272689
0.6552082
0.6310973
0.625524
0.6295559
0.593491
0.5790781
0.5481555
0.5675029
0.6028791
0.592574
0.5957667
0.6057472
0.5935523
0.6014178
0.5947619
0.6079841
0.5787255
0.5925177
0.5822283
0.5571611
0.5647046
0.5751796
0.5912806
0.6022676
0.6278601
0.6434734
0.6501868
0.6338149
0.6259848
0.6174213
0.6222723
0.593918
0.5885908
0.6025232
0.6161311
0.580211
0.5891385
0.5745264
0.5771818
0.6315196
0.6466705
0.5859111
0.5827952
0.5703292
0.553873
0.5614884
0.5307325
0.5087253
0.509984
0.5206981
0.496707
0.5007563
0.4920823
0.4928811
0.5066665
0.5053572
0.4862682
0.497043
0.4870945
0.4669212
0.4838321
0.4828852
0.4517163
0.4471946
0.4380883
0.4544172
0.4696203
0.4708695
0.4770754
0.4636251
0.4533941
0.4559582
0.4660473
0.4736204
0.4456675
0.4451784
0.4371854
0.4469377
0.4437666
0.4399275
0.4395495
0.4626861
0.4399887
0.4593866
0.4452912
0.4331915
0.4300397
0.4297946
0.4343772
0.4190187
0.4052308
0.4373206
0.4384981
0.4267392
0.4481941
0.4412912
0.4348309
0.4322084
0.4411652
0.4052987
0.4066338
0.4026371
0.409074
0.4185195
0.434298
0.4624206
0.4598752
0.4695107
0.4698418
0.4588409
0.4483242
0.436513
0.4119476
0.4046044
0.3933822
0.3874445
0.3933288
0.418517
0.4298822
0.4684184
0.4823327
0.5248523
0.5324387
0.5252943
0.5229987
0.5303265
0.5104483
0.5267167
0.5159786
0.5454426
0.5097967
0.4904736
0.5099466
0.5187004
0.5032517
0.5006158
0.5078487
0.4863032
0.4766826
0.4840914
0.4857855
0.4984698
0.5160773
0.5131457
0.5297599
0.5378337
0.5434034
0.5452667
0.5391088
0.5107704
0.5180317
0.5041682
0.487531
0.4759735
0.4551852
0.4376248
0.4370897
0.4303748
0.4422803
0.4422161
0.4463346
0.4566948
0.445727
0.4557058
0.440193
0.4426273
0.4204664
0.4226173
0.4075068
0.4137197
0.3979248
0.3912643
0.3831968
0.378914
0.4113289
0.4356233
0.4120748
0.4110951
0.4247994
0.4311802
0.4719257
0.4543247
0.4806976
0.4821447
0.4724503
0.4876983
0.4816544
0.467309
0.4414049
0.4315304
0.4397684
0.4349544
0.4217524
0.3853576
0.3985821
0.4114375
0.4167508
0.4343941
0.4171305
0.4080124
0.4127472
0.4205032
0.4307806
0.4153744
0.4135912
0.4023855
0.4123546
0.4066165
0.3830669
0.3922583
0.3987573
0.4174447
0.4224016
0.4028347
0.4427089
0.4577396
0.4453603
0.4451564
0.4629636
0.462877
0.4347072
0.4432044
0.4265377
0.4159134
0.4308406
0.4441362
0.4458942
0.4610555
0.4466969
0.4490563
0.4447517
0.4462719
0.4570902
0.4388185
0.4691082
0.4747898
0.4631071
0.4300155
0.4474604
0.4665577
0.4810534
0.4848406
0.4852156
0.4667769
0.4539632
0.4418835
0.4428871
0.4156948
0.4066885
0.3984141
0.4084179
0.3727047
0.3860276
0.3747539
0.3935055
0.381426
0.3956129
0.408441
0.4052957
0.3956865
0.3817021
0.3857443
0.3868408
0.3883542
0.3802916
0.3853334
0.3884659
0.3867851
0.3786339
0.3459292
0.3564477
0.3879891
0.3946847
0.3860327
0.3892762
0.3823287
0.3859591
0.3525421
0.3367987
0.3309681
0.3461937
0.3616799
0.3780201
0.3571194
0.3648343
0.3513342
0.3623972
0.3522211
0.3678659
0.3603706
0.3784763
0.3845923
0.3657921
0.3414102
0.343544
0.3515806
0.3457568
0.3406131
0.3508539
0.3439309
0.3300093
0.3415713
0.3215999
0.3157593
0.3287104
0.3171189
0.292194
0.2864291
0.2916046
0.3202038
0.3323371
0.3472138
0.3491357
0.3608092
0.3723431
0.378482
0.3704051
0.3739729
0.3794901
0.3831634
0.3766765
0.3840772
0.3797554
0.3876068
0.3901773
0.3965952
0.3999853
0.387135
0.3967913
0.4032049
0.409125
0.3672281
0.3432956
0.3503267
0.3548874
0.3652337
0.3575727
0.3496775
0.3484424
0.3527879
0.3514387
0.3546702
0.3678958
0.3867014
0.3944627
0.3824803
0.3722951
0.3684627
0.372126
0.3761838
0.373889
0.39351
0.3842746
0.3922975
0.3852235
0.4059772
0.4013455
0.3819951
0.360025
0.3626344
0.3729079
0.3771861
0.3670626
0.3664656
0.3704403
0.3846301
0.3893627
0.3964549
0.3745554
0.3700283
0.3576358
0.3746499
0.3901076
0.39857
0.3912796
0.390395
0.3965315
0.4422497
0.4505407
0.4522835
0.4793906
0.4778079
0.496421
0.5173592
0.5225176
0.5192409
0.5008085
0.4771275
0.4785841
0.5297019
0.5172587
0.5322379
0.5499819
0.5438137
0.5462681
0.5585632
0.5582158
0.5570597
0.5553873
0.5623036
0.5317416
0.559771
0.562796
0.5564205
0.5286925
0.5160425
0.5410019
0.5338469
0.5087522
0.4960929
0.5103942
0.5299839
0.5291526
0.553587
0.5319875
0.5236061
0.4963112
0.4740843
0.4720084
0.4744102
0.4529687
0.4265934
0.4275592
0.429939
0.4428674
0.4522984
0.4400552
0.4397135
0.4704933
0.4704721
0.4624757
0.4429889
0.4480323
0.4388412
0.4195102
0.4049648
0.4009374
0.3914146
0.4044828
0.4076697
0.4083055
0.3975007
0.3986254
0.3861987
0.3901785
0.3769454
0.384069
0.3508963
0.3505275
0.3439819
0.3443147
0.3392241
0.3619282
0.3511664
0.3451709
0.3377253
0.3428091
0.3529971
0.3550159
0.3493442
0.3467868
0.3644079
0.3624066
0.3687105
0.3871619
0.3822704
0.3842053
0.3902243
0.40946
0.4033172
0.3992985
0.4091653
0.4247459
0.4451278
0.4623372
0.4819119
0.4808584
0.4921771
0.5366439
0.5616103
0.5882982
0.5698881
0.5715898
0.536151
0.5711349
0.5685526
0.6421809
0.6017782
0.5969165
0.6370122
0.6190563
0.5999242
0.6095533
0.6238611
0.6684024
0.6265476
0.5891166
0.5988762
0.628968
0.6157272
0.6115203
0.6063208
0.5963658
0.6025398
0.6227125
0.6258313
0.5797526
0.5459833
0.5941105
0.605469
0.6425023
0.652459
0.6246429
0.6275175
0.5978743
0.61742
0.6105488
0.5994283
0.6304895
0.6521583
0.6626328
0.6471997
0.6773168
0.6731471
0.6905398
0.6697857
0.6296609
0.6010053
0.612973
0.5872192
0.6376407
0.6040106
0.6155938
0.6261146
0.6191527
0.6060222
0.6094655
0.6031533
0.6204338
0.5902035
0.6136076
0.5899798
0.5881024
0.5910982
0.5729533
0.5927534
0.595103
0.6163346
0.6116526
0.6316676
0.6065528
0.6121608
0.6071778
0.5607351
0.5638898
0.5700263
0.6192542
0.6010018
0.607707
0.5618366
0.5776092
0.5304399
0.5424932
0.5442313
0.5440326
0.5102317
0.5272595
0.5315589
0.5068041
0.4917519
0.500777
0.4795447
0.490582
0.4753573
0.4904102
0.498457
0.4875456
0.4976779
0.5241486
0.5273448
0.5283416
0.5238219
0.5195062
0.4995976
0.4913836
0.4747501
0.4724746
0.4764908
0.4542092
0.4708406
0.5039809
0.511679
0.5214702
0.5321702
0.5694198
0.5783405
0.5542169
0.5207778
0.5340827
0.5463802
0.5275898
0.5082237
0.4937656
0.5291072
0.5535031
0.5755877
0.602829
0.5950862
0.6209872
0.6224643
0.6042925
0.5864908
0.6276744
0.6629705
0.6849235
0.6755587
0.7176587
0.7261336
0.7200653
0.7621544
0.7497353
0.7315839
0.699486
0.6901314
0.7153085
0.712944
0.7341214
0.6924474
0.6922644
0.6789979
0.6904294
0.6740758
0.6990141
0.7386238
0.667255
0.6535159
0.6357578
0.6565905
0.6464374
0.6245934
0.6002145
0.6095044
0.6132916
0.6068049
0.6294321
0.624875
0.6118832
0.6145412
0.6084725
0.5642777
0.5544725
0.5792206
0.5825864
0.5878356
0.6161424
0.6064864
0.5961447
0.5675238
0.5972718
0.597094
0.6026341
0.6530005
0.63398
0.6237597
0.5833348
0.5679436
0.563531
0.5448526
0.561829
0.5301284
0.528884
0.5231367
0.5092777
0.5177452
0.504063
0.5032483
0.5337839
0.5143596
0.5065855
0.5402972
0.5130394
0.5245497
0.5101981
0.5214679
0.5394772
0.571526
0.5655199
0.5450473
0.5567244
0.5528157
0.521342
0.5335046
0.5802973
0.5716778
0.5500172
0.5363592
0.5183502
0.5207374
0.5098621
0.5154291
0.5415926
0.5357763
0.5751031
0.5481416
0.5510107
0.5585778
0.5871393
0.5789239
0.630122
0.6217201
0.5775089
0.5970945
0.596693
0.5899355
0.5570138
0.5241167
0.5347114
0.5274594
0.528819
0.5351996
0.5478622
0.5579053
0.5899388
0.5896847
0.5544826
0.555828
0.5633564
0.5917488
0.5724705
0.6013114
0.6117392
0.6171513
0.6513127
0.6440805
0.6410556
0.5802441
0.5753957
0.5863512
0.604947
0.5986457
0.6074141
0.6084496
0.6219052
0.5928866
0.5639276
0.5843692
0.5929867
0.6139534
0.5910026
0.5819714
0.5624926
0.5730434
0.5893902
0.5811269
0.5490022
0.5056494
0.4896238
0.446632
0.4582492
0.4616672
0.4782275
0.4679083
0.4801222
0.5009135
0.5232518
0.5454025
0.5156478
0.5040279
0.5213521
0.5088732
0.4793844
0.4899768
0.4941281
0.4870441
0.4775559
0.489171
0.4868185
0.4791773
0.4988096
0.5269691
0.5510373
0.4905605
0.5006827
0.5113287
0.4723025
0.4576749
0.468598
0.4775211
0.5159489
0.5194207
0.5058872
0.4948569
0.4912592
0.498223
0.5174522
0.5032586
0.4965327
0.4728407
0.4658033
0.4849476
0.4959555
0.5193559
0.5417995
0.5277712
0.5394728
0.5338265
0.5334481
0.5287781
0.5179867
0.5035788
0.4663074
0.4962523
0.4853006
0.4880278
0.504965
0.4960588
0.5047475
0.4774977
0.4829066
0.4618758
0.4632607
0.4868325
0.4635593
0.4396816
0.4737835
0.4841616
0.463779
0.4735563
0.4589932
0.4686849
0.4465971
0.4387219
0.4152389
0.4263183
0.4215076
0.4524488
0.424182
0.4229193
0.4245536
0.449564
0.4264771
0.4278559
0.4122148
0.4106389
0.4096596
0.3861676
0.3999596
0.4079268
0.3989147
0.4502612
0.4559069
0.4376197
0.4585642
0.4754109
0.4601962
0.4389217
0.4091955
0.4266729
0.4298201
0.4179425
0.4127619
0.4273911
0.4173699
0.426683
0.440515
0.434364
0.4288844
0.4147094
0.4017857
0.3865427
0.4062867
0.4202846
0.4189498
0.41353
0.3875175
0.4121365
0.425234
0.4232192
0.4388783
0.4215845
0.4411334
0.4561464
0.4414554
0.4462486
0.4455637
0.4667618
0.4541221
0.4842555
0.4453684
0.4425884
0.471348
0.4674509
0.4489639
0.4361763
0.4369849
0.4215157
0.4270043
0.422692
0.4090211
0.4092535
0.4285365
0.4141738
0.4221254
0.4306691
0.4258305
0.4332482
0.4272494
0.4387027
0.4271338
0.4323433
0.4623049
0.4566701
0.4550184
0.4528285
0.4417549
0.4447373
0.4514355
0.4311916
0.4407192
0.4529391
0.4565173
0.4974571
0.4546681
0.4539861
0.4515413
0.4673904
0.4568956
0.4359107
0.4365507
0.4224808
0.4411199
0.4754424
0.4761471
0.5018915
0.5079035
0.4631628
0.4811676
0.4428065
0.4487148
0.4304205
0.433974
0.4459814
0.4302561
0.4278556
0.4400479
0.4770063
0.4607931
0.4657707
0.4755245
0.5089421
0.4922536
0.4806622
0.446906
0.4512377
0.4329745
0.4508603
0.459356
0.447867
0.4391191
0.4268883
0.4027338
0.4359391
0.4533281
0.4196764
0.4246304
0.4112201
0.4123327
0.3862916
0.3655687
0.3596906
0.3898834
0.3656771
0.3668242
0.3660168
0.3455112
0.3373975
0.3331975
0.3272737
0.3449592
0.3276278
0.3345351
0.3259536
0.3449403
0.3387339
0.3267596
0.3056082
0.3103409
0.3064871
0.3053462
0.3196178
0.3230568
0.331705
0.329866
0.3225614
0.3186535
0.3223958
0.330936
0.3454881
0.3297426
0.3504939
0.3587108
0.3728318
0.373625
0.3755912
0.3843397
0.3761358
0.3504368
0.3694165
0.3805378
0.3786224
0.3879117
0.3779492
0.3729571
0.3965135
0.3866134
0.3970913
0.3739542
0.4027772
0.4063647
0.3843658
0.3746522
0.3558675
0.3547329
0.3569403
0.3468947
0.3569223
0.343922
0.354852
0.3596138
0.3496619
0.3292792
0.3353652
0.3484781
0.3421035
0.3591036
0.3704297
0.3613507
0.378143
0.3748693
0.4030178
0.3950362
0.3952517
0.4013352
0.3771155
0.3913418
0.3892196
0.3846634
0.3913512
0.428478
0.4443013
0.4232159
0.4202523
0.4190772
0.4254938
0.418026
0.4184682
0.4191228
0.4211144
0.4144111
0.4122439
0.4256335
0.43458
0.426177
0.419122
0.412373
0.4076534
0.4112522
0.4043931
0.4022078
0.3915398
0.4042824
0.4076337
0.387627
0.4073286
