77.13065
104.0618
158.8466
145.7346
108.0568
114.6924
157.8247
219.9914
173.4006
148.7065
157.359
140.808
183.5581
151.2715
137.6365
139.5437
141.0712
124.2794
123.1344
182.5801
211.4892
212.591
190.1494
201.6438
181.3504
150.1933
166.8478
170.0225
224.9365
199.0241
228.5182
164.5463
135.4522
136.2348
175.7619
135.3722
144.6923
150.1523
172.9708
174.908
149.5349
149.9994
227.463
218.7969
214.2215
258.2799
175.0782
185.7466
174.5884
160.1825
161.2034
143.0061
160.1288
168.2531
142.111
134.5204
144.673
166.927
188.6295
197.9507
225.3117
213.3287
225.6365
167.8091
150.7311
128.9206
134.3429
174.3127
180.1731
255.1133
184.2367
203.0967
244.7555
189.9746
210.3178
200.0019
233.4042
233.4209
185.2717
211.0259
193.1951
185.5633
152.8574
181.8225
141.7987
106.2337
119.2626
137.7236
162.463
178.1709
155.1353
167.5256
215.0595
161.0817
190.0675
183.2079
193.553
164.794
263.5916
203.2558
231.13
195.1144
168.2089
159.4638
167.2643
196.4581
181.4565
169.2588
134.5449
163.7128
198.4002
141.916
235.7999
173.9793
179.0876
249.5425
202.6592
150.4708
141.3616
174.1644
211.4934
155.1658
131.3538
163.5936
227.342
245.6748
174.765
176.0392
129.7712
154.7709
165.2816
137.4376
148.837
127.769
140.9436
174.0599
168.8849
160.6336
176.007
192.8541
133.4964
97.28853
145.5645
196.5363
178.4899
121.1879
133.6405
128.1614
148.9542
131.9669
150.2832
141.7916
168.9479
170.6639
198.0133
202.8442
180.4072
219.4415
179.127
221.0104
153.8983
139.5031
227.1021
186.2142
167.2039
165.8368
154.7763
205.0198
146.0112
144.721
134.4888
184.7433
189.5665
208.5812
158.7288
145.0716
153.0739
145.0333
182.4213
124.8153
181.8325
127.0583
131.4011
75.62412
92.62733
96.83427
104.4042
112.4562
152.2985
168.6489
177.4339
232.0789
223.9766
161.5889
182.6765
164.9098
176.9175
163.1127
156.9947
162.1967
216.2479
205.4742
217.9574
210.9417
142.2481
154.7913
142.0856
147.6935
154.9704
138.663
175.9068
137.3808
103.1673
137.2193
110.4672
122.9326
141.7771
186.2266
206.7235
158.7312
138.9101
121.4056
163.2125
161.1583
143.671
152.8649
115.0182
168.6378
166.7057
184.744
163.575
169.1025
166.2859
115.4727
112.95
118.5751
124.5759
136.0111
119.3077
113.8712
145.5395
144.7688
128.9877
104.9888
128.7231
152.2571
145.9571
166.4546
233.5496
188.5153
158.8254
150.8992
138.4357
149.9919
168.9973
166.6596
182.8366
171.796
170.2635
189.7227
173.2529
166.8499
153.8729
161.181
149.0883
208.7299
168.6206
173.5828
180.7666
207.7928
258.7076
202.2048
179.4656
147.4385
160.4484
143.1438
197.0407
174.7348
170.1838
168.2572
169.8038
148.8257
158.9713
201.7529
221.7791
187.9045
186.1768
180.7705
142.2088
158.1483
156.692
138.1472
130.6313
152.6198
153.3688
196.7608
183.6987
184.2115
163.1815
166.6544
152.4304
171.1181
141.4495
145.7725
152.8166
171.7684
143.9495
152.1277
160.7202
185.9345
150.2513
185.7391
217.3652
135.9037
224.2856
214.3922
174.7693
214.1548
190.04
203.9584
235.83
189.778
220.0663
192.0649
164.2274
209.2044
179.4682
210.1143
166.2476
179.361
180.5842
176.6248
207.0514
195.0633
154.4062
148.5259
172.3132
202.8942
156.1261
134.8967
187.378
190.6398
190.005
222.3584
183.164
143.4069
203.3234
187.2743
200.5457
214.2118
255.6641
205.3378
199.027
157.7601
148.5528
142.4683
168.2982
142.0424
133.5306
167.0903
157.6929
151.1538
198.08
209.6675
201.1088
217.4467
227.9483
207.1584
257.6484
238.6831
196.2587
190.0137
179.0969
191.3996
165.2899
163.0618
133.7798
169.2897
145.4191
168.0057
140.8352
159.4042
127.2107
181.5023
176.4071
185.9746
187.4149
175.4437
210.988
187.6776
172.8321
182.9802
191.7343
254.7054
183.6202
177.6924
220.021
209.8714
224.9901
233.9099
156.2769
151.2906
153.2278
225.9265
209.7864
188.3822
171.0754
153.8782
185.3057
154.6307
190.0244
155.1379
113.9548
157.6778
157.0202
147.1139
143.9865
150.2985
148.7617
130.091
120.5404
113.2936
135.2246
117.3283
142.1036
160.0954
217.1106
186.4683
188.0984
196.2471
154.0729
185.7
201.7368
168.7184
147.8056
134.2945
132.781
192.8556
185.0546
197.3808
131.0183
141.0617
221.5285
207.5459
144.9033
166.7191
175.5207
184.5002
158.3348
167.0979
144.0901
148.1797
175.8048
153.1386
175.1943
181.5957
164.9166
174.9396
201.6329
234.6627
223.1125
207.4566
269.2471
221.1951
198.6962
199.1588
154.0203
130.3272
109.1508
86.27739
84.39929
103.8024
105.9428
143.7339
143.3758
163.3426
206.4358
185.937
222.8041
224.2901
157.4307
155.488
176.6747
199.7592
147.2732
156.6893
218.8801
208.4578
230.8222
212.2804
175.3792
166.4498
223.9245
170.3419
199.0545
212.5672
195.046
183.5243
192.7793
156.3798
165.3723
177.7202
202.672
229.4153
250.7147
230.6784
214.824
162.2201
170.5852
132.0869
141.156
150.896
133.9924
157.2089
225.0011
180.7298
158.7724
156.7256
174.7348
210.1821
167.6936
170.8011
178.5727
169.415
202.3868
181.2887
188.6723
179.5313
173.8025
132.7039
162.6114
128.0952
136.6247
132.8046
153.0495
110.7157
102.3589
130.0751
172.8556
170.5531
168.4887
196.5723
212.3632
244.4845
177.684
194.9643
139.5165
175.4032
143.3606
176.6784
209.5986
216.6729
215.698
241.5536
177.8105
174.8371
173.6006
241.5055
234.6249
253.5526
216.4051
154.6632
135.3293
170.337
164.5285
133.0244
118.9772
154.8647
143.5311
158.0534
136.8067
183.8232
161.6312
170.5127
193.1297
175.2546
182.3571
164.3356
166.4748
171.3492
197.0512
217.363
167.8411
181.5933
213.6314
178.2338
204.612
187.8581
208.5166
177.7112
177.0757
199.9608
200.3885
195.4703
232.14
224.928
230.7618
287.8086
215.9481
222.7261
190.1373
171.6778
180.2439
159.4575
238.0319
217.0609
177.6592
192.564
178.9865
193.155
215.7029
217.395
232.2263
274.2939
290.8383
206.303
161.141
193.5099
174.5414
191.0034
155.3203
167.133
189.5153
204.625
255.3367
182.397
182.3993
175.2321
173.0251
192.4588
152.3211
155.7036
159.5947
104.8745
153.5148
207.7972
205.896
267.7659
212.2611
186.1807
171.6856
140.8875
127.1734
124.0959
204.1655
157.9682
125.3564
155.0428
115.1295
107.9366
132.0401
120.0665
163.1435
133.9042
114.6325
164.4107
230.1295
159.4034
167.7798
126.6388
143.6627
135.8977
147.8921
191.5596
221.8131
202.8601
204.8544
233.4392
209.9545
175.0913
181.6846
187.3536
200.3467
214.0701
183.4934
192.1489
188.1212
194.828
168.1369
206.7171
230.9107
185.7689
158.1642
136.191
122.3875
185.8928
177.2454
193.0216
229.6754
158.3262
178.7643
197.7447
180.6519
152.0159
159.3435
157.2225
189.5919
244.2088
176.2559
147.803
117.4539
143.3338
129.3235
117.3234
131.4601
136.3133
130.5213
159.4177
221.5236
198.9999
199.6378
211.3174
146.7095
131.9896
118.4881
113.3639
128.7762
166.2437
158.43
170.6682
141.2874
145.1756
157.6227
151.509
155.0157
175.7803
179.6012
181.5244
189.5064
155.1724
146.2969
199.1361
162.8645
174.0512
184.0393
235.4595
221.7623
215.7016
148.5082
130.9628
117.2594
113.7013
142.6886
183.3851
159.262
129.3145
206.7202
184.2601
151.5582
183.2919
178.6554
149.7325
157.9533
143.7429
167.9613
135.3914
181.9661
140.2657
162.0166
160.0993
182.4193
197.2818
211.7425
180.0013
183.3211
167.9749
177.9701
158.0188
218.3329
203.6707
217.2409
186.8083
170.1111
157.7087
191.8921
236.449
196.9625
181.4829
224.6538
227.6994
198.1569
230.9741
256.3919
218.4928
203.6773
223.3209
211.8557
166.9936
176.0829
190.0099
172.6569
189.6427
186.2867
184.7499
156.2213
209.249
217.1856
253.3947
235.6517
270.3535
216.2138
259.4277
226.5594
249.166
211.9036
169.0758
207.3136
180.2933
278.6865
246.6088
250.7777
217.5624
177.5798
211.648
185.0538
245.0732
229.8241
206.8219
155.711
146.4615
187.5484
128.847
192.0633
186.7768
155.8861
153.1908
173.0122
200.5712
160.6941
158.5922
145.8325
133.744
138.021
200.87
163.5726
142.1469
144.3497
134.4663
156.8991
199.8712
213.3487
200.2524
254.1275
264.5697
192.7454
200.2827
177.573
171.3991
163.3444
180.9333
194.7313
210.8402
161.7757
159.8544
173.2193
212.5144
245.1973
214.5295
160.1375
195.2036
169.4037
164.074
144.4123
205.5068
163.2904
189.5343
200.3648
177.3927
203.7575
259.5158
238.9868
226.3331
192.3269
191.0832
224.5417
222.7761
204.9939
209.1039
180.2981
159.8041
158.0152
152.2114
155.5912
194.3449
184.9146
173.8484
225.223
186.0366
195.0164
184.2115
186.6734
188.0494
234.0212
200.914
198.4536
162.6216
137.3376
167.3701
190.97
158.1272
180.646
225.9411
224.6528
254.5533
218.2542
204.1005
148.3417
157.8734
142.6862
156.7039
142.2578
177.8237
124.8284
123.2849
136.0915
141.6994
170.4165
143.7266
163.305
145.4424
124.7285
137.5839
144.629
139.1128
141.471
148.5809
141.0261
133.4941
127.3484
160.8305
142.8393
160.6344
185.961
147.2113
171.4344
119.4483
189.3809
155.0365
211.7756
190.0708
214.8892
159.2535
143.1219
151.3955
165.1424
179.1011
149.4972
183.4558
189.4643
203.3669
225.3957
224.4077
182.4152
162.9863
158.4584
160.2803
226.8258
209.8928
215.353
215.9695
196.6697
215.8
202.4332
232.0327
284.2995
175.854
160.7447
146.361
127.7428
152.6681
175.121
143.27
142.4332
149.4827
157.4201
137.8741
194.5896
261.6072
169.46
152.6969
189.5437
222.5823
223.067
204.0089
224.1268
153.679
171.4323
211.1298
186.1362
153.5458
158.9925
156.789
145.1742
172.4376
162.5561
187.5781
185.8135
157.0777
157.1136
154.7529
