31.34558
32.1775
33.67617
33.5701
34.45009
36.3391
37.33316
39.29654
39.6916
41.04889
42.85353
42.40587
42.94737
45.23796
45.01215
45.5624
47.9188
47.21329
46.4594
47.06315
47.99937
47.88671
48.14838
48.88797
49.49273
49.73234
48.69303
49.32951
48.25862
48.21555
48.92842
48.61639
46.33207
45.45636
46.38081
45.58555
45.80737
44.51444
45.70401
46.45724
46.1761
46.57714
47.37908
46.31561
48.18761
47.98371
46.8996
47.41477
46.70377
47.76581
49.18654
51.64087
50.78008
48.78983
50.10002
49.73965
49.43517
49.27332
48.66949
48.359
50.35688
54.22377
52.47684
49.56696
50.41487
49.85256
48.78637
48.66036
48.0413
49.07319
48.6561
48.09872
46.81654
47.77055
49.38562
46.9993
49.07512
47.8437
48.79198
45.92385
45.16184
44.86937
46.06807
47.13559
49.92948
49.54625
47.77973
47.79398
48.84867
47.37445
47.25645
48.72379
49.01729
50.2297
50.00181
50.57562
49.68869
49.64213
49.09847
50.82547
50.00801
51.72298
52.18083
52.30709
53.91509
53.4474
51.73
51.58732
50.57192
50.20214
48.71365
47.89947
48.30492
47.79925
48.92261
48.28055
47.75286
48.65418
47.28774
45.34258
46.27527
45.63563
44.28389
42.50231
41.73765
41.37412
42.24559
41.83298
42.34662
44.18649
45.39635
45.98519
45.5153
45.50775
46.1405
45.04752
46.14207
45.74422
44.9511
45.0364
42.11845
41.51131
43.48322
43.3956
42.89404
43.67957
44.26384
43.93987
44.71376
47.3492
45.87804
45.486
45.76121
47.36703
46.82809
46.31028
47.49548
49.57293
51.74866
49.9816
51.94944
53.00142
52.09075
53.05413
51.65077
53.61631
53.90033
52.23703
53.36631
51.74832
51.66841
51.38575
51.31045
52.64595
51.73639
52.00301
49.64053
49.17744
47.52278
46.43956
48.03474
47.00517
47.28062
46.96953
46.87466
47.6854
48.40617
46.86083
47.34511
47.68113
49.63432
47.25152
46.94948
45.73104
45.07528
45.6242
46.75682
46.54743
46.56004
47.41488
46.60001
47.668
46.50346
46.2385
44.78106
44.5791
46.87585
47.27058
46.22858
46.03788
44.88577
43.49107
42.60207
42.52738
41.80852
43.62609
43.67666
45.29169
43.42549
42.79598
42.6932
41.99343
41.29385
40.2708
41.25104
42.05521
40.31016
38.05673
38.74013
38.1727
37.18708
36.71861
36.94847
37.06919
37.6604
38.49109
39.48791
41.20073
42.16787
43.2507
43.42067
41.21983
42.24431
42.17891
41.65946
39.07333
39.70189
41.6707
39.3958
39.47096
39.52902
40.14959
41.15077
39.31182
39.92965
39.83749
39.17952
38.38179
37.51712
38.62782
40.31019
42.01793
40.99749
40.70645
43.4021
43.3255
42.53388
42.11598
40.28801
40.53358
38.23223
38.82236
39.13717
38.5378
38.96999
39.60002
39.89364
39.67671
38.94706
39.69905
38.9381
38.87296
40.46948
38.61339
38.72182
39.53354
39.79161
38.84725
38.87708
38.83296
37.18509
35.71081
35.24112
34.97478
32.53651
32.57648
33.12987
32.71883
33.25598
35.2092
35.64869
35.33094
35.57984
37.69323
37.04899
36.57336
36.80775
36.37351
34.7493
34.48562
34.49491
33.02436
32.62567
34.61662
33.33912
32.7315
32.85229
34.70994
34.28451
34.54882
33.71443
34.5603
34.00911
35.12492
34.51501
34.2427
33.29287
32.61571
33.65512
32.26588
32.07625
30.73607
30.39261
30.11849
31.84245
32.01412
31.10342
31.0035
30.52648
29.83905
30.31563
29.8587
30.06945
29.61257
29.3294
29.1332
30.14605
30.40563
30.06409
31.38588
31.67573
31.62122
31.5857
30.29861
30.68779
30.38515
29.67843
30.55226
31.57933
31.75831
31.04045
30.84587
30.42749
31.37323
30.23041
29.45623
30.33769
29.82739
29.57995
30.24651
31.27182
31.86484
31.74292
32.55283
32.67224
32.84395
32.21558
31.93588
32.12915
32.35429
31.50609
30.95458
31.66583
31.73377
32.15513
33.23033
33.77988
32.95739
34.15288
33.59077
34.23685
34.3981
34.36068
34.9155
34.29172
32.99992
32.9582
31.89987
30.78052
31.6408
31.00536
31.38892
30.87858
32.45289
33.44805
34.45849
34.54026
33.78227
34.37655
35.32989
33.66419
32.8792
33.52796
34.1588
34.13454
34.78587
33.64719
32.79308
33.30237
35.06793
35.92835
35.71424
33.31163
33.21961
31.93874
33.79335
32.91012
33.24677
34.38873
33.48006
33.83991
34.16059
36.10412
34.62682
33.37355
33.98398
33.96642
32.78513
33.15907
33.28954
34.85368
34.18219
33.97516
34.23151
34.9956
33.97727
34.23822
34.49337
34.1369
33.0578
34.22435
34.21342
33.67324
34.62764
35.13394
35.19598
34.83008
34.34738
34.65995
33.7359
33.99402
36.08293
35.48174
34.66506
34.74653
34.66012
34.26683
32.14353
32.01808
33.18077
33.62496
32.85517
33.8063
34.48524
35.27124
34.57413
34.44209
32.83896
33.56144
34.52431
33.97941
35.1094
34.21058
33.86675
33.89199
34.14365
33.63928
34.36288
33.64252
35.07124
35.22373
36.36591
35.60239
36.22179
37.74982
36.41201
36.7413
37.10754
37.71774
37.49159
36.71234
36.70693
34.2192
34.00657
33.00869
33.29999
33.63348
34.88956
35.09998
35.35967
35.21288
34.14148
34.25693
34.52206
34.95763
33.0151
31.80715
32.51406
32.6144
32.79852
32.48675
33.39503
32.02703
32.86171
32.17054
31.85677
31.24926
31.24846
31.34371
31.02001
30.36032
30.29513
30.10871
29.68359
30.57425
31.23809
32.02147
31.37556
32.10721
32.45218
31.38556
30.85161
31.05893
31.94888
32.8949
31.88555
30.24597
29.7846
29.78714
30.82154
30.03248
31.11435
32.22759
33.5159
34.47686
32.87076
33.93186
33.09026
33.88018
35.11245
35.28654
38.14177
38.51338
39.03584
37.19154
37.45604
37.77639
38.91953
38.44919
38.39019
37.9012
37.08294
36.09027
35.22125
36.24569
37.72679
37.93685
38.19396
39.36077
38.70095
39.66636
38.59019
36.8958
36.89471
37.08677
38.21621
39.23821
39.03166
40.59105
43.16029
43.71522
43.41316
43.54152
41.80881
40.81608
40.72439
38.48399
37.68752
37.65521
36.48786
38.04914
37.3515
36.78097
36.61005
38.69047
37.30274
37.72356
37.10034
37.14113
35.72237
36.87013
38.12552
37.27442
38.22826
37.38311
36.84604
37.90473
35.5067
36.21218
36.07211
37.44236
37.65995
38.61678
38.481
37.9167
37.00544
37.25314
37.35712
36.27594
35.12494
34.57692
33.70972
35.43425
36.00983
36.55617
35.75905
35.38484
35.3461
34.35159
32.83054
32.12732
31.69575
30.24596
31.06856
30.02291
31.56664
31.35367
31.90511
32.08626
32.94099
33.99292
35.45788
35.49465
34.33648
36.44346
35.73058
35.48963
34.44104
34.38244
34.6228
34.85898
36.64458
37.66491
37.24655
38.10836
37.74171
37.57542
36.95598
37.60316
38.09211
38.12186
39.12544
39.65869
39.35374
39.22436
39.89448
38.03274
37.33055
39.17518
37.24154
38.2763
40.10572
40.2146
41.42714
40.84513
38.83197
40.29996
39.00332
39.63151
39.2549
39.13675
41.26888
39.6181
38.21772
37.61501
37.68505
40.12491
40.86147
39.37239
41.68878
39.10204
40.35923
40.13585
37.40491
38.92562
39.29748
39.78146
39.97797
36.70562
36.28735
38.38245
39.2266
39.71172
37.12136
36.15477
36.13224
36.24193
35.41179
34.09072
35.57245
35.18876
35.13685
35.09506
35.00009
36.48475
37.12286
37.02757
37.3277
37.30594
37.37545
37.6072
37.9447
37.68764
37.41089
37.18879
37.79095
37.65654
35.00868
35.82959
36.01853
35.8352
36.50941
34.43043
36.37698
37.49428
36.3898
36.79337
37.58925
37.3114
36.83901
37.1064
37.50127
38.12623
38.57093
39.05783
38.32412
38.00339
38.20218
38.51507
38.23961
38.83229
37.81942
37.46153
38.26194
37.71127
36.53894
36.71682
36.70761
37.32526
37.43244
37.38545
37.7422
39.52383
38.15545
39.976
40.03775
37.72197
38.8502
39.56962
39.93396
41.0924
39.43551
38.03231
38.10193
39.00414
39.12903
39.0374
37.92922
38.9675
39.07548
39.92809
39.33568
41.61953
40.71419
41.109
40.78587
42.0254
43.40291
43.85684
42.01621
44.68052
45.77039
45.79243
44.09955
43.8301
43.5005
41.04637
43.47211
43.67748
42.80423
42.36036
43.13808
44.6083
44.66483
46.47006
47.16053
46.3095
44.11815
42.83563
43.98913
44.1544
46.30705
44.41656
43.00937
40.73793
38.34632
38.95655
40.58567
42.19277
42.85164
43.46044
44.80792
45.59441
47.96586
49.75467
50.83538
50.93259
50.04425
49.0897
47.92696
47.89415
44.41181
43.42262
41.48484
42.83926
42.49076
41.00003
41.35718
40.90956
41.22248
39.88068
41.73257
39.36024
40.78615
41.48239
41.99354
41.35983
40.01824
39.79233
38.86471
39.80451
39.81045
39.86588
38.67751
37.59664
38.52686
38.45079
39.54361
39.06929
40.01252
39.07646
38.38366
39.56439
40.57034
39.66621
39.48953
38.31781
39.17418
38.55383
38.72046
37.95304
38.45469
40.31521
37.72926
38.32008
38.49116
37.53665
38.16502
37.2382
37.74544
37.6662
37.73622
39.25558
37.78059
38.09002
38.76195
38.38052
37.68567
38.43212
37.56389
36.22691
35.08269
34.30102
34.38295
34.79329
35.04108
35.48655
35.05514
34.67315
33.11162
34.11353
35.14744
35.95681
36.12004
36.33742
36.71109
37.44305
38.49453
39.23324
39.27945
37.60401
37.3549
36.26189
36.65749
37.74589
37.99144
38.89014
41.02861
42.61211
42.37296
44.11726
44.05905
43.23411
41.40326
42.03308
42.97621
42.0475
40.08309
38.80235
38.77516
38.7273
40.39765
39.24492
39.43997
38.96845
38.44048
37.6981
36.68353
38.3408
38.41452
38.54458
38.87167
39.78683
37.35783
37.99638
37.08605
36.44455
36.66417
36.68321
37.54703
39.7887
38.58585
38.37244
39.43912
40.07784
37.36449
37.34115
36.98292
36.34355
37.31092
38.1714
39.26749
40.17471
39.37703
42.26274
41.25354
41.10753
40.09969
39.82788
40.5163
40.75034
40.08487
38.43274
39.0906
39.04213
37.70517
37.51009
38.25118
38.88212
38.02009
39.10515
39.29161
40.20786
40.83154
40.2705
39.54214
40.09067
41.60171
42.65118
41.27515
41.88603
40.88869
40.71046
39.37843
41.96377
41.21212
42.24057
42.57996
42.78648
43.58067
43.67106
42.45784
43.97629
44.42572
44.80898
44.65333
44.25669
44.48868
42.10727
40.85464
39.5575
40.12515
41.25869
39.48756
39.50728
39.41664
40.3791
39.8341
40.32215
41.11305
41.08827
43.07799
42.60101
43.08968
41.79411
43.00112
43.1873
43.79886
43.74305
42.73504
42.31059
42.22528
41.04644
41.58053
41.25305
40.10682
39.59909
39.35314
40.36594
39.48265
38.61782
39.92355
38.78523
39.93813
40.3844
40.07582
41.2806
41.63224
41.94611
43.75802
45.32468
43.97568
42.7424
41.13702
40.82934
39.47158
37.9316
39.41327
40.29092
40.59649
40.32525
41.42447
42.40289
42.45209
40.19043
40.4204
37.38539
35.2488
35.54148
35.56315
36.57252
36.78641
35.43812
35.59044
34.91084
35.2824
35.87184
37.42672
37.22945
36.6375
39.434
39.9403
40.18224
41.44741
42.7702
42.26551
41.8375
41.58229
40.40921
39.63511
38.87865
39.4386
40.20552
39.21283
40.05939
40.23995
39.65892
38.87845
41.40742
40.22532
40.21316
39.56079
39.18636
38.64801
38.4585
39.03216
40.50115
38.78564
38.09392
37.12319
36.44944
36.82607
35.78104
35.5145
35.01287
36.34041
36.49853
34.73123
32.7884
33.36169
34.33614
33.72527
33.67042
35.11638
35.37681
34.09392
34.0683
34.10502
34.74924
33.24322
33.58949
33.12253
34.97159
35.29099
35.20437
35.55658
35.55457
34.21499
35.33521
34.29982
35.81116
34.35985
35.44335
35.18584
35.17633
35.47306
35.32519
35.82015
35.17488
34.59933
34.79973
35.39616
35.47874
35.54594
35.26215
36.21704
36.70141
37.26354
37.15572
35.56513
36.3297
37.03136
35.67199
35.44164
37.04237
37.73819
37.83953
36.76873
36.16634
36.42054
38.11167
36.47743
36.56239
36.3877
36.9356
33.32777
32.17649
32.96544
32.35485
32.8396
35.26689
34.7831
33.87461
33.71567
33.20402
33.66002
34.5641
33.16141
32.6146
30.95635
30.82558
31.17476
32.07778
31.8451
32.09386
32.41962
32.09013
32.94842
32.96793
33.57037
34.45647
35.12569
34.71467
35.90615
35.51675
35.10305
36.25441
35.90949
35.70082
35.09789
34.64508
33.47879
33.37069
33.82332
32.94909
31.34112
31.66715
31.94868
31.51081
33.39003
34.14931
33.46215
32.63998
32.40328
31.59885
31.52222
31.44581
31.68396
32.23015
31.17146
31.50758
31.15585
31.00562
31.67562
32.36051
31.24694
31.43028
32.33756
33.07413
33.48011
33.47476
33.81032
33.86803
35.37995
35.71613
37.15939
39.43318
40.61412
40.50577
39.74291
40.76456
40.75215
39.95161
41.78142
41.76504
41.21699
40.13242
41.82397
43.216
42.48423
42.23865
41.94128
40.05793
39.35178
41.02471
39.3016
39.74378
41.10099
43.27204
43.22876
44.49424
43.43146
41.02965
41.72772
42.86064
42.96959
44.26672
43.76509
42.88398
42.25391
41.75774
40.01437
39.75277
38.36275
38.10496
39.22241
38.33293
38.76957
38.58596
38.51754
38.57948
37.74514
36.96913
37.35925
38.36348
36.24619
34.42083
34.37091
35.96143
36.92762
37.02419
36.58402
37.31151
37.07655
36.48169
35.42868
36.51251
37.96796
38.37737
38.81508
38.98187
39.65041
39.14089
39.03552
38.57596
38.3611
40.1085
41.59569
40.23693
40.81972
41.63332
41.7788
42.76803
42.61922
42.82891
43.41158
44.39229
45.87324
42.6932
43.31586
45.84807
46.02339
44.43738
46.04803
45.99611
45.19876
46.09086
45.08361
46.24609
44.49506
45.37662
46.00192
49.33759
49.59512
51.39894
53.38375
54.24419
53.07996
50.13979
46.04732
46.92985
45.9209
44.73342
46.65076
46.0896
44.14403
44.57741
46.29681
43.52035
42.91242
43.79734
41.83768
43.6343
45.35833
45.8733
46.86462
45.40632
46.78562
46.00177
44.66554
45.06985
44.5384
44.51204
44.70542
44.19579
44.09381
43.79277
43.90587
44.22362
43.50809
41.92642
41.73075
42.05754
42.67576
41.83382
41.57767
41.54137
41.21714
39.86389
38.6209
40.34002
40.42817
40.34978
39.6283
38.74414
39.51241
38.27823
38.28017
37.34787
38.29979
38.72169
38.84648
38.94289
40.66044
40.55345
39.24766
38.27794
38.16839
38.96797
39.24346
39.92444
40.16178
35.89735
35.63837
36.59096
35.26813
34.51707
35.76768
35.18973
33.26045
35.92419
36.22326
36.0615
36.42035
37.03789
35.91924
34.96783
35.897
35.96292
36.57169
37.68812
38.13736
37.35821
38.90741
38.95484
39.15698
38.40705
38.71207
39.88612
39.68226
39.13594
38.5329
36.82682
37.57962
38.52373
41.57045
41.1046
43.40998
41.96125
41.92208
42.64975
40.82624
41.49989
42.32265
42.39445
43.12224
42.57553
42.53697
43.72376
41.55952
41.78918
40.90176
40.01071
41.02333
40.46278
39.96672
39.35358
39.68252
40.82242
40.3661
39.81284
42.04637
41.71887
43.40067
44.75711
45.81547
42.43645
44.05911
45.14937
45.85638
44.25327
42.99664
40.25902
41.19082
41.18216
39.84448
40.83663
40.92794
39.76906
38.45448
37.956
38.05808
38.43575
39.111
39.26784
39.97374
38.51841
38.29401
37.53826
36.62881
36.03421
34.71077
34.77143
34.6738
34.09794
35.36496
33.70541
34.64172
35.41713
34.89404
34.74321
34.88024
34.8149
35.36
35.27564
35.46748
36.11625
35.25936
34.62308
35.31585
35.56369
34.01441
33.86294
34.8241
33.81956
34.20208
34.0491
35.20149
36.6855
36.2852
34.93851
33.8812
33.67947
35.00814
34.26373
35.91971
36.86128
37.1729
36.5305
35.83484
35.25651
36.14326
37.53542
37.32065
37.80571
38.43746
40.2364
41.11998
40.24812
41.86176
39.25442
38.59751
39.07531
39.92347
39.31813
38.41011
37.80547
38.5012
37.34778
35.75729
36.53159
39.61714
38.77896
40.08234
40.39282
40.54378
41.69035
41.29423
41.01537
43.73657
43.86307
41.84479
41.26204
40.7472
40.79574
39.73264
38.63634
39.39716
39.80544
41.1035
40.43252
39.84261
38.79493
37.85582
37.7388
38.58983
36.78403
35.23902
34.97876
33.90723
33.16361
33.63615
33.83001
32.98387
32.69771
34.01769
33.5936
33.63265
33.69466
33.99049
32.73228
33.18952
33.85312
34.34544
33.44889
33.2884
33.62414
31.74525
30.99508
30.97065
30.90506
31.02567
31.64912
31.77788
32.0174
32.15858
32.02915
32.24249
32.72232
32.80457
33.04871
33.47897
32.99122
32.71538
33.32357
32.89268
32.14487
30.69371
29.72999
29.25981
27.66762
28.67802
28.67191
28.75982
28.66257
29.02877
28.90389
28.23423
27.47592
28.30237
28.12554
29.60003
29.16646
28.33365
29.23379
28.94793
28.68666
29.20539
30.00459
29.6148
30.65755
31.34429
31.18493
32.01462
30.81303
32.03752
