30.23169
32.06421
33.30778
34.89971
37.61573
39.04962
39.90631
40.96779
40.34553
41.85264
40.47766
40.94106
42.22637
42.89757
43.72459
44.2854
43.6305
42.58891
42.98362
43.87357
44.14628
42.65522
43.19448
43.43674
42.61578
42.70427
43.63963
42.93985
44.23303
44.41681
45.40314
43.75143
45.6496
44.53713
44.61883
44.36313
43.48799
43.64865
43.14642
42.87841
43.63131
43.32851
43.9033
42.13837
41.95775
42.54624
41.88534
42.00943
42.59098
42.83072
43.72759
43.74572
42.13309
42.45022
43.7856
43.80092
41.36142
41.29475
39.02582
39.47583
40.76998
39.57913
40.52571
41.49503
40.82524
41.68213
42.21394
42.27267
42.49561
42.77833
43.09893
40.53167
40.97345
39.37603
38.09034
39.05621
41.38667
41.77039
41.12353
41.57574
42.30251
42.75697
43.45115
41.80201
42.84271
42.78973
40.72384
39.08745
38.77263
40.00791
39.49142
39.38039
40.9568
39.7715
40.11783
41.48463
41.72811
42.18593
41.86393
40.82118
39.98389
41.74906
43.35556
42.65254
41.43349
40.08109
41.86312
42.95119
43.7294
41.92844
40.75549
39.79112
39.95602
41.22175
41.89604
42.16283
42.7508
43.58352
43.52598
45.20031
44.46336
43.5421
44.84989
43.06826
41.49589
43.01768
40.83209
41.10582
40.95497
41.39502
39.5229
39.73131
40.19912
41.56025
41.15975
42.86336
42.98934
43.28829
44.70622
45.44966
43.8711
45.02859
43.7824
45.39184
45.65548
44.10947
43.90204
45.06483
44.14686
45.45076
45.16715
43.922
44.45301
44.15538
44.00245
43.49698
42.76718
41.19633
42.7461
42.30638
43.05474
42.39607
41.61736
43.83087
43.24516
44.39699
46.26698
45.77502
43.90909
43.91788
41.45289
43.04215
42.65628
42.14329
41.87521
41.77462
41.33778
42.05646
40.25104
42.43761
41.40007
40.34346
41.34962
41.25386
43.89408
41.8861
41.67411
39.62668
39.86249
38.97261
36.70221
36.33501
35.9671
36.9046
38.0454
36.68184
35.74351
34.93454
35.06852
36.28608
36.57383
37.20309
38.71681
36.44497
37.50529
38.74553
39.1329
37.6787
35.98036
36.64056
37.17785
37.3757
39.65294
39.48478
39.10985
40.8149
42.32345
40.95869
41.61408
42.4272
40.25885
40.0014
40.10917
39.37918
39.56752
41.91095
41.70539
40.40875
42.99992
42.71341
41.54704
41.82713
41.3933
40.60514
40.88458
39.60015
38.56217
38.96162
38.80687
39.77264
42.46762
43.29015
42.88198
44.6309
44.95284
45.06141
46.72992
46.72185
45.73857
44.9589
44.47258
45.95417
45.91866
45.32574
46.72814
46.45952
47.1901
46.89978
47.01365
46.05584
44.54176
44.85466
46.25346
45.86297
43.37297
44.96379
44.68454
41.81214
41.7866
42.83326
42.49892
42.14817
42.60571
43.61862
42.11219
42.42328
41.66077
40.13763
37.8392
38.02257
37.8987
37.2739
36.76249
36.33672
38.14141
37.16693
36.44465
37.56234
37.56261
37.37028
36.5416
35.99297
34.13517
34.596
34.09902
33.08729
32.22951
32.54756
32.78274
31.74041
31.14014
30.96902
31.05302
29.70583
28.11222
27.83967
26.88455
26.64626
26.92732
25.65695
25.05093
24.86208
24.51912
25.47138
24.52273
25.40159
26.45199
26.85735
26.51727
25.34351
24.79948
25.10743
25.15789
25.13846
26.03258
27.17383
27.80573
28.52161
27.22715
27.19039
27.98887
28.05465
26.57128
26.66323
25.87894
27.12832
27.16544
27.13574
26.40735
26.96888
26.66733
26.97731
26.01349
26.54979
26.1737
26.27111
26.13868
26.7265
26.27004
26.03706
26.07905
26.1326
26.4796
25.98449
25.64202
26.6964
27.70148
29.0498
29.12973
28.28852
28.48792
27.87858
27.88994
28.44834
28.89492
29.87739
31.53504
30.39103
30.62504
30.12484
30.90825
29.34449
29.67046
28.79774
29.01337
28.29122
28.87612
28.45255
28.52764
29.4794
30.17908
30.95166
32.21994
31.79766
32.16727
33.00815
32.46632
33.12202
32.25926
31.00341
31.98818
32.68728
32.13136
33.6206
33.98287
34.34606
34.09992
33.01946
32.66723
32.96415
32.7917
31.99898
31.81836
31.48479
31.42257
30.81266
30.3399
30.4356
30.46515
31.12094
30.71956
31.63975
32.21047
31.42336
32.15822
30.26632
29.15962
29.68457
29.61118
28.86277
28.60747
27.99692
30.03681
27.82802
27.94186
27.01521
26.52629
26.80113
27.46049
27.86546
27.50909
29.62598
29.47063
29.68926
30.2487
30.78109
31.59326
31.44428
32.89688
32.51918
31.30146
32.79704
33.26977
34.98828
35.95438
35.8606
36.75612
35.50319
37.11174
36.90282
36.69964
36.5053
34.93153
34.01467
33.55284
33.30252
34.13559
35.9501
36.99967
36.94116
35.60693
37.22933
37.05102
36.80649
37.38142
36.37729
36.51642
37.01548
37.11295
37.08753
37.25239
37.41218
37.91684
38.36831
39.90488
38.5447
37.92929
38.7312
39.23613
40.06999
41.22384
40.82502
38.91886
38.47048
39.4485
37.65775
37.98075
37.90656
38.6407
40.33041
40.14938
40.81449
42.47119
41.26415
40.94413
41.50018
43.32733
42.10542
42.37259
41.68665
41.97297
42.29875
39.97
38.0467
39.53108
39.27923
40.01504
38.4191
37.94985
40.77622
40.06307
38.93424
41.46883
41.81406
39.36475
40.52151
41.1161
40.45869
41.22265
41.38251
43.45467
42.81127
42.56534
41.71489
43.12168
44.80368
43.72556
43.69292
45.45239
46.18328
46.11381
45.07878
46.05133
44.49397
43.85825
44.54535
43.30826
44.56739
44.03486
42.98856
44.10061
44.73383
43.99575
43.91112
42.80788
40.02011
39.7632
41.00539
41.61205
40.3037
41.64721
39.89422
38.20493
38.58069
38.46707
36.97729
34.64957
34.93488
34.48089
33.19067
33.47463
34.79858
34.36663
33.00094
32.48085
33.03826
34.34863
32.49277
32.4488
31.71716
32.75729
31.72073
32.36004
34.49243
33.41264
33.88667
34.20521
32.325
31.82041
30.94334
31.3295
30.85224
30.15737
31.87079
31.51425
31.3099
30.42815
30.30577
28.54707
29.19325
28.5305
29.75275
31.00522
30.92576
32.67805
32.61078
33.64638
33.93372
34.65602
32.91463
32.98903
32.81092
31.22625
31.64937
33.55967
33.40777
32.80937
33.77682
34.03332
33.75231
32.25575
33.00994
33.00549
34.58314
34.75205
33.95015
33.51383
33.46172
32.55558
32.57823
32.24681
31.75283
31.94016
31.59539
31.18058
32.32212
30.70269
31.69867
33.22653
33.82824
34.92212
35.68974
36.50002
37.11324
36.56582
34.63586
34.68979
35.26737
34.36276
35.08376
35.09445
35.58781
34.62353
35.26645
34.09501
34.10087
34.14039
34.01275
33.6294
32.37579
33.04181
32.55555
33.93626
34.77881
34.07837
35.62245
36.49241
35.88015
34.95936
35.286
36.34736
36.96543
36.86019
36.87516
35.65969
35.90534
34.43824
34.24217
33.19316
33.91485
33.65834
33.79755
32.97338
32.78808
33.46646
34.96095
33.60885
33.90102
32.90994
31.18053
31.68659
30.60628
31.40572
31.18336
31.45277
31.70994
31.19003
29.96311
30.76927
31.0169
32.21684
33.31154
33.1111
32.87206
31.20371
32.35032
31.7937
31.86717
32.91221
31.33703
32.80271
32.24959
32.05308
33.39023
33.62848
33.03143
33.85174
34.77831
35.4114
34.49364
35.59855
35.32989
36.44918
34.59574
35.75335
35.64706
35.92249
36.71195
34.99335
35.20851
35.39766
34.33035
34.17911
33.3405
33.02012
33.24412
33.77668
34.00395
34.09802
32.54522
32.27807
32.73816
32.99765
33.56135
33.61392
35.19297
34.81616
35.24423
35.83841
35.63331
35.07407
36.42201
36.69812
36.43603
35.54514
37.45114
36.66705
37.33146
36.58536
37.99713
39.27708
38.95097
38.88192
39.13416
39.49129
39.09264
40.37727
40.54242
40.55359
41.0951
39.47575
38.8403
39.72254
38.45887
35.21385
35.72232
35.9067
35.1502
36.9731
36.66399
36.50668
37.9014
37.52454
37.60218
36.72794
35.60554
36.3806
36.8813
37.56857
37.70287
36.77216
36.95941
36.3832
37.53485
35.80784
33.9625
33.51731
32.58484
33.10834
34.53903
34.38534
32.96084
33.03013
33.53325
33.05374
33.81579
33.12948
32.57598
32.88843
33.16238
33.27297
32.71375
33.50854
33.29232
32.43606
32.42367
32.07943
31.90128
33.08785
33.07614
32.06283
32.58368
32.04947
32.65614
32.19423
33.5366
31.11772
30.31026
30.46798
30.37312
31.25365
30.11066
29.83543
30.20301
29.93499
30.79717
30.71287
31.57151
32.95194
33.38141
34.68968
34.96752
34.69194
34.95389
35.50143
35.82427
35.03252
36.42651
35.5971
34.88753
34.51361
35.07396
34.44341
34.04273
33.97112
32.83939
32.33431
32.68972
33.52505
33.82171
33.80507
32.78597
32.21377
31.33468
31.67754
31.25437
30.28168
28.79039
28.09131
28.03476
27.63126
27.16167
25.51562
26.25273
26.332
25.56729
25.8673
27.17247
26.72915
26.22115
27.88938
28.27254
28.1276
28.44868
27.78613
27.64954
27.81926
27.81156
27.3721
26.17103
27.22385
26.13892
26.23299
26.24669
26.47992
27.69994
28.96774
28.8554
28.11115
27.10926
28.58107
28.7571
28.70386
28.09237
27.95888
28.05633
29.10615
30.29424
30.4542
30.84598
30.40029
31.55462
31.82086
31.79026
31.38743
32.4047
31.44469
31.61807
31.7807
30.84073
29.4499
28.93326
28.17485
29.45271
28.77174
28.64932
27.85496
27.99719
27.73676
27.72063
28.19897
30.13707
29.89142
29.88282
29.11806
28.35275
27.7873
28.76482
28.86802
29.40923
30.92525
31.39777
32.32007
32.85335
33.32843
34.53967
34.16852
33.32364
33.40229
34.23035
34.54544
35.9389
36.12663
35.31847
36.87703
36.14066
35.49763
34.81845
34.51933
34.7806
35.78982
38.35026
39.56447
38.08159
38.24447
37.13998
35.96827
37.43624
37.25084
36.82642
36.53469
35.77172
34.21242
33.85296
34.33345
34.20106
34.29039
34.17745
34.18581
32.95008
33.97191
34.41247
34.89765
34.73581
34.88881
35.36977
35.51942
37.65256
38.22036
38.8948
39.37184
38.59767
37.99001
37.50596
37.85415
38.73434
36.50852
35.59868
35.17854
35.86478
36.34357
36.17629
36.77974
36.27567
34.97588
36.58682
34.79754
36.16314
35.67247
35.39923
34.56041
34.52378
36.42862
34.75225
34.93984
35.0057
35.90139
35.97796
37.17745
38.06182
39.63751
39.48148
39.48532
38.3567
36.55012
38.18141
39.35604
36.98498
36.93781
36.11809
35.81069
36.45213
36.35942
35.43013
34.93673
35.26421
34.90616
34.22688
34.37295
33.95428
35.86485
34.52067
35.6819
35.19106
36.26116
35.05238
35.97426
33.87498
34.73255
34.89666
35.83423
35.25618
35.56858
33.62302
34.03258
33.17178
32.16803
32.90517
33.16326
32.87051
33.66189
34.58554
34.91142
37.17346
36.18259
36.85161
38.0198
38.27423
37.83994
37.66035
37.3771
37.10084
37.41956
35.87184
34.04827
33.93769
33.09947
34.45482
34.948
35.87775
36.67391
37.48822
36.51441
35.61737
35.62237
36.74054
37.72286
38.01489
36.48699
35.09577
33.6585
34.54746
34.8549
35.59851
36.19534
36.48086
37.23922
35.75506
35.04181
36.557
36.59158
35.19998
36.7202
35.74582
35.75426
35.31988
34.59352
33.42688
32.48344
32.37441
32.11098
31.20632
32.67271
32.8749
32.60094
33.09343
33.14537
33.42961
33.48178
33.73211
33.67303
33.12307
34.12912
34.26705
34.53033
33.9937
34.83584
35.93694
37.68038
37.14287
35.46536
36.05173
34.09748
35.33202
33.99649
33.74736
33.15516
32.07751
31.28916
29.94146
28.79427
28.33401
28.67377
29.28379
29.65803
30.4346
29.66593
30.50103
30.06642
30.14314
30.29118
30.88762
30.4999
30.8503
31.17023
30.05193
29.20216
28.97694
29.87498
30.15806
29.02029
29.08844
30.13756
29.21956
30.03769
28.83634
28.70562
29.24007
28.40307
27.81165
27.60501
27.59875
28.04703
28.14794
28.99315
29.73718
28.41134
29.39525
30.00407
30.61154
29.83466
28.78974
28.35102
29.60777
27.02192
27.52744
28.15598
29.90734
30.41441
30.94412
30.56719
29.47429
29.85891
29.20618
31.25463
30.96916
30.80281
31.77299
31.49014
31.15691
32.0251
30.22867
29.93799
30.62766
30.40565
31.00071
31.27421
31.36939
31.44713
30.71531
29.65535
30.41498
30.37854
30.73887
31.67973
30.39117
31.00677
31.64727
33.25454
32.29465
33.04637
33.93519
34.29321
33.86249
31.77362
33.3163
31.96142
33.4135
34.5082
34.87076
35.81231
34.91842
35.50944
35.93798
35.88708
35.05283
35.25732
34.8014
34.34664
33.22801
33.80039
34.73486
34.71527
34.80978
35.76851
37.22713
35.88286
37.21621
35.05263
36.41069
36.37443
38.221
37.64226
38.32466
37.2346
36.90932
37.14899
36.73179
36.93572
36.84278
35.85017
34.89248
35.95712
35.86715
36.42437
36.6518
36.79353
37.54358
35.96811
36.14793
34.45535
34.79028
34.70049
33.65456
34.27232
36.31999
36.41026
36.00098
34.8234
34.50894
34.60106
34.2232
34.09637
34.36795
33.86068
35.34745
34.68338
34.60278
32.75944
33.18645
33.33547
33.96828
34.45316
33.03914
32.65242
32.17838
32.74882
32.096
31.7463
33.14043
33.30232
33.88657
33.24994
33.07762
33.87578
33.05657
33.56653
34.44815
32.97137
34.5539
34.30958
34.34197
33.50646
32.12502
33.6813
32.50909
33.50348
32.54742
32.91998
33.56883
32.93569
33.65646
34.89143
34.31969
33.2222
33.30362
33.0791
34.82287
32.76102
33.03689
31.36993
30.5322
31.45177
30.11455
31.35984
31.32398
31.16105
31.83193
30.87601
31.72994
32.2991
33.61269
33.86507
33.95345
33.9251
35.12722
35.53453
38.08191
37.59006
37.3268
37.04493
36.23597
36.40936
37.20559
35.62004
35.4979
35.55272
35.50462
35.24771
35.5848
35.95002
37.03848
38.79576
37.51499
39.79134
40.52889
39.17922
40.1201
40.79209
39.30377
40.16065
38.41597
37.04014
36.91773
36.51709
38.27734
38.71038
38.18463
39.13336
39.41902
39.57633
38.44892
37.55145
39.14333
40.12639
39.55216
39.42126
39.07021
38.65274
38.80687
37.21129
36.71925
36.85876
36.01112
36.44202
34.87509
34.5606
36.67886
37.1982
36.18055
36.57179
34.90858
34.89376
34.61403
35.55273
36.92204
37.37122
35.47313
35.1388
36.89776
36.87845
36.64827
37.95897
36.11582
36.05718
35.05837
33.83072
33.72405
32.77772
34.58519
33.62631
35.37033
36.27543
35.26004
36.39263
35.79748
35.29918
34.71682
34.3877
36.15
35.62719
35.98493
36.55764
36.53668
36.38466
38.53216
38.32701
38.82501
37.5788
36.60493
38.14804
38.48436
38.22942
40.00477
38.332
39.7848
39.59283
38.48109
39.04292
38.61068
37.43967
38.09463
37.655
37.71015
37.17554
35.17428
36.53803
37.52434
37.36947
36.03498
36.76209
36.06086
36.34355
35.26078
35.67688
37.36743
38.78426
38.00199
38.06388
39.09249
37.40188
36.65122
36.97257
36.2732
37.69446
37.33638
38.60879
39.19683
38.30255
38.68654
38.74299
39.00122
41.2989
41.20988
43.02287
42.97999
42.93524
40.44068
39.36837
37.62838
37.06126
37.949
38.06729
38.12834
39.87728
39.70033
37.9676
39.38777
39.43296
40.21436
40.65188
39.44148
40.06376
39.94608
40.34378
41.08058
40.00454
40.54231
38.84795
38.51614
37.09792
38.1161
35.52733
34.78536
35.63083
35.58499
35.70202
34.56875
34.6343
34.92512
35.06284
34.49534
36.25665
36.13555
35.44897
34.46061
36.31846
35.4314
35.14759
35.80482
34.8387
33.54621
33.91989
32.8278
33.36423
34.88378
34.45451
34.3805
33.53126
32.78441
31.90444
32.09044
31.83897
32.4383
30.22347
30.07748
30.46814
29.70587
30.3591
31.37226
31.52473
31.36182
31.97952
32.30801
33.35994
33.61844
34.43829
34.55445
33.19599
33.59007
34.15903
34.48904
33.61467
32.00313
32.54806
32.93111
30.92254
30.88977
30.96043
30.75035
30.69154
30.76283
30.33108
30.57135
31.51902
29.98877
27.27028
30.29071
29.93047
29.29078
29.24911
29.90284
30.42716
30.04795
30.86815
33.62674
32.6888
32.13538
32.05034
30.9369
31.12688
29.90755
30.42955
30.8075
30.02628
28.48046
28.01511
28.64339
28.97352
29.03316
29.42449
30.14175
29.16009
28.30776
28.04293
27.43873
27.25134
27.87953
26.71836
27.25326
26.77901
26.53291
26.54109
25.93666
28.34011
27.34449
27.98042
27.54679
26.54271
27.50777
28.64106
28.76332
27.37211
27.09718
27.92699
28.88065
27.39179
27.34223
27.41135
27.65293
27.47172
27.5374
26.79338
26.61226
28.37048
28.37622
28.28615
28.434
28.52045
28.49403
30.08101
29.65507
30.05251
29.63383
30.37393
31.69239
31.5551
30.84002
30.35619
30.13508
30.16104
30.80032
30.62578
30.66937
31.42226
30.42928
30.40829
30.12035
30.42166
29.6968
30.39082
29.3425
30.17085
31.21032
30.25935
30.75303
29.64805
32.09142
31.97665
31.51281
30.93641
30.01867
31.59281
31.71904
31.75695
32.59046
