122.844
129.731
120.0563
96.9512
108.3466
95.30939
106.6212
123.4803
105.6755
90.58887
96.80256
122.8867
117.6076
121.9474
133.8552
109.1312
99.44627
107.6751
110.3179
121.1775
105.1159
114.5007
119.2182
108.0785
119.8679
115.9703
118.8023
116.9973
123.7308
126.8673
119.8258
105.5969
107.0937
106.0967
123.983
110.7057
108.0646
112.9686
113.6054
104.1749
101.5688
111.1275
113.0403
103.1136
97.70931
128.1944
113.9969
95.13008
99.65258
103.3861
113.1094
100.5525
101.2041
99.57778
98.38611
106.9715
97.10597
95.5235
107.5624
110.2432
117.5992
114.6399
112.6858
105.4781
111.7999
102.3617
112.047
117.6887
112.2297
112.3753
123.5535
108.9313
111.239
105.301
110.1053
106.1211
116.7899
123.3497
98.42397
113.3094
106.0129
113.2937
123.2403
115.655
117.65
114.4676
102.0684
109.0027
108.5516
118.896
103.0885
112.1108
110.521
112.5282
112.153
126.5122
110.6069
125.5156
104.2658
111.815
105.2359
100.7687
96.97756
116.68
96.93192
103.9535
111.9035
115.0665
116.187
113.689
128.7016
103.413
103.3804
103.7084
109.0315
110.6918
108.9809
116.2954
103.2207
112.8122
143.3523
132.5296
107.3573
116.3098
122.5437
119.5195
111.2283
108.1233
128.1726
119.0914
130.9595
99.55925
111.1234
106.91
98.71571
109.01
110.3683
107.8822
122.5933
109.7254
103.1511
120.2944
102.1066
118.3349
113.04
114.1301
109.6442
110.35
109.832
111.9772
118.5181
93.79897
103.1388
106.5097
108.6099
103.0908
106.0516
124.5788
115.3469
127.6311
118.1683
123.6967
144.1122
112.962
105.7689
109.7297
110.3805
99.36597
115.2173
98.15191
106.5773
120.8129
109.5917
112.0785
112.332
114.1926
124.8779
104.3652
112.095
109.967
110.2485
110.1782
123.61
131.1511
134.2689
117.8651
119.4983
118.6959
104.1745
108.0338
98.76137
104.2096
110.0959
111.7125
121.4836
126.7324
113.2347
121.0738
120.3233
104.5754
103.5442
102.3362
118.7314
103.8373
109.8386
116.4934
121.95
115.6703
101.0224
114.2892
107.5496
130.0444
120.7144
103.6857
123.8014
101.4893
114.514
133.4625
118.6092
116.2534
106.2267
127.7171
102.1896
115.2106
100.9704
113.2316
128.2864
118.8589
109.4887
118.0352
110.6821
114.5355
95.18502
110.2661
104.8621
106.9593
123.6776
114.3545
107.7655
106.5506
120.1288
103.8202
96.11153
94.16962
109.0717
112.3166
114.6359
91.55137
98.96942
109.0889
98.58747
109.3929
113.5676
107.3431
112.3497
113.4514
109.6338
123.4689
109.9258
105.1447
124.8685
132.0046
122.4878
129.1572
107.6642
121.0699
119.493
100.2665
91.2558
111.7357
107.0074
95.70912
111.9896
96.26137
111.2749
118.827
109.1777
103.8567
111.2276
111.3792
124.2087
115.8155
110.1927
122.8551
105.3217
103.0535
111.6265
109.3336
117.341
99.05656
102.2263
107.0888
110.9957
111.0327
106.0649
114.2126
108.5091
119.8558
99.59999
105.3875
98.3036
107.9024
110.9036
123.3851
99.77029
112.5112
106.7917
107.8621
126.4577
105.9008
119.4005
116.9448
125.3236
118.649
138.6384
104.1366
107.9947
98.04702
100.8683
107.8826
104.9628
119.2804
116.7184
120.6799
100.7682
125.4614
119.0753
110.4475
123.3136
115.7885
99.66199
97.36848
109.0861
106.5506
117.3066
95.75457
113.4893
108.7631
110.6046
113.9953
133.3561
117.6475
110.977
105.4324
121.0606
108.479
111.4776
103.1967
114.461
108.5559
100.8093
125.9322
113.3708
126.9289
120.3194
107.5154
128.164
94.4149
100.156
104.9523
120.7533
110.2571
108.4837
107.9249
108.5462
123.7954
109.4801
125.1678
110.4708
116.8945
115.443
128.0013
114.5926
113.0859
101.2946
118.3189
106.0092
110.6463
108.8038
121.2103
128.7014
126.0999
114.9457
112.9476
111.0397
94.95466
119.8832
114.1044
99.36676
122.7431
125.1384
109.6282
106.6395
120.8501
104.2085
102.4576
97.31731
109.6721
116.512
117.21
98.25379
99.11658
105.2766
109.7437
106.2768
108.4858
116.5013
113.3587
100.086
107.3763
103.604
119.7745
109.1762
108.9312
107.7724
108.5954
105.5089
109.7324
98.80987
103.0515
109.5879
89.33784
107.0623
110.8871
109.4856
111.4801
138.546
131.5199
119.8727
109.5137
116.9527
103.9785
103.3052
123.2531
117.4384
120.4893
113.4324
109.0397
102.5414
120.0647
94.66587
100.1998
95.54698
109.1783
122.1732
99.52217
114.3298
123.5055
118.0648
108.2692
106.6084
112.7801
111.5667
116.8234
114.2588
111.4861
105.7394
111.8351
121.3542
93.22583
116.868
119.1719
98.11442
106.815
111.6214
101.1037
123.0281
113.9194
102.361
106.2561
102.6852
102.5683
115.0537
102.3621
115.0126
119.9341
108.1111
104.4483
107.0607
108.7688
112.5776
121.7204
100.7815
116.7444
116.307
108.3756
117.9848
110.1387
122.1215
118.6913
108.6311
111.5635
120.6056
113.646
114.5018
114.4231
114.2469
120.4421
102.1433
130.1404
128.6067
129.1906
135.9277
111.1367
111.5148
105.8696
107.325
120.0966
130.34
123.4824
110.8388
91.28636
104.0461
111.9266
128.5069
112.234
107.7875
99.84053
114.6285
115.288
116.3997
132.3455
121.2805
117.8189
103.7265
121.8124
112.6929
107.9375
108.1262
121.223
107.2215
117.0877
104.9803
121.793
119.217
99.72252
109.5644
107.4
102.7577
105.6599
99.58846
102.9385
116.4649
124.2088
109.3335
109.3405
118.3173
115.4186
106.0762
114.1828
139.3606
110.9629
108.2096
106.1762
114.4088
99.32574
106.8703
126.6481
110.2534
109.4321
96.59559
119.7944
116.7059
114.9368
119.066
127.7506
112.5821
96.26739
101.3193
108.599
128.0633
132.4211
104.8959
120.737
97.53887
109.5681
110.9575
105.0539
99.79865
106.3397
115.4277
119.1843
103.8835
103.3389
116.6757
106.4894
114.3359
112.96
127.2054
112.6299
125.3019
97.27738
116.712
124.2196
105.8472
113.8045
100.4237
100.5035
114.2029
121.6703
133.7288
102.0814
114.3847
114.0799
104.1547
116.9305
118.2147
113.6752
120.4814
107.5537
133.1325
102.9109
115.4592
114.0274
101.0325
116.0235
101.3424
103.0497
117.2483
120.5922
119.8893
124.753
90.08225
110.9735
94.3593
118.5292
111.7873
115.7677
103.8679
113.1986
113.4817
112.0203
103.4886
114.913
113.6181
114.7913
108.6383
99.19153
96.1269
114.6594
104.8055
97.53987
103.3581
107.2022
122.5295
104.8967
97.07042
111.4285
96.67857
98.41253
102.2742
119.8604
111.2519
103.6731
110.8655
111.784
99.78141
102.3459
106.5008
101.8802
122.2689
104.8456
104.463
108.4206
96.86197
108.6746
94.16234
118.9558
121.3719
107.2967
118.0334
108.2489
122.9491
124.2595
108.0059
114.6946
130.8213
127.6573
109.9307
113.979
109.7257
106.6934
122.3426
121.7939
111.4247
111.685
113.9988
113.6596
124.849
116.2805
111.3852
111.4133
112.0503
105.4941
101.8544
107.0135
115.8625
117.2501
108.9709
104.9915
116.6132
96.81003
103.9832
118.65
119.3765
132.2833
112.9485
112.9726
114.837
118.4527
120.2978
99.95012
115.4781
137.4002
110.2043
107.3938
109.7474
125.3625
107.8451
110.5181
105.475
107.5173
121.9219
117.8349
115.4805
109.791
119.9274
114.3606
108.5685
110.1078
115.2824
110.4996
114.8191
101.0584
107.9002
104.1514
114.1073
117.6687
109.6811
112.332
111.9933
102.8031
132.2401
112.7547
103.0127
95.57461
114.8904
119.8614
102.6304
118.417
110.6862
107.0675
124.4006
119.2145
104.8223
103.7177
109.2313
114.8632
102.4109
104.2931
105.1272
123.1132
110.7882
115.5868
105.7236
118.9184
118.1626
123.432
106.0867
112.1014
99.29977
109.1584
110.9134
108.9297
109.6421
108.7243
122.1088
106.7996
104.5214
115.0609
113.7641
115.5016
105.5755
97.92076
105.1158
120.8113
110.8725
115.8432
93.10747
112.8971
106.1557
93.04526
113.3261
116.1353
111.3609
111.729
112.8074
108.4847
127.3165
115.8505
116.7611
122.5624
105.408
97.86836
101.1396
108.1779
122.693
116.2387
101.8239
100.3839
105.5495
118.0805
108.4946
117.8264
98.7968
120.6587
102.1555
127.083
95.51166
115.1315
119.733
102.2925
103.7093
120.7107
99.49272
101.0402
110.7783
112.7162
103.6185
102.9448
98.74738
106.3556
105.1488
112.4142
97.77084
112.4937
112.0709
110.5939
110.3579
102.1292
108.4945
104.8103
94.41314
110.5371
118.3747
122.609
107.2171
121.4086
112.0856
112.6867
113.8677
131.0008
108.7244
114.4946
123.9184
94.1531
103.1065
102.1742
103.2623
110.348
112.9147
116.184
110.4322
132.183
115.7014
99.09142
111.1634
111.2586
117.6087
126.1701
117.5008
118.4692
114.3016
117.1651
119.4835
105.8375
113.4201
116.2732
127.473
122.6711
127.8237
102.0493
104.3279
108.0156
112.286
103.6193
110.8984
94.39478
132.7172
109.5952
106.0984
106.2055
112.1687
127.5624
104.3546
115.5369
115.7198
113.4976
104.9166
118.8976
117.4995
104.762
119.5798
123.2443
104.953
115.6389
102.7422
136.8099
125.4545
103.4593
114.2949
106.1958
92.36111
118.3797
100.5603
118.1895
123.444
114.3156
104.6339
119.9394
108.3104
107.4825
105.7053
112.6401
118.149
86.24833
109.4036
120.2664
109.7705
140.0213
111.1133
111.1386
110.9172
112.928
110.1169
108.9105
112.5762
102.3121
106.4136
103.7573
128.1301
115.9224
102.6028
100.0733
111.1118
109.0978
112.1691
110.4582
128.9326
119.0072
90.49151
117.2449
105.3662
120.5126
115.9552
114.1091
109.7953
114.1991
112.1824
123.0482
113.2212
118.8835
104.9724
114.7095
114.7427
116.052
114.0907
107.2284
118.351
105.6962
100.1234
110.7662
103.022
102.1863
108.2243
108.7567
117.9049
109.3386
97.45476
103.5351
117.712
102.5143
107.3355
103.4658
103.3173
95.27869
102.8893
103.9301
102.9298
102.9664
126.8661
101.9854
110.7974
110.5149
110.4832
117.9585
109.2445
117.0169
124.4659
109.7642
