1.503997
1.46159
1.414011
1.340385
1.314045
1.27406
1.212598
1.119415
1.060179
1.05346
1.053821
1.04934
1.028931
0.9767111
1.004264
0.977443
1.03072
0.9879962
0.9847628
1.023816
1.030131
0.9634885
0.9437077
0.9294829
0.8977479
0.900324
0.8947865
0.9281436
0.9312657
0.9894742
0.929209
0.9388133
0.94049
0.8714451
0.9041673
0.8709304
0.8909136
0.9007697
0.8947596
0.8172241
0.8104608
0.7891881
0.7828424
0.7838064
0.7799053
0.7722156
0.7903032
0.7826842
0.8265103
0.8684549
0.813846
0.8273055
0.8454627
0.8467569
0.8711698
0.8650435
0.8503528
0.8511258
0.8811142
0.8263704
0.8058551
0.7715208
0.7727578
0.8227066
0.7878902
0.8034964
0.7524702
0.7409636
0.7145665
0.7190131
0.7444355
0.7272957
0.7689133
0.7527175
0.7504924
0.7864346
0.737248
0.7234289
0.704181
0.6800727
0.69883
0.6851998
0.6524881
0.658026
0.6496468
0.6536479
0.6684765
0.6652251
0.6831616
0.7034519
0.6745622
0.7244793
0.7294607
0.7529682
0.7754445
0.7747522
0.7710344
0.7732877
0.7875737
0.7779382
0.7786851
0.829688
0.8799323
0.9361988
0.9805009
1.008034
1.016983
0.9916921
0.9769837
0.976961
0.9451388
0.9275929
0.8999896
0.8895249
0.8510467
0.8612548
0.8598645
0.8539939
0.8479197
0.8251346
0.8212948
0.8108707
0.785749
0.8239962
0.8146569
0.8371813
0.8510967
0.8247794
0.8257353
0.8684712
0.8555547
0.8422647
0.8272076
0.8564159
0.8619233
0.8488618
0.8752765
0.8694427
0.8249167
0.8731555
0.8310997
0.7961224
0.7945643
0.7877438
0.762021
0.810504
0.8727225
0.9172857
0.9021889
0.9279784
0.9658559
0.8950635
0.8744268
0.8414185
0.9244533
0.94078
0.8792603
0.8075759
0.8058026
0.8334763
0.8179023
0.7647118
0.7566707
0.801011
0.8259877
0.828118
0.7913074
0.7485396
0.7736596
0.780197
0.803763
0.8343445
0.8285837
0.8404251
0.8208554
0.8426739
0.812739
0.8667037
0.8172318
0.7942044
0.7704975
0.768013
0.7572874
0.7265537
0.7715358
0.7606887
0.7901374
0.7834603
0.774375
0.74267
0.716259
0.6840666
0.6498752
0.6889449
0.7172235
0.7026435
0.7095016
0.6860256
0.7080283
0.6865894
0.6578392
0.6869863
0.7195839
0.7499061
0.7612398
0.7367906
0.708947
0.7785624
0.7659573
0.7808071
0.7664171
0.7253725
0.6990768
0.7161936
0.6960794
0.7337077
0.7353848
0.7290884
0.6813465
0.6936597
0.6567387
0.6850457
0.656341
0.6572533
0.6925192
0.6808662
0.6541065
0.6673945
0.7021832
0.6960922
0.7122379
0.7124576
0.7319515
0.7219484
0.7524656
0.7648428
0.7205598
0.71765
0.7321536
0.7546705
0.7588103
0.7830913
0.7904463
0.7548252
0.8097233
0.8304694
0.8586656
0.8871363
0.8878317
0.8782315
0.878193
0.8619701
0.8439377
0.7991967
0.7678605
0.7937796
0.7382863
0.7421893
0.6701286
0.6583084
0.65909
0.6638776
0.662898
0.6708569
0.6935039
0.7024566
0.7147355
0.7195385
0.6585483
0.6867035
0.6467244
0.6723978
0.6703782
0.6463153
0.6503478
0.6501427
0.6381835
0.6427414
0.63718
0.6464851
0.6105952
0.6012925
0.6102961
0.622814
0.6117305
0.616127
0.6139229
0.5981403
0.6036307
0.6294635
0.6266731
0.6137172
0.5733266
0.5470112
0.5370278
0.5399765
0.5271009
0.5263163
0.5089185
0.5419677
0.5615679
0.5553719
0.5644321
0.5502313
0.5409099
0.5645081
0.5531156
0.5349766
0.5238011
0.5278175
0.536241
0.5626093
0.5487042
0.5653337
0.5376395
0.5030123
0.5080096
0.5154316
0.520977
0.4929258
0.4813914
0.4906837
0.5155637
0.5346644
0.5230924
0.4991901
0.5314688
0.5306683
0.5547523
0.5499247
0.5631341
0.578269
0.6163436
0.5969179
0.5701101
0.5481341
0.5699817
0.574752
0.5651876
0.5375577
0.5377666
0.5509132
0.5796564
0.5711577
0.5534324
0.5461935
0.5315262
0.5644194
0.6127868
0.618228
0.6124101
0.5874129
0.5951752
0.6372954
0.6345755
0.6447222
0.6054623
0.6312682
0.6189987
0.6694368
0.6060305
0.5894303
0.6042671
0.6389297
0.6269391
0.648049
0.6180594
0.6038137
0.5975981
0.6249461
0.6593822
0.6597098
0.5954049
0.5928946
0.5796972
0.5589455
0.5683944
0.5878099
0.5897427
0.637728
0.6523013
0.685873
0.6705156
0.6908091
0.661376
0.6679931
0.5959231
0.6050996
0.6020389
0.6092103
0.6131273
0.6171562
0.6754174
0.6784857
0.718179
0.7401699
0.6953868
0.6882787
0.6920596
0.6686737
0.7125958
0.6898289
0.6912288
0.6790521
0.6798044
0.6442894
0.6766825
0.6832069
0.6957679
0.6535188
0.643395
0.6645204
0.665083
0.6459648
0.6245725
0.6436352
0.6623739
0.6608344
0.6279687
0.6094719
0.6224701
0.6074437
0.645436
0.6159741
0.6237302
0.6270943
0.6192706
0.5954305
0.5991084
0.5743413
0.5576882
0.5641562
0.5262985
0.5296401
0.5402262
0.5420165
0.5627732
0.5867435
0.5943356
0.6133946
0.6225516
0.6244594
0.5974583
0.5839249
0.5678225
0.5720402
0.5692574
0.5522126
0.5615575
0.5997635
0.5796581
0.5806091
0.5582862
0.6074652
0.5957576
0.574722
0.5762273
0.5551957
0.5504698
0.5602171
0.5831168
0.5806158
0.6213757
0.6279692
0.646071
0.6475283
0.6516039
0.6600286
0.6627576
0.6132175
0.6249664
0.6279075
0.6350867
0.6217983
0.5992445
0.6081459
0.5809932
0.5658363
0.5783949
0.6003817
0.5855639
0.5800634
0.5702615
0.5525983
0.5803605
0.5965063
0.5702212
0.5595186
0.5242227
0.519576
0.4828969
0.5009589
0.4855344
0.5181553
0.4961599
0.4877452
0.5230994
0.5359711
0.5133674
0.4880478
0.4800639
0.4751005
0.4705948
0.452473
0.4232755
0.4311524
0.4263938
0.4364814
0.425964
0.4311291
0.4388894
0.4256552
0.4231354
0.4260604
0.4366621
0.455919
0.4333413
0.4257407
0.4441135
0.4397607
0.458481
0.4523663
0.4691462
0.4828542
0.4603898
0.4857429
0.4904202
0.5093207
0.5311331
0.5486931
0.538183
0.5377781
0.5633316
0.5666286
0.5847198
0.6114502
0.6147641
0.6364027
0.6237845
0.5644407
0.5689113
0.5774476
0.5619716
0.5428392
0.5197965
0.5073162
0.4938429
0.5036867
0.4786789
0.490626
0.4741842
0.4624633
0.439542
0.439518
0.4364439
0.4361857
0.4505667
0.4413893
0.4609041
0.4870827
0.4806179
0.4965578
0.4989642
0.4934702
0.4753571
0.4730762
0.4761701
0.4702064
0.4710769
0.4758691
0.4694595
0.4605912
0.4571925
0.450933
0.4384204
0.4309002
0.4335351
0.4338212
0.4488633
0.4441054
0.4475633
0.4344091
0.4251711
0.4123019
0.4120517
0.4198761
0.4438996
0.4181039
0.4010421
0.3989253
0.3986185
0.3994128
0.3690641
0.3717037
0.3775358
0.3683231
0.3805754
0.3973954
0.3891345
0.3892633
0.4048077
0.4171135
0.4263963
0.4161202
0.4220727
0.438522
0.428045
0.4558037
0.4416754
0.4414117
0.4218314
0.408591
0.4388274
0.441051
0.4261464
0.4291513
0.4505587
0.4294763
0.4323895
0.4156275
0.4041819
0.4368958
0.4617903
0.4536667
0.4486054
0.4537322
0.482343
0.490107
0.4867843
0.5146267
0.5235053
0.5208733
0.5226904
0.5319978
0.5479875
0.5662801
0.5650596
0.5675437
0.6089143
0.5932394
0.5680141
0.5481074
0.5292962
0.5090444
0.5301253
0.5220353
0.5346635
0.5607362
0.5903598
0.581755
0.5518691
0.5528147
0.5690873
0.564612
0.5868633
0.5869564
0.5781514
0.547269
0.5236131
0.4968517
0.5238364
0.4945305
0.5289386
0.5346206
0.5624316
0.538965
0.5588008
0.5632552
0.5297767
0.5266834
0.5194203
0.5402087
0.5021032
0.5359509
0.5236045
0.5183561
0.5168956
0.5243753
0.5144475
0.5077197
0.4930097
0.4730951
0.4882042
0.497084
0.5206957
0.5153471
0.5246344
0.5465203
0.5387421
0.5607962
0.5621828
0.5701697
0.5547936
0.5079594
0.5051967
0.5164085
0.5129915
0.5075538
0.5039319
0.5349717
0.5179999
0.5298679
0.519221
0.5412185
0.5250725
0.5022244
0.5156851
0.5080267
0.4880637
0.4782021
0.486873
0.4838473
0.5091611
0.4937568
0.5099843
0.4847531
0.5159029
0.5047449
0.5096434
0.5090176
0.5042214
0.4925351
0.4788365
0.4647451
0.4750197
0.4407831
0.4495639
0.4413714
0.4528373
0.4557865
0.4350884
0.4320224
0.4130374
0.3962585
0.3825242
0.3701652
0.3768664
0.395057
0.4028182
0.4117451
0.4188112
0.4179696
0.4005824
0.4039491
0.3877031
0.3969585
0.4177363
0.4017634
0.3805526
0.3760911
0.357328
0.3347947
0.3222858
0.3173799
0.3171728
0.3129376
0.3335618
0.3279925
0.3433333
0.3387684
0.3200043
0.3249001
0.3369565
0.3629628
0.387248
0.381428
0.3938465
0.3876116
0.3928149
0.3918101
0.3665387
0.3754064
0.3367464
0.3708479
0.376167
0.3615668
0.379762
0.3461727
0.3663465
0.3598656
0.3658464
0.3469453
0.3648658
0.3645112
0.3718621
0.3726657
0.3753264
0.3769014
0.3965169
0.3840635
0.409573
0.4180494
0.4081871
0.3839739
0.4052712
0.4274213
0.4352374
0.4279867
0.4564857
0.4311135
0.437597
0.4329009
0.425611
0.4247253
0.4349379
0.4550231
0.4430435
0.4234092
0.3979199
0.4097475
0.396775
0.4135088
0.4005149
0.3731427
0.3551198
0.3592764
0.3782327
0.3836602
0.3685269
0.3695722
0.3495816
0.3543348
0.3637438
0.3631051
0.3680883
0.3799987
0.3987108
0.39787
0.3855247
0.3757801
0.3688902
0.3586937
0.3526098
0.3338608
0.3522258
0.3694626
0.3638708
0.3851812
0.3819727
0.4006639
0.3890628
0.4180211
0.4353254
0.431663
0.4198954
0.4096149
0.4094206
0.421286
0.4400524
0.4433733
0.4521274
0.4267868
0.4211745
0.4229612
0.4168151
0.3955331
0.3727674
0.3777958
0.3852559
0.4069676
0.4083255
0.4190431
0.4280624
0.4326846
0.453291
0.4574645
0.4388421
0.4548429
0.4431017
0.4475587
0.4362231
0.4489271
0.480021
0.4695417
0.4599909
0.4450564
0.4439165
0.4327543
0.4405706
0.4288234
0.4162837
0.3711059
0.3728735
0.3869392
0.3914162
0.404508
0.3888556
0.3872951
0.4015512
0.4183094
0.4258896
0.395804
0.4053213
0.4005309
0.4000675
0.3860953
0.369675
0.4098154
0.395625
0.3887061
0.3905367
0.3909737
0.4259417
0.4493775
0.4358057
0.4414603
0.4666438
0.4643848
0.4913801
0.4941571
0.4929036
0.4832603
0.4698859
0.4728735
0.4574509
0.4285811
0.4393034
0.4126115
0.3958717
0.3964154
0.4092248
0.4254702
0.4155949
0.4197645
0.4163023
0.4188159
0.4230974
0.4351688
0.4429162
0.4836004
0.5128484
0.5161247
0.5108165
0.5063325
0.5055052
0.5059201
0.4800194
0.4637217
0.4647943
0.4681376
0.472526
0.4683157
0.464594
0.4808337
0.5079798
0.5334509
0.5276903
0.5336547
0.5284097
0.5545803
0.5354389
0.5110386
0.5252514
0.5165763
0.5195077
0.5166028
0.5106479
0.5046843
0.4757511
0.5143837
0.5066021
0.5170948
0.5070688
0.5131216
0.4991495
0.488901
0.4776036
0.4873626
0.4944552
0.4867435
0.4798091
0.4791855
0.4713236
0.5095763
0.5078872
0.5451109
0.5740296
0.5599085
0.5625602
0.5576036
0.5796836
0.5870015
0.5729468
0.583292
0.5557777
0.5337808
0.5590288
0.5547044
0.5709193
0.5716361
0.5715315
0.5876975
0.5773343
0.5142548
0.5118707
0.5444819
0.5465078
0.5779048
0.5742309
0.5573483
0.5579359
0.5432959
0.5672688
0.5740669
0.5952986
0.5702858
0.5492993
0.5193407
0.5112932
0.5373801
0.5585132
0.5216817
0.4990091
0.5040579
0.4918957
0.5091305
0.5310475
0.5111211
0.5091801
0.5089795
0.4857238
0.4718835
0.4559896
0.456422
0.4208601
0.4142225
0.4361194
0.4345776
0.4308989
0.4388271
0.4453921
0.4517911
0.4501645
0.4552837
0.431519
0.4359778
0.4518434
0.4364311
0.450458
0.4637308
0.4966575
0.4834332
0.4955857
0.487805
0.4680872
0.4751332
0.4737081
0.4723497
0.4746976
0.4733331
0.4905519
0.5090554
0.5110136
0.4824074
0.5076317
0.49114
0.5074894
0.4741328
0.4588198
0.4592256
0.4649887
0.4713662
0.4728389
0.4764783
0.4868989
0.4771331
0.4880957
0.4696106
0.4775794
0.5121145
0.4833631
0.4908101
0.4951506
0.463788
0.4625925
0.4527941
0.438156
0.4441967
0.4228682
0.3989777
0.4093121
0.4142181
0.4226968
0.4101325
0.4027022
0.403113
0.4270352
0.4303374
0.4479974
0.4510386
0.4643222
0.471759
0.4863953
0.5042505
0.5305147
0.5085342
0.5092828
0.5149394
0.5279331
0.5299204
0.5317355
0.5319547
0.5003568
0.5309902
0.5211319
0.5018148
0.4539113
0.4340961
0.4288619
0.4193843
0.4047844
0.3946116
0.4354135
0.4679544
0.5093434
0.5202749
0.5277506
0.5282158
0.5449985
0.5299823
0.5486232
0.5346566
0.5604115
0.5598683
0.5676203
0.5961912
0.5805748
0.5584721
0.5646959
0.5876837
0.6091349
0.6161611
0.6108769
0.6430869
0.6281592
0.6410442
0.6213295
0.6601521
0.6297751
0.5850352
0.5669758
0.5525693
0.5290375
0.527767
0.4989564
0.5312427
0.5726296
0.5754958
0.5961505
0.6053586
0.581543
0.5986897
0.5974793
0.6198855
0.6311276
0.5905524
0.5852405
0.5929381
0.5658876
0.5678463
0.5373234
0.5415871
0.5536538
0.5142709
0.5276215
0.5322113
0.5341261
0.5208023
0.5478048
0.5401095
0.5154435
0.5073504
0.5087267
0.4968546
0.4927755
0.5014269
0.509032
0.5028106
0.5051494
0.5000077
0.4812818
0.4842885
0.488335
0.5096147
0.4752179
0.4993018
0.5209603
0.5124813
0.5348206
0.5124668
0.5254181
0.5274416
0.5251099
0.5127294
0.515745
0.5239399
0.5310834
0.5163729
0.4961849
0.4792653
0.4685921
0.4854348
0.4594158
0.4539583
0.4527275
0.4452678
0.4414914
0.4591913
0.4989385
0.4944746
0.4908668
0.4893678
0.4843799
0.47298
0.4540952
0.4706675
0.4675331
0.4598805
0.4494356
0.4263795
0.427746
0.4178292
0.4397602
0.4444301
0.4676913
0.4568219
0.4423153
0.4524744
0.4646525
0.4724023
0.4507805
0.4707587
0.4231476
0.4493259
0.4410349
0.4634302
0.4511131
0.4935129
0.5134051
0.5018663
0.4823515
0.4773961
0.458421
0.431012
0.4517589
0.450094
0.4598347
0.4879535
0.4940568
0.5156452
0.4903049
0.4889346
0.4883263
0.4986413
0.5347728
0.5038195
0.4942387
0.4935078
0.5123456
0.5072277
0.4958409
0.4934672
0.5298832
0.4722139
0.438618
0.4642443
0.4773649
0.4623778
0.4550453
0.4696975
0.473303
0.4406191
0.4263767
0.4373093
0.4128831
0.4020645
0.3718665
0.3803454
0.3670054
0.373602
0.3650559
0.3680571
0.368686
0.3724413
0.3603983
0.3600309
0.3528542
0.3321841
0.3374454
0.3593606
0.3677847
0.3858108
0.3521387
0.3451539
0.3258577
0.3113943
0.3158159
0.3241502
0.3308761
0.3437393
0.3255014
0.3295369
0.3384879
0.3560193
0.3552151
0.3643621
0.3432969
0.365707
0.3726984
0.3859449
0.384358
0.3753686
0.378407
0.3705864
0.3682448
0.3636177
0.3827095
0.3650402
0.356504
0.3549265
0.3652322
0.3713724
0.3737119
0.3761006
0.390722
0.3753044
0.3580679
0.3782841
0.4006735
0.366715
0.3754562
0.3475329
0.3405447
0.3492037
0.3525333
0.3520957
0.3457008
0.3499788
0.3334944
0.3149227
0.3178191
0.3018075
0.3175988
0.3104371
0.3155764
0.3193001
0.3396684
0.3463423
0.3558856
0.3406775
0.3445123
0.339772
0.3377143
0.3450977
0.3518559
0.3707868
0.3549686
0.3725873
0.3884933
0.4042214
0.4144782
0.4030738
0.3941337
0.36823
0.3961114
0.3962211
0.3695231
0.3757347
0.3717306
0.3853641
0.3870756
0.3751641
0.3659882
0.3724812
0.3742345
0.3626233
0.3797617
0.3941871
0.3789964
0.3619718
0.3427905
0.3389811
0.3207806
0.3311372
0.3523046
0.3558236
0.348139
0.3253708
0.3232501
0.3385896
0.3290101
0.3208236
0.3297636
0.3271544
0.3176922
0.3177662
0.3274039
0.3428297
0.343563
0.3510321
0.3543452
0.3265371
0.3328749
0.3051788
0.3080386
0.3086381
0.2921611
0.2967823
0.2927437
0.2995286
0.3056721
0.3099533
0.3020873
0.3022151
0.3092407
0.2909743
0.3000031
0.2924858
0.2894387
0.2800854
0.2616472
0.2449649
0.2512673
0.2645729
0.2562394
0.2604253
0.2706434
0.2698121
0.2825279
0.2762826
0.2817413
0.2852144
0.2940133
0.3001459
0.3068856
0.3004352
0.3183711
0.3226747
0.3037616
0.3318787
0.3250891
0.3183232
0.3263156
0.3205926
0.3357607
0.3380418
0.3385082
0.33169
0.3408773
0.3382144
0.3318742
0.3274375
0.3258613
0.3462763
0.3526976
0.3462256
0.3426367
0.3315934
0.3271715
0.3360223
0.3362692
0.3235114
0.3328007
0.3241181
0.3306387
0.3016645
0.3150073
0.3248165
0.3288531
0.3478532
0.3496853
0.3628603
0.3547781
0.3616222
0.3588843
0.3439176
0.3357491
0.3283709
0.3393062
0.3562344
0.3649222
0.3917578
0.3816805
0.3788195
0.4092199
0.3918151
0.4075759
0.4187665
0.4205402
0.4024141
0.3961903
0.3945094
0.3602395
0.3848298
0.381974
0.3772794
0.3661669
0.3641882
0.3373704
0.3255255
0.3263086
0.3130595
0.3127461
0.3366888
0.336039
0.3349415
0.3269003
0.3181263
0.322199
0.3479941
0.3665375
0.3702135
0.3599929
0.3632086
0.3585678
0.349262
0.343335
0.332499
0.333802
0.3486265
0.3509949
0.3477232
0.3318509
0.3467746
0.32391
0.3340477
0.3235261
0.3115788
0.3161059
0.3184964
0.3160608
0.3356305
0.3217767
0.3258063
0.3360704
0.3180783
0.3219713
0.3023614
0.3068456
0.3020567
0.3147974
0.3131638
0.3079084
0.3207165
0.3189541
0.3131061
0.3186038
0.3074002
0.3008628
0.3000815
0.2953592
0.3035157
0.295255
0.3048159
0.3046749
0.299272
0.3041445
0.292946
0.2776746
0.2805339
0.2663443
0.2553971
0.2479459
0.2505266
0.2456024
0.2598272
0.2512914
0.2511565
0.2511499
0.2640832
0.2720066
0.2967568
0.295098
0.3005028
0.2907163
0.2911923
0.2895108
0.2718817
0.2732953
0.2663422
0.2775202
0.276667
0.2924173
0.298956
0.2956302
0.3067463
0.2969968
0.2965062
0.3064429
0.3058833
0.3031745
0.3281471
0.3165891
0.319948
0.3247741
0.3104875
0.3178949
0.3122905
0.3298795
0.3314541
0.3092965
0.3106939
0.3073838
0.3022529
0.3029065
0.2861047
0.2965402
0.2913804
0.2956769
0.2931418
0.296254
0.3042939
0.3116016
0.3005999
0.3000169
0.3054594
0.3179359
0.3320064
0.3474273
0.354234
0.3559185
0.3482405
0.3531846
0.3475277
0.3599803
0.3629173
0.3813287
0.3704862
0.3572286
0.3372967
0.3467945
0.3503579
0.3465856
0.3482127
0.3505475
0.3572166
0.3531428
0.3337682
0.3267287
0.3080153
0.3029097
0.2940686
0.2811362
0.2786602
0.2702856
0.2580654
0.2618682
0.2537026
0.2515846
0.2406221
0.2695353
0.2661935
0.2760051
0.2581845
0.2614589
0.2842338
0.280689
0.2800331
0.2867177
0.28795
0.2862896
0.2855604
0.3094933
0.2960001
0.2922539
0.285382
