31.58821
32.11538
31.62353
32.2937
32.77078
32.4555
32.61146
32.49481
32.41156
32.49166
33.37732
33.10819
32.79498
32.86369
32.18864
31.75069
31.26782
32.65009
33.11089
34.34209
34.46785
33.71659
35.54437
36.1899
35.2084
35.86308
36.07906
38.76385
38.83293
38.7471
39.20353
39.68127
39.23677
38.03066
39.78518
38.92983
39.36259
40.38329
40.21699
40.5356
42.99851
42.19301
42.66924
43.12123
42.88862
42.59836
43.17328
42.31129
41.59874
42.17867
44.66461
46.17595
44.72709
45.15782
45.05443
46.62137
45.38836
44.67347
43.95768
44.94984
44.53921
44.68966
44.48605
44.05219
44.02463
44.29192
45.12331
44.23421
44.88578
44.23468
46.03921
47.61849
50.79931
48.3371
47.69657
45.70459
45.69996
47.58066
47.95996
46.86453
47.84058
48.58533
46.73155
48.02693
47.17147
46.46101
49.72963
50.54089
47.82405
47.53047
46.4979
48.35218
47.03073
48.86481
47.59999
47.05572
46.42987
45.3561
44.77532
44.6664
45.88646
46.33259
43.99228
42.8088
42.1685
42.80522
42.02593
43.24989
45.1285
46.03087
46.40134
45.24746
45.83917
46.04242
43.3919
41.93893
41.75269
41.17107
40.30514
40.6878
41.60347
39.69234
38.82214
38.65779
37.50784
37.71845
40.04158
38.14367
36.57975
36.28952
36.44519
37.74205
38.63541
37.38673
36.39884
37.85381
38.94439
36.91242
34.43205
35.55173
37.07986
36.24526
36.18247
35.56484
34.75387
34.80168
35.40427
33.63368
35.16047
34.61161
34.56568
34.41656
35.39379
35.31955
35.52152
35.88642
33.67174
32.92404
34.23997
35.4942
35.35638
35.53012
37.34249
38.77187
39.8813
40.25302
39.83414
40.93081
40.19073
39.79826
42.12514
40.59723
40.55961
40.39549
39.08597
38.33815
37.12668
38.31433
36.41241
37.88126
35.38632
36.03338
34.47941
36.38789
35.80663
34.64885
35.91774
36.96179
37.70531
36.95888
37.65827
40.26085
40.23848
40.95306
40.27474
39.2186
38.11026
37.70415
39.32321
40.72438
40.39687
38.92954
40.20827
40.48123
41.6528
39.29919
38.2116
38.81431
39.48248
38.92907
38.84445
39.2493
38.90152
39.29243
39.0977
38.92542
36.56614
36.17798
36.03938
37.51585
38.58665
36.61802
37.46919
37.0683
39.01548
38.21988
37.70621
37.10603
36.83407
36.96813
38.35992
38.01899
37.73598
37.27761
39.80614
37.6979
37.73376
39.40277
38.60917
39.21589
37.82357
39.16176
36.76684
36.64755
37.2439
37.28575
36.90946
37.14251
38.04066
37.0748
36.56647
37.24626
37.51476
37.62285
37.71819
35.76967
36.34076
35.93412
36.34374
38.73937
38.3294
39.33751
38.20847
37.35615
39.28223
38.43296
37.3958
37.71508
38.27188
38.71859
38.38996
38.83362
38.48151
37.7405
38.60797
38.43224
39.97476
38.59122
37.67548
37.33875
37.18692
36.57796
37.60883
37.81643
37.92629
39.18282
37.24272
36.64001
35.57373
36.79962
37.63003
36.18208
35.66082
36.51328
36.52756
37.65137
36.72906
37.75359
36.99627
35.86575
35.82872
34.89307
35.87617
34.77776
36.61417
36.28138
35.48239
37.85967
38.6779
38.49791
38.69655
38.62661
38.58248
39.66343
40.84865
40.06872
40.8985
39.56138
38.48587
39.57094
40.6815
41.12046
42.31196
40.64957
42.1548
41.52452
40.87053
40.71533
39.63597
38.94645
40.01188
38.63766
37.43246
35.57147
36.22003
36.05355
37.77306
36.18043
37.49686
39.79397
40.7176
41.70033
40.75304
39.62982
38.19193
38.53585
38.48975
39.1348
38.64448
39.25643
39.84116
39.3832
39.1594
40.07172
39.26656
39.73005
38.70755
38.55628
39.34134
39.47478
38.24517
38.50733
37.14918
37.54732
39.25576
39.63901
41.15197
40.38895
39.77696
43.37554
41.04568
41.07172
40.09073
41.57714
41.55822
42.85752
42.23467
44.18897
44.38457
43.72572
46.13011
46.90797
45.57861
44.99646
45.44367
45.67869
45.0244
46.05174
46.13091
44.88928
44.70127
44.13426
44.05901
45.17511
43.10624
40.04271
40.93347
40.78718
40.07382
40.96444
42.11877
41.99908
41.82155
43.13125
43.19668
42.39123
41.56749
40.83218
41.78904
41.08013
40.44217
40.53019
41.46366
42.32648
40.74578
42.12466
41.0955
41.17838
41.70624
42.23334
42.94624
41.4496
43.06592
42.68854
42.5136
39.9623
39.84336
40.50737
39.79434
38.66622
39.56832
39.66282
39.42673
37.50057
35.98978
36.46942
38.49397
39.18867
40.39663
40.45982
41.23545
39.38417
39.78471
38.15353
38.15105
38.82896
39.57036
38.1746
37.92548
38.23329
38.63029
37.86476
37.10393
36.60267
38.2747
38.22524
39.29599
38.48583
37.3342
37.37108
36.49815
35.3993
36.18031
36.68655
35.73887
35.59904
37.07957
36.62738
38.65939
38.50514
37.27458
37.42475
36.39715
35.21412
34.93415
33.5532
34.17667
33.78298
32.19286
31.84439
30.47489
31.62605
30.59914
31.23907
31.42719
30.6701
30.57057
30.16506
31.46362
30.22672
30.21261
31.13847
30.78943
29.99476
30.39829
30.18785
31.04981
31.252
32.92955
31.96907
31.26531
32.33036
33.419
32.58956
33.07436
32.89748
32.83283
32.27532
31.79905
32.8465
33.05145
34.01598
34.49843
35.12196
33.80227
34.05822
33.90247
33.28104
32.5861
33.82676
34.01946
34.88021
33.07884
33.73106
34.19375
33.60933
33.28625
32.73771
32.24258
32.71116
32.50031
31.9762
31.16458
30.83723
30.37803
29.78893
30.32293
30.85917
29.97364
29.61442
30.6834
33.1553
33.75974
34.7793
33.2971
34.83684
34.97419
35.33142
34.5241
33.99624
34.83049
33.63335
33.03012
31.25413
31.6454
31.00018
32.33386
32.36429
32.68097
32.83423
32.21482
33.02999
32.35138
31.60112
31.65193
32.19154
31.06873
30.70513
30.52047
32.40997
32.66445
30.99668
31.14654
30.73005
31.75574
31.93337
32.5469
32.19915
31.45553
30.93683
30.6834
30.62081
30.76366
30.31919
30.79757
30.6184
29.99753
30.80916
31.63064
31.18168
32.47323
31.52029
30.84227
29.69306
30.00525
31.46336
32.19535
31.44387
31.10318
31.12168
30.36849
30.67953
32.00221
32.39892
32.01539
32.45324
33.67262
34.62242
33.67742
35.23619
34.49026
34.76331
35.70613
35.42543
35.71035
35.73189
35.02796
35.13164
34.53927
33.06307
32.7723
34.74248
34.04534
32.76262
31.87582
31.91208
33.13953
32.48067
32.97998
31.08679
31.17311
29.96189
28.5282
30.28541
29.79144
29.59687
30.4978
33.11044
34.70301
35.47483
35.52828
34.73877
33.14421
34.24085
34.48001
33.66176
34.17336
33.49298
35.15119
34.09562
33.66308
34.17911
35.07685
35.36363
35.98041
35.81874
35.01046
36.18844
37.57808
37.5851
38.12857
37.29417
37.42252
37.96923
36.88163
38.5521
37.73665
37.15474
36.26473
36.07032
36.47548
35.3987
35.34886
35.45985
33.94759
34.17194
36.73935
38.00312
36.92126
35.88278
35.23133
35.20554
32.90151
33.81004
32.73403
33.029
33.08721
32.18956
33.82176
31.50567
31.47054
33.39429
33.81838
34.20536
33.29357
33.12804
34.34275
34.48786
34.17052
33.99163
32.94811
31.97194
31.9993
32.29666
32.06177
31.72416
32.42579
33.53144
31.93908
32.9149
31.96209
32.90178
34.63424
34.23084
35.03355
35.83319
35.98493
34.71412
34.18169
35.54077
33.3622
33.62748
33.19931
35.46453
35.86267
36.55018
37.31627
36.75768
38.62915
37.67769
36.52277
36.96319
36.26218
36.50154
35.15336
34.47391
34.03006
34.6318
34.26955
32.65357
31.85908
33.07101
31.56989
32.70149
32.86313
33.11389
33.83966
35.33609
35.52892
35.74098
35.18358
34.19531
33.74202
33.99492
33.25462
33.86207
33.33099
32.91029
32.19089
31.01395
32.02494
31.42098
30.45295
30.80266
31.45873
33.10732
31.97257
32.54309
31.44637
30.17906
31.24698
31.47231
31.92533
33.40229
33.54103
31.72036
31.20493
32.49502
33.48451
33.45978
33.7677
33.63495
32.80851
32.98239
33.22063
33.2093
33.76213
34.48855
33.336
31.82439
30.92561
30.09289
30.77566
31.32348
31.15447
31.02202
32.09625
32.51767
32.69363
32.58606
31.67244
29.76247
29.51176
29.87263
29.87526
29.62918
30.18342
30.03781
30.52316
29.00831
28.84775
28.90855
29.7012
30.80817
31.55119
30.97369
31.25648
31.19597
30.34246
29.29646
29.61069
29.1417
30.25918
30.61323
30.8214
31.09769
31.27322
30.24065
31.28807
31.31205
30.93943
30.48115
31.14157
31.12332
29.35612
28.26071
28.95887
28.37692
28.35763
28.52302
29.39533
29.92447
29.58976
30.2729
30.0386
30.51604
30.10427
29.76169
29.97944
29.32491
29.89757
30.27586
30.97101
29.62257
29.34319
29.55275
27.73639
27.87463
28.15512
29.23383
28.69958
29.26233
31.46009
31.68585
33.59885
33.90445
32.25069
32.35984
35.90713
35.10637
34.92369
34.48149
34.49659
33.75126
33.10565
32.66103
31.37508
29.04854
29.25916
28.94533
28.97088
28.76668
28.34847
29.78566
30.11341
32.13893
32.14791
31.44093
31.43895
31.41518
31.50861
31.70126
32.45207
32.22074
32.31796
31.98429
31.55353
31.19399
31.77078
31.04498
31.20593
31.69622
31.61959
32.06448
32.53851
31.27783
31.65145
32.28987
32.92464
32.96284
32.87688
34.5238
33.92144
33.24062
34.33711
36.29729
37.89245
38.31024
37.71632
37.55009
37.24756
36.63753
38.65403
39.13466
38.05144
38.20308
39.41516
39.57311
38.23489
40.14538
41.3569
39.86121
38.72572
39.52651
39.8582
40.0653
39.58953
39.74011
41.03325
40.18256
37.87989
37.98445
38.1634
36.96556
37.99543
39.80321
40.69222
39.24738
39.55956
39.56861
38.92491
38.78278
39.36005
38.40075
39.58247
39.87826
37.13886
36.82648
37.26966
36.28468
36.37129
36.50012
37.12777
36.06183
36.77418
35.0744
35.53916
35.9925
35.89772
35.585
35.28312
36.86931
36.98661
37.18127
36.07905
36.59427
36.91341
37.32202
37.04324
35.54333
37.07601
38.59345
39.18734
40.25804
40.38736
40.64885
38.58421
37.24154
37.53758
37.86957
36.57345
35.98946
36.11144
33.7444
34.34553
34.85621
33.48461
34.11999
35.0973
34.33104
34.4526
36.21178
35.77756
34.58586
34.55659
35.54065
34.48565
33.35106
34.58569
34.8551
36.27215
38.18599
37.8994
38.3219
37.99428
36.59333
37.14635
36.4761
36.55274
35.94242
36.83547
37.52109
38.35074
39.70451
38.49988
39.76065
40.13002
41.69619
42.00095
41.61138
41.60759
40.40589
40.85851
38.92357
40.33987
40.03965
39.67621
38.86269
37.91316
36.79303
36.73407
36.61997
36.05864
38.05855
38.11459
36.7717
37.51282
38.22827
36.98718
38.02629
35.89972
36.14854
34.32336
34.60035
35.68225
34.28344
34.07646
33.12266
35.1935
36.09054
36.3472
37.11164
37.11216
36.91909
38.57409
39.6241
40.19705
38.7864
36.98472
36.56592
36.15752
36.24259
36.6903
37.54402
36.41742
37.22399
37.91727
38.98005
39.60587
38.3465
36.99689
36.87255
36.51993
36.09975
37.52929
37.49487
37.62705
37.99383
38.51079
37.55633
40.70522
40.14581
39.58214
38.50217
38.57997
37.52496
38.31516
37.3521
37.56029
37.79056
35.47859
36.33056
36.36364
38.04467
37.51463
36.94842
36.31112
35.3987
35.8447
34.51888
34.96151
34.73511
34.61814
32.73661
33.54995
32.76825
32.56318
32.41783
31.88662
32.81768
31.78372
30.51776
31.76382
32.34993
31.50805
31.80496
31.04771
31.0876
31.71152
30.55585
32.82627
33.48503
33.01693
32.99865
32.58534
33.0757
32.29936
31.73579
31.13554
31.58098
31.85184
32.21655
31.79614
30.86467
31.67554
31.68709
32.05637
31.4865
30.36041
31.46402
32.24092
32.66874
33.37719
34.47039
34.33147
33.56218
33.45374
34.77339
33.12945
33.94471
33.79707
34.03223
32.12101
30.59661
33.00823
32.7067
30.07544
29.66138
28.90435
29.51209
30.63743
30.76837
30.33308
30.92207
30.32103
30.83119
30.8015
30.90063
30.25288
30.61665
31.51737
31.58125
30.93816
33.00057
33.07465
33.96635
34.188
33.65096
33.37588
33.63139
32.94381
34.58605
32.52112
32.66628
32.27859
31.67042
32.39566
30.84768
31.52124
33.50932
34.45534
34.13965
34.5711
34.92488
34.39095
32.08508
31.32013
30.79444
31.29426
31.35939
31.64752
30.63355
29.65555
30.99175
30.23895
30.64832
30.42746
31.17241
32.98126
33.546
33.78575
33.48751
32.91971
33.4369
33.12945
32.76332
32.72388
33.55495
35.16343
35.06975
34.95934
34.72284
32.89571
31.62467
31.81931
32.03291
31.6639
32.33738
31.47796
31.41776
29.34249
29.61715
28.88342
28.24671
28.90527
29.14731
30.41221
30.45905
31.28944
32.71711
34.3457
33.59713
33.25676
31.65961
32.70288
33.8914
33.95622
32.64667
33.03436
32.75772
32.85716
32.48591
30.93545
31.95957
31.54815
30.54041
30.5541
31.29072
33.2492
33.86211
35.04019
35.60542
35.08702
35.93
35.88062
36.34021
35.79642
36.55527
36.91727
37.82695
37.19823
37.93431
38.50171
36.92804
35.71032
34.55138
34.24904
33.68562
32.85021
32.61082
33.28525
35.01201
34.22285
35.06398
34.05367
32.24013
34.53136
34.60797
33.13461
32.78458
35.14911
34.53222
33.65837
34.28904
33.7918
33.56733
33.21371
33.77838
33.30884
33.93936
33.61238
33.32616
33.85823
33.1635
32.24198
33.75862
34.90202
34.20751
35.18465
35.39172
35.61916
34.72353
33.79032
35.10643
34.55484
34.71349
35.08552
35.84656
34.29865
34.7163
33.93916
32.44171
33.24715
34.48583
35.50727
35.39631
34.82658
34.81422
35.37182
33.87971
31.69501
30.40361
28.74861
28.29812
29.46393
29.99184
29.33351
30.46281
30.85497
30.83707
30.69631
31.17109
31.43627
31.14463
31.1378
31.0125
30.27987
30.62054
30.38951
30.46089
32.1241
32.44673
34.02067
33.84756
34.40924
34.56069
34.23736
33.33888
32.91428
32.08099
32.92992
33.13769
33.58001
36.29062
35.57235
35.90452
35.3095
35.41817
35.17696
35.84482
36.57727
39.20735
39.74982
38.45828
38.80936
40.28126
40.02552
38.45864
38.986
40.20782
40.25822
39.97204
40.11813
42.61753
42.6946
42.18725
41.3549
43.29741
42.7776
42.70526
42.62997
43.2569
42.37345
41.1931
41.58501
39.79542
38.46925
39.84798
39.8203
38.40682
39.65801
40.47509
41.35946
40.78165
40.39417
40.95387
42.2532
42.06513
41.81864
42.99717
42.8699
42.73869
41.21793
40.49381
44.27794
44.87042
45.19085
43.27438
43.49406
40.71337
38.63595
39.02067
41.1777
40.18092
41.51003
41.38882
39.71201
39.6147
41.64813
41.32017
40.54876
40.17076
40.52591
41.2736
40.20171
38.93012
38.67722
38.88014
37.14135
36.0071
36.05563
35.2182
35.19078
34.59307
34.17437
32.45952
32.82065
32.94392
32.87809
34.00836
34.34163
35.3269
34.32096
33.65134
32.65564
34.73692
36.49512
35.76106
34.71562
34.92851
35.18838
34.72022
33.52747
32.84682
34.54646
32.77673
32.51199
32.73713
32.48832
32.40214
32.833
31.23425
31.17139
30.52503
31.55089
30.24529
31.02881
30.09792
29.54371
29.74638
29.44196
28.97338
28.9496
27.89786
28.76119
28.23282
27.93885
28.18134
29.15138
29.49707
30.16747
30.19101
30.82552
31.43969
32.50367
33.97198
32.28111
30.36553
30.4038
29.85253
29.76741
29.2303
30.21223
29.71244
28.95144
29.19069
28.15504
29.60883
29.43992
28.56678
29.1037
27.74453
27.94242
26.77734
27.07905
27.97676
28.40169
27.23592
27.40447
27.82836
27.72213
27.345
28.67852
29.76184
30.71028
32.21805
32.7236
33.1814
33.2302
33.20058
31.90246
29.6621
29.65697
30.19224
29.31245
28.36036
28.21894
29.24968
28.80685
28.15149
29.46072
30.09103
29.9358
31.9175
30.8805
30.95411
30.5536
30.98498
30.2068
32.13108
30.93106
31.02741
31.48366
31.24703
32.16166
31.14676
32.02311
31.36348
29.46464
30.77806
32.00155
34.80919
36.73525
35.14181
36.31732
35.44116
36.97633
34.67413
34.23799
34.45553
33.09931
32.44606
33.81955
34.31533
34.88302
34.48508
35.36718
36.57103
36.05545
36.07159
35.10513
34.25831
34.43074
34.60984
33.79877
34.88905
34.75
34.84102
34.00829
34.86802
36.55436
36.28706
34.87039
37.06239
38.95799
38.40683
38.74883
36.53357
36.62519
36.31146
36.6284
35.58679
36.82592
38.60519
39.7292
38.56152
36.80665
38.26536
38.33115
37.473
38.30552
37.90918
38.66424
36.81319
37.74436
37.4465
37.65582
35.16301
36.08225
36.43337
34.67916
35.81586
35.02098
35.97851
36.55805
36.55494
35.14093
35.23446
34.12908
33.62217
34.1192
32.99524
32.2541
33.22789
34.21128
34.15877
34.60203
33.57754
32.46168
33.38585
32.27425
32.46664
31.46231
31.51943
32.98325
32.53682
32.06783
32.08461
32.23126
32.52792
32.85016
33.24941
34.18794
34.85012
33.8866
34.92309
