0.0523011
0.05235881
0.05373288
0.0502187
0.04781259
0.04834926
0.04718465
0.04465524
0.0511333
0.05118756
0.05002049
0.05118058
0.05135134
0.04896389
0.05152027
0.04772499
0.04433845
0.04628369
0.04397141
0.04203394
0.04163734
0.04135349
0.04053224
0.04040445
0.04336409
0.04871833
0.04894189
0.05239882
0.05019562
0.0447839
0.04125075
0.04486046
0.05100009
0.04246466
0.04944393
0.04330357
0.04963033
0.05057106
0.04721947
0.04338776
0.03885169
0.04869071
0.0489796
0.04654457
0.04690433
0.04515843
0.04742409
0.05596278
0.05365998
0.05538934
0.05310449
0.05589585
0.04568354
0.04096837
0.04485929
0.04179373
0.03799608
0.03967399
0.03251147
0.03204935
0.0323014
0.03508008
0.03587492
0.03581116
0.03827102
0.03753661
0.03928033
0.04718609
0.05150893
0.05203664
0.05060734
0.04673791
0.03974443
0.04097729
0.04454351
0.04911698
0.04755176
0.05164276
0.05222951
0.04565382
0.03920979
0.04195069
0.03872005
0.04450241
0.04817633
0.04476327
0.03780392
0.03990693
0.03879042
0.03903749
0.03699527
0.03462245
0.038396
0.03535417
0.0377807
0.04034238
0.03555766
0.03561398
0.03996118
0.03765042
0.03833138
0.04071073
0.04186122
0.04002979
0.04375988
0.04392087
0.04462073
0.03947956
0.04268153
0.04232115
0.04405809
0.05000661
0.05095472
0.05137823
0.05493559
0.05335804
0.05122771
0.04987261
0.03926749
0.03788857
0.03884421
0.03685599
0.03292458
0.03485268
0.03579105
0.03149867
0.03014698
0.0340378
0.0307038
0.02799894
0.02377517
0.02492053
0.02307923
0.02353601
0.02282597
0.02358058
0.02251016
0.02169178
0.02067154
0.02285093
0.02377128
0.02455208
0.02652548
0.02617488
0.02701285
0.02534123
0.02681041
0.03001179
0.03446019
0.03678441
0.03714778
0.03797055
0.03744612
0.03557906
0.03469937
0.03099346
0.03368674
0.03589415
0.03609937
0.03530934
0.03762603
0.0356483
0.04032205
0.04095897
0.04289643
0.04566466
0.04522543
0.04543877
0.04407583
0.04387245
0.04417677
0.04117409
0.03938392
0.03877566
0.03876845
0.03684864
0.0389407
0.03402263
0.03768267
0.04065703
0.04244281
0.04023776
0.04397202
0.04247378
0.04440858
0.04797219
0.0478629
0.05258465
0.04890766
0.04269646
0.04716952
0.04428181
0.04088238
0.04496265
0.0512155
0.04933562
0.04664489
0.0460499
0.04839518
0.04944824
0.05390494
0.05779482
0.06059308
0.05725007
0.06173297
0.06894946
0.07267292
0.06996513
0.07217955
0.07022613
0.07421553
0.07724668
0.07007111
0.07346632
0.06993684
0.06778307
0.07462093
0.06846305
0.06284674
0.06998764
0.0646442
0.06853824
0.07042293
0.06829714
0.0689435
0.07632951
0.07722972
0.08965752
0.08333021
0.09948059
0.09878124
0.1088718
0.1085862
0.1164393
0.108587
0.115157
0.1117175
0.1057443
0.1174449
0.1118705
0.1110362
0.09741653
0.1067079
0.0959374
0.1028402
0.09322769
0.09334057
0.1003334
0.09176357
0.08766215
0.0920973
0.09253076
0.1007467
0.1048285
0.100461
0.1017422
0.1092395
0.1115474
0.1149741
0.1085885
0.1110508
0.1186005
0.1115012
0.09910283
0.0943898
0.09014881
0.08223133
0.08431781
0.07958087
0.08078639
0.08701656
0.09087263
0.09084266
0.0942375
0.09115611
0.08776787
0.09097839
0.09521807
0.1033586
0.09725717
0.09657648
0.08724214
0.08694369
0.08859599
0.08330975
0.08766699
0.07586298
0.07475764
0.07480125
0.08135247
0.0792624
0.07947464
0.08547724
0.08812543
0.08359892
0.07613988
0.07636135
0.08453762
0.08597299
0.07748639
0.08055103
0.07394057
0.06808162
0.06745348
0.07059211
0.07465915
0.08171577
0.074174
0.076239
0.07724364
0.07607139
0.07643984
0.08587486
0.09342093
0.101491
0.1061953
0.1020155
0.09008562
0.09737457
0.09180999
0.0945879
0.09370582
0.09142817
0.09478626
0.09310615
0.09406865
0.09509656
0.09537181
0.09055816
0.09176702
0.09508449
0.09741443
0.1060251
0.1063617
0.09125003
0.09777625
0.1118425
0.1089955
0.1102541
0.1044537
0.1150088
0.1136632
0.1091035
0.1047988
0.102795
0.08579414
0.09274003
0.08408553
0.09337488
0.0882207
0.08184871
0.08482771
0.08366965
0.08121334
0.0844693
0.08920233
0.08222451
0.07983192
0.09439352
0.07893503
0.0901017
0.09544525
0.08034819
0.09062484
0.08684163
0.09011013
0.09264096
0.09220412
0.1022316
0.1003598
0.09616419
0.09064222
0.07985236
0.09030421
0.09201486
0.08931515
0.08164641
0.08254809
0.08853666
0.08929557
0.09116462
0.09608142
0.1006401
0.1041312
0.09671736
0.1049828
0.09458102
0.08940792
0.09319212
0.08400492
0.08058844
0.08384333
0.07593539
0.07257097
0.07128923
0.08423198
0.09093903
0.08040054
0.07899081
0.0819029
0.08011483
0.08168264
0.08126073
0.08436829
0.09335477
0.08856438
0.1027285
0.09895097
0.09684989
0.1116725
0.1163688
0.113532
0.1126166
0.1171664
0.1197194
0.1183191
0.1087055
0.117502
0.1181054
0.1016724
0.1043682
0.1074429
0.1069748
0.105717
0.1101002
0.111643
0.103893
0.09231074
0.08336789
0.0792565
0.07559303
0.07223398
0.0723843
0.07111748
0.07163154
0.0682723
0.07821173
0.07609271
0.08026681
0.08624873
0.09248796
0.08464837
0.09069956
0.09154751
0.09397839
0.09626235
0.09946784
0.08707716
0.09188561
0.09729158
0.08324962
0.09353288
0.1005081
0.09692847
0.09337605
0.09138644
0.08647038
0.07754436
0.08084023
0.07549079
0.07407182
0.08090897
0.07404233
0.07763899
0.07361559
0.08354894
0.08540326
0.08960637
0.09512869
0.08051628
0.08191711
0.07608131
0.08882186
0.08882351
0.0922096
0.08884337
0.08573537
0.09912464
0.1031323
0.1144146
0.1167284
0.1121339
0.1136083
0.1207571
0.1105507
0.09510267
0.09745228
0.09135544
0.09342727
0.1026871
0.1075344
0.1100982
0.1099887
0.09941291
0.09550914
0.09094255
0.09448853
0.08637789
0.07584779
0.07918581
0.07806477
0.087577
0.0970158
0.09118662
0.08594873
0.07940177
0.08171032
0.09001299
0.08497029
0.1014068
0.103809
0.09202876
0.1019152
0.1009308
0.09841176
0.0988383
0.1117351
0.1229661
0.115875
0.1155428
0.1186698
0.09860537
0.1041389
0.09021187
0.1037908
0.09149642
0.08580289
0.07704167
0.08021555
0.09341362
0.0985189
0.09130348
0.08416642
0.08468915
0.08688369
0.092335
0.0908309
0.1011236
0.1046376
0.1000487
0.09789903
0.1053012
0.102752
0.107581
0.09733099
0.08543884
0.0874755
0.09488483
0.09682593
0.1034557
0.1050572
0.1008378
0.1041577
0.09491037
0.1194338
0.1275259
0.1355697
0.1495576
0.1433049
0.1421498
0.1412026
0.1508459
0.1503311
0.1327725
0.1220943
0.1203502
0.1434388
0.1504284
0.1442138
0.1507619
0.1459582
0.1421824
0.1218837
0.1274137
0.1288778
0.1156434
0.1191678
0.1193802
0.1239829
0.1194209
0.1141022
0.1257991
0.1324194
0.1331865
0.1322795
0.1253447
0.1287915
0.116847
0.1119383
0.1159697
0.1169918
0.1084969
0.09944694
0.109474
0.1033896
0.09824772
0.0897027
0.09602596
0.1100167
0.1091732
0.1263952
0.1274355
0.1390309
0.1344766
0.1257328
0.1256389
0.1211518
0.113964
0.1223007
0.1256364
0.1119265
0.105847
0.1121557
0.09967557
0.09282757
0.09544008
0.09479039
0.09335879
0.1038355
0.1055737
0.1056198
0.09433276
0.094411
0.08095705
0.07631549
0.07499867
0.07087591
0.07173219
0.07589128
0.07645002
0.0838055
0.105823
0.1022059
0.08913383
0.09883714
0.07605405
0.08024997
0.09483257
0.1026403
0.1032345
0.1031959
0.1074076
0.09366565
0.09232745
0.1114538
0.1110127
0.1113227
0.1089137
0.1079533
0.1014695
0.1082692
0.1063971
0.1078189
0.09870522
0.1117286
0.09653989
0.1020806
0.09717144
0.0917077
0.1050889
0.1078662
0.1035641
0.1064893
0.1087318
0.1048742
0.09782416
0.09760012
0.1057623
0.1152981
0.1165171
0.1296022
0.1386269
0.1522152
0.1536199
0.1502756
0.1613846
0.143939
0.1487156
0.1410326
0.133379
0.1200951
0.1148178
0.1139708
0.1053781
0.1212978
0.1298767
0.1182108
0.1044088
0.105476
0.1057953
0.1015658
0.1186466
0.1189909
0.1088638
0.1041752
0.09286581
0.09435258
0.09979441
0.1132028
0.1209084
0.1183925
0.1004378
0.09848983
0.1139404
0.128725
0.1201965
0.1199029
0.1288017
0.1353313
0.131923
0.1381782
0.1453257
0.1325007
0.1365277
0.1303192
0.1318776
0.1294002
0.127832
0.1274596
0.1259576
0.1288018
0.1228421
0.1290441
0.1276194
0.1264485
0.1447105
0.1312394
0.1290253
0.1259287
0.1122097
0.121306
0.1179225
0.1217523
0.120404
0.1145852
0.113889
0.1143569
0.1161707
0.1127843
0.1301018
0.1153138
0.1199866
0.1346508
0.1175273
0.1137315
0.1081036
0.114512
0.1193168
0.1231179
0.1175991
0.123527
0.1178377
0.1181365
0.09929797
0.08975355
0.08526582
0.08534485
0.08441459
0.08893671
0.08966513
0.09707495
0.1055409
0.09621285
0.09742045
0.0934831
0.08660305
0.08579974
0.08147154
0.08165651
0.08908767
0.08670267
0.09031387
0.08937018
0.08922702
0.09287076
0.08421769
0.09375997
0.09583364
0.09292628
0.1059726
0.09004
0.09630677
0.09136257
0.09107109
0.09461486
0.1008941
0.1036141
0.1065562
0.1080841
0.1156979
0.1105025
0.1057217
0.1012951
0.09177821
0.09068948
0.08847505
0.09055756
0.09303161
0.09049929
0.1021509
0.1026129
0.1037268
0.09507211
0.09473204
0.0872013
0.08723729
0.0894588
0.08964664
0.1061354
0.09279158
0.09037228
0.0895127
0.1227246
0.1300813
0.1380715
0.1333416
0.1575486
0.130925
0.1182915
0.112107
0.1175252
0.1053735
0.1017224
0.09914936
0.1044505
0.1052097
0.117722
0.1149252
0.1106885
0.1132222
0.1217081
0.1131294
0.1133337
0.1220001
0.1168194
0.1081918
0.1009519
0.09816948
0.09957647
0.1054058
0.1008268
0.1056643
0.1025607
0.1143832
0.1224369
0.1130085
0.1135603
0.1125355
0.109584
0.09823632
0.1095421
0.1190051
0.1140591
0.1168109
0.1195969
0.1082776
0.1079579
0.1042256
0.1114713
0.1134887
0.1105937
0.1030381
0.1136342
0.09812715
0.1037064
0.09276487
0.09506302
0.1078248
0.1079572
0.1051178
0.1127109
0.1191473
0.1320102
0.1203702
0.128864
0.1373133
0.1344873
0.1470848
0.1373637
0.1339332
0.1213928
0.1266946
0.1271765
0.1154867
0.1238715
0.1202375
0.1266908
0.1165586
0.1158318
0.1214225
0.1414875
0.1372453
0.1595212
0.1437527
0.1395645
0.1382126
0.1282164
0.1109028
0.1142715
0.112409
0.1022418
0.1107655
0.1081192
0.1126495
0.1212341
0.1163392
0.1234935
0.124071
0.1224298
0.1248109
0.1156089
0.1147873
0.1116677
0.1105358
0.130723
0.1345923
0.1362737
0.149665
0.1735328
0.1490012
0.1709271
0.1450217
0.1361009
0.1413931
0.1265277
0.1192959
0.1217943
0.1201602
0.1168332
0.1233442
0.1187467
0.1432032
0.1542637
0.1354549
0.1339072
0.140713
0.1362293
0.1306514
0.1335871
0.1475804
0.1507912
0.1582772
0.1755484
0.1743703
0.156699
0.1584769
0.135177
0.126874
0.139202
0.137648
0.1320205
0.130596
0.1380327
0.1502643
0.1548551
0.1642088
0.1745532
0.1788583
0.1666339
0.1610421
0.1761588
0.1887818
0.1946501
0.2024526
0.1859307
0.1905835
0.1810061
0.1864206
0.2115516
0.2041309
0.1959059
0.1846156
0.1583291
0.1537677
0.1653806
0.1643951
0.1618355
0.1865743
0.1693656
0.1635817
0.1550661
0.1711963
0.1636181
0.1505778
0.1456094
0.1429741
0.14465
0.1560728
0.1768115
0.1651997
0.172744
0.1746058
0.1607623
0.1835605
0.2017869
0.190375
0.1610272
0.1649084
0.160342
0.1706681
0.161141
0.1476565
0.172717
0.1795933
0.1873978
0.1799658
0.1738861
0.1619232
0.1665335
0.1598476
0.1536081
0.1366067
0.1332837
0.1437382
0.1337955
0.1341941
0.1348974
0.1393191
0.1284083
0.1226444
0.119061
0.1274477
0.121244
0.1227936
0.1429511
0.1424571
0.149477
0.1567644
0.1452673
0.1427623
0.1381344
0.1249227
0.1228501
0.1199752
0.1168428
0.1225465
0.1251526
0.1266527
0.1134429
0.1155383
0.1172194
0.1150721
0.09620635
0.1074688
0.1164933
0.1217051
0.1297465
0.1359724
0.1418278
0.142313
0.1370266
0.1407674
0.1325938
0.1513276
0.1600793
0.1521899
0.1491358
0.1521044
0.141715
0.1293763
0.1268443
0.1402067
0.1303071
0.1362287
0.1357052
0.1358693
0.126914
0.1331985
0.1438769
0.155499
0.1526661
0.1611997
0.1623023
0.1711545
0.1772178
0.1829454
0.206857
0.2322488
0.2301122
0.2269698
0.2336353
0.2433571
0.230849
0.2201941
0.2030152
0.2032137
0.2051465
0.1898888
0.1794439
0.1604778
0.1595256
0.1680671
0.1589896
0.1604948
0.1872047
0.2125193
0.2008275
0.2089586
0.2100605
0.2024053
0.2331057
0.2353733
0.2120396
0.192603
0.1767193
0.1992785
0.1967794
0.1679964
0.1960993
0.1817877
0.1622629
0.1712618
0.1654509
0.1664122
0.1702501
0.1749518
0.1643425
0.1658974
0.173282
0.1735805
0.1974984
0.1970611
0.1996334
0.1864369
0.202635
0.2009165
0.1780741
0.1753799
0.1718284
0.1982776
0.1696799
0.1604634
0.1772413
0.1701824
0.1806738
0.1764088
0.1849654
0.1908348
0.2029818
0.1990751
0.186353
0.1877197
0.1930674
0.2055196
0.174662
0.1912045
0.1947013
0.1757496
0.1747216
0.1570225
0.1547743
0.1480685
0.1587295
0.1558497
0.167554
0.1588728
0.1691597
0.1719398
0.1703283
0.1581626
0.153515
0.150262
0.1416366
0.1548577
0.1458151
0.1522089
0.149687
0.1635384
0.15375
0.1414664
0.14581
0.140867
0.1529481
0.1581081
0.1508639
0.1657872
0.1589215
0.1696153
0.1891875
0.1798983
0.156242
0.1530445
0.1697224
0.1480868
0.1624466
0.145144
0.1540925
0.1563094
0.169152
0.1449022
0.1516571
0.1439805
0.1379065
0.1294458
0.1369222
0.1539374
0.1513873
0.1383233
0.1343354
0.1565343
0.1528629
0.1695821
0.1707513
0.2083569
0.222882
0.2307268
0.2229176
0.2153832
0.2273587
0.2222456
0.2043571
0.1851436
0.1737922
0.1659963
0.168274
0.1540681
0.1494306
0.1636145
0.1634136
0.1762698
0.1753782
0.1904443
0.2047633
0.1998534
0.2009153
0.1848795
0.1840633
0.1780168
0.1856259
0.1962668
0.1695548
0.1659377
0.1893258
0.1942311
0.1676033
0.163871
0.1627753
0.175555
0.145233
0.1550685
0.1524415
0.1617481
0.1694021
0.1826676
0.1818415
0.1633056
0.1951159
0.2071344
0.2069895
0.2103985
0.187967
0.1859837
0.1865751
0.1796175
0.2032407
0.1935353
0.2059763
0.1866061
0.2031347
0.2198608
0.2093637
0.1937519
0.1853378
0.1868984
0.1687564
0.1781348
0.1667358
0.1501817
0.1511045
0.142103
0.1360104
0.1352875
0.1423149
0.1297062
0.1359744
0.1339507
0.1478289
0.1476927
0.1280916
0.1593292
0.1431864
0.1515005
0.1443253
0.1482237
0.1442826
0.1429753
0.1481057
0.1619672
0.1559658
0.1626604
0.1737459
0.1769566
0.1594489
0.1720392
0.1755
0.1818343
0.1769392
0.1625212
0.1793435
0.1734311
0.1842429
0.1885582
0.1760391
0.1879872
0.1632801
0.1482551
0.154688
0.1667157
0.1545112
0.1606197
0.1569899
0.1799031
0.1832288
0.1877673
0.1849926
0.1712957
0.1880456
0.1651544
0.1846235
0.1949081
0.1841967
0.196606
0.1794088
0.1641939
0.1576555
0.1672675
0.150698
0.1639904
0.155943
0.150644
0.1470725
0.1595781
0.1582514
0.1536537
0.1603272
0.1622437
0.1625535
0.1652399
0.1664897
0.1656926
0.1497082
0.148533
0.1313602
0.1477953
0.1259974
0.1114677
0.1209923
0.1190845
0.130092
0.1336211
0.1304831
0.1251027
0.1345318
0.1454997
0.1410319
0.1475078
0.1490392
0.1615039
0.1565422
0.1485758
0.1524014
0.1542706
0.160091
0.160974
0.160281
0.1540925
0.1452317
0.1279089
0.1366665
0.1334225
0.1273512
0.1320249
0.1241426
0.1319088
0.1351142
0.138915
0.140031
0.1428273
0.1355958
0.1143576
0.1051009
0.1051137
0.1102111
0.1169218
0.09604109
0.1012181
0.1128314
0.1210484
0.1077919
0.1024563
0.1123863
0.1039334
0.09768782
0.09567452
0.1026431
0.09573019
0.09717035
0.1066669
0.101019
0.1052941
0.1101082
0.1023468
0.111722
0.1069774
0.1082458
0.1115149
0.125043
0.1094293
0.1126057
0.1253931
0.1384569
0.1405661
0.1464204
0.1380135
0.140704
0.1402666
0.1357493
0.146836
0.1657282
0.1671324
0.1692554
0.1661962
0.1685761
0.1773547
0.1806613
0.1780557
0.1610352
0.1519951
0.1505878
0.15227
0.1543261
0.152431
0.1542971
0.1609856
0.1504023
0.1629015
0.1328831
0.142363
0.1317657
0.1390818
0.1375585
0.1590902
0.1400235
0.1411436
0.1331836
0.1229146
0.1369154
0.1438707
0.1534757
0.1432836
0.1433296
0.1440079
0.1481901
0.1428281
0.1351692
0.1378866
0.1418085
0.1351186
0.1326492
0.1338327
0.1331199
0.148911
0.1492529
0.1717901
0.174997
0.1520581
0.1571725
0.1363218
0.1460778
0.1358168
0.142762
0.1556564
0.1710066
0.1495727
0.1547122
0.1459535
0.1416929
0.1242119
0.1212389
0.1124274
0.118304
0.1217266
0.1298767
0.1249393
0.1262274
0.1309797
0.1393913
0.1224011
0.1162806
0.1185188
0.1156354
0.1112935
0.1180729
0.0984788
0.09689395
0.09773636
0.09285258
0.08266014
0.08427634
0.09476186
0.1020268
0.1164323
0.1060992
0.1003884
0.1114657
0.09108563
0.0985158
0.09551584
0.1018434
0.100981
0.1106034
0.118614
0.115303
0.1221389
0.1333324
0.1285979
0.1202956
0.1226955
0.1175933
0.09979429
0.09802535
0.1028052
0.1034162
0.1048153
0.1095183
0.1116186
0.1160307
0.1270181
0.1226016
0.119879
0.1201348
0.1255325
0.1209608
0.1136438
0.1217207
0.1244927
0.1134892
0.1181128
0.1170513
0.1167535
0.1249875
0.1224532
0.1131608
0.1125513
0.1317489
0.1386182
0.1320314
0.1380124
0.127648
0.1333668
0.1356528
0.1346332
0.13306
0.1476768
0.1769328
0.1643391
0.1566271
0.1488944
0.1515177
0.1646182
0.1713684
0.1627243
0.1629207
0.1743135
0.1729423
0.1595522
0.1560986
0.1450626
0.1490852
0.1359179
0.1422896
0.1500264
0.1513927
0.1397085
0.145548
0.1405693
0.1414075
0.1458554
0.1406565
0.1256958
0.1333435
0.1315327
0.1255539
0.125059
0.13257
0.142187
0.115743
0.1329723
0.1460795
0.1377489
0.1435973
0.1430812
0.1358252
0.1443157
0.137479
0.1238699
0.1337013
0.1529618
0.1610968
0.1348677
0.1411644
0.1471946
0.1318411
0.1331084
0.1251392
0.1149264
0.1155975
0.1109439
0.1105279
0.1016418
0.09806861
0.0998833
0.1005793
0.109457
0.103781
0.09834858
0.1108922
0.1163553
0.1068408
0.1093199
0.1049842
0.113056
0.1060977
0.1068189
0.1155168
0.1136766
0.1077585
0.1072986
0.1148511
0.1178016
0.1066435
0.1075796
0.1092531
0.1171217
0.1160596
0.1096162
0.1050849
0.1006466
0.1061678
0.1114874
0.1188757
0.1123545
0.1122532
0.104122
0.1024355
0.1013573
0.09928244
0.1024045
0.09470097
0.09959525
0.1037799
0.1087531
0.1052172
0.09841123
0.09662088
0.08961654
0.09532187
0.1012048
0.09868496
0.09859651
0.1021302
0.09675035
0.1018144
0.1009768
0.09607588
0.08441795
