33.85972
32.11163
32.6769
34.15484
35.19275
34.8372
35.53068
37.11915
36.30567
38.58761
36.7965
37.98337
38.73208
39.14327
40.47483
41.44763
42.70672
44.74216
43.20417
42.3485
41.94772
42.70838
46.13805
46.80197
45.55604
45.77376
42.58804
42.33282
44.20961
43.26138
41.88452
40.26572
41.48069
39.60127
41.02505
42.69876
42.04483
41.23588
39.66571
39.73383
38.64296
39.27812
39.26347
37.50942
37.74608
39.01226
39.52767
41.92206
41.70635
43.20266
44.14949
44.06879
44.47532
43.00116
44.2519
44.12609
44.56534
44.2162
45.24791
45.22468
47.10259
48.64246
48.88265
46.02327
45.69234
45.15085
44.52586
44.94667
45.24751
45.34002
45.64909
44.60468
44.2533
44.26599
45.91114
47.33624
47.18331
45.73339
44.84692
43.4615
44.67904
44.06197
45.45994
43.54478
43.61156
40.94576
40.48348
39.71327
38.92331
36.84617
38.21506
38.65479
38.78895
38.40902
37.80623
38.11047
39.8592
38.07597
38.82814
38.05035
41.097
41.2234
41.81292
40.27884
40.14554
40.23413
38.9504
38.76042
40.51538
41.19939
40.32114
41.12791
42.41941
41.93336
42.82662
41.51058
41.85049
41.98391
41.21338
39.53132
40.56366
40.25827
40.79388
39.94757
37.68068
38.1606
36.72184
34.54394
34.33495
34.83272
36.02329
37.69854
37.27347
35.69339
36.50814
35.52685
35.95345
36.77743
37.33741
36.38341
36.43686
34.77883
34.63507
35.25322
35.62555
36.18755
36.09
36.9287
37.0878
36.79132
34.31766
32.46387
31.48798
33.82
34.45163
33.83881
34.33963
36.83363
36.31395
37.3939
35.73376
36.02664
34.22282
37.00911
36.33265
36.51655
38.44215
39.5944
40.23058
40.47918
36.79472
36.00082
39.39941
40.30092
40.43941
41.76089
41.14426
40.88224
40.8005
41.15206
41.63997
43.19326
43.41261
44.85553
44.97026
45.1655
44.47286
44.21914
43.36492
45.25011
47.22596
43.94852
42.0332
42.93055
43.99299
43.02631
42.43534
43.13959
41.65575
39.83671
39.97648
38.83723
39.73142
38.89162
38.95663
40.3617
38.69727
37.43011
36.7107
36.2736
36.70117
34.30926
33.59759
33.81709
35.37845
37.05004
38.07618
38.46175
37.95961
40.02526
38.79968
38.52452
37.00375
35.9739
35.86597
37.85104
36.95834
37.89724
38.47081
39.81412
39.70223
40.28015
38.22451
38.29725
37.60665
39.65844
40.62094
39.20218
39.59009
39.07205
38.48463
38.72177
37.6772
38.66722
38.48606
38.22709
36.83173
35.96261
35.69611
35.93724
33.8325
34.91926
36.33492
36.18116
35.46115
34.80396
34.2191
34.90982
35.44918
36.84757
36.43739
37.59276
36.60798
37.41324
38.86183
40.92494
41.08082
40.41964
39.56624
38.89546
37.596
37.7376
35.46916
35.87018
35.30204
35.53371
34.34082
35.13285
33.43837
30.96562
29.45871
29.84062
31.87776
32.59339
32.69691
34.01409
33.84677
33.96521
33.82811
34.18578
34.83727
34.61167
33.59877
32.4986
33.28458
33.41322
35.17385
36.20463
35.77148
35.70551
35.74742
35.64712
37.32204
37.08903
37.9429
37.14263
35.68143
37.1242
36.21673
36.62706
32.25966
34.76
33.38048
34.71633
34.04109
33.79498
33.28021
32.52818
32.81143
31.46472
31.90054
34.3637
33.22806
34.5149
34.80878
36.65716
35.59019
34.44236
35.72109
36.15863
36.6278
37.03425
36.41669
37.58074
37.47144
40.10453
40.89005
39.47392
39.66158
40.19393
41.01967
40.45654
40.57328
41.24767
40.39467
41.44313
41.63625
38.68295
39.15611
38.8885
35.40283
36.75094
36.16002
34.36483
34.31619
33.73316
31.58087
31.38367
30.78351
29.25068
30.63
32.35959
32.10834
34.15077
34.18478
33.52734
33.03508
33.15598
33.87344
33.32235
36.0482
34.10202
34.9013
34.24931
33.90053
36.21074
36.42835
35.44761
34.81385
33.77785
35.74716
37.98264
37.67015
35.75462
35.3963
36.60344
35.60627
34.2803
34.64964
37.18711
38.36597
38.02602
38.78146
38.5434
36.92572
36.01183
39.63584
40.1006
40.2604
38.47255
38.52516
39.34048
38.22395
38.63429
40.00437
39.97513
39.74047
36.89122
35.6885
34.16694
33.07463
32.84463
33.59936
35.82029
35.31595
36.50731
33.67513
35.78292
36.67026
37.01234
37.64709
36.80383
37.79069
38.41551
40.05096
38.46562
38.47164
37.79954
36.57006
35.4676
35.35126
37.1997
38.35234
38.3362
37.65527
39.20829
42.92493
43.49955
45.18606
43.63808
43.69169
42.02688
42.66143
41.26045
42.70112
42.18783
40.32442
42.1481
42.85808
40.6341
40.35594
41.6967
40.36284
42.27299
42.74189
42.24335
44.94717
44.84629
44.60013
45.01288
45.32206
43.81463
43.86486
43.79109
43.45506
44.73639
43.64965
43.70514
44.91716
41.95272
43.49954
42.09035
39.95607
39.52824
38.46713
40.77292
41.01845
41.82606
43.54808
44.82787
42.09346
41.01163
41.23082
42.11678
41.97379
42.66262
43.97857
41.1178
43.00527
43.42013
44.5034
43.9146
45.65962
47.42334
45.92664
46.34452
44.24095
43.89828
42.46353
45.16737
47.10924
46.73099
46.33418
45.00722
44.87348
45.09693
45.74072
45.59947
44.94395
44.87875
45.84416
47.03509
47.46545
46.72257
48.67207
47.84088
47.54814
47.93588
47.82386
48.219
48.00535
47.54254
46.41529
46.36792
47.44077
47.05551
48.49706
48.12705
49.90737
47.41864
46.76584
47.42361
47.3108
47.95116
46.44569
45.95823
46.13445
42.75447
43.80776
43.97123
44.85952
41.68428
41.55814
42.1723
40.69776
39.99252
40.02532
37.47806
38.35192
39.48176
39.95714
39.31692
37.31774
37.72098
38.204
36.83906
36.97771
36.79732
36.56683
35.32509
32.67644
33.64446
33.83155
34.4865
36.14942
36.70818
38.07396
38.79557
37.83497
38.34806
37.98363
37.91017
37.63685
35.55509
37.02552
36.16325
37.00747
37.18117
36.93099
37.92951
38.33004
38.41788
39.30588
40.18675
39.35971
38.61224
37.97228
40.83781
41.14735
40.08443
40.36118
39.31484
37.86246
35.80742
34.68741
33.22296
34.5249
36.08305
34.03335
33.34335
34.24835
34.48017
33.34194
32.76486
33.37503
32.8159
33.22652
34.85531
33.53533
32.89996
33.81918
34.23597
34.3984
32.31702
31.76421
32.19802
32.70778
33.25162
33.64626
32.90791
31.66041
32.9035
32.76215
30.8291
30.80826
30.59262
34.00963
36.53272
35.2423
37.32207
38.912
37.8988
36.97673
37.25061
37.44273
38.3128
36.81453
36.86201
39.09709
38.91991
41.68665
42.23752
41.06279
39.52474
40.46307
40.83759
42.46152
42.45934
41.65718
41.09973
40.37792
42.45816
40.49605
41.68747
40.59259
40.38206
40.43129
42.49147
44.27655
44.54505
45.24835
43.79907
43.3912
43.68065
42.53477
42.29491
44.21263
44.44064
41.87443
42.03986
42.92126
41.99188
41.97366
41.7903
41.44438
40.60244
40.69185
39.48314
39.29597
39.52517
40.01824
39.97152
40.78054
40.54869
39.65889
40.28367
39.0354
38.60471
38.72993
40.77043
42.42631
40.39259
37.32041
39.15921
38.27556
39.51507
39.3311
39.87229
39.70717
40.77539
40.84717
40.28155
38.502
39.13645
39.02613
40.34358
39.86414
41.09542
41.21717
39.80824
39.66416
41.57234
41.4303
42.89465
44.24982
44.00857
44.6116
42.44902
42.07523
42.57198
43.75474
45.27925
45.1148
43.94768
42.12581
42.29406
42.95591
42.53161
43.4178
43.23349
42.51929
42.22092
42.03978
42.50837
39.29405
41.40439
42.70643
44.4469
42.91355
43.35656
42.84433
41.53226
41.19775
41.88125
41.59009
39.97854
39.3886
41.41056
42.39496
43.91362
40.31697
42.49108
43.40167
44.35771
44.06987
44.03938
42.59478
42.42719
43.08281
42.91086
42.45028
41.96845
42.71417
41.36796
41.98198
40.27512
41.02233
43.12822
42.05304
40.69151
41.09169
40.57141
40.5082
39.9636
42.62354
42.21114
43.37245
44.5155
41.65424
40.69893
41.09264
44.04699
43.43906
45.38856
45.4586
45.24073
45.33695
47.63843
47.3609
46.39002
45.81973
47.78183
49.25405
49.05065
51.06479
51.76565
53.21968
54.12524
52.91604
51.16034
51.37835
51.16877
48.53054
46.91869
47.64184
47.20557
45.42256
45.00723
43.61904
43.30983
43.72581
43.40284
40.95926
38.13444
37.98192
36.4644
37.03787
38.19287
37.58178
37.6401
36.98795
37.28998
38.86875
40.2161
39.03705
39.12335
39.27527
39.97194
40.10288
38.79415
38.85944
39.44919
39.36618
42.70425
45.52816
46.0128
45.86655
46.09436
44.43172
46.12484
44.41094
44.68242
42.84055
43.07053
43.99688
44.25483
44.56542
44.0844
43.89782
42.92664
40.11014
40.95351
38.91607
39.87462
40.2707
38.49843
36.77146
36.51586
36.65673
37.15667
37.46479
36.23236
34.10387
33.73079
33.75939
36.12836
36.04267
38.55157
40.20491
40.85783
39.79465
39.82649
40.61648
41.49257
42.36685
43.07988
41.65799
39.50364
38.77116
37.86641
39.29362
37.5106
34.92689
32.38383
32.65616
32.03051
32.66573
31.52157
30.20553
28.96628
30.02212
29.61937
28.28348
29.62206
30.14155
29.05706
29.15292
28.42268
26.13121
24.08872
24.31675
24.56948
23.543
26.26051
28.41
31.38382
32.48202
30.80621
32.82475
31.54373
31.3196
33.23242
34.85409
35.73074
32.74221
33.66307
36.03037
36.07651
33.50022
34.99046
36.27951
35.8938
37.30621
38.72239
39.19103
39.39649
38.98228
37.90824
39.53129
40.80113
41.05103
41.1113
40.2543
38.91669
40.33311
40.62324
41.49306
40.37105
41.32922
43.03882
42.04113
40.31482
42.74574
42.35131
44.70477
43.28822
45.45767
46.10615
46.09982
43.86464
45.31662
45.4696
45.43886
47.29698
47.2223
48.07807
46.07497
47.0096
47.10627
48.22965
48.99824
47.31581
48.91755
47.86738
47.79995
45.946
45.31583
44.87533
42.07075
43.35218
44.37256
44.94121
44.024
44.9038
45.78033
47.22424
48.39167
47.92269
48.7358
48.33412
46.86065
44.98404
43.60084
44.20535
42.49391
42.51634
41.5111
41.06403
41.42035
41.46487
40.44342
40.14447
39.2243
39.07556
40.09863
40.07923
39.15536
39.93886
37.97346
37.49706
