34.88245
34.71365
35.63556
33.53678
33.26956
31.94069
31.97933
32.30189
31.57557
31.18054
30.73361
32.24891
33.2184
33.66684
34.14055
34.27352
33.79482
34.38233
33.72631
33.79993
33.4421
35.00713
36.23427
33.76774
33.20981
34.2835
32.72012
33.38822
32.20252
32.97812
33.25188
34.52629
32.90686
31.77699
31.68885
33.37566
33.71131
34.99362
33.1598
32.98664
33.82759
34.27599
36.00816
34.45992
32.84418
34.16883
36.32565
36.24417
34.54188
33.18449
32.41975
31.12021
31.2083
30.86297
31.30443
31.04293
30.82529
31.52508
32.63128
32.77889
32.78481
31.53713
33.3629
32.40564
32.95962
32.71933
33.47021
35.1508
36.21753
37.99803
38.13479
37.55544
37.10508
36.41106
35.57271
34.82997
36.63502
37.493
37.98451
36.57476
37.9206
38.64487
37.35563
35.64009
36.09323
38.68662
37.4683
38.74965
38.39105
38.06784
39.18407
37.93955
36.89661
35.82819
35.42855
35.23585
35.48202
37.61692
36.63861
36.9202
35.36393
36.65365
34.97198
37.3653
37.58354
36.61278
35.31192
34.81282
36.13024
36.50064
38.0031
37.66727
36.79749
36.33177
36.57217
36.18141
37.74503
37.34137
37.09498
39.17942
37.24843
38.3856
37.99072
36.38777
36.68515
36.36541
34.00666
32.17042
33.67449
34.20942
35.91074
34.87865
33.35257
31.11933
30.74812
30.64707
32.01626
32.24592
31.37004
31.06533
31.31686
33.07791
34.0455
33.4633
33.83678
35.00245
36.00343
36.24482
37.49089
37.7303
36.13321
34.85586
35.09831
36.69718
37.22808
33.37542
32.82108
33.5686
32.55977
33.05861
33.87096
32.41484
32.45483
32.86998
32.16685
33.72468
33.90913
34.06504
33.36684
34.04974
32.54185
32.7739
34.01646
32.62965
33.22691
31.4236
31.1933
28.41022
27.80933
28.42838
28.56841
29.8586
30.24989
30.95693
32.11868
33.64591
33.48662
31.72069
31.95436
31.21865
32.73245
31.8963
32.06017
30.46761
29.53107
27.04164
28.32632
26.57462
26.4929
26.99294
28.1684
28.9788
29.35148
29.14625
30.44145
29.6486
29.46961
30.52353
30.22043
30.01671
30.0384
30.26263
31.44709
32.06568
32.80855
32.60521
32.1242
32.62782
32.62633
32.28674
30.05798
30.28983
31.54661
31.2165
32.09273
33.04766
33.28722
32.33076
33.43133
35.17135
34.51393
34.87022
32.7156
31.23281
30.14157
28.68542
30.36006
30.52796
31.93702
32.74841
33.13278
35.0012
33.37007
32.8117
31.51058
30.30674
29.61758
29.51321
29.6246
29.32196
28.77275
30.18382
32.44796
30.76749
31.56888
32.17104
33.65607
33.77391
34.93213
35.56378
36.02381
36.20184
37.04903
36.36193
37.96933
36.73411
33.87359
35.39029
35.26823
35.08287
34.66851
33.97475
32.84247
32.4954
31.64625
31.93741
31.7529
29.03881
29.68513
28.6338
31.25367
31.22164
31.66011
31.32686
32.08744
32.41249
32.25378
32.64222
33.5149
33.47227
32.99964
32.31057
31.96684
33.58455
34.33751
33.46992
32.83662
33.77875
34.09593
33.18714
33.35533
32.1762
32.48091
33.04467
32.79181
31.89288
29.79645
29.77146
28.82319
30.16225
30.40142
29.73837
29.35349
30.12765
28.60031
27.33005
29.01945
28.72057
29.8289
30.19246
29.27381
28.56368
29.06992
28.24675
28.39036
28.79536
26.69692
27.20183
27.97908
28.94267
30.22792
30.88209
30.83435
33.4859
32.1255
31.36591
31.98551
31.36127
31.43402
32.1282
32.95233
32.79081
32.59331
32.97169
32.05072
32.13267
33.07406
33.53828
31.89995
30.21054
29.64326
30.2139
29.33824
30.52967
30.82407
30.12026
28.99378
29.64308
30.24115
31.51679
32.52112
31.96898
32.26872
33.83262
33.48999
31.90387
30.97823
32.1698
31.07843
32.63597
33.12699
32.90264
34.50847
33.89504
33.79356
34.06925
34.72753
35.36294
34.11622
33.86702
34.15149
33.41278
34.83539
34.60994
34.07426
36.09897
36.62725
33.93672
32.94999
32.73176
33.75597
32.12639
30.80395
30.04589
29.5189
29.11165
31.12262
31.4585
32.84646
34.74913
35.83657
36.68967
35.36885
35.28855
36.07027
39.79638
38.85912
39.43699
39.47732
39.19057
38.67571
36.86272
35.07934
36.91928
37.18727
36.61585
38.48497
37.63088
38.65889
39.60599
38.56795
37.63604
37.01865
36.42757
37.29316
36.93596
35.95977
35.50691
36.93651
36.92031
36.7212
37.47511
36.7148
35.6054
35.62034
34.19218
32.16456
32.32913
32.49803
29.34645
28.17964
30.1598
30.91604
33.65637
32.58947
30.46244
29.79531
29.98934
30.49483
30.4907
31.36509
29.38874
31.43062
32.70285
31.63012
31.33878
30.89993
29.88411
29.86278
30.98981
31.35154
32.45998
32.5486
32.20689
31.67704
31.96519
31.70915
31.58552
32.95739
32.9301
31.82765
32.66779
33.23398
31.36069
30.0104
30.80199
29.50284
28.65444
31.94093
32.793
31.62856
33.34193
32.78781
32.08381
31.40689
30.54555
30.38564
30.94624
30.80449
33.71275
33.58292
33.49648
33.76468
33.4083
33.55812
33.28383
32.97607
33.32283
33.83535
33.43956
