32.75485
35.89067
34.02575
27.54775
31.65315
36.16171
28.41636
31.88938
34.93101
37.11123
25.6916
31.96014
30.63985
36.68608
34.99993
31.57635
32.40164
33.48737
36.76454
32.18773
31.98899
32.7277
37.10836
33.6106
32.84179
28.61233
31.29706
39.98171
36.42424
30.50593
37.5785
30.31558
35.8873
33.92496
32.72445
39.81819
33.05958
32.30987
31.8375
36.22875
31.12728
35.28451
31.68182
37.52381
29.05657
31.93032
36.78041
31.72791
28.91159
28.63752
34.7146
31.81306
31.74679
32.40448
30.91212
32.18295
38.66083
28.04841
35.05405
36.41662
31.52168
37.91857
30.65563
33.5549
34.62543
33.03622
33.50376
32.78468
31.44626
36.57832
32.1242
33.91925
31.47954
28.85168
33.10175
33.01846
33.6702
31.31303
33.07183
33.54153
31.36836
28.88918
35.3729
31.91344
30.37796
29.97635
35.09079
34.13274
28.1988
33.82395
31.58733
30.48457
28.03185
31.16146
34.33337
34.36439
30.55344
31.27218
37.32813
30.85087
32.73386
33.61794
31.77081
30.73983
33.2656
30.35517
28.96864
32.79032
33.9804
27.50988
34.40842
29.89211
31.59
27.68001
30.14349
34.68527
28.59214
37.62842
38.67541
33.88653
34.0675
34.40661
37.328
34.7807
39.19901
31.72206
29.38144
31.17426
32.17115
33.75682
30.88928
32.83856
35.23962
31.97674
29.8049
27.37636
37.81122
32.03035
33.29019
30.55303
33.8782
29.02556
29.95749
30.40873
33.67511
30.13832
33.18827
30.38156
32.38552
36.32073
30.07751
33.57499
31.17383
31.86003
31.04864
28.95388
30.75304
32.3156
30.27237
32.01403
33.69446
35.07254
32.70875
29.14115
33.84342
29.15303
34.42798
31.22276
29.36412
29.06027
36.64381
33.01873
34.29576
31.40502
32.39679
29.37277
31.8701
31.79879
37.8855
29.59246
35.35934
33.08964
31.21685
29.68926
33.71293
33.85838
29.79614
35.86146
36.25397
30.84089
34.73148
33.41667
31.41334
31.37119
31.16708
35.00647
37.88618
28.99022
32.83532
30.8863
32.73351
35.22896
31.51849
33.40193
32.40674
33.54504
32.31203
33.72923
32.68988
36.51411
33.18629
32.85496
33.81906
34.51253
37.15794
32.59821
32.56695
33.76551
31.90038
30.9406
33.83909
34.66825
32.14798
36.76236
35.20787
34.89278
32.26385
32.893
35.18122
35.03524
30.04121
29.66455
30.67832
32.57476
32.51725
35.29987
31.57453
30.67789
30.12272
30.87038
31.63235
32.37458
28.04336
27.11639
32.68418
34.81087
30.38884
35.31472
31.84441
31.32197
36.22745
29.41084
31.57491
32.33791
33.86552
32.44373
35.18467
30.78649
31.86
31.68008
38.21312
36.04146
30.79872
38.08082
32.18599
30.42274
30.1105
31.55315
33.27712
31.42226
34.00462
34.94782
35.06147
32.48502
30.39835
29.31089
31.55996
35.21767
31.94076
32.71077
31.53085
29.97684
36.04085
32.02418
37.82944
32.73074
35.00246
32.90993
35.72105
32.0637
32.0217
33.87323
30.99384
33.80021
32.8619
32.95789
30.94717
33.39958
29.77092
32.84497
34.84559
33.1232
31.33677
32.34745
34.12878
31.49838
34.41288
31.96535
28.75921
36.46108
33.42876
31.27432
37.55698
36.1817
29.28657
32.772
34.74747
31.59744
33.08124
32.69774
31.24286
33.79506
32.11367
33.30671
32.35152
32.15444
30.87885
33.42411
32.74806
34.87276
29.64342
33.511
29.78496
32.03557
31.82204
32.98912
30.90212
35.36575
29.67185
37.94841
35.99617
41.25069
36.73794
29.75424
34.3542
31.72815
35.3144
35.87833
34.20233
36.57364
30.1342
30.93266
32.95743
30.82076
33.89576
30.5519
29.91907
34.75152
37.70245
31.03725
37.63094
31.27909
33.67595
36.38625
35.24831
29.91011
33.53878
29.1771
31.91113
31.05384
33.16508
27.92003
27.59797
35.10942
34.20756
30.91811
33.54791
35.01653
36.27128
34.8062
31.2827
35.23392
34.33774
31.72582
32.97836
32.5155
34.65848
35.19794
33.50258
35.10599
32.98071
33.95628
30.97227
35.13638
38.68318
34.91971
35.1035
29.91764
33.00428
31.96837
33.81885
32.05458
37.78542
33.29591
38.57084
35.19375
36.82745
33.29898
33.12201
32.73882
38.01199
31.34936
33.26609
33.98345
34.54787
31.04402
30.65065
31.40072
35.8928
31.34841
31.85212
29.0767
34.30663
37.01602
32.50767
27.98712
37.22534
33.73852
32.61275
31.2782
32.85132
32.95678
34.2604
33.95482
33.61184
30.4636
30.86861
34.58959
33.49271
29.22157
30.02733
33.62658
35.32787
35.37619
33.70235
30.90067
31.16109
36.54865
32.50013
33.28868
32.69789
34.46048
29.81452
28.96802
31.7983
31.62949
30.95487
34.75344
31.54124
37.21529
35.21941
34.56357
32.66956
37.68631
36.73737
34.79488
37.51548
35.19968
36.2378
37.07481
35.54655
33.88776
36.92045
30.0735
30.72503
33.82061
30.22818
31.4627
34.06137
35.52877
30.9161
33.91248
33.27157
32.63772
33.0639
31.46935
30.66452
32.21981
31.34339
30.37655
35.05497
32.57289
34.06227
33.99852
34.27541
33.75543
32.44066
32.97664
29.05992
29.67334
