0.2652079
0.2604256
0.2629323
0.2345239
0.2266748
0.2165583
0.2109702
0.2023644
0.1972497
0.2027696
0.2074658
0.2055429
0.1995429
0.1963934
0.1909771
0.1932491
0.1977748
0.18913
0.1738325
0.1801751
0.1811242
0.175864
0.1690442
0.1659275
0.164344
0.1549869
0.1560893
0.16381
0.168249
0.1654953
0.1621564
0.1526789
0.1493769
0.1529524
0.1499921
0.1539103
0.157145
0.1474808
0.1457228
0.1382769
0.1333037
0.1266992
0.1253377
0.1255181
0.1273621
0.1221685
0.1177868
0.1127595
0.1153702
0.1123791
0.1099824
0.1080682
0.1062345
0.1138351
0.1153641
0.1063944
0.1061889
0.09704461
0.09099754
0.09162144
0.09394627
0.09411047
0.09344891
0.09081964
0.09380477
0.09382929
0.1046983
0.1038588
0.1024218
0.1032528
0.1005316
0.09641322
0.09294054
0.09201828
0.09107463
0.09678561
0.09777745
0.09363423
0.08766824
0.08832002
0.08295735
0.07870309
0.07931923
0.07554524
0.07109793
0.07302152
0.07510386
0.07888411
0.07858998
0.08057699
0.07797291
0.07341933
0.07200297
0.0696476
0.07260899
0.07296683
0.07057389
0.07214666
0.07162665
0.07000664
0.06387041
0.06347343
0.06213828
0.0633097
0.06038445
0.05957384
0.06000428
0.05662471
0.05355973
0.05375078
0.05574804
0.05555568
0.05537521
0.05389167
0.05421537
0.05687509
0.05697819
0.058308
0.05800114
0.05593819
0.05905619
0.05957138
0.05759212
0.05735003
0.05696931
0.05925272
0.06135442
0.06078814
0.06198047
0.06249756
0.06343936
0.06487663
0.06201172
0.06267529
0.06279519
0.0646721
0.06382934
0.0638336
0.06404219
0.06442687
0.06937113
0.0656417
0.06682167
0.06774068
0.06797506
0.06471621
0.06546013
0.06908792
0.07576436
0.06870455
0.07100843
0.06706804
0.06482365
0.06368073
0.05939866
0.06466153
0.06342145
0.06293035
0.06285547
0.06684424
0.06750264
0.06180583
0.05838886
0.05565911
0.05426667
0.05453622
0.05492442
0.05998402
0.06190522
0.05744787
0.05590572
0.05343533
0.05265827
0.05323742
0.05261628
0.04996679
0.04903872
0.04899685
0.05233126
0.05151588
0.05301279
0.05189098
0.0499688
0.04713671
0.04548484
0.04485627
0.04233898
0.03987759
0.03940679
0.03792955
0.03727279
0.0374791
0.03843966
0.03854101
0.0396045
0.03762761
0.03901832
0.03880406
0.0400187
0.03977136
0.03911707
0.0389713
0.03823259
0.03742299
0.03771673
0.03775428
0.03670807
0.03735567
0.0369451
0.03432726
0.03608722
0.03583754
0.03490206
0.03431623
0.03574682
0.03676803
0.03487111
0.03591935
0.03593696
0.03466517
0.03580611
0.03494309
0.03554282
0.03235139
0.03374776
0.03187403
0.03097824
0.03130816
0.03371227
0.03290622
0.03250124
0.0326507
0.03279904
0.03317171
0.03432015
0.03284218
0.03294779
0.03306292
0.03118041
0.03188695
0.03323466
0.03254794
0.02999781
0.02920951
0.02939341
0.02860899
0.02924871
0.02901165
0.03091404
0.03341309
0.03376298
0.03478045
0.03485538
0.0343913
0.03417524
0.03596539
0.03706579
0.03504115
0.03412486
0.0331636
0.03537815
0.03672072
0.03580731
0.03622858
0.03636293
0.03744729
0.03731304
0.0384584
0.04024485
0.04072624
0.03953812
0.0385075
0.03812792
0.03888421
0.0402265
0.03988687
0.04209975
0.04170175
0.04269848
0.04110047
0.0406528
0.0406291
0.03974113
0.03922816
0.03859041
0.03994731
0.03945447
0.03832589
0.03846591
0.0385055
0.04137068
0.04168068
0.04466902
0.04384891
0.04350368
0.04385374
0.04292124
0.04436913
0.0474172
0.0478991
0.04763042
0.04702993
0.04629149
0.04915739
0.04709079
0.04718446
0.04803181
0.05072215
0.0507629
0.04912065
0.04741231
0.04700423
0.04775099
0.04714405
0.04767873
0.04729716
0.04534212
0.04346758
0.0457236
0.04717204
0.04393477
0.04440459
0.04429186
0.0432869
0.04147898
0.0419226
0.04271682
0.04147567
0.04021859
0.03893879
0.03672966
0.03738422
0.03537544
0.0359006
0.03587716
0.03545806
0.03522826
0.03297424
0.03250859
0.03287719
0.03299207
0.03137765
0.03216908
0.03067215
0.02963659
0.02965535
0.03022467
0.03197035
0.03205193
0.03271731
0.03374136
0.03655301
0.03730271
0.03574495
0.03468851
0.03433036
0.03388773
0.03348898
0.03385494
0.03287553
0.03259058
0.03244842
0.0308957
0.03078568
0.0316085
0.03103891
0.03172562
0.03083934
0.03118844
0.03334482
0.03330132
0.03229184
0.03169958
0.03439724
0.0351028
0.03432116
0.03434058
0.03375078
0.03360024
0.03375302
0.03470085
0.03291174
0.03168808
0.03013178
0.03054959
0.0309843
0.0304993
0.0306218
0.0305209
0.03086383
0.03028883
0.03001493
0.02970787
0.02877152
0.02933927
0.03003841
0.02904524
0.02718785
0.02465047
0.02451458
0.02456631
0.0244541
0.0237544
0.02300224
0.02051096
0.02160187
0.01982818
0.01854388
0.01830324
0.01777018
0.01807085
0.01719049
0.01703039
0.01733496
0.01715906
0.01758126
0.0178396
0.01761453
0.01820889
0.01787591
0.01771352
0.01696066
0.01694065
0.01741597
0.0168076
0.01771848
0.01691628
0.01735538
0.01777725
0.01690115
0.0171176
0.01753008
0.01774728
0.01670599
0.01499335
0.0146684
0.01483575
0.0153574
0.0144641
0.01492277
0.0148564
0.0147939
0.0151169
0.01497254
0.01483589
0.01552567
0.01473791
0.01527843
0.01513811
0.01621289
0.01630694
0.01593209
0.01493584
0.01557109
0.0159553
0.01663094
0.01609154
0.01653219
0.01585286
0.01631674
0.01555476
0.01551684
0.01612905
0.01635027
0.01639444
0.01662999
0.01635292
0.01604558
0.015922
0.0159484
0.01579213
0.01578015
0.01389548
0.01338218
0.01342421
0.01455378
0.01453396
0.01458561
0.01464025
0.014669
0.01443808
0.014481
0.01399603
0.01409968
0.01413381
0.0137008
0.01347687
0.01327624
0.01282399
0.01283271
0.01285436
0.01379852
0.01385619
0.01348432
0.01396842
0.01466822
0.01459052
0.01448165
0.01485226
0.01499612
0.01536291
0.01579122
0.01544982
0.01552939
0.01537573
0.01402111
0.01486759
0.01490859
0.01435414
0.01491285
0.01489833
0.01517894
0.01513493
0.01545664
0.01598288
0.01620479
0.01654285
0.01616491
0.01613207
0.01472362
0.01455222
0.01309777
0.0137668
0.01509348
0.01518401
0.01524294
0.01567702
0.01579395
0.01573539
0.01511784
0.01536427
0.01503982
0.01417441
0.01485244
0.01457479
0.01397798
0.01363767
0.0134014
0.01371448
0.01404528
0.01502208
0.0154792
0.01556806
0.01485205
0.0156263
0.01528359
0.01536757
0.01554466
0.01591465
0.01653222
0.01706827
0.01739636
0.01765768
0.01753397
0.01829673
0.01774281
0.01856543
0.01920754
0.02014465
0.01942951
0.018289
0.01796306
0.01715609
0.01692843
0.015811
0.01642634
0.01634386
0.01706303
0.01694325
0.01691796
0.01558592
0.01531067
0.01461311
0.01448667
0.01458789
0.01371182
0.01487993
0.01482033
0.01426503
0.01443474
0.01349869
0.01308138
0.0127669
0.01229297
0.01272561
0.01294002
0.0125327
0.01382038
0.01433536
0.01441286
0.01434099
0.01550512
0.01510471
0.0148575
0.01446344
0.01396286
0.01355922
0.01344277
0.01337516
0.01318364
0.01352484
0.0136848
0.01383271
0.01441043
0.01403021
0.0138643
0.01387653
0.01376669
0.01373628
0.01473004
0.01405841
0.01343506
0.01387545
0.01404577
0.01337733
0.01300557
0.01331757
0.01313489
0.01260618
0.01257089
0.01351641
0.0147284
0.01507154
0.01528086
0.01518526
0.01548891
0.01480773
0.01483412
0.01588203
0.01674985
0.01738981
0.01855688
0.01864859
0.01860583
0.02033166
0.0199953
0.0212382
0.02143035
0.02225813
0.0226105
0.02334878
0.02364542
0.02268076
0.02239978
0.02106863
0.02089771
0.02084531
0.02020324
0.02010749
0.01952725
0.02044855
0.02047159
0.01975658
0.0192331
0.01804273
0.0177668
0.01707641
0.01787236
0.01709535
0.01801672
0.01705376
0.01744949
0.01746853
0.01746688
0.01782622
0.0193729
0.01829887
0.01872302
0.01905143
0.01997444
0.02063848
0.0212168
0.02063601
0.0197285
0.02070735
0.02122007
0.02183611
0.02180241
0.0222505
0.02253894
0.02258748
0.02338327
0.0239447
0.0259645
0.02574473
0.02611358
0.02779404
0.02774025
0.02690311
0.02750114
0.0275252
0.02790601
0.02898715
0.02861924
0.02658482
0.02762819
0.02661482
0.02648132
0.02514667
0.0250734
0.02590037
0.02575719
0.02658188
0.02634992
0.02464601
0.02419294
0.02266482
0.02109959
0.02034464
0.02044145
0.02040886
0.02041321
0.01949509
0.01974472
0.01963818
0.01924189
0.01831484
0.018866
0.01862102
0.01829102
0.01790078
0.01720328
0.01662312
0.01633683
0.017324
0.01659272
0.01737434
0.01749739
0.0173735
0.0157238
0.01580735
0.01536252
0.01468859
0.01531002
0.01408831
0.01450688
0.01460788
0.01406061
0.01380305
0.01331055
0.0134742
0.01438443
0.01453695
0.01425859
0.0140557
0.01403246
0.01361379
0.01293219
0.01283887
0.01259897
0.01368687
0.01323426
0.01346894
0.01346354
0.01279249
0.01237299
0.0130452
0.01342634
0.01259631
0.01286146
0.01310752
0.01282947
0.01253964
0.01313503
0.01388839
0.01313055
0.01322461
0.01368715
0.01359212
0.01375348
0.01381131
0.01426596
0.01538016
0.01602425
0.0143933
0.01430902
0.01416012
0.0144809
0.01501163
0.0150608
0.01464544
0.01416943
0.01474234
0.01436293
0.01416517
0.01366299
0.01317187
0.01277498
0.01216672
0.01180735
0.01260414
0.01153943
0.01141803
0.01166665
0.01127097
0.01121596
0.01096098
0.01057945
0.01136283
0.01140914
0.01151421
0.01194817
0.01236929
0.01299338
0.01389876
0.01345012
0.01370421
0.01310379
0.013444
0.01367369
0.01415432
0.01412399
0.01364862
0.013838
0.0143035
0.01467407
0.01408527
0.01336933
0.01292521
0.01394314
0.01471672
0.01342257
0.01349413
0.01394608
0.01390962
0.01411157
0.01425756
0.01295217
0.01319958
0.01298461
0.01212031
0.01145145
0.01184801
0.01179533
0.01143683
0.01113749
0.01062505
0.01078503
0.01092418
0.011332
0.01133564
0.01163131
0.01139129
0.01150576
0.01144458
0.01230179
0.01309376
0.01329536
0.01276948
0.01267429
0.01189292
0.01168558
0.01171357
0.01198966
0.01209637
0.01189297
0.01242616
0.01265156
0.01240294
0.013
0.01286374
0.01229917
0.01275241
0.01249767
0.01246849
0.01271126
0.0121945
0.01204843
0.01286551
0.01259877
0.01210304
0.01217169
0.01247044
0.01252487
0.01302201
0.01304267
0.01323339
0.01287584
0.012488
0.0120049
0.01242048
0.01260226
0.01174379
0.0112764
0.01175208
0.01170151
0.01169172
0.01203655
0.01217812
0.0124823
0.01243857
0.01273146
0.01279993
0.01180207
0.01259936
0.01203653
0.01211319
0.01266188
0.01207064
0.01200811
0.01277565
0.01303318
0.01317522
0.01332915
0.01406256
0.01501602
0.01506978
0.01467256
0.01404248
0.01429856
0.01491041
0.01463531
0.01513784
0.01493414
0.01461091
0.01403355
0.01367729
0.0128524
0.01225078
0.01253923
0.01268927
0.0127094
0.01317007
0.01301162
0.01367364
0.01475563
0.01439642
0.01406339
0.01369979
0.0135734
0.01306895
0.01338261
0.01409955
0.0136351
0.01407652
0.01420261
0.01306681
0.01322618
0.01365011
0.01398734
0.01546671
0.01529138
0.01521757
0.01503752
0.01506089
0.0148785
0.01437216
0.01359315
0.01301271
0.0127802
0.01273828
0.01303117
0.01315673
0.01319311
0.01358688
0.01403516
0.01415156
0.01289305
0.01288061
0.01351236
0.01388865
0.01388851
0.0147582
0.01389758
0.01395233
0.0147136
0.01526764
0.01599922
0.01616176
0.01583719
0.01581888
0.01627819
0.0167244
0.01632
0.01710611
0.01559095
0.01603619
0.01680067
0.01774079
0.01785544
0.01869855
0.01852858
0.01852775
0.01813568
0.01787603
0.0173415
0.01801051
0.01865772
0.01960265
0.01945167
0.01954057
0.0206438
0.01994566
0.01932541
0.01893103
0.01849421
0.01762245
0.01766085
0.01706952
0.01644249
0.01785089
0.01802765
0.01827851
0.01802628
0.01749312
0.0185672
0.01820111
0.01897351
0.01881985
0.02055101
0.02322458
0.02316074
0.02267962
0.0226971
0.02199172
0.02258661
0.02391435
0.02350033
0.02322633
0.02414347
0.02307462
0.02164593
0.02086088
0.02127058
0.02212423
0.02193335
0.02220117
0.02193125
0.02236096
0.02305252
0.02198933
0.02107151
0.02034165
0.02036641
0.01960714
0.01861274
0.018475
0.01749128
0.01798592
0.0180027
0.01872842
0.0182297
0.0185632
0.01889431
0.01942939
0.01922715
0.01843917
0.01915412
0.01909231
0.01935666
0.01877348
0.01884479
0.01932301
0.01898826
0.0192035
0.0203736
0.01965889
0.02055108
0.0204899
0.02083371
0.02047795
0.01931016
0.0199114
0.02062591
0.02074524
0.02042882
0.01933706
0.01899825
0.01912251
0.01827671
0.01768028
0.0177142
0.01774568
0.01834951
0.01829712
0.01825435
0.01872691
0.01870529
0.01891047
0.01873438
0.01851946
0.01941461
0.02044322
0.01882536
0.0191143
0.01984468
0.02077056
0.01987179
0.01899869
0.01905004
0.01905521
0.01918925
0.02049836
0.02099015
0.02130991
0.02185888
0.02184118
0.02048789
0.0210058
0.02023973
0.01919214
0.01938202
0.01804131
0.0184122
0.01820848
0.01862605
0.01870413
0.01893321
0.01799038
0.01893726
0.01900992
0.01952963
0.01976148
0.01910508
0.019077
0.0200925
0.02042153
0.0205638
0.02063233
0.01994714
0.01914725
0.0202221
0.02020894
0.02039257
0.02018318
0.02026446
0.02077395
0.02068022
0.02063084
0.01969197
0.01969038
0.01846519
0.01846089
0.01879194
0.01782811
0.01655032
0.01722741
0.01653009
0.01557626
0.01605804
0.01518177
0.01556909
0.01640936
0.01676205
0.01700571
0.01766673
0.0182415
0.01948621
0.01873163
0.0188925
0.02009291
0.01938989
0.01849379
0.01849227
0.01928026
0.02060216
0.02028515
0.02014219
0.02073521
0.02117006
0.02162619
0.02225548
0.02187724
0.02218119
0.02242848
0.02205402
0.02157316
0.02195439
0.02173822
0.0220989
0.02406382
0.02344939
0.02290344
0.02288951
0.02376585
0.0245148
0.02592249
0.02506538
0.02578513
0.02567725
0.02492886
0.02518838
0.02395757
0.02325006
0.02187838
0.0222449
0.02348827
0.02304536
0.02169649
0.02201931
0.02130044
0.02064097
0.0201197
0.01876564
0.01868062
0.01916233
0.01888087
0.01870015
0.01727224
0.01751523
0.01881666
0.0194894
0.01918467
0.01864545
0.01848444
0.01842156
0.01809819
0.01793673
0.01857879
0.02024818
0.01918672
0.01948805
0.01969092
0.02024232
0.02239855
0.02245871
0.02334981
0.02390793
0.02289143
0.02204311
0.02230392
0.02144341
0.0213929
0.0206815
0.02012968
0.02030675
0.01934078
0.0189059
0.0188238
0.01912691
0.01917692
0.01947823
0.01961011
0.01938904
0.0207368
0.01929191
0.01975764
0.01951288
0.01933906
0.01850414
0.01817735
0.01832535
0.01953281
0.01923678
0.01816361
0.01785619
0.01693707
0.01657116
0.01600645
0.01581948
0.01609187
0.01746084
0.01808648
0.01816663
0.01707121
0.01702146
0.01646829
0.01729739
0.01712327
0.01787937
0.01620417
0.01598761
0.01540048
0.01491992
0.01485756
0.01415507
0.01406642
0.0138636
0.0138116
0.01455448
0.01552395
0.01621563
0.01705649
0.01631546
0.01665999
0.01571638
0.01647136
0.01680993
0.01725921
0.01656987
0.01689859
0.01684616
0.01748894
0.01648187
0.01708799
0.01769855
0.01770323
0.01757664
0.01686783
0.01722751
0.01795106
0.01765867
0.01764596
0.01839675
0.01904433
0.01777636
0.01876291
0.01666979
0.01712412
0.01777211
0.01860324
0.01861632
0.02007808
0.01934978
0.01928175
0.01795597
0.01810159
0.01767816
0.01800075
0.01807956
0.01887946
0.01979068
0.01999419
0.01980148
0.01854992
0.01783756
0.01792777
0.01679871
0.01635455
0.01636831
0.01678217
0.01575734
0.01649455
0.01622575
0.01570856
0.01576378
0.01576416
0.01533633
0.0164056
0.01701559
0.01697775
0.01590823
0.01631906
0.01602246
0.01606913
0.01571042
0.01595322
0.01551077
0.01618786
0.01548403
0.01571239
0.01660545
0.01790945
0.01850868
0.01918638
0.01977227
0.020556
0.02057662
0.02070379
0.01953757
0.01987962
0.01974136
0.01847518
0.01898199
0.01794402
0.01801823
0.01783138
0.01813289
0.01731787
0.01725845
0.01744857
0.01822288
0.0171509
0.01764582
0.01880861
0.01868677
0.01984764
0.01909244
0.01785399
0.01837461
0.0186131
0.0184214
0.01906664
0.01923045
0.01909143
0.01995022
0.01949565
0.01956024
0.02030353
0.01993585
0.01927834
0.01955008
0.02011389
0.02014853
0.02051077
0.02032627
0.02082321
0.02101433
0.02003714
0.02161162
0.02210076
0.02094444
0.02164469
0.02219904
0.02190216
0.02383453
0.02404189
0.02410737
0.02601079
0.02581133
0.02529625
0.02645237
0.02601624
0.02525779
0.02451319
0.02534197
0.02611607
0.02670066
0.02721845
0.02612278
0.02679814
0.02641548
0.02685572
0.02726851
0.02717725
0.02718457
0.02578905
0.02458544
0.02445545
0.0239093
0.02418763
0.02461161
0.0248856
0.02292733
0.02404929
0.02406083
0.02390986
0.02411733
0.02362727
0.02394259
0.02519246
0.02339623
0.02402897
0.02416352
0.02553778
0.02575142
0.02608724
0.0253119
0.02522342
0.02387057
0.02352915
0.02283948
0.02410101
0.02649964
0.02589636
0.02514411
0.02338133
0.02403414
0.02324813
0.02372586
0.02421438
0.02264322
0.02254735
0.0225276
0.02271915
0.02370536
0.02293455
0.02249541
0.02442384
0.0239773
0.02450348
0.02411968
0.0244234
0.02296022
0.02298985
0.02274517
0.02283001
0.02390474
0.0237509
0.02420448
0.02384043
0.02347069
0.02312497
0.02383991
0.02451884
0.02397379
0.02408905
0.02342966
0.02347589
0.02286317
0.0228464
0.02407395
0.02432589
0.02290125
0.02355198
0.02379308
0.02381568
0.02446044
0.02346359
0.02370434
0.02263945
0.02265821
0.02296021
0.02347191
0.02284588
0.02356879
0.02427823
0.02461508
0.02341587
0.02415487
0.02466489
0.02333698
0.02314136
0.02418513
0.02505472
0.02477677
0.02454282
0.02328879
0.02313033
0.02253303
0.02269343
0.0216129
0.0221688
0.02231921
0.02221062
0.02230488
0.02177012
0.02242325
0.02177381
0.02156163
0.02108646
0.02098904
0.02089067
0.02023407
0.02058473
0.01921079
0.01877009
0.01977389
0.01988253
0.02060197
0.02014978
0.0203791
0.02084041
0.02203512
0.02242286
0.02311129
0.0223673
0.0221018
0.02203322
0.02199552
0.02207274
0.02176991
0.02133047
0.02028558
0.01959489
0.01945557
0.02020295
0.02018315
0.02035399
0.01988767
0.01944829
0.01946363
0.0191154
0.01973784
0.01960739
0.01979933
0.01883531
0.01974011
0.02037282
0.01994684
0.02018189
0.01966392
0.01908047
0.01898408
0.01897632
0.01718434
0.01870716
0.0177474
0.01790789
0.01787213
0.01684054
0.01730669
0.01749437
0.01824936
0.01724654
0.0180789
0.01774847
0.01747876
0.01809335
0.01745379
0.0182358
0.01773314
0.01854827
0.01884176
0.01934825
0.01905097
0.01932748
0.01869301
0.01862632
0.01796736
0.0184684
0.01807013
0.01874287
0.01830438
0.01841566
0.01862191
0.01799584
0.01829468
0.0186416
0.01877055
0.01925747
0.0196023
0.0194414
0.01935841
0.01957725
0.01874117
0.0183085
0.01815172
0.01809197
0.0182391
0.01802457
0.01709237
0.01691422
0.01785782
0.01856601
0.01897847
0.01898037
0.01843127
0.01898653
0.01817843
0.01825575
0.01942651
0.01903421
0.0185869
0.01827443
0.01984682
0.01983452
0.01969814
0.01842288
0.01818902
0.01764085
0.01673925
0.01786198
0.0177275
0.01827909
0.01842128
0.01914401
0.01892138
0.01908814
0.01945162
0.02058334
0.02087136
0.02143614
0.02142349
0.02194127
0.02120594
0.0202157
0.02019258
0.0196043
0.01967098
0.02062035
0.02163684
0.02274075
0.02299046
0.025204
0.02540916
0.02477966
0.02706504
0.02890919
0.02926824
0.02852819
0.02747333
0.02747772
0.02787257
0.02861179
0.02781253
