32.06917
31.98596
37.91554
32.79756
37.10205
35.22046
36.81414
36.5379
26.02168
24.94119
25.54324
25.43396
22.77584
18.34608
17.31526
16.62497
16.24898
12.23689
13.51691
14.00294
14.48904
15.54685
18.00722
21.53719
17.6131
17.90275
19.85698
17.76117
17.03845
18.199
20.72289
25.75092
20.74154
27.77642
24.75098
24.77385
24.42284
19.17015
14.2607
17.68361
19.18998
19.92791
17.73396
16.60948
17.84198
14.44036
13.16109
15.75963
23.14742
24.72289
24.69145
24.62996
20.14174
29.65806
30.54774
24.61747
23.24225
23.0551
25.43437
23.04904
22.18918
24.04809
21.48497
21.74517
21.87274
20.1787
19.10655
18.65581
21.2463
18.27319
14.40573
17.64774
15.80127
17.11524
16.0571
19.75907
22.22848
23.63515
19.4955
18.77019
16.56703
16.88539
14.23483
13.87509
14.6646
15.42507
17.44924
15.64169
16.18347
16.04785
13.60209
12.23542
14.00848
17.38444
17.62711
19.57848
18.56431
20.14231
18.6755
18.54919
19.38456
19.52384
18.20669
16.67873
17.29561
16.75138
16.35629
16.41557
17.93728
16.89188
16.50838
14.69957
18.1736
16.69195
18.00514
16.01087
17.254
18.58918
20.42336
20.63043
20.94546
19.39263
16.98927
16.99313
16.47247
16.87192
20.1262
16.91718
16.80812
20.68862
23.60471
23.15389
23.8803
23.05969
23.39635
18.70336
19.87597
22.71745
18.57573
21.88074
25.33891
23.8006
23.14182
21.65326
16.99435
16.69266
18.41554
19.38574
22.01926
21.64909
22.54268
19.76534
19.60709
19.96145
18.50645
19.25955
20.00426
21.70482
19.12737
17.05605
17.69727
19.02896
17.34299
16.29588
13.93059
13.8662
14.64255
16.49334
17.78616
20.47364
21.61863
21.27394
21.43529
23.37775
28.42914
23.18653
20.64137
21.36933
19.94254
17.12568
16.0994
16.29275
19.17387
19.22209
16.11698
17.47177
21.14404
23.76826
23.82289
22.51595
20.62593
21.55103
26.31072
25.20351
24.75224
26.05391
19.18309
19.42004
18.58307
17.91975
19.66281
18.03122
18.01407
17.62308
17.38621
15.93976
19.01906
20.90491
19.76948
19.60222
18.86589
15.03766
13.33985
12.87062
14.26612
14.61774
15.78376
16.02267
16.44792
18.13125
16.56443
17.70769
15.17736
14.42976
15.73283
15.14143
17.04013
15.5587
17.18314
17.48928
20.43021
19.74777
19.82165
21.8356
18.75866
17.21653
19.454
22.3028
20.3353
22.78378
24.396
23.64394
22.89275
18.99335
17.19137
16.56861
17.94582
17.25506
15.90258
19.28974
18.76458
17.00964
14.42723
16.6641
18.71101
20.77182
23.56908
20.45103
19.12384
22.5299
21.37604
20.17693
22.41461
23.51019
23.48716
20.78601
22.39164
19.98176
21.32139
24.88261
26.90272
26.86411
25.46992
26.24893
29.66529
26.73411
32.2559
28.77866
26.69386
24.22376
21.01672
23.34128
20.04308
21.0457
22.67761
22.42923
21.54602
17.06341
17.86374
18.38292
21.91327
24.93903
24.09114
22.60063
22.72974
21.24153
22.3354
21.3122
23.01871
26.82485
25.3556
25.89696
26.76035
27.62462
28.14907
25.05375
25.00184
26.67433
28.7086
33.54932
37.69177
38.17483
31.14734
30.48709
41.24572
41.62606
40.05169
36.49161
34.13229
35.91175
40.48144
42.00815
36.87417
28.82064
30.73245
31.06635
32.21936
28.37732
32.16652
27.78526
29.97163
33.36312
33.65517
32.21668
26.11075
20.63801
18.25558
19.3311
17.33144
15.45126
15.81402
16.2899
16.80174
16.07518
13.62144
12.16341
11.45655
13.22037
12.25582
11.2602
9.684975
9.945155
8.810078
8.294436
9.887145
9.932736
11.11342
11.87069
10.66469
10.39178
12.48845
13.413
12.71534
12.52329
12.70751
13.60962
14.03779
11.6987
14.49671
15.72045
16.35391
13.52896
14.71671
14.56221
13.83057
15.50857
14.8191
12.72244
14.69651
15.81009
15.54409
19.30633
19.8488
22.01342
19.77822
19.63327
22.7371
21.62915
20.43112
22.97357
23.40652
23.25645
32.31077
26.01933
21.30069
22.74217
23.10864
20.55334
22.07534
21.32655
23.92096
23.28269
21.04436
23.83535
23.30586
19.8503
20.00695
22.34799
22.47463
21.87032
19.74137
21.10413
21.79629
22.30098
22.73492
23.39286
21.28049
18.63002
16.11698
15.31934
15.86325
16.66653
14.94854
13.97281
11.48135
16.2916
17.34246
18.40009
16.70438
17.35981
15.92222
16.61841
18.31746
20.91578
23.51588
16.45052
16.39629
15.59103
19.86597
22.14361
24.5725
26.4562
25.47865
24.53388
26.58608
20.22282
21.39582
23.09674
23.27281
28.2618
25.39593
24.82566
22.79802
22.87938
24.12877
21.30444
22.81292
24.4838
22.97255
19.82901
18.63336
21.5524
20.86401
19.96932
18.72668
21.35048
20.34253
20.8249
18.80689
17.26068
20.22308
17.96431
16.1404
16.70582
13.72327
14.37435
14.24871
15.13655
14.85635
13.63587
12.52331
13.74727
12.8053
10.84267
13.26142
12.11304
12.15957
12.49768
13.42029
11.45017
13.54988
13.07162
14.03587
15.7469
14.77025
18.31045
16.57225
12.73083
13.80198
14.15267
13.42927
14.97018
14.26577
14.8199
15.33685
17.21231
18.26614
18.246
19.41503
22.29737
18.53595
15.59015
14.37118
13.66267
15.08398
16.54692
19.51251
17.18328
20.77411
17.61128
16.54466
16.13496
13.88249
15.59058
13.22738
13.66737
13.99347
12.47395
13.31962
11.69605
11.88665
13.85388
14.77299
16.44844
15.86288
16.81846
18.97604
21.40589
17.38419
15.74012
17.37725
19.09087
17.77485
17.93715
19.39581
18.72779
19.67375
18.70321
14.84852
15.87421
13.4886
13.96517
14.3633
14.59302
13.55095
14.5021
17.06197
18.19135
18.04878
17.58835
20.60452
19.70338
20.58692
24.49098
23.99094
25.40604
22.01276
20.01461
16.7043
15.04988
14.05808
16.17038
15.70152
15.60507
14.63976
16.60456
15.2264
13.22314
14.93982
15.10035
14.34896
14.0735
12.61372
12.13693
12.63527
13.39491
13.95151
14.19918
13.03095
9.880465
9.459125
10.64868
9.786009
11.08575
13.60985
16.10868
15.9435
17.84364
17.64219
15.98876
19.25287
15.82052
16.21527
15.18141
18.32148
19.27919
18.95044
17.09738
15.95461
15.71211
18.98845
17.69881
16.26628
17.00386
14.38128
15.40096
12.42899
12.16602
12.95273
14.48103
15.17442
14.03658
16.94655
18.13504
20.03299
23.12577
24.52535
21.02015
21.08073
20.19859
20.96707
18.04496
18.40059
18.54045
19.94211
20.28622
19.23213
17.69768
18.19151
15.72236
16.86113
16.4479
16.97346
14.90493
17.36275
20.12001
21.4678
20.66459
21.27904
18.93348
21.53109
19.89708
19.03022
21.28888
24.68797
22.42531
24.39405
25.94808
28.8199
33.58754
28.12281
28.06731
30.34995
29.48939
30.24698
24.5916
24.2001
25.05298
28.1498
22.39351
25.04276
26.8017
23.70976
24.43147
20.07469
24.07111
20.47245
20.6261
20.67479
17.39631
17.23806
17.37052
17.17963
16.34697
16.48076
14.38152
15.03519
15.19047
16.83926
12.54064
12.83317
11.78031
11.25103
11.94379
13.25646
12.96564
12.65773
11.73266
11.63017
11.35657
12.07978
13.52088
11.4988
15.67485
16.08901
14.47503
18.34189
18.57656
19.81297
16.72125
16.66208
16.83219
16.73109
18.42083
16.53893
17.49211
15.42795
13.62201
14.06126
14.46467
14.34858
12.51295
13.55021
14.6149
12.81657
15.06449
15.2203
12.14764
14.94883
15.26494
17.02005
20.90413
26.13964
22.66425
19.2917
18.47117
19.2549
19.19893
18.89617
22.08827
20.09056
21.70394
23.98136
19.77014
20.01666
20.87666
20.79403
19.53115
18.6
20.9864
17.31103
15.93685
15.82475
14.05415
13.16356
14.07421
11.511
10.57285
12.07183
10.71501
12.40303
13.04087
14.01623
15.7819
18.97656
18.83718
22.62802
23.15398
23.5974
25.90338
28.51029
24.81541
19.31355
21.88798
25.40409
22.35596
22.4384
17.61356
19.06433
16.81843
15.67231
15.54918
15.10419
13.50081
12.66887
13.39889
12.9727
12.98554
11.00667
14.04842
12.47416
12.9217
14.52732
13.50666
16.58672
17.36907
19.38382
21.29663
18.41489
16.37949
13.6448
13.73475
15.46735
13.09344
13.12581
12.3147
13.18415
11.31359
11.85489
14.28193
14.01999
17.62714
19.70423
16.1143
14.06964
13.15555
13.46853
14.17501
12.06493
13.49046
13.7673
12.11246
12.90828
14.15602
16.2211
13.19631
11.92909
12.42566
11.78176
13.83728
13.35778
14.04744
16.26589
15.65225
20.23218
20.99476
24.45276
23.06014
14.94387
16.32561
11.626
10.86122
12.85168
12.399
11.0442
10.25139
10.11592
10.4113
9.659591
9.618683
11.66261
13.82187
14.16262
12.39456
12.91988
14.48245
13.76532
12.51927
13.08976
11.98478
9.988697
9.539607
12.11992
14.38514
13.02855
14.76734
11.82875
11.07427
11.14479
9.547374
7.054687
7.29339
7.711762
6.943035
7.315124
8.071948
9.343049
8.581316
8.312757
8.519529
9.139997
8.566047
9.316899
13.41811
12.73919
12.06241
10.92568
11.39534
12.6186
12.912
14.02437
13.75088
12.66472
13.73374
14.24731
12.86425
12.07381
10.53601
11.21977
12.81094
14.86701
15.09234
15.28504
11.89822
10.96391
13.10168
15.65423
15.20269
14.64895
12.02968
9.97133
10.07253
11.59545
12.88034
13.60938
12.54255
12.57836
12.20221
12.03806
14.45647
12.33577
11.51217
10.80474
9.771494
9.132592
9.138069
8.617089
9.415282
8.156957
9.224899
9.536784
11.20626
12.13143
12.33306
13.36359
13.92
13.99495
12.25982
14.51402
14.72756
15.93336
16.83625
17.26932
16.36191
17.41491
14.78361
15.49237
15.38043
14.86821
16.7414
14.84414
15.63863
15.63956
15.38908
17.45718
14.57015
13.72609
16.41393
17.99445
16.49305
17.50965
17.3835
20.13709
19.10493
21.34974
19.15222
17.63488
13.90604
15.7433
19.68133
18.41076
18.14559
19.24132
17.89133
19.95556
21.24333
15.60113
18.96354
18.81925
17.22051
16.52743
15.47344
17.0781
15.25422
13.65754
13.04934
12.07412
11.782
10.88787
9.939952
9.002998
8.238182
8.473119
10.96324
11.91411
14.30004
14.83049
14.46827
14.12289
16.03459
15.49344
12.78849
13.19441
11.79448
11.86842
10.65397
10.57356
9.941511
8.97321
9.168445
8.352964
9.55626
8.908085
8.841697
9.052169
9.566356
9.722175
10.27448
10.70886
10.46255
11.40971
11.65025
10.7451
10.85713
12.24741
12.64064
13.37393
15.55931
16.81289
16.18695
17.30535
15.71407
15.36796
16.12639
12.56617
12.68039
12.26743
13.13419
11.3188
13.18937
13.69526
16.42486
14.84344
17.80163
17.19754
13.14608
15.85025
16.96149
14.9088
14.53909
17.11313
15.75259
15.67739
13.9414
13.74477
13.44151
13.46365
14.76118
15.21918
18.10281
18.05739
15.40556
19.0774
16.40007
16.38609
17.01551
14.5373
12.63827
12.12968
10.43485
12.41324
13.33413
14.05699
16.48092
15.32088
16.4682
16.22611
17.93052
18.23885
20.28917
16.61183
16.58819
15.20752
14.55185
15.23227
15.7548
18.81795
17.60357
18.33371
19.27178
18.3291
16.22468
13.78217
11.55669
9.712147
11.34674
13.20976
13.84283
14.90063
15.93536
19.19325
18.0551
22.10618
22.87323
23.13327
21.86645
24.14778
25.48708
25.15088
26.20274
22.44428
24.12706
23.87015
23.74191
25.00235
23.86521
24.73254
22.5786
25.25334
22.99126
23.07829
24.94844
21.65411
22.37177
22.85869
18.65468
18.708
18.56361
18.30101
18.97481
16.72615
17.88841
14.95623
17.03772
13.47739
13.1674
15.78038
15.0633
18.20807
14.32408
13.10033
13.5241
13.2382
14.3784
14.93096
17.41675
19.864
17.04833
18.70091
17.64745
17.78939
22.43231
22.63523
20.53467
17.52115
16.82037
17.46488
19.60307
20.03548
19.59057
15.6077
15.89083
16.6172
20.56999
22.7782
23.38856
26.43051
21.47064
23.36866
28.55489
26.37405
27.83287
24.03291
22.99259
26.05793
22.25547
19.56993
18.55185
17.07336
16.77829
17.92305
17.34824
18.87217
25.44905
23.5204
25.74668
23.8999
24.49885
27.02242
23.77176
26.01265
27.51034
30.19364
26.31701
23.32978
18.966
19.72607
18.24062
16.17689
16.43038
18.33579
14.66795
20.22417
15.55939
15.1823
13.16812
16.58399
18.34995
16.10397
15.33611
14.54078
18.22919
16.32574
19.33147
17.87886
15.1354
15.67074
14.29395
14.5004
15.49505
14.17481
13.25238
11.88609
11.2268
11.65639
10.76056
12.90446
13.20761
13.21075
14.86018
16.75867
13.02737
12.68835
15.63991
15.22227
15.70752
14.04003
15.95529
16.19435
15.60812
17.22479
16.03826
17.47547
17.15948
15.79859
14.1912
14.62104
15.60585
15.13554
16.02262
14.01875
13.97832
16.04768
15.8825
16.14232
17.44938
20.27933
16.90969
17.07448
16.987
18.37218
18.94731
15.32167
15.59893
15.90563
16.67559
17.22273
16.47922
18.68176
18.59335
17.24476
17.22738
18.72524
18.16322
18.55734
19.86225
18.14575
14.27226
18.49415
17.5743
17.97801
16.77495
16.6116
14.80524
13.64735
11.20232
11.01413
12.89239
11.75349
13.81687
13.98846
11.35173
13.24856
12.91684
12.04569
10.91566
9.714902
9.92801
9.958404
9.611555
11.24659
12.03349
12.92332
11.71158
12.28589
13.1456
13.35576
15.51843
17.73135
18.68289
15.95785
13.59195
12.29927
15.94182
17.16001
13.27921
15.20723
15.66384
15.21927
15.43387
17.40028
15.68348
17.07329
12.91452
9.58795
9.718191
10.93488
11.30914
15.15799
14.1505
17.71503
16.59312
18.48133
17.03707
19.22258
17.17977
13.74718
14.19866
15.98524
16.69732
23.73359
31.15942
30.01307
32.45272
30.06754
28.90744
35.18286
36.61386
36.5704
34.93994
35.19852
34.50664
34.27332
27.83921
27.80951
27.39753
26.05431
26.07891
25.89175
23.81522
23.95231
19.48699
18.43957
15.38024
16.37073
17.67298
17.6532
18.25307
15.26157
15.4111
14.90303
15.38523
16.45577
18.14335
16.66554
19.17342
20.34654
20.34595
17.32271
18.19469
23.5118
21.54253
21.16752
23.94329
19.1627
19.93098
20.02974
19.61816
19.88685
23.24564
24.75029
22.87961
21.47866
20.87724
23.4605
28.481
26.87149
31.02782
27.67268
27.52807
33.87417
32.6303
27.07471
21.71927
19.87441
20.12579
15.86246
14.35328
14.85355
12.62554
17.23802
20.19081
20.98874
20.21975
21.9954
25.17735
28.39448
25.84746
25.07327
22.20842
24.97019
18.40755
18.09285
16.35856
18.00417
16.05459
18.75537
16.60603
18.01823
16.33941
17.62552
17.91622
16.68946
18.57306
22.97156
25.68223
29.06105
24.20489
24.42208
23.51973
22.10738
24.1867
25.48813
21.29622
22.1949
23.66681
21.64201
22.96374
21.10897
22.69679
21.10222
18.97215
15.01639
15.08096
15.13527
17.15017
15.6035
13.61022
15.79875
18.92764
14.68549
11.65946
10.42165
10.34755
7.618344
9.457911
10.61235
11.286
11.40734
10.97443
9.908921
9.301708
9.170218
7.410201
6.694558
6.478964
6.162919
5.610702
6.027286
7.268756
6.927188
8.135445
9.129371
9.539263
9.849702
9.66474
10.87833
10.86818
9.412824
10.73313
11.22153
12.1436
12.91517
12.03616
13.21281
12.1742
12.53949
12.82958
11.28457
11.54635
11.25552
8.492181
10.09682
13.22192
12.49895
12.82174
12.93406
12.16047
12.88731
10.22723
10.31391
12.27585
12.73831
13.60369
11.33509
9.227991
10.32241
12.29822
14.79487
14.26907
15.88204
15.97628
16.88818
18.32603
21.63481
23.0568
22.25683
23.08355
20.66107
20.72216
20.52879
19.72968
16.80653
13.57731
11.78041
13.53666
13.96306
13.48047
17.33489
17.35468
18.22441
16.65624
13.47277
14.12202
11.21577
9.858976
14.02765
17.13958
16.11521
19.66961
21.86413
23.5095
22.63482
22.45276
23.50494
19.56923
18.83464
18.45541
17.95319
23.17563
21.26541
19.83213
20.75942
20.9429
20.78838
22.20573
25.40214
20.96412
22.13275
24.12199
26.06069
32.30539
32.52992
29.56911
26.89271
19.5475
19.64335
17.02586
14.60889
15.93853
22.18299
18.43095
19.01083
18.68508
17.69713
18.48415
17.42902
13.75269
10.76487
11.46316
11.49771
11.02595
11.52757
13.18223
15.75435
18.3364
17.99206
17.48045
17.0513
17.40479
16.91962
18.43249
19.75917
16.42977
14.45949
14.34682
15.15868
15.53252
14.72801
16.76485
21.9906
25.27146
23.9316
19.98613
17.20567
19.32358
17.94964
16.06173
15.79165
17.8167
20.61224
19.1611
23.86206
26.18894
20.99088
22.11667
21.80578
25.60275
20.21362
19.06348
19.0647
21.05132
19.91904
21.52815
20.25762
21.21692
18.3407
18.80036
16.94345
20.68826
23.51795
26.95139
26.09878
27.25131
31.75295
38.39827
41.71432
44.5838
37.29207
32.62833
37.8692
36.8956
39.76293
36.96703
30.60559
28.08048
28.55901
25.8079
25.59736
20.97294
20.48467
22.21287
22.62204
19.08699
18.41653
16.77348
