31.25459
32.44643
35.20019
35.38943
38.30238
38.81257
40.80762
40.54528
40.37848
39.91271
41.17455
40.65802
41.9424
43.68273
44.16017
43.4335
45.04356
43.72548
44.5858
45.80062
46.77861
47.99954
48.76218
51.64653
52.68599
52.90118
51.34906
50.4551
51.84373
52.38608
51.36873
53.21771
52.48189
51.71213
55.87137
55.97576
57.60604
57.1248
57.40333
57.99565
57.09039
55.8548
57.4395
59.82229
60.60089
60.6236
61.03883
63.42778
60.81105
60.82288
62.04531
63.06858
64.59222
62.95811
60.21755
62.05212
63.0639
61.13997
61.94331
60.49711
59.94032
62.66151
61.98954
68.59082
68.11458
71.84095
73.26646
73.88484
75.94241
75.79524
76.74846
74.88827
72.88713
72.32254
74.69119
75.62585
77.51397
80.97844
82.32468
82.63679
82.7412
80.92049
82.18407
82.84538
81.91569
79.21258
79.35325
79.00433
78.94895
79.25327
78.92983
80.91067
77.59376
77.51557
77.04067
79.18093
82.74485
82.37108
81.62598
82.02245
80.71691
77.61876
79.62428
82.37019
80.19074
79.72141
81.00184
81.41871
80.38029
79.26494
79.44945
83.32401
82.17588
81.48239
84.38619
85.06748
85.79717
81.48763
84.26946
87.07445
85.00386
87.78033
86.79381
91.54374
92.82488
97.52481
96.70731
99.28194
100.232
97.59192
99.66462
94.9587
95.4722
97.39079
97.96839
100.8573
101.9023
105.1535
110.033
113.9942
109.7732
110.0591
106.2691
109.0767
107.1772
105.7773
105.879
107.3736
106.5047
106.1836
108.1084
110.3248
116.1392
113.3453
117.4343
112.6327
115.3008
109.5887
105.4296
105.9758
109.8225
106.3198
105.5585
108.5733
109.019
108.7783
109.5177
109.4117
106.1011
98.84852
100.7696
104.0522
100.4388
100.0496
99.64952
105.3415
103.0881
103.6239
110
111.8804
111.1082
111.2961
110.9563
112.9448
112.1173
109.0165
107.3478
106.3761
104.429
108.3772
113.8386
113.4309
110.9304
113.6451
115.8711
113.8625
112.7416
111.9137
114.235
120.6067
123.8159
122.6388
123.6033
129.2619
122.4021
122.273
126.5964
125.2637
120.5262
118.3076
111.5092
113.6906
119.2798
121.323
120.7747
123.4897
116.5699
118.9032
125.7817
123.1415
126.4971
127.6856
122.1696
124.0166
127.7469
127.2314
122.4737
122.9519
119.3029
121.8056
121.6795
125.6294
130.1282
137.1001
141.8886
139.3761
141.3875
145.6371
139.7252
149.424
147.0034
139.7613
137.23
133.8524
128.352
124.7259
123.6148
123.3669
122.4194
123.5787
122.0169
120.4488
122.5383
120.9551
123.6986
122.5603
120.4773
117.6033
118.7084
117.3388
118.7462
122.4055
118.795
121.4083
123.3515
119.7068
118.0022
113.2665
122.8288
123.4477
121.1613
123.8825
124.2569
131.1035
129.5807
130.2549
134.6834
135.7762
138.5563
132.7963
127.4389
122.2772
122.4508
125.1921
117.8537
121.492
120.4999
122.8663
125.4302
124.5398
122.7797
123.0669
120.2267
116.3831
114.2224
112.5256
111.4849
112.3135
110.4678
107.3317
107.0104
107.986
109.5468
114.232
111.8499
112.8523
114.1612
113.9608
107.2065
111.6995
112.8244
113.3583
110.8521
116.8342
117.3898
117.8547
111.5143
112.9066
113.0002
112.913
107.6899
107.6869
105.6085
110.3935
109.2874
108.3053
106.9934
107.5668
103.8887
102.6661
97.58
98.99339
96.37436
96.85446
94.19695
94.74444
94.76346
94.13313
97.70039
97.35295
97.50619
96.75536
98.5036
101.5433
106.0021
100.7868
103.8605
106.1675
104.0801
102.7999
103.539
103.5997
108.5389
106.4195
103.1342
102.1636
102.2255
102.4001
102.416
104.3843
111.5797
118.1063
121.0876
117.7336
119.4998
120.9469
121.3923
123.8146
123.3269
122.8142
119.7511
117.2979
115.5771
119.7853
118.2979
113.594
116.6692
110.5852
119.5853
119.1621
120.2353
118.9677
120.3846
118.4162
118.8498
119.2372
118.6471
120.4902
124.1739
127.5796
125.1281
129.1074
131.8679
129.6103
139.4679
139.123
135.5584
135.1189
129.0987
127.0069
133.0257
129.1785
130.2055
129.2903
127.6238
131.1958
136.9161
138.7294
137.0557
133.2538
127.5558
127.422
130.2911
130.3467
128.9183
135.1496
135.6989
134.4487
135.2329
136.6503
136.1856
134.3123
122.0717
120.3516
119.4769
121.8124
119.2979
123.4312
122.0541
121.3934
119.5105
123.8628
124.7989
122.0214
123.4731
121.181
120.2056
127.1404
130.1274
131.9557
125.0894
124.9156
117.6082
116.7354
112.0209
112.746
114.3324
116.3156
120.7042
125.9124
125.8764
130.0293
129.214
139.1106
145.6276
143.5818
149.2904
145.0988
149.494
150.7291
156.924
156.4641
162.419
157.342
160.0544
161.3236
151.6854
164.2452
167.2089
161.8895
160.362
159.2377
155.9396
166.695
174.6799
173.7105
166.1857
164.5962
167.6457
172.1746
170.8551
160.7462
154.9008
150.52
154.2869
153.1154
152.9103
156.0484
154.0272
161.3793
167.2173
174.7264
173.8009
169.9006
164.5912
169.0456
170.0715
172.4753
169.864
165.8926
167.6378
168.7097
165.4722
167.9753
162.607
174.9529
167.8909
162.7079
172.345
182.5578
176.7992
181.3941
172.3678
179.5859
175.3008
173.0551
181.7393
192.3403
191.8864
178.1488
179.1599
177.1376
174.9352
169.1666
166.0559
172.5858
171.0259
168.3081
167.6458
166.3788
163.9633
164.7623
166.0074
168.4774
169.0103
168.2572
164.2195
161.8067
158.4906
151.2263
159.437
155.3261
150.0453
154.5686
156.1446
156.24
152.0498
146.613
141.1662
143.9846
138.6497
143.6731
145.058
147.557
153.6158
150.6148
153.0585
155.8226
166.5057
164.1421
166.7275
163.8158
165.0523
167.4876
163.0007
167.1919
172.7933
167.0758
166.742
166.4997
164.9585
157.2331
159.4078
169.4191
171.895
167.6779
164.122
157.3209
161.7514
161.0127
164.0368
156.936
163.1195
172.9696
173.2612
179.7773
179.5394
176.2597
176.9231
175.4789
172.9041
161.0319
162.2317
160.194
158.0187
161.5671
160.1644
162.8135
159.518
159.2918
153.9827
154.0542
157.8802
155.0732
158.8897
158.4007
153.5406
150.3043
153.7019
150.5073
150.6646
153.5832
147.9312
149.9722
145.2628
145.6526
144.0717
142.2985
147.2202
150.0152
152.7233
154.2463
151.4055
150.0326
146.1502
141.0467
136.9218
138.91
132.9883
140.7331
137.4973
135.0312
133.8794
130.0329
130.7179
128.8114
124.5472
131.5264
128.0073
138.5318
136.1824
136.6798
133.7493
130.2416
133.1976
126.6445
129.1108
132.794
128.7653
125.2759
130.3605
131.8547
129.5113
129.153
132.9261
127.8841
131.6369
127.3536
127.2761
132.3307
124.6332
128.3486
134.6713
133.2077
130.6752
132.6371
131.8842
130.7744
133.3076
131.0464
132.2442
131.208
127.6275
123.5822
121.1584
124.9517
127.5436
121.7147
123.3416
126.6943
131.6936
132.8355
133.5111
128.1587
127.5088
127.1458
129.6461
127.2421
129.8781
132.5434
130.5897
132.4226
135.0119
144.61
141.1747
144.0389
148.4607
151.1987
144.5002
144.4973
145.2772
141.9057
141.6332
142.9574
143.1714
139.7892
134.512
134.413
135.885
132.3551
124.7497
123.9459
123.5878
116.5281
119.8004
117.2072
120.8379
117.122
117.4564
118.2125
120.5185
126.0225
129.1845
127.4242
131.5868
135.6318
130.3332
131.2829
131.3968
127.4685
124.0073
128.6072
130.1297
127.6406
125.7236
121.8807
120.2121
119.8352
118.9088
122.5948
118.1476
110.8876
113.9753
111.7639
112.1947
110.2797
108.1477
109.9781
106.1378
104.3773
110.3662
107.682
104.7397
108.3387
110.65
112.7525
112.5364
113.9055
113.8593
117.1931
114.0683
113.5019
116.3945
115.6237
113.2724
115.0492
112.2615
107.8961
109.2579
108.6497
111.2286
112.8965
118.6246
115.9434
114.5067
112.475
113.4145
114.2363
107.7996
107.3431
106.3247
110.1943
108.3248
105.6838
106.5103
101.5912
101.9946
100.0775
100.6713
94.72492
97.54161
94.52883
92.04353
88.65182
89.45869
93.41063
94.81323
97.23663
98.40588
97.62568
99.63035
98.05862
99.09802
101.3964
100.4681
100.7084
99.99833
98.06301
95.78104
93.93341
92.17913
90.25902
92.58082
89.84068
93.638
95.00461
98.33918
95.4232
97.59885
97.40461
97.308
94.50946
97.52589
93.56669
96.70354
93.59846
91.69557
93.66787
91.62378
91.26141
95.84823
93.94075
94.22334
98.26525
97.21034
94.24915
88.79188
88.32345
86.93041
87.228
83.93315
85.7485
86.55129
87.42504
87.78965
88.67878
85.63471
89.43147
87.05551
91.25506
86.98326
89.31464
91.74877
90.68135
94.14725
95.60438
97.0411
95.06322
93.57862
94.75806
91.34861
91.66566
91.85477
91.84738
90.37954
89.93953
89.92761
91.18129
95.08107
98.56473
94.22032
96.70781
95.29327
93.96916
99.3878
93.39296
94.58173
92.97253
91.38061
88.55109
92.49267
92.77687
91.7813
90.45605
89.92957
90.97542
92.12091
96.61525
95.59125
93.0615
92.79546
92.97282
92.84517
90.07873
88.38047
90.34192
89.71041
90.50396
90.09092
89.26523
84.25598
89.47843
87.80425
88.73089
90.51077
86.67149
94.34445
91.88308
90.04923
93.71143
90.59493
88.1684
93.03514
94.13741
96.88316
95.11124
94.69605
95.63896
95.87435
98.1178
99.49968
97.84276
99.94595
97.31363
98.68542
95.89998
96.42027
98.67085
97.85294
99.3329
104.2974
102.3074
102.0206
104.9043
104.6312
103.704
103.2112
101.6887
100.1574
100.3531
100.9411
101.7217
104.8085
101.4249
103.5509
103.6814
109.8369
112.4929
109.605
109.7823
106.7941
107.0782
105.4005
103.7006
103.1954
103.6515
100.5461
98.35497
102.4709
101.8259
101.1271
102.3898
99.9573
99.46922
99.32564
104.3304
103.5262
102.2798
98.20414
96.57671
89.50736
93.39394
98.61402
100.0637
101.7867
103.7386
103.9652
103.4029
107.5438
100.9623
101.0891
97.88882
97.33876
99.22779
101.3643
99.50507
100.8657
98.83462
97.14181
91.50942
92.66041
91.62285
89.22487
89.55772
91.16447
89.5227
89.47191
91.65805
92.83177
100.7119
100.3032
101.9285
99.82544
97.45798
98.22391
93.50138
92.71805
94.24546
89.36597
93.70017
95.20478
92.98234
93.25119
92.60134
93.67445
94.64348
92.52333
96.05892
96.5028
96.8423
96.52818
95.4046
94.08125
94.52741
92.46832
88.54504
89.55786
92.77511
95.90834
96.01106
97.60767
99.63062
101.0178
98.43362
98.13769
95.53619
95.41392
90.85238
93.25696
91.6099
94.03447
95.85112
95.58995
91.74354
90.19842
92.92623
94.47718
96.97302
100.4968
100.8233
98.44067
101.0181
100.3958
100.6287
95.13796
97.56146
98.54629
94.87587
91.20068
91.77588
95.12796
93.47101
94.17366
91.12943
90.60014
87.18379
87.13845
83.52092
82.23035
80.91986
83.75783
85.69668
88.54201
87.53886
87.89865
92.57811
94.48251
92.39038
88.65748
89.62909
91.13229
91.9394
94.36933
99.08988
98.12767
97.13369
92.79969
93.84115
94.74758
90.32341
95.54693
100.4077
99.40259
97.98763
99.87013
98.27828
96.41185
101.4233
102.3971
105.0355
105.5394
107.9799
106.3899
105.9063
106.8848
106.4252
103.4645
107.328
110.8617
109.9125
109.235
110.6097
110.8251
111.1892
113.3686
108.6755
109.9539
113.5227
111.786
111.8771
112.4363
107.9934
104.9545
106.4344
104.5773
105.3984
110.6762
116.2813
115.8518
113.7021
114.4352
120.338
115.6064
116.3001
116.9204
117.2241
127.3141
131.6383
129.3896
129.0669
130.4635
131.9254
133.9695
130.9874
130.7451
131.8351
128.3115
128.591
127.2555
123.358
121.7897
120.2115
121.0173
117.5564
117.8877
114.4997
108.0318
110.9507
110.5477
112.3708
112.432
111.2967
109.81
112.8902
112.4321
111.0028
107.6649
112.7117
109.816
109.8457
111.9829
107.5999
105.6958
110.498
110.249
110.6521
110.943
113.3987
110.0157
111.7154
110.7701
112.6373
114.5504
113.6362
112.3709
110.7009
114.5545
116.2789
113.9458
118.9409
116.6949
113.2324
113.6523
108.4505
112.5739
114.1863
114.4559
115.7755
120.1815
117.9294
126.4576
127.1308
124.4004
121.825
118.3534
120.0223
115.6389
115.7552
116.8414
115.8591
115.7828
117.3997
114.1997
110.5296
109.9003
107.3294
105.9336
107.1423
108.0911
107.6982
107.9087
101.3782
102.4263
104.5112
105.1689
107.6726
107.3323
105.9534
102.6896
109.1719
110.4568
113.2364
110.3457
110.728
107.3953
107.2026
107.6524
109.0307
108.3609
113.2763
114.3442
110.5869
107.94
107.5913
112.299
111.2382
105.7652
102.6738
100.839
100.0496
95.94578
98.95833
100.9432
100.1334
103.7533
108.5165
107.1428
100.5923
102.017
98.2354
96.47584
98.82819
98.98803
97.97512
99.55276
96.00999
97.85583
96.8081
97.77654
96.72871
96.41578
97.01479
93.4954
95.71174
96.88398
98.07437
100.0995
94.42753
93.50561
92.16613
92.0327
90.14293
90.74889
94.11412
98.97287
100.2436
101.0869
103.6837
99.28404
98.5219
101.432
99.9052
101.5518
99.78551
98.27138
99.76588
100.4542
103.9899
106.4495
103.6376
105.3877
107.529
104.8906
100.6725
101.1371
95.81554
94.76269
100.1078
104.2684
105.5141
107.7659
107.8625
107.1797
106.5779
109.5028
114.1882
116.0545
117.4768
117.0705
123.4287
125.3346
125.5178
128.144
137.0936
134.0844
132.2476
133.8789
131.0313
130.5424
132.9028
134.6275
133.9259
134.7306
138.1195
134.5761
136.087
138.9505
134.8357
134.4417
136.2744
139.1199
141.5796
139.2162
141.311
130.48
134.1526
131.244
136.9177
137.243
143.2336
142.5936
130.6724
140.5588
139.1043
136.3014
139.5843
135.3235
127.9585
132.9242
130.4743
133.4903
133.1197
136.5294
137.7171
137.3482
140.0832
137.5022
137.2827
138.2716
135.5725
134.493
135.5426
128.9701
129.2078
129.8324
141.0553
137.6783
134.5217
135.2155
130.6153
132.9014
129.2199
125.565
129.8085
121.1156
119.9956
121.3083
114.0931
109.3449
108.9
107.0761
108.3236
109.0936
106.376
107.4239
105.6193
104.8418
109.711
110.5265
116.0675
119.0111
121.7937
120.3494
118.7974
119.2171
123.4201
120.0004
112.9122
111.5312
112.1535
104.403
108.2003
110.1702
105.4335
108.436
106.4352
109.4442
106.1525
110.5047
113.2126
119.3978
121.3526
121.9391
124.609
121.1567
126.9944
125.7949
131.6161
132.8723
129.3164
125.7078
125.5304
120.8702
122.2223
121.4342
120.211
120.7678
124.4396
126.3249
125.6137
123.4707
117.1148
116.0857
118.1999
116.6639
110.3065
113.9458
117.8535
115.2536
118.0645
113.6623
114.4622
113.6489
113.6019
116.2661
112.6061
109.6499
108.4288
109.5757
104.3308
105.3011
104.0498
102.259
96.36826
98.7514
99.08125
103.5165
102.0791
98.77822
97.48474
97.56519
95.83176
92.82504
95.20625
91.77924
93.73212
94.38419
99.06145
99.49253
100.355
101.4809
98.30493
98.33239
100.9999
99.14103
96.54586
96.23058
99.59344
101.1145
102.017
101.6873
100.1741
100.7964
99.51497
101.7573
96.83467
102.2675
95.56686
96.80142
93.2565
93.98333
94.41552
92.01089
90.54258
86.674
92.00697
91.41649
85.65303
83.56116
86.03114
83.34087
83.64678
84.34195
89.3118
90.4471
91.1515
93.07927
94.23366
100.1704
99.422
98.18319
99.24025
98.80658
99.01675
94.57875
95.70429
100.4028
101.1335
103.5627
102.3824
108.8632
116.4842
115.1988
117.8406
110.1618
106.9302
108.2446
111.9444
112.7223
111.7395
112.763
113.1164
115.5102
115.5623
113.5681
115.5291
118.2372
116.4006
117.8507
121.2817
118.2213
117.7906
116.3817
121.3497
120.303
129.2333
121.9377
123.2262
122.1192
122.2741
130.544
120.8001
120.4228
117.7374
113.0541
111.6528
113.7848
114.7856
114.3238
117.8627
122.6101
121.5529
121.1379
123.151
123.9369
124.2599
121.7944
123.4951
124.1711
121.8369
121.1893
125.6291
124.1053
117.1879
112.0368
112.5966
110.5867
109.221
120.277
122.2774
123.0701
123.1964
122.7075
125.0442
126.6874
126.8808
127.4469
130.9261
138.1327
135.1121
137.1062
129.7521
128.2815
129.4489
129.0726
133.4051
135.2037
134.3051
135.5723
131.5841
138.1704
136.5119
137.022
138.5055
132.1168
135.2108
137.549
133.0601
130.8504
130.2042
127.8856
128.2957
124.8114
123.077
125.2425
128.326
127.2879
125.5994
127.5003
128.437
132.7936
134.7407
137.7283
149.1814
152.1568
152.2244
153.6783
160.5168
164.1406
160.087
156.5549
162.5415
165.1866
161.367
159.9844
162.8485
159.0331
158.2143
158.1795
158.3348
157.033
157.2864
157.0449
164.0833
162.8361
166.4377
166.5693
172.6152
181.1663
172.5392
175.2392
182.8015
187.2807
186.0287
185.7337
183.3864
