0.3679297
0.3500407
0.3412045
0.328176
0.3113872
0.3080536
0.2979862
0.2922913
0.2984184
0.3027468
0.2962482
0.2834089
0.2694034
0.2534747
0.2620319
0.2641861
0.2590028
0.2589431
0.2544129
0.258111
0.2596202
0.2449447
0.2429562
0.2408572
0.2332387
0.2285999
0.2354927
0.2260411
0.2323532
0.2173634
0.2122587
0.2126972
0.2091014
0.2071827
0.2236548
0.2294238
0.2298543
0.2301222
0.2407681
0.2424952
0.23804
0.2408549
0.2296291
0.2360247
0.2169464
0.2127135
0.2027962
0.1988038
0.1901417
0.1927891
0.2036726
0.1949415
0.1894712
0.1969119
0.1889793
0.1912456
0.1877505
0.1940314
0.1847666
0.1817774
0.1913622
0.2043669
0.2026056
0.2056141
0.2002246
0.1917588
0.1865185
0.1792957
0.1695334
0.1662279
0.1703467
0.16917
0.1651735
0.1868409
0.1826325
0.1802785
0.1808102
0.1804222
0.1862185
0.1935374
0.1891773
0.1783456
0.1739671
0.1819021
0.1744969
0.1778389
0.1744215
0.1867723
0.1957315
0.1879464
0.1806114
0.17832
0.1861349
0.1700567
0.1759596
0.1770572
0.1756465
0.1709245
0.1728199
0.1694222
0.1743008
0.1742915
0.1741173
0.175914
0.170564
0.1721894
0.1740877
0.1746929
0.1673063
0.1650599
0.1673497
0.1784134
0.1725617
0.1660777
0.1732208
0.1645423
0.1659863
0.159179
0.1525387
0.1513422
0.1503184
0.1566565
0.1565874
0.1563384
0.1593305
0.1523591
0.1481982
0.1379407
0.1378295
0.1445396
0.142775
0.1397181
0.1389051
0.1367446
0.1408084
0.1418791
0.1420627
0.1469607
0.1403075
0.1375414
0.1378157
0.1259876
0.1340823
0.1365004
0.1419459
0.146283
0.1386329
0.1335095
0.1319013
0.1338177
0.1380456
0.1363824
0.1280689
0.1236212
0.1208282
0.1268755
0.1326293
0.1339769
0.1295271
0.1348913
0.1304881
0.126458
0.121892
0.1190825
0.1191511
0.1138465
0.1069889
0.106026
0.1076549
0.1115452
0.111707
0.107741
0.1056787
0.1052036
0.1069262
0.1058982
0.1032265
0.1023192
0.09665248
0.09946224
0.09528621
0.09162536
0.09154308
0.08509747
0.08259659
0.08881806
0.08976729
0.09007044
0.09054368
0.09509796
0.09883823
0.09393359
0.09316679
0.09508388
0.09583584
0.09811874
0.09890419
0.1004168
0.1047019
0.1020395
0.100301
0.09624336
0.09405512
0.09075625
0.0886776
0.0869193
0.08753464
0.08481855
0.08773828
0.09109148
0.08898769
0.09279727
0.09794483
0.1019085
0.1009792
0.1054081
0.1068179
0.1080385
0.1059757
0.1044273
0.1042403
0.1010665
0.1051821
0.09852788
0.09656917
0.09886831
0.09779584
0.0950983
0.09666359
0.1007715
0.09763829
0.09645639
0.1040977
0.1095294
0.1091524
0.1091642
0.1015036
0.1016541
0.09067132
0.09471491
0.09552543
0.09707262
0.09404825
0.09471286
0.1041666
0.1056379
0.1010992
0.1038444
0.1040386
0.1052888
0.1131084
0.1167242
0.1118965
0.1124798
0.1059033
0.1045648
0.09961774
0.101923
0.1006921
0.09444644
0.0886186
0.08812734
0.08874031
0.08651662
0.09157468
0.09018421
0.09321823
0.08992689
0.09247021
0.09668483
0.09367518
0.09349557
0.092047
0.08754616
0.08331061
0.08137039
0.08073445
0.07901526
0.08717625
0.08488071
0.09008131
0.09399809
0.09422466
0.09462291
0.09224921
0.09081397
0.08809335
0.08930842
0.0835032
0.08611951
0.08315477
0.08114165
0.07918668
0.08408288
0.0823612
0.08059888
0.0834384
0.0845506
0.08473354
0.08227812
0.0825309
0.08194772
0.07949355
0.0836555
0.08419802
0.08442452
0.08554827
0.08857808
0.08043225
0.08064183
0.07850346
0.07284911
0.07711539
0.07622289
0.07657698
0.07167344
0.07125136
0.06819474
0.07211229
0.07331437
0.07443105
0.07563625
0.08125392
0.07752001
0.07551291
0.0754407
0.08243997
0.08148905
0.07911567
0.07965254
0.07902128
0.07770825
0.0714759
0.07304567
0.07766264
0.07625229
0.07908801
0.08270397
0.08303558
0.08016624
0.08127173
0.0820018
0.0748867
0.07198464
0.06920104
0.06906328
0.06956394
0.06954071
0.06870246
0.06969378
0.06620197
0.06551157
0.0637191
0.06234858
0.0615758
0.0584155
0.06036743
0.06079899
0.0582258
0.05974228
0.059151
0.05754336
0.05484203
0.05481973
0.05312791
0.05139037
0.04961525
0.04901673
0.04887727
0.04922603
0.04688847
0.04577185
0.04513634
0.04517897
0.04516417
0.04368236
0.0418793
0.04258763
0.04598965
0.04535959
0.0454342
0.04383401
0.04620318
0.0474698
0.04404498
0.04280486
0.04616567
0.0438992
0.04289164
0.04251425
0.04541596
0.04478524
0.04652991
0.04545119
0.04416583
0.04428674
0.04696198
0.0500265
0.04728445
0.04515274
0.04598012
0.04443161
0.04444116
0.04173281
0.04281135
0.04474274
0.04581902
0.04767209
0.04664304
0.04701841
0.04444012
0.04325323
0.04093931
0.04190482
0.04290961
0.03989675
0.03931664
0.03695532
0.0356547
0.03744531
0.03448611
0.03359937
0.03393119
0.03325794
0.03387323
0.03153298
0.03159534
0.02973303
0.03021479
0.03281073
0.03268516
0.03265141
0.03150594
0.03203316
0.03233991
0.03269731
0.03282681
0.03128441
0.03159055
0.03137533
0.03065489
0.02995003
0.02795928
0.02752094
0.02937892
0.02964846
0.02980984
0.02928189
0.02944187
0.03044973
0.02929039
0.0295929
0.03080815
0.03043615
0.03111752
0.03086677
0.03081432
0.03014697
0.02901181
0.02917482
0.03094138
0.02942969
0.0297009
0.02836221
0.02828867
0.02894052
0.02840016
0.0289747
0.0293803
0.02905581
0.0305362
0.03242372
0.03251551
0.03147416
0.03165403
0.03049867
0.02841583
0.03041616
0.02880414
0.02760139
0.02714553
0.02715642
0.02667009
0.02540094
0.02385901
0.024896
0.02480273
0.02435338
0.02305513
0.02382953
0.0248128
0.02538942
0.02503256
0.02521097
0.02689623
0.02630523
0.02750447
0.02590158
0.02643251
0.02580786
0.02531846
0.02731348
0.0267989
0.02633788
0.02457379
0.02353033
0.02494495
0.02547275
0.02558824
0.02459367
0.02489456
0.02495139
0.02568093
0.026571
0.02604642
0.02536784
0.02467916
0.02555903
0.02500051
0.024666
0.02480711
0.02401943
0.02320496
0.02409029
0.02530032
0.02601135
0.02701658
0.02853273
0.02928575
0.02884054
0.03130631
0.03197631
0.03107054
0.03186695
0.03034781
0.03038515
0.02982766
0.0299897
0.03066244
0.03040255
0.02925423
0.02995586
0.02925385
0.02893976
0.02823517
0.02763126
0.02860802
0.02780285
0.02877024
0.02985441
0.03012765
0.03026137
0.02995571
0.03043042
0.02974204
0.02813142
0.02753076
0.02948295
0.02892649
0.02874341
0.0292024
0.02892228
0.02819993
0.02886828
0.0285344
0.02890723
0.03181624
0.03149963
0.03083649
0.03020505
0.0314017
0.03216081
0.03171457
0.03232773
0.03301358
0.03512689
0.03366687
0.03275341
0.03137787
0.03245
0.03427274
0.03429884
0.03505133
0.03531001
0.03618832
0.03522191
0.03400499
0.03377963
0.0324632
0.03240999
0.03316761
0.03547195
0.03596163
0.03549546
0.03735804
0.03909076
0.04126596
0.04361432
0.04045937
0.03951962
0.03876879
0.0393974
0.03813862
0.04184722
0.04429079
0.04224528
0.04203414
0.04135244
0.04181981
0.04061506
0.04017017
0.04100676
0.0411373
0.04334739
0.04145302
0.04317494
0.05008967
0.04933034
0.04816748
0.04790975
0.04455503
0.04555003
0.04634174
0.04541973
0.04211213
0.04187395
0.0419005
0.0423687
0.04557617
0.04330942
0.04381614
0.04111939
0.04365213
0.041625
0.04331852
0.04524624
0.04524537
0.04500678
0.045381
0.04589687
0.04731066
0.04683996
0.04808461
0.04838576
0.04603149
0.04738858
0.04570129
0.04377185
0.04646099
0.04332445
0.04138213
0.04159614
0.04315102
0.04196202
0.04359223
0.04425602
0.04633986
0.04289323
0.04462524
0.04451277
0.04468751
0.04713805
0.04682777
0.04991364
0.05125349
0.0493915
0.04969598
0.0525571
0.05223475
0.05093704
0.05035269
0.05432011
0.05212741
0.05301194
0.04970365
0.04829596
0.04680043
0.0468454
0.0492059
0.0495927
0.05084196
0.04859802
0.04748937
0.04608196
0.04772534
0.04682115
0.04745256
0.04859126
0.05069213
0.04793213
0.04752237
0.04945682
0.0515745
0.05003293
0.0499822
0.0501756
0.05175804
0.05137159
0.05023027
0.05263266
0.05174631
0.05323298
0.05355744
0.05363808
0.05440087
0.05303951
0.05333168
0.05172056
0.04915587
0.04595777
0.04635908
0.04706871
0.04272284
0.04523837
0.04632559
0.04707285
0.0462798
0.04851449
0.05035224
0.051314
0.04970077
0.05062447
0.04951218
0.04838671
0.04974505
0.05031412
0.05090354
0.05445671
0.05700098
0.06115877
0.06130109
0.06105113
0.06085879
0.06251944
0.0640364
0.06618963
0.06642643
0.06633223
0.06039698
0.06190072
0.0619171
0.05966268
0.05905181
0.05987001
0.05734132
0.05883005
0.05780616
0.05756625
0.05866967
0.05692949
0.05511065
0.05266609
0.05155451
0.05315291
0.051117
0.0495089
0.05275178
0.05194162
0.05026986
0.05442483
0.05630973
0.05680757
0.05759627
0.05507419
0.05714549
0.05562138
0.0516467
0.05213746
0.05208099
0.05444834
0.05433934
0.05293701
0.05333647
0.054061
0.05427381
0.05170667
0.05014918
0.04841352
0.0510687
0.053593
0.0539777
0.05433411
0.0546107
0.05197715
0.05301854
0.05360275
0.05184401
0.05032666
0.05174024
0.05134529
0.04912109
0.0504189
0.05196008
0.05152262
0.0500786
0.04936769
0.05152575
0.05075247
0.04815586
0.04829747
0.04836916
0.04794761
0.04722151
0.04710704
0.04678889
0.04652755
0.04575399
0.05006088
0.05012514
0.0479154
0.04791968
0.05017686
0.05268406
0.05184147
0.05147037
0.05055855
0.04662015
0.04411364
0.04312168
0.04220258
0.04318982
0.04581945
0.0456476
0.04615196
0.0457959
0.04387019
0.04460979
0.04985463
0.04816964
0.0481796
0.04660312
0.04394386
0.04445814
0.04541546
0.04807107
0.05066663
0.04903626
0.04824473
0.05016272
0.04847111
0.04982823
0.04762229
0.04733444
0.04747897
0.04883448
0.04910406
0.0511197
0.04882859
0.04792816
0.04681209
0.04668079
0.04675244
0.04832517
0.04978834
0.04872363
0.04877149
0.04804244
0.05071706
0.05252186
0.04872652
0.05085384
0.05052643
0.05004901
0.05141919
0.05195761
0.05296295
0.04947759
0.05080247
0.05336205
0.05031295
0.05065158
0.04814351
0.04984044
0.04716839
0.04765436
0.04720305
0.04638765
0.04403505
0.04529721
0.04340677
0.04407759
0.0455274
0.04579208
0.04381726
0.04482246
0.0446393
0.04473477
0.04417573
0.04428162
0.0452459
0.0440923
0.04499202
0.04581115
0.04681335
0.04725132
0.04543772
0.04594105
0.04570536
0.04456196
0.04600557
0.04824675
0.04658433
0.04458432
0.04326333
0.04266333
0.04475864
0.04535664
0.04698226
0.04947619
0.0498958
0.04814716
0.05125005
0.04884934
0.04638834
0.04766284
0.04569336
0.04303882
0.04417543
0.04409765
0.04267784
0.04338877
0.04324404
0.04374714
0.0432485
0.04237672
0.04466038
0.0455755
0.0464144
0.04617717
0.04257692
0.04128393
0.04266758
0.04470945
0.04191527
0.04065586
0.04300205
0.04388225
0.04723075
0.05040766
0.05237154
0.0517225
0.05215949
0.05265219
0.05447684
0.05588464
0.05500856
0.05288855
0.05160725
0.04986453
0.05472012
0.05363746
0.05742975
0.053765
0.05459192
0.05163704
0.05037329
0.04775806
0.0478641
0.04691347
0.0485734
0.04713817
0.04325153
0.0424831
0.03944493
0.03962385
0.04011943
0.0409084
0.04175164
0.0411923
0.04224432
0.04219858
0.0413472
0.04010255
0.03763832
0.03752053
0.036194
0.0377819
0.03540865
0.03615088
0.03609169
0.03858313
0.03713881
0.03782157
0.04000132
0.03920118
0.03832649
0.03989323
0.04203001
0.04065116
0.04207654
0.04115229
0.04297689
0.04009977
0.03983903
0.04045508
0.03992771
0.03790127
0.03993397
0.03974235
0.03917024
0.03894791
0.04070738
0.03813471
0.04001623
0.04054658
0.03868583
0.03969392
0.03856226
0.03991998
0.03893814
0.03943683
0.03956545
0.03773359
0.03713773
0.03682676
0.03603472
0.03598173
0.03580826
0.03418733
0.03261847
0.03113578
0.03212213
0.03309883
0.03350766
0.03397129
0.03396776
0.0345023
0.03440929
0.03539421
0.03439941
0.03347255
0.0320797
0.0314342
0.03142553
0.03236446
0.03146958
0.03188753
0.0354833
0.03376353
0.0326271
0.03216511
0.03348626
0.03416035
0.03342955
0.03318253
0.03312288
0.03452636
0.03270386
0.03288117
0.03271282
0.03202584
0.03256207
0.03261352
0.03189577
0.03046884
0.03132296
0.03018608
0.03103419
0.03004956
0.02928303
0.02664398
0.02726279
0.02801525
0.02745128
0.0273116
0.02651274
0.02666518
0.02628704
0.02633515
0.02712758
0.02940774
0.02902954
0.03004732
0.0308106
0.02943489
0.02970098
0.02870696
0.03072855
0.02976103
0.02954649
0.02985257
0.03110814
0.02956654
0.02878702
0.02955949
0.02846995
0.02999969
0.0306381
0.0307585
0.0299348
0.02913168
0.03176107
0.02910498
0.02748932
0.02788725
0.02854165
0.02829018
0.02676846
0.02720331
0.02609412
0.02625735
0.02602411
0.02608635
0.02663841
0.02830632
0.02877066
0.02913973
0.02955574
0.02942548
0.0288343
0.02616298
0.02558696
0.02607588
0.02708292
0.02595483
0.02514078
0.02498279
0.02756583
0.02739915
0.02606147
0.02707249
0.0265492
0.02752623
0.02727668
0.02925783
0.02812823
0.02821394
0.02983575
0.03029557
0.03037967
0.03026585
0.02993618
0.03120652
0.02814519
0.02718249
0.0286214
0.0276675
0.0279765
0.02657534
0.0245415
0.0257943
0.02414952
0.02526434
0.02615548
0.02548627
0.02486641
0.02353994
0.02347264
0.02218149
0.02309926
0.02212528
0.02211136
0.02238016
0.02132524
0.02219776
0.02170651
0.02130485
0.02008947
0.02031099
0.02131596
0.02245869
0.02203706
0.02182105
0.0214339
0.0216283
0.02174804
0.02192405
0.02128158
0.01981083
0.02096551
0.01933523
0.01826069
0.01874071
0.01850154
0.0186939
0.01798995
0.01684845
0.01709891
0.01691453
0.01642002
0.01645957
0.01701412
0.01739494
0.01696417
0.01639825
0.01613314
0.01616674
0.01675099
0.01775281
0.01764459
0.01723942
0.01639215
0.0159825
0.01543291
0.01627627
0.01539741
0.01452036
0.01392003
0.01408575
0.01508981
0.01510563
0.0148674
0.01446622
0.01416236
0.01360613
0.0129486
0.01236186
0.01231151
0.01217966
0.01149396
0.01261728
0.0123585
0.01228632
0.01238341
0.01241784
0.01272215
0.01281559
0.01183852
0.01140341
0.01186506
0.01099363
0.01050186
0.01026133
0.01011338
0.009943809
0.01011637
0.01040799
0.009750259
0.009858327
0.009765325
0.009780192
0.009901779
0.01000511
0.009987501
0.0105703
0.01047162
0.01109258
0.0106959
0.01040977
0.01047617
0.01072656
0.0107676
0.01035502
0.01022887
0.01037826
0.009822649
0.0101376
0.01006645
0.009810034
0.009566576
0.009406214
0.009464629
0.009723644
0.009470625
0.009869561
0.009563282
0.009440692
0.0093116
0.009165489
0.009318533
0.009820453
0.009787756
0.009797255
0.009723599
0.009556077
0.009604277
0.009706798
0.01018333
0.0111216
0.01056249
0.0113182
0.01116144
0.01119592
0.01079433
0.01113245
0.0109971
0.01093054
0.01114274
0.01048871
0.01027254
0.0100389
0.01028044
0.00958921
0.009792205
0.009410561
0.009668702
0.009063197
0.009052269
0.008530282
0.008410075
0.007741969
0.007839823
0.007361852
0.007434085
0.007516945
0.007053176
0.007398314
0.007604625
0.007513765
0.007563188
0.007657429
0.007799583
0.007903471
0.007781192
0.007985453
0.007633636
0.00797672
0.008185707
0.008307355
0.00858812
0.008343007
0.008253081
0.008310052
0.008190691
0.008133243
0.008192451
0.007993614
0.007881278
0.007938281
0.007660745
0.007912457
0.007775122
0.007769506
0.007990767
0.007999488
0.007870325
0.008225223
0.008495644
0.008936333
0.009152662
0.009330302
0.009213272
0.00928335
0.009339938
0.009518532
0.009481486
0.009054342
0.009167098
0.009973489
0.009981112
0.01039225
0.009866523
0.01000582
0.00991194
0.01006671
0.01077807
0.01065014
0.01048019
0.01063901
0.01127526
0.01156944
0.0119806
0.01172111
0.01129831
0.01103877
0.01102605
0.01147567
0.01107925
0.01113604
0.01187081
0.01233193
0.01248103
0.01175717
0.01167901
0.01080221
0.01122312
0.01100677
0.01145681
0.01068797
0.01059941
0.01054322
0.010962
0.01153213
0.01111863
0.01198
0.01201639
0.01148016
0.01125568
0.01202008
0.01238799
0.01254841
0.0127413
0.01258088
0.01233397
0.0111153
0.01144311
0.01197725
0.01228738
0.01165708
0.01161846
0.01164507
0.01211141
0.01217392
0.01202035
0.01234907
0.01140634
0.0112479
0.01150153
0.01224073
0.01224766
0.0123033
0.01203658
0.01155428
0.01128211
0.01186291
0.01187378
0.01158701
0.01137884
0.01129705
0.01123654
0.01139618
0.01079882
0.01048135
0.01075501
0.01135401
0.01165623
0.01117325
0.01123292
0.01165549
0.0117976
0.01168186
0.01249242
0.01168955
0.01113083
0.01142128
0.01120102
0.01091536
0.01111085
0.01118339
0.01075828
0.0109428
0.01116385
0.01099309
0.01090893
0.01156676
0.01147353
0.01127234
0.01195176
0.01184938
0.01286137
0.01360418
0.01343797
0.01352538
0.01353185
0.01327565
0.01393131
0.01499019
0.01535787
0.01566124
0.01524766
0.01508264
0.01440314
0.01409645
0.01406826
0.01370414
0.01384131
0.01383139
0.01396229
0.01327801
0.01301617
0.01351823
0.01282513
0.01299319
0.01270931
0.01224915
0.01277686
0.01307253
0.01317583
0.0125812
0.01300428
0.0128239
0.01280295
0.01271121
0.01300978
0.01267439
0.01276753
0.01263878
0.01237267
0.01297451
0.01299761
0.01275282
0.01247752
0.01250014
0.01275301
0.01319386
0.01354977
0.01374447
0.01370627
0.01484357
0.01469245
0.01518995
0.01405627
0.01402538
0.01429159
0.01533581
0.01511305
0.01408211
0.01397051
0.01401491
0.01424679
0.01404256
0.01397568
0.01443738
0.01464579
0.01499502
0.01503751
0.01522083
0.01483738
0.0143097
0.01419984
0.01448663
0.0151694
0.01495871
0.01482514
0.014209
0.01426212
0.01422101
0.01442673
0.01455573
0.01452021
0.0137981
0.01466677
0.01470471
0.01471367
0.01383631
0.01425777
0.01422866
0.01337882
0.01313394
0.01208921
0.01236373
0.01319389
0.01391375
0.01369798
0.01435334
0.01395789
0.0143925
0.01459983
0.01401191
0.01430054
0.01492956
0.01466633
0.01528474
0.01443624
0.013404
0.01353825
0.01317041
0.01295757
0.01297505
0.01364097
0.01425455
0.01316915
0.01344027
0.01337069
0.01392392
0.01359823
0.01399825
0.01422652
0.01471332
0.01585543
0.01724965
0.01689909
0.01660258
0.01712752
0.01660431
0.01576539
0.01523927
0.01466987
0.01402878
0.01379251
0.01345475
0.01436485
0.01431643
0.01448918
0.01454388
0.01477664
0.01566292
0.01574839
0.01455421
0.01525173
0.01539132
0.01475067
0.014807
0.01561046
0.0164122
0.01595699
0.01567901
0.01561925
0.01615295
0.01613769
0.01530125
0.01539434
0.01480607
0.01518005
0.01441474
0.01490142
0.01505656
0.01597664
0.01625893
0.01660941
0.01615704
0.01680448
0.01659979
0.01648601
0.01539138
0.01517806
0.0142127
0.01351295
0.01348697
0.01304754
0.01269963
0.01203077
0.01272447
0.01194701
0.01234957
0.01206492
0.01261778
0.01288004
0.01336199
0.01339096
0.01395226
0.01352102
0.01387262
0.01370196
0.01352024
0.01369411
0.0144136
0.0144395
0.01458444
0.01425691
0.01446803
0.01446114
0.01350418
0.01269934
0.0124206
0.01293302
0.01241576
0.01259494
0.01225928
0.01309154
0.01337755
0.0145041
0.01405038
0.01439185
0.01355799
0.01405555
0.01412451
0.0143855
0.01514935
0.0147273
0.01486523
0.01394386
0.01466864
0.01438068
0.01451822
0.01499489
0.01489082
0.01457698
0.01336175
0.0142605
0.01389699
0.01469043
0.01457441
0.01439577
0.01339725
0.01326842
