45.18942
38.62904
51.65506
44.08694
34.96779
28.49238
25.68313
26.01913
30.91021
38.2886
24.77499
33.38709
50.55065
63.36609
54.84982
40.47077
47.21856
43.09015
31.67209
25.57438
28.09138
28.19838
28.72739
30.48053
37.84009
37.43133
34.82048
39.34967
33.91554
29.51226
30.43377
28.85219
28.6326
28.51701
32.80061
29.81121
41.62333
61.33495
73.9254
69.89313
56.0149
45.17989
40.65068
35.4076
27.63852
26.08172
26.753
22.79862
19.58027
19.68053
18.22059
21.89591
19.05022
19.24799
20.31576
30.95415
36.93465
31.65874
34.8042
28.92297
28.47856
27.8175
34.74601
31.90578
30.51794
25.79988
26.28572
30.81899
37.32336
49.59775
43.97643
39.37397
29.64906
25.27368
26.20056
32.27495
33.17423
43.56471
37.06181
30.82731
33.83524
35.95453
27.13825
22.19462
18.99711
21.6038
19.83819
18.55071
17.03958
18.59971
26.22099
30.9118
31.07867
34.23391
36.63322
34.54985
24.04825
20.43007
24.2495
22.15189
27.58396
25.08245
21.39754
28.93003
27.63861
40.12428
40.55076
44.311
44.16537
48.50862
39.88027
23.2842
33.51151
26.66335
42.00273
45.98896
34.50015
32.83733
31.38282
31.92936
31.23872
25.38712
20.64362
20.24003
20.41557
23.40882
20.26576
19.53752
18.86505
19.30021
16.28677
19.15637
18.51003
22.08004
18.74658
22.1574
22.45232
19.01144
21.68488
20.0028
23.56659
17.5657
22.87053
21.26514
22.40792
20.28946
23.93579
21.15021
19.96194
27.34061
34.91635
32.43527
39.1972
37.19813
35.7596
33.50236
37.38244
27.44375
30.08101
29.75411
26.9701
21.79242
20.863
25.52156
22.73567
26.1013
21.68107
17.5347
20.50378
22.54533
26.96546
23.9737
25.13269
26.34552
21.96927
20.33518
27.21541
24.39836
15.21994
21.34712
36.91589
47.15732
51.61868
43.28612
40.38621
29.64721
28.55322
23.39221
23.32698
18.50059
20.7715
20.56314
18.16729
21.85713
27.8855
29.83243
30.31218
31.90621
25.36011
27.9439
36.18535
40.26528
34.49328
26.73833
24.10464
31.36252
29.74269
37.09822
33.19028
40.01429
31.9451
32.29473
27.71607
25.11898
23.94499
22.19037
28.21782
23.32969
20.61454
20.32988
16.61502
17.25424
26.44036
35.49971
27.00912
20.26225
24.18049
26.10409
31.02906
26.52826
32.55001
24.63433
17.31073
21.23486
20.58382
22.04018
22.37507
21.27198
27.39484
24.68571
22.85353
23.75816
24.79963
23.9657
26.67731
32.55652
35.49949
37.1199
32.8138
22.75901
20.88483
23.06455
34.42626
25.43047
27.95332
22.74294
26.63473
26.83927
23.7316
32.54098
25.17672
22.85269
22.29739
22.02041
26.05971
23.3651
22.1483
19.66288
15.5647
17.14331
17.65596
12.7171
18.22013
19.10361
26.72203
29.90879
35.55092
33.63719
30.9825
21.91304
18.75733
21.9154
21.02318
28.49277
29.04875
29.74392
28.70569
21.96106
20.04794
25.45373
28.08197
27.47379
18.3321
18.52509
20.99979
23.91008
29.91752
25.1481
25.3786
20.97315
18.4339
23.94046
20.48193
23.93414
28.54223
18.20617
27.18845
23.23615
33.50174
33.94716
29.90049
32.16154
34.546
32.56178
32.35279
34.30225
28.25986
35.34915
25.1868
29.05674
39.52413
27.52956
31.13764
28.74795
19.17275
21.59186
16.06047
14.60483
14.27565
13.23096
15.84254
20.71695
16.18609
21.43992
20.55332
25.72876
23.03035
23.34122
27.45496
28.25109
21.7396
19.64609
25.30857
30.87901
22.5857
28.077
29.3869
28.34149
32.63415
39.08457
40.05418
34.02888
28.49348
32.00356
37.11418
37.97358
44.09884
31.971
27.35693
27.8113
38.6759
40.61893
34.84861
26.38623
22.60149
30.75023
36.52104
34.92751
39.32633
43.53093
41.23216
59.49375
56.1928
50.99142
35.21387
50.22036
44.02502
42.27406
31.3766
41.45256
33.96497
32.89498
28.61696
22.19188
24.97698
25.16351
19.85133
15.79665
17.64908
22.51342
18.56465
21.6701
22.17524
25.22808
21.86389
16.96751
16.01998
16.58957
15.60217
16.3867
14.15171
16.62885
20.66276
17.88952
22.45575
21.40229
27.57425
25.34076
24.01321
20.24382
20.3956
22.15768
20.07644
20.10606
18.75197
21.75864
29.701
24.47739
21.02441
22.40949
21.67064
29.89607
22.4109
18.55644
26.58959
25.87132
23.08715
25.62241
25.67414
31.01447
24.1116
28.58526
28.42818
45.83981
42.81935
38.82213
32.12813
23.06481
34.48109
40.5189
36.02624
29.44547
34.20012
32.06796
28.29924
29.65705
32.11084
27.9123
16.8068
18.83671
18.67698
21.08924
22.13723
30.87412
29.77306
29.03282
24.01169
23.12831
25.54844
25.57588
38.14414
31.07305
31.8522
34.23593
28.27463
26.68423
17.82133
24.30215
21.16249
22.37282
20.71139
25.88929
25.33639
27.50184
27.24562
23.45471
25.74899
29.29282
25.50473
24.4534
27.92966
31.54225
33.28372
32.06469
39.08929
35.37706
23.39545
27.46595
27.81671
22.79067
19.53789
19.29397
20.05801
21.84636
16.64921
21.1991
21.73428
24.83698
24.64308
22.48966
19.20347
27.99815
33.01868
34.52324
36.36861
42.01909
35.33981
32.8552
21.21008
34.30804
35.8893
33.06393
38.16547
36.63872
45.98046
49.74979
53.31671
55.88811
37.89536
41.75772
36.37978
31.41996
36.56397
37.61845
23.61192
19.9744
21.75444
23.3362
25.61299
29.63831
32.57294
30.7844
28.62068
36.74489
41.65628
29.34165
20.29572
21.91172
15.47291
17.27322
22.24652
30.10182
30.11919
28.30909
22.11594
25.18521
24.8758
24.58776
23.10951
20.6376
21.68143
26.87361
23.50264
28.7438
21.52875
18.81563
19.35051
15.31118
16.30567
21.83526
26.39888
23.97303
26.10996
21.63343
24.01495
24.80254
30.90817
40.0514
53.50001
34.74354
31.24279
27.23387
25.66392
36.69216
37.19762
37.37855
39.35473
38.85032
48.8454
54.66798
47.08737
32.65206
32.58126
29.0283
19.87588
21.3989
25.20928
23.28093
23.16162
29.26196
29.13185
28.40089
27.3827
30.63944
34.03413
33.2679
23.65606
33.91848
45.39859
40.30301
39.08265
43.77029
38.71257
38.24667
41.96578
50.34428
48.30552
42.17585
28.60046
33.26306
35.82575
31.27147
28.95382
24.73078
30.58163
28.35239
25.38963
23.10907
24.42276
21.7567
21.70786
21.8911
25.00334
25.61694
25.61353
24.45293
23.97488
25.69947
30.38546
33.15802
32.47772
34.26303
38.01115
39.36908
32.43049
27.34846
25.11894
33.48062
24.45473
25.02031
34.05913
27.13526
29.2044
21.49302
23.33171
22.22421
19.89009
19.02975
19.75113
17.00808
17.88848
20.63228
17.64648
16.19204
15.99618
21.37011
23.90725
23.513
21.96857
27.15552
23.27752
21.22424
21.92951
31.06894
36.30731
37.19562
29.58801
33.44999
40.83661
28.19092
24.15964
23.93286
27.73615
18.14674
23.85638
25.28155
17.45915
18.03269
21.69978
23.00603
23.53593
24.77626
21.96259
25.04505
31.0267
29.91431
25.61171
30.28433
28.05808
16.84308
19.62679
13.08521
12.67381
17.37584
15.43473
21.52196
29.21169
26.94766
32.26957
34.03094
32.2453
45.85653
48.16825
38.63091
35.93609
30.04632
20.79923
18.7317
18.41329
14.17529
18.61329
22.02986
25.10502
26.31648
27.64375
22.90785
23.95751
25.97603
17.10622
14.49204
12.89904
13.2862
12.38713
15.50939
19.7265
24.24075
22.45726
22.21251
21.67467
23.8658
21.79664
18.54352
22.55145
30.26873
38.23179
40.48495
32.91883
25.42248
18.53326
23.04892
23.07862
24.42984
15.15456
18.36462
14.70205
15.13961
15.37306
20.72673
25.06411
30.27229
28.60626
30.98264
22.48247
20.12674
23.95435
29.65309
32.19052
30.45897
34.83888
24.89956
26.47247
28.09445
30.17344
37.19958
39.42788
29.94436
34.29575
40.30012
41.35761
36.70029
37.12995
33.15069
34.25945
32.36151
26.74142
29.52989
19.82416
20.85388
21.98641
19.0795
18.44805
28.09103
30.93877
29.72591
30.2593
29.40444
25.09854
32.85328
28.38518
27.80334
28.29998
36.82133
25.84946
24.99234
24.99533
24.14993
26.90704
27.91356
34.14697
40.83146
40.74579
33.71977
18.53101
20.8219
23.5746
23.53542
26.00656
24.78014
24.35063
17.94111
16.77128
15.17709
18.93043
21.80958
25.31045
12.46767
16.31972
18.5363
21.74124
19.72428
21.62867
24.06611
28.37362
18.87978
18.99371
19.51772
18.76467
21.52668
19.56877
15.9446
17.99525
19.87746
18.05368
17.36701
14.9631
14.77311
17.79482
18.27451
23.78102
31.53767
26.85484
26.56959
22.1235
20.32017
22.58447
27.66851
26.48162
22.64656
27.86579
27.68489
22.42726
25.35089
25.71736
34.79412
24.67315
37.18037
36.9899
23.61553
19.54066
20.68425
16.75095
12.44247
18.16491
27.44865
35.1113
38.61676
24.07487
25.80203
18.58199
24.97398
28.29705
29.37318
37.20852
34.19028
28.44104
20.42839
16.14425
17.82365
19.4099
26.07119
35.21485
28.87438
33.41598
27.78317
26.83405
24.16409
23.97554
28.0242
30.14131
37.25231
28.1824
25.88777
26.73766
28.0967
31.2232
27.50178
28.99465
29.27331
31.25784
35.07314
28.65713
30.93676
36.24627
30.18242
31.05663
32.93894
30.62232
31.47907
22.49295
18.25877
18.92097
20.6781
19.96372
22.34288
22.11446
23.18308
22.66104
19.15158
22.48558
19.19905
17.71428
16.62651
14.92034
15.27082
13.02414
15.82249
16.58106
15.10849
20.79115
18.88385
18.5955
18.54813
21.64466
20.4106
25.03544
24.66841
21.09373
21.42099
18.67475
19.64478
21.60525
22.84365
25.8601
26.33302
19.07759
18.26456
20.52887
26.32391
34.20438
31.19692
30.64898
30.00827
25.41082
22.53337
21.66279
22.62974
21.97761
29.66598
29.11935
27.84659
30.91529
34.88881
32.42886
30.99239
34.57791
36.86272
37.2559
41.54367
39.04574
45.97771
29.38276
30.37311
36.32878
31.6384
36.48831
37.38029
39.9692
32.388
27.74348
27.12276
29.36324
27.25326
30.04832
26.71083
31.78546
27.51652
34.65445
29.84948
29.11614
37.85716
43.96637
31.80356
27.88741
28.10105
21.26109
25.91723
32.83121
35.80337
29.6383
30.53633
