335.0444
336.7803
338.7091
338.9338
338.1919
340.4867
339.9767
341.2651
340.8174
341.0401
340.0814
338.8751
340.1289
341.3839
338.8308
341.0633
342.2805
342.0839
341.8946
340.609
341.2253
341.9933
340.9498
341.6008
341.0044
338.8227
338.2113
337.4362
336.6575
334.7457
333.0477
332.5773
333.334
334.2256
333.5097
333.532
333.0265
333.1369
332.9403
333.0103
331.7801
330.8172
330.5486
331.7892
331.5586
330.6026
333.53
334.5417
332.8525
332.9575
334.0436
334.853
334.8821
334.1407
334.611
335.0275
336.1122
336.7558
335.5811
335.7514
334.365
334.8857
334.9422
336.3078
335.7927
336.1565
335.5592
335.3348
335.6094
335.0459
332.4165
334.0668
335.1856
334.4085
333.7259
334.457
334.1778
333.9256
332.7747
329.8563
329.0206
330.9732
331.2514
333.8082
334.8894
334.3923
335.858
336.1393
335.7618
338.0373
337.6346
336.2601
335.7783
335.9408
335.6571
335.7725
335.6289
333.4783
331.7708
330.6918
334.1799
335.0045
333.8752
335.3021
333.1177
333.9512
333.6409
333.4895
333.929
332.5742
332.6511
334.4203
334.9893
332.1938
333.6534
331.9154
331.869
333.4563
333.583
335.3096
337.7396
337.3409
337.9026
339.024
336.9185
334.8188
334.7455
335.055
334.1186
334.3061
331.8285
331.3326
332.4381
333.6476
333.7917
335.5851
334.9947
336.0933
337.7975
338.6779
339.5813
339.3669
337.8952
338.1597
339.1303
339.0186
337.7626
337.3657
339.5581
338.5556
339.5571
339.6093
339.0448
338.6871
339.2536
337.4568
339.8141
339.6235
340.6993
339.9134
338.1411
339.188
338.0727
337.8558
338.0848
337.9981
339.972
338.9874
338.3683
338.5782
336.7677
336.3465
334.8305
335.7585
337.0391
336.192
337.4519
337.5774
337.2915
335.9464
335.0236
335.5051
334.411
334.86
334.7908
336.4007
337.8363
335.9302
336.1691
334.9058
334.3297
334.7295
337.9876
338.6145
336.8289
334.8934
336.904
336.6882
335.9539
337.7007
338.1453
337.6432
337.893
337.764
337.0918
336.2102
335.3652
335.1283
336.1276
336.79
336.5685
335.2292
333.8111
332.5726
332.877
334.7477
334.7669
333.2164
334.1085
334.0747
333.3133
333.6059
334.2563
335.9412
333.4437
333.9219
334.1348
335.4195
336.1895
336.3471
336.054
335.1302
335.3817
337.4255
337.0518
337.2428
338.4676
339.2969
339.507
340.41
338.3208
340.03
338.4044
337.2112
338.8142
339.3299
338.7704
339.9585
339.3346
338.731
339.3536
338.575
338.6883
339.0034
339.3329
339.1391
338.0517
338.8226
338.7167
337.6897
337.6165
338.1453
336.8
335.7759
336.1115
337.5928
336.3832
336.0158
335.0199
335.0446
335.7189
336.7908
336.9973
336.4362
337.5024
335.9614
335.5732
334.3815
336.7471
336.7425
335.6862
335.8451
336.8929
337.6164
336.2442
337.4661
337.0543
337.4679
337.9197
336.1821
334.9531
334.6865
335.7021
335.2664
337.3966
335.7817
333.5382
332.6291
332.5674
334.0824
333.362
333.4622
335.5467
335.067
335.2702
333.2823
333.2285
331.9891
331.6073
334.4666
335.674
336.7404
337.3053
337.1493
336.3289
335.8828
333.2867
333.6474
334.8506
333.9823
333.125
333.7911
335.6806
335.0047
335.7654
336.2303
336.6938
336.8548
335.9794
337.9241
337.4451
337.5379
335.5886
337.7252
339.5024
339.2496
337.3457
338.2758
338.5929
338.7402
340.2996
341.3698
342.864
342.9499
343.6956
344.2199
341.5227
340.8244
340.9042
341.0599
341.3965
341.7991
340.1732
340.779
339.3171
338.3835
338.5304
338.3272
335.8107
335.6054
334.7844
334.9157
336.8948
336.9624
337.1136
337.7226
337.0123
337.675
337.5108
338.3182
338.3996
339.04
338.7228
337.4786
337.1212
336.2446
334.1372
336.1033
337.3266
336.5155
338.6116
337.8706
338.849
338.3158
338.4304
338.324
340.0811
338.4761
338.6562
338.0231
336.8921
336.273
333.5847
333.2214
332.7178
331.0613
330.6775
332.7772
332.6681
333.2495
332.8306
332.5534
333.6133
333.4196
334.0999
335.2767
335.4517
334.5895
334.4995
333.6081
334.0633
334.1632
334.3685
335.2008
336.8692
336.207
334.7844
335.153
335.1318
334.9651
335.9282
337.7364
336.444
336.9851
335.6838
335.6066
334.7274
333.9801
334.0232
334.2221
332.7387
332.0189
332.7033
332.0836
331.2721
333.0785
335.019
334.2534
334.2494
335.7584
336.0866
334.806
334.0176
335.132
335.1954
335.5957
334.8358
336.8758
338.1991
338.2145
337.3335
337.4871
338.0445
338.9182
339.1071
338.1151
339.2186
339.298
339.7482
339.9083
336.568
336.6421
336.0825
333.7043
332.4644
333.0019
333.2319
336.2532
338.3283
338.0424
337.8972
337.3538
337.4841
339.4517
336.5856
336.9937
337.8647
337.5186
335.9001
338.066
335.8376
336.8225
336.2723
336.3075
336.6424
338.417
338.6
338.1216
337.7108
338.3795
337.2122
337.4147
337.5481
337.064
339.0481
338.0773
338.7737
338.7106
339.7419
338.8696
336.7934
334.9204
336.8385
334.1014
335.2021
333.3044
332.9888
330.918
333.2677
335.5081
334.9124
334.4459
335.2378
334.7576
334.1655
332.6751
334.0064
335.2134
336.2016
336.5254
338.4714
337.2226
337.8137
337.2861
336.4533
337.5644
335.0363
333.3981
334.2358
335.4529
335.4322
336.7363
335.7887
335.9717
336.8085
336.7879
339.1221
339.2001
337.7045
336.5489
334.923
336.7512
335.9723
334.0285
334.5631
335.5848
334.8415
335.5648
334.9483
335.2262
334.2263
334.2842
333.1775
333.0077
332.4006
333.3843
333.1738
333.543
332.6035
332.2193
332.9603
334.6785
336.1504
333.525
333.524
333.6092
332.0955
333.0578
335.1977
335.205
334.3987
333.877
334.3789
335.0328
335.5892
334.8478
335.1758
333.99
333.1271
333.5571
331.9717
333.5796
334.2244
334.0626
333.8966
335.954
336.7261
336.1174
337.4677
338.2646
339.3664
339.6556
339.4543
338.854
338.026
337.4055
338.6993
339.04
337.3277
338.2292
337.777
338.5478
336.9035
337.4534
337.9242
340.0223
339.6441
340.3659
342.0087
340.6945
339.2879
338.604
337.8615
339.7698
339.4894
337.7261
338.0819
338.432
338.6876
338.7346
339.0211
339.4156
340.6435
338.7993
340.0845
338.5881
336.0997
334.4139
334.1677
336.0491
338.1585
337.9309
339.5449
336.7964
335.6519
334.0619
336.8224
336.9209
336.6349
335.8666
336.5454
335.6951
337.4142
338.892
336.5343
333.6949
334.4253
334.6833
333.9079
335.1683
334.5102
334.6168
333.4551
334.1017
336.3566
336.7959
337.1591
337.9924
338.0899
337.5725
338.3756
339.0084
339.4227
340.0114
338.2439
337.4524
338.2462
337.7646
338.5162
337.7718
336.7987
334.8396
335.9288
334.7538
335.1767
337.5714
337.508
336.3107
334.7358
334.7338
332.5661
332.8332
332.4845
332.0519
334.0714
332.472
333.6739
332.8997
334.7152
335.6266
337.0493
335.1682
336.1012
334.9044
334.939
336.2313
337.2562
335.6356
335.8531
336.5732
338.6988
339.093
336.3822
336.6832
333.8335
333.055
333.7914
333.7083
336.8703
335.451
338.6915
336.8655
335.9353
335.0812
335.5492
334.3962
334.2499
335.8435
336.868
337.1209
336.9424
336.3161
335.7233
334.5022
333.9982
331.9209
331.2397
331.8498
333.1992
332.2573
334.9005
334.2964
332.5453
332.7463
332.6641
332.0432
332.0838
332.4256
334.1501
334.5163
333.7237
333.5038
335.5129
334.4448
335.4181
337.9188
338.8588
338.9102
337.5535
338.4969
338.0404
340.2481
338.5819
337.7053
338.1357
337.6612
337.6826
337.9002
337.0444
335.6815
336.8236
336.5505
336.4222
336.7991
337.5027
336.511
335.9911
334.6313
335.2955
335.8198
336.87
335.7872
336.4923
336.5285
336.432
335.0316
333.5898
333.8008
334.5951
335.1023
335.5628
335.4428
336.5938
338.7246
338.856
339.5675
340.0788
337.3042
335.6404
335.0546
336.0755
336.7233
337.5866
338.286
339.5042
339.7393
338.4502
339.8094
337.9936
337.1605
338.266
339.0872
337.6052
335.7026
336.3563
335.8744
335.8338
334.0674
332.469
332.4489
333.4945
332.6332
334.1743
331.656
332.4929
335.5977
333.1376
334.5274
335.097
334.6136
334.9589
334.1691
335.9039
335.9927
334.286
335.677
336.5695
336.504
337.358
336.9026
335.6923
334.1973
334.8834
336.3124
334.4916
334.2569
333.2825
333.4037
334.3785
335.4215
336.1201
338.3404
336.9666
335.6986
337.5411
335.3422
333.9109
333.8552
334.2313
333.1725
336.5235
336.9184
335.0305
335.2431
335.5717
336.2625
337.6533
338.3267
337.8313
339.3317
336.9304
337.0002
336.6116
338.9851
337.6373
337.9469
338.6644
338.2207
336.9636
336.064
337.2462
334.2587
331.9549
332.8085
333.3154
335.7903
337.8729
336.9122
337.4715
337.5448
339.1894
336.7367
337.4077
338.0725
338.0812
338.858
338.3288
338.5915
339.5457
339.1612
339.4906
340.3424
339.0967
339.6494
340.6465
338.9987
337.1898
335.0473
334.1313
334.1272
330.9921
330.9038
330.3683
330.436
329.8071
328.7767
332.7596
331.885
332.9554
334.6549
337.2309
337.5723
336.3713
336.9718
337.2449
335.4387
336.0791
336.2822
335.8725
334.7847
332.986
334.3639
334.2963
336.2715
334.5399
335.2878
334.881
334.8681
336.4075
336.3217
336.8215
338.0072
337.3796
336.6861
333.8083
335.7821
334.5287
335.2472
334.834
334.8368
335.0235
336.3145
334.7672
333.6682
334.0939
332.7574
331.3419
332.8841
331.6498
332.0181
331.9922
331.3799
332.5401
333.145
333.2721
332.5157
333.0693
333.5664
333.8233
334.3039
334.7634
334.0533
332.2471
332.3811
330.3453
328.9266
330.9869
333.7736
332.2279
332.8907
332.9678
334.4084
334.3514
331.8431
332.7559
332.5799
332.4952
334.0599
334.71
333.9765
334.6902
336.7238
338.114
338.0304
337.1294
338.3392
338.7092
339.0315
339.0497
338.2823
337.1926
336.1688
336.9537
337.6893
336.5182
335.7816
334.4346
334.4522
333.6975
333.8156
