0.3537333 0.7953738
0.2935051 0.690906
0.2366464 0.6641665
0.2320988 0.7151386
0.2099669 0.680041
0.1866617 0.6556926
0.1783362 0.660615
0.1662233 0.6859597
0.1614142 0.6931331
0.1854803 0.68999
0.1647558 0.6638492
0.1616521 0.7285
0.1877461 0.7849352
0.1910684 0.7363388
0.1771549 0.702517
0.1728521 0.6598503
0.1681693 0.6104871
0.1583423 0.5852767
0.1853808 0.6394545
0.1706508 0.5795011
0.2115916 0.6076673
0.1978839 0.6399268
0.2040409 0.6455372
0.2156162 0.6978694
0.1573962 0.6905009
0.1670716 0.6463644
0.178643 0.7169231
0.1638562 0.6532168
0.160908 0.7004014
0.1675658 0.6574906
0.1921331 0.5905988
0.1689761 0.5856119
0.2137832 0.5361377
0.2339813 0.5331516
0.2476728 0.6328976
0.2258539 0.6373576
0.2850375 0.5648765
0.2857565 0.6051858
0.3074352 0.566068
0.298644 0.5980117
0.2663906 0.5986054
0.289494 0.5393551
0.2911127 0.5723078
0.2708773 0.5093372
0.2653546 0.47655
0.2342969 0.4502725
0.2061495 0.39223
0.1829686 0.4481748
0.1992518 0.5010924
0.188595 0.5373977
0.2187881 0.5420762
0.2313375 0.4670354
0.2318635 0.5091246
0.2428139 0.5719525
0.1983365 0.5765713
0.2168063 0.6546928
0.1729256 0.6828061
0.1824503 0.6613934
0.1829625 0.6743279
0.1969178 0.6743814
0.1810813 0.7098375
0.1794745 0.7481763
0.1614814 0.6178929
0.1496608 0.5709693
0.1812409 0.6451647
0.1928487 0.5351414
0.1667202 0.5549206
0.185952 0.6184113
0.1895283 0.5627867
0.19924 0.5329595
0.2099509 0.5683425
0.2324076 0.6411383
0.2721813 0.6228793
0.2672607 0.6150575
0.2331859 0.695307
0.2475296 0.6682867
0.2298447 0.6457231
0.228786 0.6561381
0.2426856 0.6388935
0.226065 0.6613416
0.2343582 0.6823251
0.1899585 0.8008394
0.1798724 0.7787333
0.1873575 0.7897011
0.1879215 0.8257272
0.2090897 0.779161
0.2082542 0.7226456
0.2276243 0.7749862
0.2105364 0.7500277
0.2217637 0.8085655
0.1738837 0.7846989
0.1963374 0.7320531
0.2044942 0.7124126
0.1951028 0.62985
0.1607746 0.6834909
0.1454019 0.7442551
0.1763346 0.7888053
0.2063244 0.7170693
0.2158199 0.7321125
0.2348413 0.6644175
0.2649781 0.6450805
0.2492059 0.5928029
0.2785655 0.6652252
0.275329 0.6807428
0.2134062 0.6913024
0.2613556 0.6363791
0.2729152 0.5929816
0.2448642 0.5851522
0.2285092 0.5568504
0.2627787 0.5166746
0.2570424 0.498163
0.250301 0.5782714
0.2686209 0.5195928
0.243975 0.4568548
0.2504797 0.5465401
0.2799398 0.5084538
0.291397 0.4789493
0.3203298 0.464139
0.3073419 0.4478308
0.3392639 0.444382
0.3174188 0.3915142
0.3025065 0.3795774
0.318388 0.365578
0.3352953 0.3760383
0.3646929 0.3977551
0.3990014 0.4154144
0.4658725 0.3945827
0.4168701 0.3975178
0.3572347 0.4520614
0.3373073 0.433971
0.3227236 0.4254951
0.3175993 0.4476571
0.3460722 0.4395642
0.344998 0.4796197
0.3168976 0.4429689
0.3128712 0.4739443
0.3214806 0.4451575
0.3527606 0.4734298
0.3257128 0.4231341
0.3149554 0.5185841
0.3274564 0.4561559
0.2995321 0.441725
0.3144369 0.4731062
0.3373578 0.5305231
0.3376203 0.4979255
0.3348228 0.5429335
0.3484177 0.60779
0.3351427 0.6495719
0.3289563 0.6909346
0.3310756 0.6341882
0.337671 0.5468718
0.3255612 0.5880169
0.2972453 0.5671044
0.3085202 0.6103359
0.3090679 0.5865056
0.31221 0.6694321
0.3346291 0.6644777
0.3525007 0.6134885
0.3355659 0.5366349
0.354344 0.5110816
0.2941891 0.5138105
0.326577 0.4794323
0.3698573 0.4192578
0.3960947 0.3655569
0.3983639 0.3931817
0.4151495 0.4142087
0.3975793 0.3908033
0.4186569 0.3602165
0.4198342 0.3852567
0.4579548 0.3674204
0.4537595 0.4035564
0.4440466 0.4352859
0.4715119 0.4048826
0.428001 0.3923694
0.4412505 0.4027239
0.4213176 0.387781
0.4321649 0.4285908
0.4152559 0.439272
0.4054877 0.4964733
0.4166607 0.5088735
0.3921884 0.5492748
0.3895061 0.4818629
0.4139708 0.4953451
0.4200059 0.4703306
0.4610701 0.4662585
0.4783828 0.4443698
0.4520574 0.4127775
0.4583573 0.4446224
0.4892766 0.446409
0.4328348 0.4490918
0.426406 0.4147099
0.4225553 0.4017982
0.4395568 0.4267538
0.4487834 0.3982285
0.4475774 0.428044
0.4653594 0.4345292
0.4095486 0.4086707
0.3754078 0.4198485
0.4041728 0.4858704
0.3632348 0.4183829
0.3854287 0.4004477
0.3732977 0.3822647
0.3745999 0.4120693
0.3796792 0.421381
0.3994611 0.4528235
0.4141072 0.4556169
0.4351536 0.4411737
0.4047407 0.4907126
0.3851181 0.4791257
0.3912216 0.4577584
0.3671282 0.4787391
0.3404412 0.4634337
0.3750588 0.482042
0.3884789 0.4326867
0.3808712 0.4542154
0.3479407 0.449032
0.3627762 0.436515
0.3705114 0.3902707
0.3595594 0.3883756
0.3657015 0.42308
0.3932282 0.4943188
0.420476 0.4483845
0.4086512 0.4401435
0.4030378 0.4310018
0.4275209 0.4200786
0.4278799 0.3703427
0.4285806 0.391526
0.4265779 0.3560587
0.4476051 0.3191909
0.5045843 0.3354136
0.4759279 0.3566044
0.4607909 0.3937714
0.4856216 0.4176785
0.4821971 0.4124485
0.4548945 0.3788665
0.4445689 0.4129264
0.4363636 0.3956802
0.4059916 0.3963229
0.4243615 0.3778175
0.4229727 0.4199227
0.4743785 0.4135973
0.4338127 0.4295448
0.4334586 0.4554598
0.4206328 0.4839484
0.4281794 0.4422502
0.4335061 0.462556
0.4302127 0.4201581
0.4502265 0.4084759
0.4474871 0.430323
0.4583441 0.4083269
0.4604609 0.4032579
0.4694264 0.3728944
0.4479562 0.37087
0.4530848 0.3610047
0.4677667 0.4070819
0.4535103 0.3853331
0.484597 0.3787503
0.5274805 0.3744178
0.5843346 0.392329
0.5804018 0.3856799
0.5965634 0.3773262
0.5654316 0.3527158
0.6107596 0.318595
0.6221719 0.3325541
0.6445481 0.3139478
0.610223 0.3298611
0.6400055 0.3169005
0.6270303 0.319895
0.6408244 0.4037674
0.6142275 0.3968309
0.6411624 0.3856191
0.6275408 0.3645539
0.5933071 0.3529652
0.5686171 0.3149709
0.5730235 0.3421945
0.5379197 0.3620612
0.5055488 0.3351039
0.5152847 0.3632711
0.5279529 0.3484149
0.521747 0.307326
0.5274401 0.2956544
0.5404045 0.3019618
0.5769291 0.3191706
0.5662889 0.3267609
0.5427484 0.3249297
0.5181758 0.3814934
0.5508306 0.3647789
0.5752401 0.3149656
0.5862542 0.2903646
0.5731039 0.269564
0.5037107 0.3108551
0.4938919 0.3105807
0.4720282 0.2927234
0.423499 0.2482429
0.4754996 0.2800266
0.4978702 0.2512342
0.5086949 0.2410122
0.4709027 0.2364537
0.4736347 0.2238226
0.4618349 0.2372743
0.4526284 0.2603357
0.4407371 0.27279
0.4337868 0.2530161
0.4947139 0.2766549
0.5102343 0.2400083
0.5151005 0.2669631
0.5568611 0.2312423
0.5513308 0.2735555
0.6105407 0.2655716
0.6326049 0.2694222
0.60072 0.2690585
0.5902036 0.3057261
0.5917414 0.278904
0.6320183 0.2627342
0.6238467 0.2556061
0.6943053 0.2644293
0.661961 0.2851101
0.6638516 0.2932991
0.6331695 0.2979326
0.6496706 0.2734973
0.6605186 0.2908486
0.6347692 0.3097745
0.5968057 0.3250098
0.5849517 0.3101556
0.5841081 0.3738219
0.5763318 0.357659
0.5884589 0.3418731
0.561862 0.3097392
0.5534643 0.27962
0.5531915 0.2654327
0.5747253 0.2696944
0.5767013 0.2528456
0.6318853 0.2129434
0.6429318 0.2134634
0.6129908 0.2261042
0.623471 0.2286437
0.6024682 0.2220305
0.6503359 0.2363576
0.6520341 0.2357866
0.6734945 0.2524131
0.6661281 0.2235652
0.6443289 0.2370063
0.6548047 0.2404417
0.6008389 0.2581871
0.6301452 0.2442651
0.6745957 0.254703
0.6731276 0.2533243
0.6273362 0.2346399
0.6106196 0.2599579
0.6059872 0.2799401
0.6433468 0.2507006
0.6337962 0.2593592
0.6543571 0.2721252
0.6567154 0.2918014
0.6701103 0.2799516
0.6669835 0.2405273
0.6867776 0.2345685
0.7440616 0.2177143
0.7522937 0.1959469
0.7594949 0.2058158
0.7555948 0.1972397
0.7367484 0.1915261
0.718845 0.2211855
0.7384661 0.2192254
0.7257169 0.2137488
0.741954 0.2227207
0.7744734 0.2278971
0.7769317 0.2469189
0.7553491 0.2735014
0.7253333 0.2623343
0.6901788 0.2680077
0.6899216 0.2352642
0.6677505 0.2456951
0.6875246 0.2391581
0.7080205 0.2542747
0.7163223 0.2301056
0.7485724 0.2329516
0.7692717 0.2102067
0.7666072 0.197374
0.740019 0.1887048
0.7255144 0.1864046
0.7275629 0.2091079
0.7389416 0.2080633
0.7224942 0.1954743
0.7088791 0.2161279
0.7542639 0.2249223
0.7479706 0.2432779
0.7210367 0.2448793
0.7125334 0.2638271
0.7153613 0.250394
0.7294629 0.2783534
0.7519615 0.2722216
0.7405369 0.2648363
0.6965041 0.2894033
0.6793869 0.2937897
0.6963784 0.3151544
0.7312338 0.3573111
0.6827926 0.3281243
0.7179363 0.3642889
0.6892615 0.3389007
0.6776519 0.3520756
0.6953945 0.3355975
0.6809871 0.3613291
0.6682914 0.3538899
0.6977775 0.2962755
0.695375 0.316583
0.6859061 0.3122255
0.6721621 0.3220636
0.654911 0.3244154
0.6365126 0.3684936
0.621938 0.333775
0.6122384 0.3138066
0.6564124 0.3279352
0.6730314 0.3026955
0.66822 0.2885587
0.6633259 0.3162037
0.6613166 0.3439259
0.6591097 0.3563166
0.6997927 0.3821372
0.646814 0.3401541
0.6617072 0.3582073
0.6812092 0.326722
0.7084941 0.3091884
0.6727205 0.3462451
0.6528173 0.2878668
0.6903982 0.2878394
0.7083936 0.2933925
0.7257213 0.2709205
0.708622 0.2738776
0.6883009 0.3013008
0.697287 0.2909841
0.7264028 0.3231388
0.7101632 0.3287997
0.6981053 0.3147634
0.658403 0.3247389
0.6356379 0.3230092
0.6329364 0.3546486
0.6063887 0.3390372
0.5889493 0.3326665
0.6006636 0.3108667
0.6223464 0.2903587
0.5783502 0.3375956
0.5873842 0.3691787
0.5982166 0.3501838
0.5961305 0.3223366
0.5822559 0.3316625
0.5584444 0.3116969
0.5473218 0.2972053
0.5438088 0.2943051
0.545427 0.3164938
0.5185525 0.3012444
0.489614 0.3285538
0.5137404 0.3234391
0.5017534 0.3564186
0.4879067 0.3442204
0.4930826 0.3213032
0.4934142 0.3295315
0.4848441 0.3461456
0.4863693 0.3830063
0.4557494 0.400905
0.4537344 0.379963
0.4528742 0.3350561
0.4264673 0.3225428
0.4055841 0.3315835
0.4014745 0.289204
0.4422842 0.318911
0.3962931 0.3454805
0.3985731 0.3294928
0.3766667 0.3421006
0.4065714 0.3091764
0.4329133 0.3150807
0.42822 0.3010486
0.455513 0.2902239
0.4283783 0.2900465
0.4318689 0.2788187
0.4889673 0.2702083
0.4680667 0.2636424
0.5181176 0.2679642
0.5189122 0.2962269
0.5692884 0.2852572
0.594063 0.2670564
0.583841 0.2572392
0.5974872 0.2816805
0.6128714 0.3203852
0.6024529 0.32753
0.6182139 0.2942889
0.6564764 0.2795067
0.6888725 0.2827092
0.6754052 0.2486602
0.6639477 0.240992
0.7043047 0.2431268
0.6863491 0.2470924
0.6857772 0.2518737
0.6771597 0.2386363
0.7161274 0.3089631
0.6685272 0.2853706
0.6686528 0.308789
0.6725786 0.2815563
0.601122 0.2437706
0.6068452 0.2620823
0.5605177 0.2777557
0.5378293 0.2588659
0.544224 0.2509435
0.5475948 0.2333258
0.5148202 0.2569391
0.5459015 0.2722178
0.5362836 0.3165457
0.5427003 0.2920897
0.54267 0.2970804
0.5590472 0.2875549
0.5582244 0.2862635
0.5428369 0.3328138
0.5649075 0.3526114
0.5219119 0.3463557
0.5145667 0.353461
0.4983335 0.3575949
0.4867464 0.3787553
0.5062631 0.3820112
0.4627818 0.3973078
0.4872793 0.4255188
0.4904092 0.3977079
0.4435051 0.3890907
0.4582277 0.3809132
0.44754 0.4039992
0.466926 0.3956003
0.4497701 0.3766419
0.4095036 0.4283626
0.4468491 0.3767828
0.44267 0.3940987
0.4679707 0.3670957
0.4778757 0.342728
0.5070592 0.3554011
0.5001303 0.3337934
0.4524708 0.3609446
0.4484143 0.3562352
0.4349806 0.343789
0.451009 0.3497874
0.436375 0.3331619
0.4592619 0.3364149
0.4011963 0.3479082
0.4076969 0.3737935
0.4388767 0.3444934
0.4358671 0.3448289
0.4603213 0.3740512
0.4425182 0.407558
0.4398485 0.4106603
0.4518667 0.404969
0.4262104 0.4697417
0.4508977 0.4461737
0.4491605 0.4936565
0.4416637 0.5473975
0.4275015 0.5315131
0.4415377 0.4605051
0.4849755 0.4673462
0.5218224 0.4192466
0.5084917 0.4159854
0.5554282 0.4057071
0.5244684 0.4285586
0.4992024 0.4073255
0.4920594 0.4412934
0.5459056 0.4255185
0.5755685 0.4296121
0.5387403 0.4456609
0.5225066 0.4086425
0.5053018 0.3976099
0.5287503 0.3499272
0.556608 0.3019674
0.5719028 0.2952573
0.5810824 0.2817645
0.5962394 0.2872542
0.5863295 0.3021363
0.6140694 0.3148626
0.5827865 0.3091416
0.573657 0.3245953
0.5824862 0.3628563
0.6113956 0.3660881
0.5896053 0.3809262
0.5980353 0.364311
0.6231296 0.3954648
0.5847807 0.3630026
0.5514899 0.3533917
0.5783159 0.3572117
0.5850727 0.3642615
0.5999032 0.3635707
0.5987942 0.3231576
0.6216498 0.2975176
0.5933107 0.3059925
0.5916696 0.3539889
0.5347558 0.3259782
0.4955006 0.3517445
0.5334971 0.3751198
0.5358308 0.3724854
0.5424671 0.4045634
0.5866718 0.3332172
0.5434576 0.3711448
0.5119429 0.3539526
0.5668282 0.3685896
0.5724988 0.3486548
0.562485 0.3357715
0.5734716 0.3694826
0.5541013 0.3857643
0.5500233 0.3720035
0.5653533 0.4220233
0.5620979 0.4234076
0.5565793 0.398
0.5930041 0.3741985
0.5504583 0.3642094
0.5819219 0.3454996
0.5656484 0.3529935
0.5499804 0.3365232
0.5147157 0.3739608
0.5230713 0.4180044
0.4759288 0.3947643
0.4758067 0.4227193
0.5108931 0.4564555
0.4884378 0.4542751
0.4924336 0.4394621
0.4827461 0.4210902
0.4759343 0.4052624
0.5043537 0.4161439
0.5084835 0.4054958
0.5013 0.4038336
0.5478178 0.3967879
0.5409645 0.3777326
0.5368068 0.3972768
0.5166778 0.3859232
0.5008131 0.3519118
0.4999322 0.3391426
0.4927072 0.3688381
0.5038966 0.367876
0.4827463 0.4046734
0.4781538 0.3787914
0.4855891 0.3593475
0.4426094 0.3673428
0.4803805 0.3802063
0.4902177 0.3731864
0.5068229 0.3780935
0.5076328 0.3928416
0.4836595 0.3605407
0.4649979 0.351653
0.4954517 0.3997647
0.5072479 0.414321
0.5224137 0.369466
0.5459984 0.3659151
0.5479683 0.3330254
0.5706631 0.3300508
0.5541452 0.3637016
0.5652323 0.3564488
0.5540986 0.3330781
0.5380832 0.3290239
0.4886115 0.3631
0.4688922 0.3851696
0.4764271 0.4028175
0.5030108 0.4337251
0.4520921 0.4139561
0.4385751 0.4214366
0.4723117 0.3935574
0.4964048 0.380867
0.5450322 0.398083
0.5401875 0.3665391
0.5567267 0.3501609
0.5421706 0.3253373
0.5060539 0.37859
0.5055655 0.379883
0.521138 0.386438
0.5468775 0.3878815
0.5394797 0.4394728
0.5489345 0.4395413
0.5524931 0.4062283
0.5595638 0.4659555
0.5466209 0.4163651
0.5457685 0.4186835
0.5243543 0.4072601
0.5087878 0.4070273
0.5114774 0.4532367
0.5125358 0.5047476
0.5105492 0.4834882
0.5462003 0.4722845
0.5715366 0.4532176
0.5298595 0.4435959
0.5187937 0.4049091
0.5198794 0.3773923
0.5511882 0.3292058
0.5886334 0.3345462
0.5948583 0.3177322
0.6046674 0.3512155
0.6207316 0.3354747
0.6282363 0.3250431
0.6423149 0.3374131
0.6670107 0.4121229
0.6605265 0.4021617
0.6637942 0.3635685
0.6388876 0.4002473
0.6509346 0.3318956
0.6079082 0.3953551
0.5545117 0.388947
0.5425427 0.3808134
0.5482682 0.3942504
0.5333801 0.3669478
0.5312029 0.4159577
0.5218986 0.4288462
0.5651722 0.4213992
0.5273944 0.4014247
0.5328063 0.4860474
0.5265651 0.4514362
0.5619848 0.4397053
0.5598678 0.4087549
0.5895166 0.4392084
0.5899069 0.5030783
0.5624444 0.472909
0.5907714 0.5095033
0.5817645 0.46581
0.6225423 0.4728884
0.579314 0.4346367
0.5852563 0.4641902
0.5858279 0.4863542
0.5443243 0.4477275
0.5466795 0.4243159
0.5187586 0.438612
0.4929103 0.477065
0.4956449 0.4965028
0.4327822 0.4922252
0.3765065 0.537243
0.3612858 0.4838174
0.3164747 0.5008741
0.3825109 0.5128846
0.3653749 0.513435
0.3825671 0.5208206
0.3639704 0.4791148
0.4057014 0.5174254
0.4184989 0.5082457
0.4133613 0.4423832
0.4272846 0.4324757
0.4493561 0.4111608
0.4501284 0.3881017
0.4772799 0.3957814
0.5269335 0.3777569
0.5356552 0.3894673
0.5216362 0.4310513
0.553488 0.3959038
0.56104 0.3847899
0.5616681 0.4445322
0.5408705 0.3918546
0.575217 0.4069268
0.5852704 0.3962833
0.5662398 0.4070332
0.535646 0.4269588
0.5396274 0.4273233
0.5376503 0.4313771
0.5369235 0.3867985
0.5541046 0.423058
0.5568235 0.4485803
0.5388681 0.4504441
0.5473534 0.4735938
0.546557 0.4966871
0.5661759 0.4757729
0.5334 0.4699064
0.5020752 0.4685307
0.5139107 0.4591983
0.4816096 0.4313076
0.431309 0.4819182
0.4392082 0.4985451
0.4657025 0.4801424
0.4664997 0.5174058
0.495812 0.5049648
0.4867386 0.5051768
0.4868643 0.5428381
0.488831 0.5176959
0.4897529 0.4742574
0.5090098 0.4814865
0.5191239 0.4834792
0.4814357 0.4828092
0.4372147 0.5264975
0.4429749 0.5223398
0.4552334 0.5230932
0.4927466 0.5363574
0.4855199 0.4875674
0.4939396 0.5101501
0.4688499 0.5674625
0.4813389 0.6029743
0.4609055 0.579044
0.4567081 0.5097924
0.4806037 0.4715302
0.4880566 0.4592513
0.4890665 0.4342122
0.4794412 0.4410067
0.4829117 0.4421159
0.5067388 0.4625198
0.515906 0.4624815
0.5213892 0.5429467
0.4851527 0.5761452
0.4796419 0.5485894
0.484602 0.5227095
0.4859429 0.4980579
0.4944766 0.4590568
0.491999 0.4080257
0.4696667 0.4219786
0.4679456 0.4467528
0.4518928 0.4061399
0.4376843 0.4237346
0.4353406 0.4576897
0.4043236 0.4077131
0.399815 0.4455204
0.4009321 0.4186809
0.4227816 0.4137817
0.464123 0.4053942
0.4355333 0.4101916
0.4324162 0.4128422
0.4848083 0.3880143
0.4546308 0.3553088
0.5027694 0.353182
0.5161157 0.3566615
0.5416448 0.3844349
0.5187476 0.3395351
0.5312894 0.3603006
0.516351 0.4126457
0.4854841 0.3999774
0.456021 0.3765268
0.4574226 0.403277
0.4821198 0.4209123
0.4520007 0.4571799
0.4545118 0.4313423
0.4659988 0.4513207
0.435098 0.4319431
0.4836899 0.4528457
0.5194066 0.4254343
0.4900451 0.4512115
0.4937659 0.4117127
0.5203271 0.3914428
0.5455589 0.3654364
0.5306131 0.3343911
0.5338129 0.3523523
0.5298762 0.3475355
0.5646586 0.3627824
0.5586208 0.3126725
0.5336313 0.3181449
0.5973851 0.3294254
0.5711901 0.3263446
0.5951193 0.3368078
0.559833 0.3635502
0.5926431 0.3291101
0.6210066 0.3753984
0.5676038 0.3337918
0.5860421 0.2963373
0.5920809 0.3019747
0.5947921 0.2853942
0.6132938 0.2641918
0.5908908 0.2512871
0.5734797 0.2527774
0.5824309 0.2263441
0.5473342 0.2330887
0.5318423 0.2540531
0.5369701 0.234819
0.5615288 0.2354574
0.5579508 0.2292855
0.5584147 0.1964525
0.5886098 0.242258
0.5456247 0.2357594
0.5656022 0.2724208
0.606744 0.2389938
0.5753208 0.2375941
0.5793015 0.2737538
0.5795343 0.2719187
0.5409915 0.2390709
0.5133737 0.2622389
0.5234888 0.253371
0.5617783 0.2625895
0.5163141 0.2330048
0.5433916 0.2287116
0.5674228 0.2174195
0.5220101 0.2359898
0.5146531 0.2368543
0.516204 0.2500393
0.4952137 0.2834073
0.4737236 0.2742408
0.5005969 0.2658245
0.5065546 0.2697336
0.4808958 0.2633724
0.5097495 0.2455581
0.5332609 0.256107
0.5526525 0.2113622
0.5436318 0.2104628
0.5361078 0.2434468
0.47343 0.2253044
0.5062221 0.2462828
0.5182622 0.2412511
0.4861108 0.2541339
0.5287715 0.2408283
0.5470132 0.2522988
0.5097128 0.2346927
0.4159316 0.2398601
0.451665 0.2602897
0.489475 0.2150405
0.5041901 0.2271802
0.4848883 0.2153465
0.5296687 0.2093367
0.5065231 0.2044752
0.5049678 0.1967737
0.5180969 0.1753459
0.5519108 0.187879
0.5610827 0.1784982
0.5715208 0.1887328
0.588523 0.1934819
0.5637994 0.2054932
0.5828438 0.2047138
0.5689404 0.2080055
0.5749618 0.2009727
0.5542933 0.209772
0.5895437 0.220413
0.604168 0.2114698
0.6126342 0.2215757
0.6070519 0.1996187
0.5810633 0.2062994
0.5802553 0.2080074
0.602847 0.2023249
0.6054254 0.175927
0.6246095 0.1760217
0.6222709 0.1853281
0.5564617 0.2060418
0.5474832 0.2368257
0.5930905 0.2149723
0.5510044 0.2055997
0.5618977 0.2431201
0.5539455 0.2440152
0.5638395 0.2213857
0.578257 0.2419386
0.5474725 0.2249485
0.5761635 0.2479768
0.5847144 0.2378724
0.5957028 0.2373563
0.6274976 0.1925234
0.6429868 0.2028904
0.6556774 0.2086452
0.6678688 0.2028378
0.6790055 0.2283942
0.7242793 0.2059307
0.7585144 0.1932982
0.7623629 0.1894044
0.7681856 0.1841432
0.8092669 0.1850734
0.8119113 0.1765472
0.8129676 0.1993015
0.7828259 0.1977172
0.7357416 0.1859908
0.7551093 0.1916334
0.7756545 0.1902178
0.7726814 0.1890982
0.8001711 0.1879692
0.7964645 0.1973992
0.7930654 0.2309111
0.8091943 0.2276977
0.8062846 0.2008908
0.7516119 0.2057409
0.7327749 0.2329261
0.7635915 0.2239712
0.7453163 0.2284494
0.7328046 0.2194374
0.7062704 0.2224639
0.6926092 0.2170141
0.7070066 0.2313334
0.7588221 0.2276897
0.7706528 0.2161251
0.7797273 0.2306835
0.7458916 0.2103355
0.7584667 0.2320137
0.7429686 0.2406788
0.7470318 0.2421309
0.760343 0.2724855
0.7380602 0.2684123
0.7266252 0.2928854
0.7233918 0.2735156
0.7209324 0.2452896
0.7036715 0.2534197
0.6535233 0.271044
0.6337615 0.2875569
0.6553026 0.2755377
0.6740203 0.3017636
0.6422913 0.2815899
0.64114 0.2972439
0.6467597 0.3034389
0.6089256 0.3369343
0.6084738 0.3471977
0.606806 0.3237662
0.5878582 0.3389427
0.6140592 0.3336694
0.6186273 0.3397499
0.5940664 0.3156998
0.6303508 0.3124363
0.640594 0.3159302
0.6575523 0.3838156
0.6232902 0.3640601
0.593526 0.3550364
0.5588096 0.3339886
0.6089303 0.3639113
0.6130726 0.3288856
0.6103725 0.3152599
0.5915596 0.2992459
0.5972461 0.3475136
0.582961 0.3261396
0.5726399 0.3530133
0.5863224 0.302453
0.5989882 0.3442674
0.6036788 0.3326965
0.5827317 0.3249601
0.5639934 0.3196786
0.5426864 0.3273416
0.4999637 0.3520695
0.5158698 0.3273245
0.5394825 0.3025282
0.5716861 0.3218841
0.5560483 0.3026334
0.5616461 0.3048029
0.5699336 0.3172939
0.5773487 0.3041015
0.5620199 0.2928784
0.5768655 0.3251
0.5570721 0.3060656
0.5729205 0.2967376
0.5646848 0.2681692
0.5597492 0.261952
0.5589657 0.2360863
0.52547 0.209857
0.4936826 0.2341775
0.4360951 0.2516218
0.4566211 0.2489648
0.4371633 0.2474281
0.4772755 0.2794785
0.5042932 0.2592259
0.4866294 0.2377107
0.534428 0.2403648
0.5239056 0.2535268
0.5573536 0.2286765
0.5577894 0.2507699
0.5611121 0.2261124
0.581669 0.2270605
0.6015392 0.2241749
0.6145412 0.2091164
0.5866597 0.1956111
0.5597393 0.2042195
0.5641057 0.2218621
0.6026201 0.2143459
0.5938222 0.2026748
0.5929617 0.2090968
0.5710577 0.2298009
0.6029988 0.2337709
0.5747491 0.2569733
0.5578892 0.2451783
0.55095 0.257201
0.527847 0.2551545
0.4890729 0.251306
0.4964059 0.1960596
0.5056538 0.2042225
0.548391 0.1845905
0.6114726 0.1904267
0.6247081 0.199326
0.6310792 0.1943379
0.6840163 0.2069112
0.6554266 0.2112874
0.6111854 0.2119331
0.6126457 0.2346168
0.6541682 0.23221
0.6271631 0.2479619
0.6125802 0.2380456
0.6072417 0.2608856
0.6379961 0.2656982
0.6483952 0.2540173
0.6615949 0.2427388
0.6523206 0.2522116
0.6689926 0.2458375
0.655275 0.2337791
0.6544368 0.2704486
0.6121497 0.2777238
0.6146017 0.2863025
0.6128982 0.2952289
0.690602 0.3036036
0.7122455 0.2807034
0.6857039 0.2826178
0.6847286 0.260737
0.6574519 0.256633
0.6862822 0.2495701
0.6532008 0.2591097
0.6923891 0.2568362
0.7190626 0.2773638
0.6905117 0.2672899
0.6469305 0.2879158
0.6269282 0.2772115
0.6673924 0.2830803
0.6553966 0.2756707
0.6199659 0.2721135
0.6347865 0.2905693
0.5866607 0.3183899
0.6031254 0.3282481
0.6040981 0.3615763
0.5852183 0.3468376
0.5731016 0.3804758
0.5908779 0.3678679
0.6059824 0.4144776
0.6226034 0.4122091
0.6299612 0.4344418
0.6319124 0.4479153
0.6423479 0.4498572
0.6467988 0.4274693
0.6676352 0.4319876
0.6576738 0.4632169
0.6498974 0.4409357
0.6590385 0.4506483
0.6579052 0.448156
0.6125013 0.4254483
0.563242 0.4527745
0.5279519 0.4398795
0.5393036 0.4603215
0.5507381 0.4597966
0.608041 0.437681
0.6136415 0.4436163
0.6299117 0.3819126
0.6283129 0.4256154
0.6474189 0.4647171
0.6352659 0.4891858
0.6490213 0.4610219
0.605083 0.4455498
0.6165127 0.4318949
0.592142 0.4767691
0.6215163 0.4553031
0.5783498 0.4578304
0.5461833 0.4025492
0.5957359 0.3832474
0.5672909 0.3850234
0.521735 0.4067846
0.5267815 0.4011311
0.4786038 0.4201336
0.4646102 0.3564405
0.4828141 0.3422898
0.5110131 0.3393174
0.4997903 0.392571
0.468098 0.3507408
0.4841628 0.371674
0.4622167 0.3701388
0.4607731 0.3757851
0.481449 0.3771222
0.4682091 0.3584951
0.4482426 0.4153879
0.4122102 0.4391077
0.4197964 0.4258097
0.4173606 0.3957523
0.4082369 0.3558211
0.3980263 0.353991
0.3620921 0.3610312
0.3981992 0.3606245
0.4216599 0.3563711
0.4192684 0.3541773
0.3908654 0.3357803
0.4020534 0.3386717
0.4265931 0.3251932
0.4226387 0.2944333
0.4101969 0.3033326
0.4461446 0.3264884
0.417356 0.3023482
0.4304951 0.3022192
0.4497908 0.3276754
0.4338013 0.2942132
0.4818768 0.2746992
0.5179999 0.2416849
0.4970401 0.2777258
0.4746627 0.286304
0.430251 0.2958209
0.4764984 0.2940421
0.4501032 0.2949783
0.4429733 0.2913381
0.4145298 0.2798051
0.4228786 0.3097716
0.4300784 0.3392638
0.4601151 0.306265
0.4731697 0.3377623
0.4358771 0.3686804
0.4542919 0.3475551
0.4404532 0.3409609
0.4326108 0.3545924
0.422463 0.3588369
0.4331572 0.346872
0.4400496 0.332362
0.4147205 0.3348947
0.4240387 0.3490007
0.4441816 0.344542
0.3794691 0.3067719
0.3666256 0.3340252
0.4023709 0.3379142
0.3851681 0.4037292
0.3922913 0.4006522
0.4043205 0.3848165
0.4399034 0.3552339
0.3664028 0.3541638
0.4017616 0.3821222
0.412685 0.3799333
0.3926559 0.4075191
0.429246 0.4463863
0.4136972 0.4420109
0.4485455 0.4771414
0.4281918 0.3963935
0.4260426 0.3759579
0.4882001 0.3370633
0.4746112 0.3578116
0.5249463 0.3829634
0.4832614 0.4021709
0.4727836 0.4027416
0.4832501 0.3673043
0.4893698 0.3386597
0.5148309 0.3649038
0.5773973 0.3525301
0.5643813 0.3500396
0.4940216 0.3486613
0.5007995 0.3170122
0.4648845 0.3567796
0.4954661 0.3409796
0.5485705 0.3196772
0.4900263 0.3127713
0.4917391 0.3173094
0.4830384 0.3120959
0.5007492 0.3174086
0.4973223 0.2973972
0.5235832 0.3131772
0.5699039 0.2996027
0.5269023 0.2781156
0.5411046 0.2385194
0.5761684 0.2412121
0.5891972 0.2651428
0.5746474 0.2537837
0.5452415 0.261879
0.5263368 0.2487357
0.556684 0.2536105
0.5383422 0.2348033
0.495289 0.2564517
0.4888592 0.235343
0.4723942 0.2457986
0.53365 0.2554157
0.5338656 0.2294155
0.570679 0.2391199
0.5884804 0.227699
0.6113379 0.2063753
0.587547 0.2306531
0.5799483 0.2694968
0.5910009 0.2483475
0.5749652 0.2826649
0.5731418 0.257549
0.5663006 0.2488794
0.5677319 0.2752724
0.5277784 0.2450613
0.5341927 0.2510372
0.5209914 0.2935256
0.5178609 0.2855945
0.4837375 0.2604987
0.4288918 0.2680261
0.4255289 0.2830062
0.4101583 0.2676652
0.4397753 0.3024145
0.4506099 0.307527
0.4572774 0.2957936
0.4844575 0.2609893
0.4883221 0.287939
0.4964022 0.3107901
0.4800222 0.3057445
0.5216623 0.2678403
0.5408265 0.2489904
0.4811299 0.2545782
0.4752016 0.2760521
0.4882158 0.2722996
0.4887031 0.2474306
0.4994989 0.2634026
0.5506922 0.2354507
0.5476785 0.222664
0.5197386 0.2231952
0.4845962 0.2280983
0.4770298 0.2490955
0.4642087 0.266607
0.4254744 0.2799206
0.478294 0.320795
0.4607956 0.3032585
0.4923412 0.3187138
0.5271573 0.3040407
0.5251874 0.3452921
0.5662493 0.3176872
0.5702363 0.3309169
0.5568456 0.3196173
0.5145018 0.3430989
0.5148312 0.3426171
0.5365966 0.3825433
0.5064603 0.3570401
0.5530218 0.3065843
0.5707228 0.2929656
0.6139974 0.291928
0.6137443 0.3682409
0.6007469 0.3191663
0.6007 0.3391552
0.5982168 0.3590762
0.5556886 0.413008
0.5612361 0.3386987
0.6031163 0.3740457
0.5782045 0.3897521
0.560313 0.3667709
0.5380962 0.363089
0.5172838 0.3669865
0.5335901 0.3776771
0.5663718 0.3635986
0.5279575 0.3440277
0.5249197 0.3888715
0.5187679 0.415585
0.5360379 0.4761381
0.5092815 0.4396477
0.4889864 0.4310006
0.4830525 0.4539156
0.4825778 0.4472597
0.4742463 0.4435699
0.4503918 0.4205806
0.4732098 0.4488118
0.4835875 0.5038725
0.4812735 0.5139249
0.5069512 0.5119566
0.4616096 0.469739
0.4808132 0.4153397
0.5127282 0.3408561
0.4966493 0.3390943
0.5117533 0.3541194
0.4955287 0.3788913
0.4827398 0.3446027
0.5311999 0.3553035
0.4942549 0.3681155
0.5028953 0.349186
0.4884305 0.3382447
0.4802174 0.3776295
0.4839899 0.3977479
0.4830753 0.4013994
0.4713227 0.3731419
0.4610446 0.4273003
0.440667 0.4244347
0.4227376 0.4552559
0.4207551 0.4795292
0.4110567 0.4206734
0.4245057 0.464725
0.378041 0.4086223
0.3954343 0.4150311
0.3908607 0.4178731
0.3883606 0.3980214
0.3935152 0.4038215
0.3754823 0.4661205
0.3121207 0.4927921
0.3634168 0.4678528
0.3543579 0.4367394
0.3779399 0.4284765
0.3821826 0.4725814
0.4002603 0.4818724
0.3794909 0.4873406
0.3669801 0.4538336
0.3763295 0.4602726
0.3540241 0.5099051
0.3690107 0.4647726
0.3824883 0.4864707
0.4189286 0.4997697
0.385318 0.5705384
0.4121982 0.475457
0.3883658 0.515018
0.4317249 0.5341432
0.4336586 0.5216826
0.4524482 0.4712526
0.4481623 0.4569958
0.3883758 0.4472213
0.3935657 0.4268376
0.4042237 0.4512929
0.4292304 0.4582614
0.4134501 0.4551297
0.4046585 0.476749
0.412326 0.4431153
0.4268371 0.4885302
0.4515179 0.3946344
0.4808564 0.4010628
0.5243088 0.3871236
0.5453686 0.352785
0.5624047 0.4114384
0.5679468 0.4117265
0.5467824 0.3785773
0.51818 0.3876625
0.526803 0.335766
0.5713059 0.3803363
0.5808966 0.3470991
0.5981952 0.3547801
0.5899946 0.3250488
0.6605701 0.3109822
0.6578728 0.2889696
0.6839791 0.2746111
0.6653479 0.2886184
0.6417423 0.2766868
0.6386614 0.2625365
0.5998424 0.2745115
0.6399339 0.274339
0.6335537 0.2831717
0.6854986 0.2647274
0.6666331 0.271473
0.6664727 0.243569
0.6978732 0.2250165
0.712864 0.2313352
0.7539212 0.2382729
0.7279329 0.2678081
0.7231545 0.3104329
0.7031182 0.3182983
0.696681 0.3146618
0.6526282 0.3454908
0.6185452 0.3381692
0.6108676 0.3416739
0.595502 0.3456316
0.5787008 0.3686136
0.5606806 0.3950706
0.5167162 0.3989923
0.4938851 0.4188888
0.4660502 0.4106322
0.4495609 0.3950052
0.4781548 0.4266138
0.4702385 0.3898832
0.5001313 0.4097429
0.5310173 0.3844222
0.5287696 0.3406496
0.5458294 0.3095589
0.5711835 0.3249289
0.4842868 0.31978
0.4955014 0.3244223
0.4837203 0.310953
0.4790014 0.3152181
0.4886513 0.3301323
0.5006715 0.304765
0.4719549 0.3575076
0.4703315 0.3171235
0.432939 0.345486
0.4388254 0.3593736
0.3892915 0.3926314
0.3810597 0.3806865
0.3501603 0.4503221
0.3974562 0.4879077
0.3251368 0.4991184
0.3539743 0.4959025
0.3382523 0.4694194
0.3577809 0.4523232
0.3644678 0.4636489
0.3809494 0.475148
0.3414154 0.4785246
0.3428097 0.5389314
0.4116118 0.5314862
0.405795 0.5387104
0.3857614 0.5119785
0.3724717 0.5027175
0.3789056 0.5714295
0.3546713 0.5848781
0.3741911 0.6085356
0.3320598 0.6087616
0.3281013 0.6161035
0.3261698 0.605093
0.29107 0.5585134
0.2589774 0.5770859
0.2597956 0.5392252
0.2872162 0.593624
0.3415267 0.5316206
0.3273542 0.5041017
0.3164496 0.4940758
0.3035189 0.5373411
0.3105455 0.5378642
0.330303 0.5666575
0.3411939 0.5630689
0.3443627 0.525708
0.3292129 0.5526416
0.3634408 0.5581213
0.3581993 0.4741245
0.3198239 0.491704
0.3150733 0.5501061
0.3350485 0.4374914
0.3664357 0.4532295
0.3613371 0.50199
0.3970002 0.5427092
0.3874799 0.5221303
0.40269 0.5474574
0.3965656 0.5344802
0.3843147 0.5638124
0.4175151 0.5681184
0.434103 0.5446152
0.4514091 0.5523505
0.4481387 0.503226
0.4701795 0.5088332
0.459539 0.5136507
0.494941 0.4995334
0.5143368 0.4546689
0.4804619 0.4467765
0.4873169 0.4727715
0.4868695 0.4631801
0.4479435 0.4659597
0.467426 0.4429818
0.4987922 0.3444637
0.5083384 0.326616
0.5129256 0.3168883
0.5161853 0.3479686
0.5448731 0.3843211
0.5380213 0.3991791
0.50962 0.45122
0.4975404 0.4173913
0.5161535 0.4437293
0.4930268 0.4054162
0.5075282 0.419889
0.513785 0.4182763
0.510142 0.3879238
0.4946977 0.4021366
0.4988802 0.3908674
0.5188134 0.3786308
0.5297915 0.3473613
0.5764236 0.347334
0.6097762 0.3578532
0.5891859 0.3154407
0.5733599 0.3068488
0.5860719 0.3164227
0.5291719 0.2888765
0.4950558 0.306424
0.49393 0.3076712
0.4889988 0.3116587
0.4927753 0.3105485
0.4968652 0.2924463
0.4772446 0.2808497
0.5131452 0.2741642
0.525812 0.303624
0.5492571 0.2844646
0.5248642 0.2559534
0.5003773 0.2470766
0.5048615 0.2456482
0.5310671 0.2474596
0.5493351 0.2467493
0.5861951 0.2289384
0.6072518 0.2162009
0.5762494 0.2369162
0.5833916 0.2256921
0.614523 0.2309409
0.6304596 0.2421709
0.6260471 0.2540164
0.5938495 0.2365169
0.6411637 0.231
0.61726 0.2326932
0.6525118 0.2178816
0.6558155 0.2215598
0.6620196 0.2235454
0.6274551 0.2377989
0.6566732 0.2447012
0.6515009 0.2477039
0.656191 0.2563705
0.5938077 0.2515329
0.5730212 0.2326812
0.5360854 0.2107525
0.5658725 0.2312329
0.5638452 0.2480318
0.5257186 0.253647
0.5772382 0.2747358
0.5230243 0.2703467
0.5017662 0.2987795
0.5638993 0.3023825
0.5714853 0.2861599
0.5532308 0.2938154
0.5706578 0.2910754
0.5754844 0.3041595
0.5824104 0.3328651
0.5547151 0.3661676
0.5599651 0.3508545
0.5968232 0.3355665
0.5798033 0.3349879
0.5989504 0.3628606
0.5737343 0.3862673
0.559793 0.3701871
0.5910763 0.4215812
0.6028291 0.3903811
0.5943431 0.3486096
0.6217352 0.3290679
0.6292535 0.3143369
0.6034789 0.3151903
0.645005 0.298056
0.6345975 0.3078564
0.59426 0.3094076
0.5856851 0.3103109
0.6018101 0.3562458
0.566121 0.3474882
0.5764166 0.3657709
0.5675888 0.3354803
0.527159 0.3558743
0.5544122 0.3452965
0.5679096 0.3204209
0.5681918 0.3026746
0.6020547 0.3149248
0.5801647 0.2829051
0.6074011 0.2654128
0.6164939 0.2617221
0.6210155 0.2822968
0.601028 0.2918437
0.58686 0.2571658
0.6060412 0.2692469
0.6046945 0.2436821
0.6363513 0.2331154
0.6440033 0.2396022
0.6677396 0.2334087
0.7079519 0.2644317
0.6832287 0.2309779
0.6864604 0.242975
0.64222 0.2357378
0.6594732 0.219895
0.6864849 0.2229686
0.6684263 0.2225218
0.6084956 0.2328571
0.6480417 0.2161218
0.6799437 0.2466572
0.7155464 0.2472025
0.716881 0.2624386
0.7324972 0.23154
0.7231813 0.2179499
0.7047242 0.225121
0.6576733 0.2281135
0.6654551 0.2177374
0.671356 0.2310247
0.6719585 0.2537059
0.6559811 0.2555631
0.6674243 0.2316237
0.678353 0.2247616
0.7221597 0.2306486
0.6619259 0.2445519
0.6684133 0.2593208
0.6353473 0.2600234
0.6183541 0.2731185
0.6175402 0.2484935
0.6289878 0.2549986
0.6322819 0.2550672
0.6383715 0.2487834
0.6365527 0.2242579
0.6275377 0.2164355
0.6008176 0.1998895
0.5999461 0.2229019
0.5346229 0.227001
0.5398657 0.2551384
0.5443821 0.2778633
0.5494897 0.2595839
0.5447928 0.2441044
0.5470231 0.2412981
0.5403793 0.2765026
0.57235 0.2367264
0.5408919 0.2520657
0.5643527 0.2639744
0.5601455 0.2727568
0.5473294 0.2707698
0.5195849 0.2666921
0.4887503 0.2980804
0.5075581 0.351462
0.5178075 0.3415355
0.5059358 0.401448
0.4947836 0.3786676
0.5366822 0.3623937
0.5475961 0.4107669
0.5289283 0.4077887
0.5268937 0.4112862
0.5372675 0.3573009
0.5005006 0.3493438
0.5103722 0.3257148
0.5106581 0.3423905
0.4565307 0.3360772
0.4338406 0.3486757
0.4532057 0.3241955
0.4738268 0.2989919
0.4875877 0.2922765
0.4929591 0.2962816
0.4890594 0.286892
0.4846281 0.2919795
0.4726551 0.3141765
