0.7941672
0.7592252
0.7006002
0.6545872
0.6212794
0.585807
0.5857954
0.5876975
0.5937366
0.5571894
0.5192776
0.4997297
0.4645434
0.4466274
0.4351994
0.4469817
0.4488561
0.4431872
0.4440279
0.4250659
0.4237259
0.4035063
0.3917078
0.3843711
0.3838465
0.3893694
0.3815373
0.3840291
0.394129
0.3817116
0.4127572
0.4036509
0.4132665
0.3971163
0.3627017
0.355636
0.3621016
0.364782
0.3761178
0.3666209
0.3686354
0.3841581
0.3863635
0.3851639
0.3884489
0.3758055
0.3540406
0.3515972
0.3591429
0.3579915
0.3578062
0.3343186
0.355887
0.3645005
0.3749356
0.3754968
0.3763207
0.3622191
0.3767765
0.3844455
0.3760877
0.3751502
0.3870863
0.4155033
0.4339674
0.4130541
0.3939693
0.3943619
0.3684378
0.3696562
0.3887857
0.4013709
0.4007477
0.3904795
0.3853733
0.3746647
0.3666848
0.3624519
0.3667491
0.3599731
0.3802603
0.3639204
0.3638998
0.3552389
0.3646482
0.3939578
0.3968213
0.404534
0.4225754
0.4297123
0.4385989
0.4378201
0.4490268
0.4446597
0.4369316
0.4335289
0.4269124
0.4287008
0.4291465
0.424436
0.4204507
0.3981358
0.4239088
0.3988271
0.3839653
0.391682
0.4105028
0.3994254
0.4061007
0.4221951
0.4186353
0.4066786
0.4198362
0.4314013
0.4450002
0.4399825
0.447515
0.4480558
0.4457801
0.4257907
0.416014
0.4178466
0.416052
0.385418
0.3711794
0.3748821
0.3882759
0.3887272
0.3752885
0.3697164
0.3666095
0.3839192
0.3821672
0.3986515
0.3793411
0.3849588
0.3785066
0.3953796
0.3889937
0.3701608
0.3702154
0.39041
0.3682777
0.3719943
0.3701698
0.3754248
0.385574
0.387283
0.3809411
0.3893054
0.3698649
0.3668736
0.3725446
0.3669701
0.3890876
0.4130828
0.3960124
0.414326
0.4024046
0.3899322
0.3957692
0.3937677
0.4188961
0.4133281
0.3909828
0.3856384
0.4015935
0.3835581
0.4166708
0.4246682
0.4051512
0.409443
0.4241521
0.420859
0.4543523
0.4647426
0.4743101
0.4417653
0.4373332
0.4473285
0.4560125
0.4889666
0.4970802
0.5017398
0.5273402
0.4912505
0.476261
0.4768691
0.4772857
0.4483266
0.4823564
0.4557829
0.4638168
0.4580761
0.444639
0.4359108
0.4417892
0.4436635
0.4412844
0.4452377
0.4573401
0.4457133
0.4320086
0.4200389
0.442894
0.466976
0.4517738
0.4544257
0.4450428
0.4547962
0.4619781
0.4690458
0.4747212
0.4950559
0.5148057
0.5402723
0.5723106
0.5810758
0.5851834
0.5597988
0.5977279
0.5875877
0.5634797
0.5550211
0.5484269
0.5116853
0.507189
0.5117977
0.4794819
0.4935237
0.4915316
0.4720999
0.4844852
0.4966132
0.4662301
0.4941892
0.5133482
0.5066921
0.5129455
0.5169916
0.5059905
0.4855175
0.4984115
0.4854361
0.5023113
0.5265054
0.5196484
0.5102551
0.519048
0.4971356
0.4851561
0.498576
0.5024611
0.4672185
0.5089332
0.4927328
0.4626794
0.4924644
0.4806061
0.4664446
0.4407108
0.4304368
0.4306473
0.3998307
0.4122065
0.4186362
0.4088349
0.394836
0.3920071
0.3802017
0.3925402
0.3831061
0.393742
0.4232387
0.4303403
0.4424828
0.4313916
0.413539
0.4127413
0.426952
0.4359669
0.4229239
0.4325688
0.4323836
0.4437787
0.4467602
0.4411715
0.4386154
0.4394792
0.4585236
0.4592413
0.4694571
0.4851802
0.5087591
0.5361063
0.5357388
0.5420936
0.528441
0.5363494
0.5466691
0.5673099
0.5498425
0.5598095
0.5593826
0.5421936
0.573448
0.5770232
0.591231
0.6227842
0.6339036
0.6708546
0.6367667
0.6400793
0.6562734
0.6471734
0.6417972
0.6244891
0.6125645
0.6001895
0.5947409
0.5681237
0.543309
0.5321957
0.5454637
0.5175811
0.5352659
0.5288983
0.5089694
0.5313658
0.5296506
0.5054107
0.5102079
0.5336539
0.533948
0.5156147
0.5074685
0.5073196
0.5385816
0.5369137
0.5348597
0.5375686
0.5442406
0.5060668
0.5181595
0.5143266
0.508744
0.5160475
0.4856672
0.5201274
0.5105179
0.5408975
0.5545269
0.5719129
0.5733703
0.5941355
0.5765087
0.5852119
0.6236109
0.6192457
0.6445297
0.6286062
0.6233319
0.6234507
0.6159171
0.5956721
0.5980109
0.5817814
0.6102416
0.5952406
0.6020378
0.5957679
0.6185787
0.5972195
0.566418
0.5579661
0.5463742
0.5282052
0.5505651
0.5477445
0.530638
0.5120736
0.532414
0.5453878
0.5793969
0.5428425
0.5445464
0.5253484
0.5168114
0.5233908
0.5492711
0.549268
0.5460104
0.5579673
0.5816311
0.5962256
0.5640888
0.5629
0.5766071
0.5848153
0.5949083
0.5843769
0.603965
0.5861901
0.5733265
0.5918396
0.5678266
0.564369
0.5928801
0.6032004
0.6001285
0.5896683
0.611199
0.6009109
0.6398739
0.6276775
0.6457656
0.6372991
0.6717354
0.6783183
0.6884104
0.6770139
0.6955488
0.6939412
0.6633803
0.6668115
0.6448228
0.645541
0.6479743
0.6380503
0.6594729
0.6322112
0.5949934
0.5678511
0.5559691
0.5523921
0.5567285
0.551599
0.5231273
0.5280035
0.5282333
0.5374994
0.5469765
0.5501569
0.5441674
0.5149015
0.5128442
0.5076225
0.5106884
0.5425425
0.5366239
0.5696982
0.5724761
0.5551246
0.5791664
0.5633416
0.5468039
0.5525774
0.5650154
0.5887911
0.5928414
0.5946214
0.5793748
0.5774095
0.5951573
0.5937012
0.5953587
0.5914457
0.6365121
0.6061904
0.6060369
0.6349776
0.6409669
0.659658
0.6640611
0.6120543
0.6350778
0.636145
0.6423097
0.667765
0.616726
0.6167998
0.612314
0.5764831
0.6083713
0.5904643
0.5958124
0.6122104
0.5913056
0.5751448
0.5649864
0.5733811
0.5398041
0.5677503
0.552354
0.5446996
0.5372509
0.5211782
0.4961333
0.4978149
0.4877258
0.4661767
0.435643
0.4273608
0.4255976
0.4150202
0.4365174
0.4364345
0.4430216
0.4594254
0.4793742
0.4792491
0.4538853
0.4551615
0.4521705
0.4560356
0.4473111
0.43373
0.4517136
0.4460429
0.4264773
0.420958
0.403431
0.4211335
0.4032482
0.4054032
0.3894073
0.3742388
0.3705592
0.3733372
0.3735563
0.3768656
0.3744878
0.3929303
0.4050598
0.4216285
0.4112992
0.405969
0.4095833
0.3985726
0.3939572
0.4069665
0.4028815
0.4048776
0.3957208
0.4126369
0.4194098
0.4437463
0.4638294
0.462929
0.491064
0.490934
0.4801929
0.4514501
0.4530332
0.4694324
0.4718282
0.4830574
0.4732999
0.459344
0.4592459
0.4741391
0.482145
0.478558
0.505616
0.499384
0.4823122
0.4994217
0.4892552
0.4741016
0.5122507
0.5262432
0.5335948
0.5865461
0.6001509
0.6075914
0.619712
0.6266549
0.5984469
0.6174901
0.6335616
0.6130632
0.6180433
0.6291821
0.6283769
0.6771842
0.6590545
0.621718
0.6328242
0.6545837
0.6766084
0.6717318
0.6748377
0.6821089
0.6435859
0.6172135
0.6103626
0.5963516
0.6006426
0.5747497
0.6009044
0.5775794
0.5844783
0.628797
0.6209087
0.6369689
0.6464255
0.5981649
0.6302475
0.6686824
0.636383
0.6508325
0.6700858
0.6097548
0.623097
0.5997615
0.6142871
0.5951526
0.5949287
0.5762229
0.5271414
0.5223462
0.5196085
0.5069957
0.49092
0.4965194
0.4966648
0.5182237
0.5098773
0.4987532
0.4950681
0.5010239
0.4806399
0.4637399
0.4834797
0.4846786
0.4626711
0.4396291
0.4437552
0.4465687
0.4244672
0.4450163
0.4084484
0.4361339
0.4124933
0.4087986
0.4050207
0.3911171
0.3902029
0.3929759
0.4067765
0.4124265
0.3927162
0.3840829
0.391564
0.3652002
0.3861807
0.3911163
0.3775275
0.3831319
0.3616593
0.355939
0.3491362
0.3803374
0.3810784
0.369462
0.3678297
0.3839246
0.3983994
0.3941048
0.3638983
0.3580399
0.379667
0.3690244
0.3744768
0.3808721
0.3599581
0.3806372
0.3778297
0.3730873
0.3854598
0.4066866
0.3652847
0.373617
0.3928017
0.3987795
0.3914805
0.4097748
0.3958331
0.4163129
0.4193256
0.4086431
0.4017759
0.3640491
0.3582089
0.3712905
0.3793183
0.3920049
0.3857989
0.3758783
0.3639901
0.3652919
0.3967065
0.3966708
0.4025453
0.4044363
0.4149707
0.4232834
0.4190191
0.4193367
0.4186989
0.4000183
0.3828823
0.3925292
0.3921748
0.4005499
0.3922582
0.4323373
0.4453928
0.4615108
0.4566224
0.4365149
0.4530805
0.4482472
0.4539252
0.4651592
0.4609953
0.4436695
0.4295378
0.4363747
0.4635417
0.4883251
0.4708755
0.4766135
0.5091462
0.5135786
0.4910735
0.4995501
0.5091981
0.5033978
0.5261693
0.5209955
0.5011095
0.481818
0.4809367
0.4614007
0.48539
0.4914233
0.4705317
0.486338
0.4997482
0.5078217
0.5407495
0.5221989
0.48221
0.5090848
0.5199302
0.5069338
0.4884662
0.494952
0.5077308
0.5132572
0.4845975
0.5113039
0.4967015
0.4891137
0.5043152
0.4917696
0.5062168
0.4833366
0.4728062
0.4730484
0.4666117
0.4695259
0.4698968
0.4980308
0.5165564
0.5162069
0.4939518
0.4849525
0.4210708
0.4411269
0.4446272
0.4410887
0.4494941
0.4327788
0.4661848
0.4710918
0.509209
0.4967497
0.4946195
0.4746661
0.4667504
0.4692853
0.452835
0.4587821
0.4422828
0.437401
0.4553563
0.4169907
0.4218487
0.4364809
0.4441513
0.4398741
0.4392852
0.4367337
0.4470031
0.4407515
0.4269966
0.4238436
0.4167538
0.4292002
0.4370278
0.4456697
0.44162
0.4368315
0.4495371
0.4500369
0.4380822
0.4224333
0.4277226
0.4202711
0.4111659
0.4243935
0.4434698
0.4504563
0.4654912
0.4359981
0.4315418
0.4498962
0.4750791
0.4796055
0.4901112
0.4992834
0.5039589
0.5688357
0.5402382
0.5472133
0.5424781
0.5290699
0.5340213
0.5164622
0.5082921
0.5085204
0.5363079
0.5460109
0.5831775
0.5815663
0.5831897
0.5822045
0.5730483
0.5700623
0.5622761
0.5370806
0.5524754
0.5682262
0.5842082
0.5769742
0.583561
0.5918908
0.5487518
0.5404553
0.5558067
0.5526216
0.5471363
0.5377711
0.5542007
0.5308621
0.5218986
0.5052819
0.5196772
0.5478838
0.5625017
0.5679058
0.559144
0.539067
0.5270247
0.5578315
0.5244889
0.586648
0.5891418
0.5665248
0.5439154
0.5791294
0.5888674
0.5975702
0.5726133
0.5708055
0.5873227
0.5843862
0.6094735
0.6008797
0.6195947
0.5839379
0.551117
0.5394728
0.5444276
0.5833098
0.6060336
0.5766359
0.582784
0.5861888
0.5850323
0.6125719
0.6045211
0.5873979
0.6027315
0.5726516
0.6046109
0.5668778
0.5496105
0.5673893
0.5314035
0.5105757
0.5248866
0.54529
0.5873724
0.5738331
0.601738
0.6074121
0.6021869
0.5976108
0.5810043
0.6368133
0.6255623
0.6352156
0.6263412
0.640109
0.6628445
0.6887391
0.7041541
0.7436253
0.6842579
0.7678315
0.7422705
0.7399792
0.75409
0.7234739
0.7483456
0.759724
0.7540166
0.7956878
0.8478127
0.8376764
0.7973727
0.8128958
0.7796196
0.7348849
0.7601472
0.7924388
0.7669003
0.7803036
0.7964097
0.7791093
0.8035367
0.8503606
0.8047264
0.8331667
0.8227326
0.8641822
0.8554824
0.9214542
0.9387866
0.9400199
0.9422235
0.9459146
0.9409722
0.8784409
0.9004954
0.8874993
0.9131476
0.86647
0.8399123
0.8773288
0.8992019
0.9479563
0.9300368
0.9383081
0.902297
0.8814158
0.9307105
0.9088153
0.8982956
0.8570133
0.892598
0.8951493
0.8971571
0.901324
0.8892891
0.8846461
0.9016513
0.8506548
0.8037189
0.8014457
0.8103106
0.8036653
0.7986158
0.7636326
0.7436537
0.6901266
0.7162506
0.745341
0.7518603
0.7497686
0.7476389
0.7872329
0.7765956
0.8311326
0.8170621
0.7742243
0.7656257
0.7831645
0.864405
0.8235527
0.8661206
0.8733277
0.823528
0.8002884
0.8019221
0.7624503
0.7748221
0.7049046
0.7083396
0.700325
0.7037301
0.6941629
0.7080782
0.6984256
0.7183868
0.7136274
0.7548236
0.7194771
0.7021577
0.7010579
0.6977918
0.7188898
0.8149328
0.8228558
0.8471571
0.8463678
0.8308137
0.7974864
0.8395803
0.823642
0.8104122
0.7608658
0.7397503
0.7903235
0.7860593
0.7941444
0.7869315
0.7979543
0.7791498
0.8250194
0.8465694
0.8508618
0.839377
0.8239829
0.7693998
0.7683113
0.7559377
0.7878145
0.8116225
0.7950252
0.8198876
0.7860337
0.8016799
0.8292283
0.8228047
0.8007367
0.8749714
0.8742944
0.8811752
0.8974288
0.8507191
0.9018857
0.9157721
0.8700002
0.8488909
0.8873044
0.8682707
0.8867866
0.9189476
0.9151231
0.9116262
0.86435
0.9147379
0.8809737
0.8730454
0.8923087
0.9544075
0.8805909
0.9016506
0.8984901
0.8638698
0.8388428
0.8221339
0.8414914
0.8110345
0.8683726
0.8710688
0.8018414
0.8354552
0.869176
0.8910114
0.8890072
0.9601356
0.9074924
0.8780964
0.8617452
0.8993145
0.8338949
0.8356093
0.8338193
0.8803002
0.8575683
0.8296652
0.8252723
0.8277741
0.8605237
0.8932869
0.9038104
0.9440464
1.001174
0.9432292
0.954556
0.9975144
0.9309763
0.9478743
0.9942068
0.951737
0.9665444
1.029257
1.00647
1.031006
1.006025
0.9761868
0.9318836
0.9000841
0.9145235
0.9487218
0.9065802
0.8903069
0.8565507
0.8144541
0.852296
0.8666527
0.9056194
0.8870856
0.9344184
0.9186384
0.9114383
0.9551013
0.9318584
0.9268985
0.9627727
1.011397
0.979435
0.9814249
0.9790694
0.9016361
0.85573
0.9219359
0.887646
0.8495185
0.8685674
0.9150003
0.8957928
0.8870407
0.9042529
0.904878
0.8712367
0.8599821
0.8536245
0.8954186
0.9641751
0.9808806
0.9720131
0.9749476
0.9849475
0.9839283
0.9571282
0.9212851
0.8790018
0.8620388
0.8466183
0.8044941
0.8235304
0.8802017
0.8798729
0.8977155
0.9190344
0.9048531
0.9312889
0.9466175
0.9711084
0.9691252
0.9781978
0.9949899
0.9885992
0.945769
0.9449289
0.9278373
0.9131659
0.9679457
0.9716987
0.9126298
0.8928578
0.8875532
0.8527634
0.8744118
0.8908178
0.8660307
0.8412421
0.8855599
0.8822421
0.8698575
0.8322976
0.8096857
0.8514678
0.8817417
0.8840011
0.8762521
0.8296535
0.8723158
0.8851734
0.84498
0.82871
0.8753005
0.9145858
0.9231442
0.88868
0.8864718
0.9225363
0.9322685
0.9586154
0.9515635
0.9477542
0.9473403
0.9244333
0.9792712
0.9611789
0.9554799
0.998436
1.003385
0.9446029
0.954182
1.010764
1.005421
0.9420923
0.9401908
0.9749327
0.9184667
0.9028215
0.9271204
0.9349271
0.9507544
0.9619699
0.9222935
0.8634129
0.8145106
0.8363291
0.8827549
0.8297245
0.8842187
0.9099003
0.8874181
0.9044483
0.8776623
0.8892004
0.884178
0.918905
0.9746083
0.9551735
0.9218456
0.906221
0.9096355
0.9286969
0.8819539
0.8552357
0.8858137
0.9057794
0.9303719
0.9278118
1.017268
0.9966994
1.004636
0.8838729
0.9093422
0.8835119
0.9163701
0.8903213
0.9043006
0.8912743
0.8648047
0.8574069
0.80838
0.8141493
0.7875316
0.7268457
0.7608169
0.7425022
0.7461161
0.7554
0.774211
0.8181588
0.8369038
0.7718826
0.7614538
0.7426619
0.7159453
0.7414124
0.7727008
0.7394911
0.7290322
0.7304378
0.754657
0.743815
0.7570142
0.763503
0.7632005
0.7581121
0.7666514
0.7841047
0.826405
0.8387894
0.8169789
0.8794434
0.9052208
0.8833806
0.8818391
0.8542818
0.8629631
0.83672
0.8587323
0.817849
0.8421242
0.8650932
0.8931977
0.967293
0.9696126
0.9505084
0.8825305
0.8801271
0.8375902
0.8542799
0.8401083
0.8429527
0.8445289
0.7966176
0.7892238
0.7480972
0.7101154
0.7049956
0.7252254
0.7181516
0.7233388
0.7709271
0.7148381
0.7215696
0.7194469
0.6961254
0.6868791
0.6931534
0.6960977
0.7292926
0.6820412
0.7299753
0.7162502
0.7190827
0.7721086
0.7583693
0.7199177
0.7671209
0.7951193
0.8046316
0.795563
0.8249406
0.7590674
0.7291595
0.7139191
0.6980628
0.6852252
0.723908
0.7395667
0.7409496
0.727234
0.6787447
0.6545282
0.6758282
0.6926896
0.7273355
0.6850362
0.6629512
0.6354979
0.6557902
0.6581144
0.6349539
0.6519971
0.65751
0.637126
0.6525775
0.6511022
0.6702253
0.6752601
0.6821665
0.6525236
0.6879083
0.6700813
0.6844071
0.6638941
0.6384904
0.6483031
0.6223986
0.6467901
0.6548205
0.6539616
0.6308418
0.601167
0.6168252
0.5729187
0.5533908
0.5609645
0.5644295
0.5550263
0.5891701
0.5750418
0.6030466
0.5966386
0.5808029
0.5812887
0.5601718
0.5731298
0.5606698
0.5189565
0.5205222
0.5335628
0.5414016
0.5336537
0.499537
0.4863758
0.4967374
0.528767
0.5339942
0.5123655
0.54049
0.5136819
0.4849302
0.5099471
0.4987393
0.511419
0.5255833
0.5124789
0.5271847
0.5033146
0.4822926
0.4858319
0.5009838
0.5005442
0.5140556
0.4860106
0.5151646
0.4861172
0.4887583
0.4695996
0.4944093
0.4640743
0.4685277
0.486497
0.476325
0.4677979
0.4162439
0.4239806
0.444069
0.4320705
0.4035838
0.4208831
0.4306833
0.4278333
0.4105798
0.404477
0.4037668
0.413363
0.4338956
0.4311635
0.4217623
0.4111783
0.4235138
0.4087388
0.4130194
0.3893556
0.3978754
0.4131376
0.4209543
0.4160804
0.3855771
0.3951143
0.3739051
0.376255
0.3871855
0.3853204
0.383287
0.396596
0.3956902
0.3874064
0.4036967
0.400659
0.3885657
0.4094402
0.3743531
0.3558905
0.342414
0.3510539
0.3695083
0.383927
0.374234
0.3837086
0.3802638
0.3771405
0.3918162
0.4157439
0.4296897
0.4473524
0.4733493
0.4671865
0.4775648
0.4830065
0.4816673
0.4490939
0.4463382
0.4376184
0.4567152
0.4364412
0.4481137
0.4518955
0.4835958
0.4932244
0.505556
0.5131602
0.5137264
0.502842
0.5098579
0.5319921
0.5319167
0.5515703
0.5573654
0.5513615
0.5218681
0.5051589
0.5310029
0.5448049
0.5320947
0.5293334
0.5257665
0.5385596
0.5424823
0.513753
0.4986392
0.5058143
0.5252412
0.5252659
0.5094119
0.5295501
0.5220726
0.5242882
0.5145846
0.5058262
0.4943783
0.486255
0.5019881
0.5238011
0.5779895
0.5862499
0.6280348
0.6134821
0.5728759
0.5746667
0.5648317
0.5479905
0.5267515
0.5453708
0.5573765
0.5930748
0.5655519
0.5582272
0.5710231
0.5507624
0.5781798
0.5799463
0.6063236
0.5724105
0.5968766
0.5859107
0.5967617
0.6145884
0.6303184
0.637644
0.5711647
0.6019653
0.6051607
0.6260744
0.6071598
0.5938006
0.5827114
0.5937964
0.5845367
0.5943074
0.6003523
0.6256419
0.6157185
0.6185666
0.6079349
0.6364833
0.6148136
0.6210579
0.6226812
0.6154748
0.6309208
0.6483613
0.6357392
0.6514686
0.6463354
0.6450926
0.6492011
0.6423537
0.6648151
0.6836167
0.6529197
0.6274079
0.5875734
0.6060974
0.5917351
0.6058829
0.5869333
0.5791787
0.5863742
0.6017285
0.6427997
0.6323985
0.6275662
0.6157895
0.637798
0.6207573
0.6225865
0.658387
0.6921551
0.6638344
0.6663533
0.6524016
0.6493133
0.6433149
0.6301481
0.6298438
0.6324463
0.6230302
0.5950069
0.5856038
0.5747585
0.5521985
0.5473472
0.5541365
0.5695231
0.5873903
0.5809977
0.5821625
0.5553869
0.5477558
