35.5935
37.91246
39.50055
39.84396
40.34527
41.508
42.07708
40.71566
40.95148
41.88399
40.04244
40.03752
40.70075
41.53147
42.07116
42.71799
43.10942
42.5781
43.9272
42.52976
42.58848
43.43149
44.0276
42.30415
43.74844
42.73408
43.9643
44.71518
43.06689
45.32948
41.93736
40.50568
42.41649
41.35761
40.07024
40.46196
42.65969
42.7922
43.22132
42.66455
40.74016
40.62911
40.78888
39.0939
40.26598
38.97152
39.22211
40.27266
40.33983
42.11455
42.82713
40.64732
42.20383
43.99878
45.7043
46.06108
45.99805
47.18694
45.93057
47.8767
49.24025
47.85783
47.91923
49.65981
46.85202
45.69842
44.03885
46.48192
45.44928
47.28028
46.77562
44.50903
43.97322
43.41575
44.49494
45.97492
46.45227
46.18153
46.69142
46.08103
47.40827
47.87737
49.9228
52.37104
53.12126
51.04397
48.37645
45.73816
47.55377
47.06063
47.75676
48.10265
47.72724
47.61862
48.74612
49.81714
49.87338
49.7759
49.51732
50.76505
49.65252
50.1649
50.1286
51.15803
50.22416
48.61717
47.75004
49.10078
49.73706
48.82834
48.84061
50.45386
48.47916
48.79781
46.84673
46.3549
47.30191
46.63967
45.77708
46.17841
45.22845
49.25988
49.31678
49.52143
45.77794
42.9612
42.48469
43.28553
42.09235
40.42701
41.82385
40.74991
40.46014
37.99078
37.73986
38.95464
39.81381
38.73652
37.89052
40.37726
40.74471
39.81707
39.33009
40.60688
41.19432
40.44775
39.45352
40.03081
40.63891
42.1779
43.08876
42.13584
42.97455
43.286
43.73356
42.7767
43.21391
42.5893
41.32484
42.72491
44.60505
43.92538
44.15122
44.00839
44.19567
44.25133
46.93511
44.89989
47.35129
49.22121
49.1803
49.50072
51.01507
52.20155
50.37431
50.11663
50.22066
48.99586
48.05839
46.6851
45.99758
46.34459
45.38602
45.22454
45.7415
44.71031
44.29227
44.58092
42.7148
43.219
42.71559
42.1609
43.64157
45.18273
46.4953
45.80598
46.74573
44.63542
43.80259
45.88995
45.24511
44.75505
46.71829
46.51838
47.06925
51.1341
51.52959
51.74669
53.94636
52.54995
52.864
53.76061
55.23818
54.66595
55.62773
56.87668
58.3012
58.78274
58.13352
54.95598
52.49928
51.40445
54.23102
56.01794
59.0859
59.00907
59.53588
58.541
59.78352
60.60492
60.77018
60.74333
60.69742
60.22473
61.13041
59.65212
58.94519
57.35828
55.6504
55.27952
53.82099
54.58852
56.15268
55.76838
57.33244
58.45071
57.82262
56.53936
54.15002
54.97403
56.24465
53.42707
52.278
55.31473
57.08079
56.87907
58.929
59.18313
59.97678
60.80178
60.3678
59.13371
62.03418
59.22724
58.00515
56.52551
57.82055
57.13092
58.24528
57.4977
56.2312
53.97787
53.73758
53.64929
55.33244
56.12284
54.10277
54.97682
54.37935
56.45983
51.66622
50.80383
52.17698
53.8477
52.87153
53.93904
53.31629
50.77966
52.15174
52.44131
53.65433
53.38381
53.10337
53.01202
53.73007
54.29883
53.63029
53.66724
56.04235
53.07163
55.03989
56.91893
58.45532
58.51178
58.975
58.40704
58.25299
57.93654
56.66796
56.15669
54.93387
56.94305
57.56855
61.11317
60.42221
59.64705
58.04176
56.84431
55.49815
57.97802
58.53989
60.38037
57.76532
57.26479
59.29326
58.0326
57.20648
56.87092
55.88386
55.00234
54.06941
55.37166
54.25185
55.83079
56.54417
54.36733
53.27972
54.60846
55.76495
56.32928
55.21271
54.63219
54.96903
55.45008
52.40771
52.19114
49.88695
50.20224
50.23982
50.0628
49.86919
51.00087
48.47058
48.41973
46.74416
46.89772
46.23679
45.52189
43.82982
44.44954
45.33725
44.0905
44.9437
44.50489
47.09341
46.68726
49.04078
48.09465
47.6188
45.69208
45.109
45.29812
47.3515
48.37223
46.78672
45.59336
44.66259
44.17004
45.60315
44.97822
46.69119
46.73875
46.81894
46.61117
46.60008
48.15919
47.25909
46.72554
48.53193
47.35357
45.86149
45.42598
46.76177
49.58422
47.91152
49.61931
48.02375
48.29953
48.17871
47.31136
47.48768
47.34405
45.90498
45.77481
46.13871
44.24038
43.28203
43.15876
44.86605
44.903
45.61434
46.28852
47.58884
46.92014
45.87407
45.22799
46.68364
46.49118
45.63928
46.86336
43.98289
43.53229
45.0859
45.07983
46.42134
45.07389
46.76384
46.12527
45.80092
45.46907
47.3043
50.62974
49.57504
48.56434
46.61325
46.238
46.19277
45.06626
48.0092
46.66782
47.1862
47.12969
43.94187
44.21109
44.22882
44.4693
43.56507
46.27657
44.61929
44.95868
48.22825
47.71106
47.94799
49.39667
52.01494
50.80821
50.72591
49.28429
47.18011
45.41351
45.40308
47.19329
46.47262
47.29632
47.43973
47.24932
46.24421
45.5699
43.79786
46.12595
48.06538
46.64556
46.06735
44.11825
45.74157
45.45503
45.28499
48.80144
49.02669
48.85179
49.593
48.60828
47.60949
47.79051
48.49414
49.84961
49.56695
48.39521
48.89256
49.14204
51.14385
50.93036
51.37002
50.43024
50.52535
50.56067
49.27549
47.62645
48.30509
48.78329
49.2671
47.005
47.57337
48.01448
48.94855
48.91937
50.79778
53.25633
49.3154
50.08737
49.43179
50.28665
49.8094
50.64554
50.7075
51.26845
51.46478
52.63432
52.60726
52.79367
51.16875
49.84892
50.37143
50.77271
48.30563
48.66883
47.51041
49.24823
47.8137
48.36402
49.58147
50.39069
48.53633
49.67446
47.92518
45.98124
45.79496
45.85295
47.02711
46.39552
47.21555
48.47708
49.56537
48.0611
49.05741
49.65946
49.19924
49.0411
47.25218
44.68553
42.3053
42.7912
41.46259
40.94272
41.78804
40.85598
41.64515
43.85862
44.63604
45.71841
44.09606
45.32983
44.64764
44.5393
43.79795
44.3404
43.38212
45.83933
44.2943
43.50476
42.32853
41.5671
41.55551
42.29462
41.45439
43.69327
45.31161
44.9255
43.10844
45.86177
43.99267
43.14408
43.595
42.59216
44.41088
44.27
43.47685
43.09404
44.05156
44.24804
43.65408
44.19155
45.47179
44.85615
44.59528
45.30325
44.80268
44.73322
44.99715
43.7937
45.36221
45.95058
46.57922
44.95241
45.34159
45.75184
45.72438
48.43267
49.60309
48.06873
49.17078
50.05848
48.95716
50.53964
50.63552
50.31213
49.92186
49.6399
47.62973
47.32405
47.80891
47.55979
45.79527
44.21311
45.06144
45.75146
43.9466
44.87425
45.82128
45.77202
44.58851
46.92153
47.58215
47.35404
46.32858
46.25265
47.05712
46.55004
47.60399
49.25241
47.83613
47.21255
47.50066
49.2566
47.71682
46.74683
46.66641
45.52389
44.07197
43.32567
43.80741
42.90313
42.56624
43.02913
44.25776
43.63103
43.24398
44.58143
43.81682
45.526
44.88615
45.21166
46.21796
48.75605
49.15983
48.49865
50.01664
48.08531
47.41107
47.74061
47.25165
46.54028
44.25498
43.01815
41.58184
42.05898
40.40345
41.22888
41.85754
43.0078
43.22576
43.525
44.27137
45.65493
47.25377
48.30774
49.13542
50.138
47.29093
46.0791
45.25009
45.8207
46.27194
45.3334
45.8276
45.96986
46.59875
47.35439
47.8373
47.97177
48.31991
47.5443
48.6671
47.39026
48.30518
48.1636
48.02843
48.23667
45.8656
45.02327
44.34416
45.22818
45.46031
44.65904
44.22806
44.73935
47.2467
47.20031
48.37766
48.10008
50.21546
50.97599
50.23652
50.56954
53.14874
53.51562
51.15273
51.69627
50.25259
48.51724
48.94282
50.50793
51.09293
51.95028
53.61406
55.68646
57.37104
56.5704
58.23278
58.3579
56.66063
59.4728
61.69661
63.50707
60.20076
60.60611
60.6467
59.5359
57.43744
57.16649
58.62859
60.42431
60.46549
57.58376
59.11715
57.22553
59.05228
61.08039
56.62614
58.32557
56.79385
58.97305
58.68371
59.3971
57.01829
56.20831
55.80519
56.05153
55.43041
53.36425
52.7176
51.19408
50.73558
49.18356
50.54002
51.13009
49.44823
49.52355
50.82731
48.13013
47.2637
47.41334
49.63189
50.34102
53.03978
52.83757
52.34041
52.98701
53.31878
53.6747
53.69448
52.3646
52.34029
51.94391
51.34918
49.81447
48.99154
49.19171
48.7047
47.71942
48.33711
48.47024
47.75835
47.77588
47.60672
47.64609
45.94396
45.15534
44.09253
42.30757
43.34464
45.40861
47.09674
47.18163
45.94674
46.24261
47.98615
46.50908
47.37265
48.70127
49.76009
50.98015
52.20923
49.67545
50.23894
49.59358
49.27164
46.99014
47.43115
47.8116
48.56752
47.51599
44.9783
46.06205
43.2133
42.80246
44.05651
43.24353
43.71986
45.27354
44.51529
43.45448
42.69836
41.55881
42.17412
40.19429
40.83663
40.04466
39.8106
38.55478
39.98303
41.47584
41.60094
41.85673
43.2484
41.97349
42.69236
42.69466
44.3315
43.33924
43.54375
44.15594
45.08048
46.88405
44.37923
45.92046
46.44409
45.59778
44.19353
45.72755
45.20469
44.87026
44.37103
43.40929
43.24706
42.83859
44.35099
44.79943
45.24406
45.72793
44.961
46.19247
44.5242
44.79432
43.13096
44.17835
42.60546
43.03572
42.9505
42.08338
41.78597
41.95239
43.26314
44.41961
43.27337
43.68928
43.5413
44.3668
44.78999
45.04007
43.89889
42.84574
44.47471
42.54337
44.63623
44.1262
43.62437
44.85611
46.76493
45.72703
47.26185
47.02305
48.20868
48.89266
49.71274
48.94088
49.22468
48.56827
47.86841
47.06221
50.28293
50.74692
50.13875
51.33258
51.26317
54.26421
53.71251
52.78997
49.89268
48.74102
47.05144
46.71019
48.24122
49.7247
48.7539
47.44437
45.51485
47.50318
48.52625
49.23296
47.85745
47.13469
46.91945
46.53535
45.68956
45.98092
46.41578
46.46528
45.18426
46.35044
45.73078
46.09289
46.23771
46.66247
45.96303
47.44172
49.27151
49.68741
50.18237
49.8167
51.42856
52.46213
53.10578
50.71698
52.22304
50.98509
54.37927
54.94444
56.62385
56.82108
57.6997
57.16181
58.1765
56.81955
52.96807
51.87057
53.76005
51.37576
51.88041
51.67684
52.36265
51.68227
54.58197
54.82685
54.86689
54.67671
55.46609
53.47657
53.21887
53.30434
53.74851
55.86528
52.23385
51.18911
52.55625
52.54742
51.86869
52.10354
52.18563
52.75211
54.38664
53.02627
53.87614
52.1591
52.9655
53.74666
54.92152
53.33695
55.72749
56.98224
57.77297
60.63874
63.40427
63.28927
64.86525
63.00058
63.66477
64.45394
66.96733
66.87981
70.18203
71.55086
71.26619
70.14583
69.89281
67.01421
70.26421
71.20371
72.55811
72.64937
72.80653
73.73521
76.69033
79.03518
78.20275
80.48274
82.18612
79.53957
79.24951
82.7646
79.10035
82.18915
79.68885
81.54767
84.01116
79.14485
77.78256
79.50469
82.02412
84.22752
86.55924
85.88737
86.59913
82.6759
83.0654
79.57125
79.51346
79.89253
77.04911
74.83966
77.97712
78.89652
78.04614
77.52716
77.57477
75.66162
79.27835
78.65289
74.39497
72.41798
73.80414
75.53449
73.41664
73.76324
72.25184
72.05622
71.82731
72.17391
73.56419
74.49451
71.65996
73.23701
74.91852
73.0321
70.14194
69.74679
71.58211
71.73662
72.52092
73.99827
73.66147
73.01265
73.25165
71.02579
71.89965
73.13494
70.02685
74.14875
70.36791
69.66189
71.13591
72.36719
72.06885
72.82974
73.03125
73.88305
75.49894
75.98633
73.86546
71.79131
72.35667
71.56435
74.31018
69.18182
71.66417
73.65795
73.17133
71.93004
71.21506
72.82596
67.62395
70.56064
69.19646
71.36226
68.93264
71.04494
70.63466
69.46192
71.68537
72.69518
73.46022
75.81463
78.95518
83.21979
82.92686
79.5758
80.56544
80.92433
84.4204
82.90989
82.58483
82.32824
81.58388
82.80961
86.67955
88.61101
84.05495
86.07969
83.27542
81.33505
82.27067
79.32259
78.68015
77.83441
78.75943
75.87132
73.51122
74.90566
74.73992
73.42336
74.03419
73.41935
72.96023
76.77536
78.17159
76.64025
76.2735
74.08584
77.11571
75.26399
75.94547
76.25608
73.02143
75.69878
74.37972
70.7524
69.03213
64.16845
65.18746
65.92125
64.86198
64.88039
65.46866
66.42125
63.58698
61.80347
60.95504
62.26177
60.00644
59.48601
61.10267
61.46564
58.61046
58.5435
58.09453
57.02655
57.03224
58.46252
59.21577
61.98096
62.0782
60.36769
60.21317
60.51068
58.77693
59.14427
57.86583
57.45968
58.42938
57.77875
57.12741
58.08516
58.85973
60.43735
60.74475
57.71117
58.98728
57.57257
55.22569
57.93497
57.99716
59.04331
58.6377
58.02938
57.60098
59.78163
57.51773
57.67149
60.10854
60.6384
61.36819
63.4914
65.2713
64.93901
66.58622
65.4105
65.7469
65.34522
67.31889
69.08147
69.65947
66.08148
67.17104
67.93202
61.70447
61.27006
62.87238
61.56418
61.00697
59.41556
60.99046
59.13452
59.27353
60.89429
61.21671
59.99323
60.71984
60.72878
61.71489
64.27555
63.36318
63.19883
64.96623
62.46454
63.14031
65.72437
65.84929
68.0286
68.33754
67.70155
66.88084
67.80132
66.6106
63.5004
64.75351
66.53985
67.91463
66.30738
65.62648
66.39
67.73173
63.70228
62.79155
61.05301
61.72867
59.78331
56.61783
56.5923
56.58208
55.63488
55.53125
55.48561
56.99489
56.169
56.07282
55.05959
56.34543
56.1168
59.65545
64.11357
64.28715
63.76101
66.61774
65.08938
67.00709
69.08552
72.27393
69.06538
68.35103
68.53954
70.4606
68.24408
69.35073
68.54147
65.60849
64.56051
61.64932
60.55713
58.0497
63.1024
63.70907
63.08
65.32279
64.02988
61.84332
58.11231
57.04792
60.4174
59.03034
61.09252
60.4891
62.13698
63.0797
65.10525
65.05718
65.64704
64.68827
65.61067
65.14296
66.24515
68.2589
67.63794
65.84378
67.76914
69.08749
69.20924
66.36703
66.10091
67.22236
65.84447
66.04299
63.82772
61.20309
62.60143
65.22816
64.45884
67.41747
66.64767
63.22413
65.25828
67.05859
66.89414
64.30773
62.199
61.62047
60.3711
62.28792
62.50431
62.1484
60.25304
62.60714
62.83149
60.05356
60.09745
62.79448
59.29905
59.92018
58.65266
57.44981
54.80355
54.88788
54.54883
54.77795
57.42491
55.11333
57.65419
56.9631
58.27092
56.40233
55.38099
57.71477
58.72916
57.9728
57.58007
57.04293
55.78424
54.12793
53.81268
53.47214
50.80584
52.05734
50.78073
51.40077
51.33919
51.86063
51.5949
52.17157
50.30484
50.001
50.34665
48.49637
47.85925
49.98763
49.75743
48.46159
50.13305
49.44111
50.26815
49.13052
48.87951
48.50619
46.80834
46.47309
46.31949
47.66535
44.47578
46.96185
47.11852
47.25397
47.92485
48.92917
48.32371
49.22063
47.54875
46.80627
47.97677
48.50493
49.13827
46.60382
46.33118
44.9153
43.18343
44.60863
44.00289
44.23801
42.38154
41.8955
42.27615
43.5744
43.50096
42.00314
42.84249
43.2715
44.06025
45.48418
45.10125
44.95589
46.15134
43.76914
43.1147
43.43056
43.05317
41.82914
41.70187
42.37455
41.70894
42.1236
42.03645
40.15109
40.31031
40.04863
39.88244
39.47568
40.38274
39.75683
39.8045
39.35602
39.43042
39.2102
38.81876
37.38846
36.38817
36.66962
38.14528
36.40624
35.47449
36.85451
37.91196
38.20968
38.10338
38.41114
38.61923
40.0293
39.14783
39.728
40.51182
41.0008
38.86734
40.78725
40.52281
39.96087
41.57932
41.67467
41.7479
41.61338
39.8371
38.9147
39.81269
40.15287
41.02936
41.84544
40.32541
41.80562
40.45932
40.25249
39.65337
41.03351
41.72124
43.93463
42.51798
42.46501
43.22558
42.78637
41.89184
42.35373
42.6495
42.17859
41.40258
43.0801
44.19307
45.93129
47.36283
46.5729
48.04472
47.17317
48.43629
49.71425
50.30237
51.20229
51.82584
52.7772
53.77586
54.58615
55.27477
56.81591
56.2584
59.01581
56.95925
55.11555
55.34724
56.04449
56.15568
58.91278
60.90455
58.37145
59.51619
56.60181
54.31918
55.22601
55.2838
54.18959
54.15283
54.61668
53.13791
53.9947
51.02116
51.31626
51.48667
51.17347
52.73073
54.48731
56.16626
58.20337
55.08555
55.0469
56.18789
56.20912
52.92408
50.92795
51.79879
51.94913
50.93504
49.36601
49.60989
49.91938
50.32699
52.7836
53.9787
53.8355
55.33764
54.53697
54.40152
53.15035
52.01358
51.0857
53.59292
53.44958
53.19962
54.88323
54.40062
52.81353
54.7021
53.9414
56.51153
56.48573
55.60486
56.7808
56.09587
54.64683
53.62735
53.01056
56.23905
54.72859
54.59843
53.92649
53.43035
52.48864
52.75264
51.5594
51.50795
54.64542
51.93341
52.15331
51.92155
52.54131
52.17873
51.84519
50.37582
50.94265
49.34194
47.98293
47.07165
48.8733
48.8815
50.40244
50.895
49.8166
48.3583
50.83035
50.68083
52.41393
50.93519
50.13426
52.64093
53.5323
54.11833
53.33419
51.7744
53.99767
52.87369
53.81057
51.00753
51.86681
52.66752
50.12375
51.26547
50.29556
50.06504
50.86233
50.27672
49.41943
49.72805
48.54507
47.04384
49.02992
49.63887
