0.06098511
0.05618039
0.05341642
0.05234789
0.04859297
0.04642254
0.0454463
0.04534721
0.04102314
0.04423118
0.04070086
0.04018742
0.04133541
0.04450422
0.04549395
0.04336954
0.04441396
0.04434994
0.04082501
0.04179817
0.04165934
0.03883305
0.04040284
0.04298477
0.04252278
0.04075516
0.04162498
0.04233796
0.04493575
0.04386061
0.04221877
0.0425477
0.04144461
0.04075607
0.04071665
0.0422282
0.04383055
0.04464511
0.04338232
0.04648645
0.04527031
0.04423819
0.04241782
0.04059108
0.03996512
0.04014521
0.04074774
0.04141234
0.04239603
0.04090654
0.03987893
0.0410984
0.03957411
0.03918615
0.03765578
0.03809801
0.0372462
0.03757064
0.03600386
0.03924906
0.04160236
0.04453804
0.04175901
0.04016173
0.04267711
0.03815561
0.03924269
0.03887234
0.03912705
0.03858765
0.03835339
0.03701037
0.03692098
0.03700855
0.033192
0.03442168
0.03234165
0.03079732
0.03019794
0.03024431
0.02864668
0.02906853
0.02960584
0.02829885
0.02829388
0.02897158
0.02711746
0.02827836
0.02708374
0.02705112
0.02716054
0.02644386
0.02694534
0.02855245
0.02803102
0.02717116
0.02880673
0.02964596
0.02999772
0.02821647
0.02801975
0.0284174
0.02893048
0.0288986
0.02885976
0.02802947
0.02740557
0.02645706
0.02839679
0.02858122
0.03081469
0.0304131
0.03093483
0.03127052
0.03150933
0.03389522
0.03176487
0.03004665
0.02893965
0.02922188
0.02839222
0.02912742
0.03052241
0.0326283
0.03260996
0.0338395
0.03321164
0.03409387
0.03572908
0.03370329
0.03430511
0.03378829
0.03378707
0.03420047
0.03323649
0.03129606
0.03130066
0.03242381
0.03238111
0.03457489
0.03674194
0.03787062
0.03818339
0.03960447
0.039093
0.0374446
0.03791765
0.03786372
0.0385483
0.03862683
0.03701494
0.03622867
0.03635935
0.03851743
0.03603643
0.0364063
0.03533189
0.03275681
0.03184186
0.03005784
0.03006121
0.03101553
0.02947721
0.02789618
0.02890488
0.03033631
0.03055257
0.03080783
0.03378965
0.03416952
0.03463263
0.03396876
0.03523879
0.03621345
0.03372297
0.03270045
0.03275972
0.03117038
0.03303694
0.03456835
0.03276277
0.03440807
0.03625978
0.03682371
0.03720305
0.0356966
0.03607938
0.03630411
0.03771942
0.03910364
0.03894032
0.0391177
0.04004003
0.03970738
0.04171459
0.04148534
0.03915147
0.03752579
0.03633604
0.03698339
0.03623446
0.03426059
0.03416469
0.03271686
0.03257064
0.03625511
0.03920329
0.04095106
0.04195179
0.04070878
0.04074791
0.04179452
0.04297452
0.04259223
0.04551958
0.04555819
0.04385925
0.04584101
0.04506505
0.04414965
0.04497028
0.04590196
0.04673119
0.04615531
0.04538882
0.04321721
0.0455694
0.04362055
0.04496613
0.04841073
0.05002326
0.04958828
0.04830347
0.04721215
0.04735999
0.05283571
0.05299397
0.05051951
0.04919241
0.04703363
0.04734407
0.04720192
0.04629257
0.04620837
0.04384441
0.04265514
0.04462586
0.04383517
0.04457327
0.04670481
0.04689342
0.04546838
0.04963788
0.04921445
0.04692547
0.04372151
0.0436959
0.0468575
0.04404293
0.0468297
0.04856556
0.04779712
0.05124527
0.04937319
0.04882596
0.04949168
0.04983077
0.04762967
0.04663254
0.04422315
0.04370546
0.04690593
0.04604256
0.04709537
0.04815062
0.04629053
0.04730353
0.04667836
0.04864255
0.04652703
0.04720441
0.04467075
0.04239491
0.04051771
0.03976282
0.04007188
0.04006039
0.03899266
0.03610867
0.03851545
0.03571915
0.03641608
0.03660111
0.03597308
0.03522834
0.03414701
0.03435943
0.03220686
0.0313905
0.03153219
0.03220653
0.03250284
0.03189438
0.03334988
0.03303037
0.03423138
0.03501322
0.03598878
0.03770055
0.04036476
0.04218746
0.04307616
0.04293973
0.0400264
0.04021062
0.04079746
0.03773011
0.03993111
0.03979188
0.03887915
0.0365979
0.03676594
0.03590172
0.03578926
0.03518243
0.03449022
0.03690053
0.03560816
0.03710539
0.03772808
0.03907636
0.03810779
0.03957179
0.03895117
0.03646165
0.03774104
0.03843969
0.03851908
0.03952422
0.03609728
0.03589922
0.03681471
0.03358112
0.03337336
0.03179941
0.03186373
0.03282675
0.03250523
0.03247737
0.03174325
0.03127729
0.03263912
0.03240112
0.03330539
0.03358108
0.03581643
0.0349868
0.0374803
0.03823025
0.03975666
0.04254864
0.04294802
0.0449373
0.04368706
0.0424328
0.04474922
0.04457805
0.04681488
0.04513643
0.04552353
0.0435675
0.04389036
0.04448296
0.04546249
0.04695733
0.04561301
0.04783332
0.04396531
0.0446368
0.04531016
0.0448311
0.04575661
0.0437489
0.04432825
0.04329671
0.04270616
0.04307939
0.0438471
0.04121754
0.04546212
0.04647221
0.04888387
0.04593237
0.04469657
0.04579206
0.04770003
0.04772007
0.04688552
0.04482372
0.04637617
0.04365736
0.04218427
0.04233305
0.04356808
0.04214701
0.04427424
0.0453362
0.04504777
0.04353344
0.04176818
0.04096538
0.04240605
0.04369372
0.04243489
0.04267811
0.04464749
0.0437471
0.04355011
0.04372876
0.04201261
0.04234135
0.04305153
0.04388868
0.04325574
0.04360496
0.04421849
0.04503911
0.0442125
0.04484579
0.04409983
0.04646765
0.04364039
0.04285627
0.04357136
0.04424834
0.04354349
0.04257681
0.040879
0.04087955
0.04074022
0.04177802
0.03985135
0.03760898
0.0377838
0.03554156
0.03761097
0.03982522
0.03802385
0.03806224
0.03850587
0.04061113
0.04094482
0.04109761
0.04043469
0.04139286
0.04257292
0.04302445
0.04481825
0.0417781
0.04018424
0.03913188
0.03807623
0.03791833
0.03752583
0.03635485
0.03716792
0.03654259
0.03717666
0.03722957
0.03777009
0.03722683
0.03820522
0.03890064
0.03767835
0.03607979
0.03724874
0.03695681
0.0372332
0.03673865
0.03640912
0.03666621
0.03670433
0.03615197
0.0363085
0.03558431
0.0357544
0.0345791
0.03271049
0.03126214
0.03039915
0.03089111
0.03235659
0.03170693
0.03140487
0.03158907
0.03247645
0.03155333
0.03228849
0.03220135
0.03330018
0.03362613
0.03467692
0.03376401
0.03186223
0.03199695
0.03056283
0.03061558
0.02845914
0.0285259
0.02916213
0.02908674
0.03113985
0.03145156
0.0306668
0.02992773
0.03018726
0.03321247
0.03207045
0.03190436
0.03052952
0.02938253
0.02953066
0.02961122
0.02981576
0.03028713
0.03037721
0.02995385
0.02935012
0.03086136
0.03146922
0.03093322
0.03120399
0.03329349
0.03425891
0.03672929
0.03625116
0.03756894
0.04091523
0.04010466
0.04219118
0.04557171
0.04558848
0.04766963
0.0460801
0.04461915
0.04505195
0.04637896
0.04431271
0.04388161
0.04235305
0.04306762
0.0433568
0.04301883
0.04326489
0.04010376
0.03768206
0.03867888
0.04139817
0.04217616
0.04079209
0.04003763
0.04091295
0.04204168
0.04184834
0.04179061
0.04406387
0.04345006
0.04333493
0.04482293
0.0448937
0.04417134
0.04451829
0.04555308
0.04532684
0.04517786
0.04329929
0.04633353
0.04659359
0.04887434
0.05018969
0.05114322
0.05006436
0.04689933
0.04681655
0.0484969
0.04621535
0.04843598
0.04482789
0.04410608
0.04301182
0.04234864
0.04177836
0.04087334
0.04354528
0.04523438
0.04337567
0.04301544
0.04354543
0.04364811
0.04293568
0.04276764
0.04373837
0.04343714
0.04316246
0.0464306
0.0475897
0.04718818
0.04459828
0.04552445
0.04408085
0.0435851
0.04463203
0.04489221
0.04637039
0.04516329
0.04703464
0.04972621
0.04950382
0.04694554
0.0488262
0.04858545
0.04716268
0.04733146
0.04995342
0.05285099
0.05080088
0.05279149
0.05340083
0.05298539
0.05043734
0.05068323
0.05081024
0.05019582
0.05320978
0.0514264
0.05249509
0.05290788
0.05454611
0.05114728
0.05059083
0.05213939
0.05094947
0.04913325
0.04777448
0.04792543
0.04731044
0.04697936
0.04647542
0.04496983
0.04447462
0.04621892
0.04435337
0.0456009
0.04682754
0.04821021
0.0471957
0.04525188
0.04608939
0.04948135
0.04855877
0.04894296
0.05228043
0.05474797
0.05293572
0.05366487
0.05056582
0.05059985
0.05189471
0.05100982
0.05651501
0.05756419
0.05961393
0.06000452
0.05919565
0.05879982
0.0573874
0.0542926
0.05213105
0.0522704
0.05355779
0.05483764
0.05355529
0.05226883
0.05322967
0.05409772
0.05694517
0.0585735
0.05859515
0.05302177
0.05593796
0.05298561
0.05160553
0.05031071
0.04905265
0.0490238
0.04859248
0.04933852
0.04771948
0.04814734
0.04534345
0.04805214
0.04857749
0.04640483
0.04743158
0.04597736
0.04653919
0.04732895
0.04639987
0.04708995
0.05014627
0.04990136
0.04910141
0.04740624
0.04904991
0.04880484
0.0477769
0.04545553
0.05045597
0.04776272
0.04827831
0.0495952
0.05100437
0.04990753
0.04690476
0.04663203
0.04700285
0.0470475
0.04540905
0.04492179
0.04293978
0.03973669
0.04064519
0.04025229
0.04039591
0.04300244
0.0423793
0.04183628
0.04151196
0.04101662
0.0389696
0.03595864
0.03825015
0.03637114
0.03769744
0.03611712
0.03698734
0.03645018
0.03744099
0.03861237
0.03827535
0.03742792
0.03770445
0.03615662
0.03581972
0.03565552
0.03694528
0.03905957
0.03857715
0.04244714
0.03874201
0.04105328
0.04055511
0.041329
0.04092623
0.04170432
0.04388229
0.04537359
0.04281487
0.04345647
0.0446702
0.04305532
0.04281978
0.04276723
0.04248273
0.04261748
0.04178025
0.04296588
0.04373086
0.04518167
0.04424085
0.04456584
0.04688416
0.0494133
0.04855511
0.04774036
0.04861502
0.05065493
0.05375987
0.05669487
0.05664592
0.05358453
0.05417491
0.05375971
0.05407215
0.05347579
0.05266909
0.04969567
0.05048902
0.05096243
0.05106866
0.04833079
0.04995983
0.05186413
0.05039725
0.04935913
0.05074534
0.04796249
0.05177581
0.05034336
0.05089618
0.05003125
0.052819
0.05116238
0.05248393
0.05230016
0.05334665
0.05380729
0.05070632
0.04784013
0.05083731
0.0538486
0.05549941
0.05289209
0.05024811
0.05291246
0.04788946
0.04898787
0.04626547
0.04933442
0.0471226
0.0441009
0.04253339
0.04549632
0.04542781
0.0444646
0.04501014
0.04595539
0.04458654
0.04553065
0.04406115
0.04516739
0.04778918
0.04705772
0.04653835
0.04261707
0.04300772
0.04494232
0.04647265
0.04542303
0.04694189
0.04814958
0.04460773
0.04840592
0.04776042
0.04846893
0.04642411
0.04787153
0.05064952
0.0506729
0.05087095
0.05350281
0.05451313
0.0555917
0.05681227
0.05841902
0.0607709
0.05958036
0.0559578
0.05476616
0.05417289
0.05444287
0.05196519
0.05419942
0.05383547
0.05423604
0.05154408
0.0543853
0.05319034
0.05038713
0.05165614
0.05250949
0.05178249
0.0524078
0.04816838
0.04979663
0.04959311
0.0510171
0.04862182
0.04652568
0.04461787
0.04609825
0.04620609
0.04612612
0.05019221
0.04759463
0.04634538
0.0431698
0.0405629
0.03918083
0.03979889
0.03842293
0.0388507
0.03942111
0.03989656
0.04091445
0.04314729
0.04478424
0.04322078
0.04284996
0.04453568
0.04437049
0.04410452
0.04221737
0.04284215
0.04092069
0.04052771
0.04155211
0.03969511
0.04273239
0.04449589
0.0442902
0.04439904
0.04586048
0.04790722
0.05002793
0.04890719
0.05061809
0.05291238
0.04814714
0.04675521
0.04923859
0.04421066
0.04659126
0.04660555
0.04676312
0.04940194
0.04958601
0.04647893
0.04941891
0.04690355
0.05015606
0.04945433
0.05375681
0.05551735
0.05446608
0.05285354
0.05239861
0.05308943
0.0514438
0.05198095
0.04883819
0.04802828
0.04736209
0.04572536
0.04626016
0.04429476
0.04405755
0.04124128
0.04108005
0.04026664
0.04144407
0.04059786
0.04127633
0.04157766
0.04325044
0.04430873
0.04488486
0.04360428
0.04295432
0.0441981
0.04536908
0.04602965
0.04630951
0.05009875
0.04962156
0.04710414
0.04604471
0.04510916
0.04666345
0.04980297
0.04815333
0.04751725
0.04750317
0.04722288
0.04368313
0.04290111
0.0443582
0.04320566
0.04532626
0.04613527
0.04709029
0.04551457
0.04801171
0.04671025
0.04605637
0.04581793
0.04525019
0.04573481
0.0480992
0.04969453
0.04948955
0.04851978
0.04526559
0.0461449
0.04629711
0.04734394
0.04815091
0.04901832
0.04725051
0.04720085
0.04957738
0.0476034
0.04710131
0.04634806
0.04590202
0.04600244
0.04392455
0.04263449
0.04222978
0.04185974
0.04332836
0.04584804
0.04547739
0.04521064
0.0468924
0.04668721
0.04744336
0.04703276
0.04569047
0.04984107
0.04736052
0.04618087
0.04589661
0.04436988
0.04364156
0.04298442
0.04089422
0.04122831
0.0396021
0.04011329
0.03991172
0.04193623
0.04127514
0.04060087
0.0415456
0.04407081
0.04305907
0.04268027
0.04251105
0.04131267
0.04349999
0.04737804
0.04682714
0.04642603
0.04802913
0.04893715
0.05188059
0.0520156
0.05367631
0.05500085
0.05285754
0.05370458
0.05493949
0.05302006
0.0533962
0.05527411
0.05398698
0.05223534
0.05118393
0.05227725
0.05353926
0.05821309
0.05881963
0.05739976
0.05758591
0.05588567
0.05528211
0.05335032
0.05479278
0.0553306
0.05588261
0.05897251
0.05949804
0.0563999
0.05350756
0.05387662
0.05171876
0.05187131
0.05174556
0.05102504
0.05163436
0.0509957
0.05208387
0.05413615
0.05325382
0.05424226
0.05411807
0.05271814
0.05176123
0.05365632
0.05364846
0.05861536
0.05887465
0.06212748
0.06226725
0.06195018
0.06266036
0.06253194
0.05785918
0.05747409
0.05936125
0.060729
0.06125323
0.0610626
0.05853224
0.05453872
0.05447535
0.05366163
0.05344204
0.05262391
0.05730466
0.05948544
0.05960969
0.05855686
0.05726562
0.05576321
0.05844752
0.05936383
0.05655851
0.05315018
0.05665814
0.05749406
0.05724762
0.06051141
0.05936262
0.05703047
0.05612322
0.05571043
0.05409766
0.05134394
0.05153734
0.05228225
0.05254269
0.05230895
0.05179676
0.05225921
0.05192348
0.05075567
0.0489635
0.04860747
0.05196501
0.05251011
0.05344135
0.05129292
0.05111325
0.05038146
0.0493681
0.0481109
0.05167905
0.05185488
0.05184198
0.05224235
0.05455617
0.05300966
0.05450096
0.05519528
0.05601841
0.05391047
0.05566556
0.0541559
0.05459779
0.05470995
0.05695251
0.0574174
0.06146639
0.06056771
0.06292944
0.06261404
0.06161459
0.0646685
0.060654
0.0619301
0.05908358
0.06114232
0.06394744
0.05930505
0.05932308
0.05977401
0.05727445
0.05649224
0.05583602
0.05229095
0.05560862
0.05523013
0.05659726
0.05509631
0.05626549
0.05474794
0.05969124
0.05684345
0.05434875
0.0563138
0.05908935
0.06020259
0.0614264
0.05855485
0.05647325
0.05863659
0.05793883
0.0588352
0.05732307
0.05499105
0.05407795
0.05200604
0.0543169
0.04928538
0.04882072
0.04754313
0.04978496
0.04749319
0.04755543
0.04887178
0.04752853
0.04797306
0.04764477
0.04479417
0.04584517
0.04789304
0.05081308
0.04771058
0.048149
0.04683983
0.0459986
0.04587705
0.04609182
0.04689108
0.04768315
0.04798708
0.04824218
0.0452407
0.04676339
0.04697047
0.04659439
0.04566844
0.0449841
0.04368738
0.04076982
0.04201076
0.04132134
0.04103879
0.04594237
0.04666363
0.04802164
0.04756603
0.04556989
0.04657802
0.04661318
0.04609651
0.04698382
0.04369287
0.04053393
0.04221696
0.04296317
0.0437518
0.04260382
0.04141629
0.04196824
0.04194598
0.04130414
0.03974789
0.04060149
0.03973625
0.03938933
0.03704972
0.03577729
0.03619547
0.03694633
0.03613166
0.03619555
0.03585381
0.03609979
0.03695746
0.03621312
0.03513831
0.0346579
0.03433192
0.03402015
0.03224113
0.03278098
0.031828
0.03067643
0.03363367
0.03331677
0.0351206
0.0343976
0.03490651
0.03466754
0.03337916
0.03378535
0.03337078
0.03317276
0.03309232
0.03301968
0.03220879
0.032173
0.03470065
0.03266677
0.03355259
0.03267551
0.03078087
0.03174107
0.03369172
0.03273386
0.03260617
0.03238886
0.03208535
0.03277829
0.03282037
0.03399656
0.03391885
0.03369491
0.03411396
0.03502811
0.03552995
0.03658017
0.03755914
0.03855697
0.04122144
0.04298636
0.04245597
0.04354633
0.04353074
0.04347913
0.04535252
0.0450604
0.04616894
0.04849651
0.04768155
0.04464122
0.04560795
0.04686897
0.04542354
0.04473959
0.04419603
0.04490411
0.0449007
0.04206472
0.04386723
0.04338066
0.04371367
0.04094538
0.04243611
0.04181928
0.04202953
0.04174767
0.04110279
0.03876173
0.03656907
0.03943452
0.04136001
0.04127199
0.04151141
0.03927767
0.03933889
0.04078113
0.04070062
0.04086614
0.04040491
0.04343344
0.04335328
0.0406172
0.04087616
0.04138024
0.04162339
0.04094138
0.04119758
0.04299338
0.04500552
0.0428269
0.04285759
0.04263642
0.04398246
0.04360724
0.04550002
0.04686681
0.04628798
0.04466547
0.04476027
0.04857832
0.04612976
0.04799908
0.04648859
0.04550486
0.04864668
0.04665668
0.0462067
0.04593003
0.04447632
0.04613009
0.04462368
0.04411509
0.043692
0.04204845
0.04260488
0.04355447
0.04116309
0.04255396
0.04281707
0.04531134
0.0459835
0.0410688
0.0397298
0.03863421
0.03986419
0.0411426
0.03950381
0.03909591
0.0386171
0.03890792
0.03738496
0.03748722
0.03868245
0.03805562
0.03766961
0.03947034
0.03904798
0.03834239
0.04071297
0.04196293
0.04428963
0.04425465
0.0438672
0.04525183
0.04547232
0.04561276
0.040923
0.04098136
0.04007448
0.04219684
0.04286612
0.04397993
0.04271854
0.04502929
0.04456593
0.04427828
0.04293313
0.04300566
0.0410824
0.04169739
0.04044275
0.0423822
0.0424299
0.0425356
0.04285434
0.04454432
0.04448906
0.04519746
0.04619473
0.04386785
0.04351101
0.04584737
0.04588576
0.04421962
0.04496598
0.04378243
0.04269476
0.04422576
0.04407547
0.04470772
0.04304783
0.04509872
0.04345658
0.04102674
0.04171462
0.04103893
0.04043806
0.04125419
0.04240972
0.03993098
0.03859903
0.03935676
0.03777741
0.03947378
0.03835397
0.03736996
0.03745741
0.03714219
0.03807526
0.0381744
0.03606574
0.03593068
0.03803249
0.03867096
0.03771029
0.03812554
0.03819964
0.03801453
0.03705186
0.03888396
0.03823806
0.0392665
0.04032299
0.03907577
0.0404397
0.03968347
0.03751137
0.03731268
0.03473164
0.03736618
0.03767756
0.03833053
0.03774121
0.03593119
0.03683887
0.03775476
0.03666505
0.03521083
0.03581996
0.03691248
0.03891444
0.04104735
0.0394888
0.0371558
0.03776409
0.03723805
0.03537792
0.03457126
0.03584734
0.03547619
0.03587058
0.03508593
0.03652444
0.03518268
0.0382361
0.04049211
0.03920498
0.03875733
0.0418668
0.04215123
0.04004747
0.03897574
0.03934444
0.03870304
0.03942443
0.03841514
0.03637166
0.03625117
0.03826851
0.03716094
0.04089087
0.04084313
0.04241445
0.04376002
0.0428345
0.04039339
0.0393253
0.03778872
0.03973547
0.03948341
0.03880488
0.03662354
0.03496007
0.03641416
0.03664298
0.03681345
0.03599888
0.03776243
0.04004774
0.04027127
0.03950845
0.03931085
0.03989506
0.03901037
0.03616909
0.0348513
0.03845737
0.03878364
0.03819241
0.04120167
0.04054928
0.037673
0.03751936
0.03593082
0.03721325
0.0373298
0.03674891
0.03747824
0.03967965
0.04224931
0.04393948
0.04283227
0.04318052
0.04153204
0.04169796
0.04282711
0.04465515
0.04100328
0.04169926
0.04240663
0.04343849
0.04177944
0.04234609
0.04330808
0.04312702
0.04137784
0.04086883
0.03882019
0.0394761
0.03951404
0.04031291
0.04127
0.0426903
0.04405825
0.04367356
0.04079519
0.04035088
0.04139595
0.04302804
0.04506428
0.04486444
0.04487373
0.04430753
0.04469213
0.04671062
0.04515956
0.04373988
0.04649668
0.0486049
0.04829117
0.04668231
0.04786388
0.04933201
0.04742337
0.04931443
0.04658132
0.04832398
0.04782666
0.04947289
0.04838385
0.04820072
0.04723974
0.04637514
0.04443131
0.04116749
0.04244348
0.04247835
0.04265117
0.04354925
0.04153861
0.04291833
0.04363296
0.04425497
0.04478807
0.04326097
0.04280549
0.04409495
0.04574924
0.04101173
0.04263447
0.04226847
0.0423229
0.0418772
0.0405415
0.04139269
0.04192119
0.04278826
