31.68085
34.63584
35.45684
37.73111
38.64902
39.91975
39.28353
41.21992
40.30934
40.55655
43.32422
43.56426
45.97691
45.4781
47.3703
47.32445
47.80364
50.12578
49.66341
50.96813
51.55395
51.65832
50.66206
50.6532
50.32046
49.44644
51.32325
52.12696
53.13668
54.15518
55.49321
55.23207
57.31527
59.24439
57.9969
58.35916
58.14906
57.83394
58.10582
57.35237
56.07954
55.9308
58.13329
58.50505
59.18568
56.95174
57.17044
57.3746
55.27851
54.50567
55.80833
56.78276
59.41567
60.17528
63.79512
63.44664
63.79661
61.42664
63.40641
64.69677
65.29456
65.89245
64.34307
62.98617
61.57213
60.41361
61.1358
61.63327
59.63152
55.51739
56.30606
58.65157
57.90921
59.8469
58.06357
57.44195
59.32736
60.40153
59.20078
60.33349
61.75098
63.05616
62.18312
58.84847
58.77521
60.59164
61.11945
59.50226
59.82479
59.80107
60.08483
60.60184
63.14785
63.2491
63.00713
66.06992
62.80831
62.68983
59.92238
60.23371
59.18445
60.79185
63.26781
60.97629
61.35922
60.74501
61.6447
63.00362
62.51938
61.02668
63.22808
63.17066
60.96166
62.26165
63.84766
60.73783
59.13537
58.43639
57.20268
55.99838
56.35205
56.47995
56.85765
56.93262
58.47188
62.88194
63.32253
61.50264
61.12813
59.21457
60.45267
60.57701
62.68602
64.967
66.65324
66.06938
65.54269
65.51321
62.77964
64.28121
65.39248
63.3183
67.28897
65.90621
62.86422
63.3693
65.98187
67.60841
69.28475
68.05106
69.82429
72.21818
73.58708
76.13071
72.78835
68.70997
65.82149
63.81237
63.4607
62.36234
60.86339
60.92566
62.826
66.87129
63.73659
63.31495
61.7558
62.14005
63.25023
62.36727
64.04959
64.67457
64.90358
68.3679
68.42001
66.47785
65.94158
66.86648
65.10762
62.58561
62.80871
65.88692
64.79686
65.9271
65.05512
64.3303
67.56847
66.54901
66.63685
65.83605
65.93687
66.25029
64.55724
65.33864
66.17736
65.1246
62.41488
63.82894
65.54915
66.57819
69.58578
70.16591
72.16898
73.3165
71.1966
74.43306
77.1067
78.72315
76.88466
76.72037
75.03383
71.84588
70.22811
71.94485
70.8917
73.07435
72.67401
70.72392
68.28963
69.89681
69.76098
68.6022
72.04135
71.01465
72.74072
75.80414
74.77865
75.98469
75.63338
76.17796
72.21283
72.20044
75.09982
75.59323
74.42346
76.91832
77.58733
73.16573
72.40876
73.45912
71.14831
74.17131
72.65606
70.02637
68.14266
68.81528
67.5738
69.76187
70.42512
66.2004
66.01719
66.86867
68.78091
64.79662
64.47355
65.9556
65.96567
66.82939
65.99052
68.25495
67.59952
70.1501
72.52875
68.72678
70.87196
68.59191
67.61048
68.96687
70.00027
71.27222
71.95109
72.06714
75.73582
72.68516
68.33463
66.64606
68.26625
69.65894
71.8105
69.49069
64.80112
63.76604
63.88571
62.5856
61.00053
63.04274
63.26741
61.65552
63.17503
63.90117
69.25738
68.73692
67.18664
69.25824
66.1809
67.86231
71.10295
72.01472
72.57089
71.41205
73.98358
71.81392
71.31977
72.33875
71.85431
72.37309
73.16738
72.23216
70.23032
70.23667
69.41148
73.39547
72.08127
72.45252
72.24242
74.62022
75.90761
74.29747
75.69183
78.15337
77.99286
79.98734
81.72257
79.74199
77.50569
76.28431
72.05998
72.51886
73.28454
72.65559
75.71249
75.58019
74.74758
77.17106
77.23895
77.9684
78.45373
82.71523
82.46495
87.44357
86.05367
82.83793
80.65114
79.25936
77.15551
75.76822
75.17566
75.36675
72.31775
72.84857
74.94742
71.49046
69.66086
67.5626
63.98095
61.02651
62.4853
60.92943
59.98215
63.55195
64.43434
67.88786
68.77871
66.40234
66.20457
64.89498
63.59494
63.39188
64.28869
66.67257
66.26338
65.72144
62.97326
61.78711
64.07394
63.64123
62.30769
63.61309
63.25387
62.68452
62.91292
62.18547
63.58231
62.96356
64.89429
60.6023
60.21215
60.85092
60.983
61.15967
64.79241
65.43443
66.05187
64.1269
65.1812
64.79351
65.9325
69.98014
68.88251
66.43109
68.99316
67.77726
67.05417
67.97961
65.73363
65.31469
66.62292
68.83831
67.90408
66.77131
65.60924
61.69347
63.48219
65.29779
64.08988
63.68244
66.54847
66.27197
66.58337
67.25281
65.67391
63.8767
64.58776
66.59438
68.63961
71.10972
71.69296
71.4216
70.763
71.70152
72.1523
72.89539
74.59606
73.42303
72.31496
68.14175
69.95821
71.84314
70.51443
66.93993
68.54115
63.38012
63.60661
63.46365
64.84809
66.317
67.13464
65.54184
64.85434
63.85679
67.27449
69.24707
70.41388
70.9297
70.39494
70.7075
68.57644
68.65542
70.21161
71.98057
72.49923
75.80657
76.52746
77.91179
77.57705
79.73407
78.42081
79.09759
78.73813
81.25975
78.38292
77.92602
76.4574
74.78404
75.33775
73.56644
74.82704
72.20841
73.14833
71.33423
69.24727
68.88736
66.57385
67.13807
68.80061
67.62125
69.9312
68.81198
68.28249
69.69443
71.63109
72.52423
73.3022
76.78711
77.71823
77.7211
75.02042
73.0091
73.9598
73.3201
74.06841
72.60462
71.76524
75.5503
73.60437
71.51139
70.02297
69.20294
65.47017
63.40094
62.52976
61.65215
62.16685
62.03753
62.57595
63.98077
65.19089
67.25662
64.24718
65.37159
67.13795
67.98902
67.44145
66.89277
65.59946
61.96156
61.24716
57.42056
56.89772
58.01342
54.57857
55.44829
51.60859
51.48585
51.33354
52.21119
50.5105
52.39118
52.64617
54.23614
53.3841
53.34873
51.4055
50.19974
50.61897
51.16678
50.77875
53.17231
53.38309
52.8471
53.07623
54.05523
53.4962
54.6834
55.66949
55.52973
54.95913
55.75638
55.96386
56.22817
55.5302
53.93705
54.18357
54.39085
55.26521
56.73602
55.32635
56.18364
55.83555
57.97599
55.11024
55.77618
56.35824
58.30193
57.16857
56.7023
57.04177
58.0928
59.72005
56.56445
57.99639
58.83446
54.51651
52.88629
53.36865
55.44717
59.93093
56.99414
57.43779
58.23204
57.86619
60.05839
58.40553
60.03049
61.8061
60.36524
59.79141
60.43918
59.7892
60.87206
59.94412
58.68059
60.23051
60.94364
62.18297
62.14888
61.21618
60.67293
60.97762
60.4936
59.04423
57.96473
58.10531
58.60413
59.14815
57.00864
59.70432
61.91951
62.67241
63.65625
64.82414
65.36382
63.95561
63.60763
64.52953
67.33461
67.67029
66.92481
68.05838
67.21709
66.67983
64.95624
66.10094
64.18231
65.63075
63.37586
63.23347
60.97475
62.14519
63.23102
64.36697
64.80123
64.73766
64.60339
64.49593
64.53426
62.3137
61.94025
61.03227
61.64324
61.04822
60.30832
62.87447
62.3866
58.50111
60.65567
59.31268
60.27685
62.02597
62.93185
66.04727
65.74763
64.93981
64.42824
60.76359
58.92351
60.30557
60.72717
61.14279
58.57236
56.38128
57.44242
58.28481
56.06616
57.64503
56.96503
55.22758
57.05407
57.58533
58.24209
57.29133
56.37103
55.0579
53.10532
53.63384
54.065
55.91662
55.24038
52.95051
52.73391
54.24043
55.43735
54.9167
53.25768
51.0659
52.96688
53.86521
51.4341
50.3753
49.09997
50.78116
51.29414
54.02698
52.5523
52.32776
51.90363
51.94352
52.86984
54.3894
53.96178
54.26482
54.11989
55.87958
57.12941
55.01245
56.08799
57.91642
60.92579
59.94264
60.22947
58.95343
58.71418
59.91495
58.48427
56.72014
59.46096
62.85774
63.92204
62.43999
61.14868
61.36624
61.02615
58.76672
60.01717
58.86965
60.03773
57.73294
57.19574
57.73342
58.15997
57.9809
61.8136
60.74136
60.50894
60.60141
59.59388
57.69003
57.93242
59.91863
61.04284
62.63341
61.07368
62.64923
60.45832
62.29598
62.53959
63.42899
63.45096
61.3132
62.06985
64.79205
65.14605
64.226
64.59962
65.13549
66.33448
68.06872
67.44169
68.8646
69.45686
68.85143
67.28937
66.82814
68.53975
68.71599
68.65223
67.17542
68.7132
70.24814
68.71159
68.52879
64.14587
64.42389
63.50065
60.86022
59.67005
57.95168
57.05941
54.99838
55.42356
55.93601
56.88882
57.40993
57.29861
57.64282
58.52006
58.89431
60.59807
60.25527
60.1239
58.54414
62.29567
62.83681
63.74953
65.12616
65.06433
63.43633
63.66305
62.17893
62.1268
61.3829
63.83514
63.06189
61.70462
61.29352
60.78022
60.51071
60.78782
60.47344
58.98
59.74334
58.64006
58.77892
62.06117
59.20553
61.04722
61.44194
60.88089
58.73254
59.20222
60.4072
62.59199
61.04072
61.43926
59.57709
59.79808
58.16378
59.331
58.50177
59.73408
58.28695
58.35827
54.42407
52.55518
54.30972
55.13225
58.8972
56.73023
57.67729
57.26587
55.50058
55.82183
55.5043
54.9472
53.47551
55.28321
52.01908
52.76714
50.81978
49.88704
49.11524
48.1769
48.30014
47.84986
46.22567
45.13736
43.06367
43.58717
42.7668
42.81639
44.41035
46.03252
48.07968
46.68256
46.70614
47.50003
48.70268
47.47335
46.82871
45.71171
47.26987
48.32398
48.14807
49.57158
49.24617
48.98414
49.60099
48.14819
47.68655
47.61067
47.91155
48.56685
50.42175
50.44543
51.61607
49.06774
48.63793
48.60177
49.45178
49.5223
50.41746
51.06012
51.46115
52.85353
51.56778
51.24429
53.73175
50.28962
51.2932
49.71429
48.85913
48.23485
50.32343
53.70991
53.46408
50.48349
52.23766
52.19162
50.41533
49.85959
49.37307
51.13773
50.88135
55.2187
53.33606
55.84453
54.78893
56.3899
55.16877
54.53645
53.05275
50.02922
48.17175
51.87892
52.45356
50.99713
52.78596
53.87141
53.72026
54.06237
53.97573
58.31134
58.48304
60.85636
59.85631
60.3698
59.32129
58.22169
58.44711
57.72677
55.79421
56.39311
55.87543
54.46116
56.90367
57.97446
55.79004
55.11075
55.58627
56.53677
56.60237
56.93664
57.23414
56.16685
57.78022
56.21307
55.23152
55.38019
54.13866
53.94588
54.08443
53.83521
53.88101
54.5953
55.62986
57.60001
55.70527
55.11867
54.53067
55.37975
52.77092
51.50617
50.8911
51.77043
50.70926
54.17443
56.70669
59.10593
58.10703
56.46645
57.69321
58.86338
60.83094
57.87702
57.68499
56.69783
54.92174
56.67418
56.86732
54.87712
55.98535
58.60239
56.8078
57.82615
55.45414
57.62779
58.30283
58.58977
62.41291
59.84676
59.0901
61.20527
59.73941
63.63996
61.09351
60.25669
59.98843
61.7947
62.50629
60.36365
61.2623
58.11249
56.20503
57.51136
57.37468
60.92756
62.9708
62.61516
61.67164
62.82487
59.62395
58.91546
57.59953
54.57455
55.28631
53.54221
55.1671
53.25813
53.52229
53.73608
55.30403
55.53
55.27341
55.46917
57.12527
55.17985
56.18564
57.10934
58.78946
56.48751
57.89599
57.63025
58.30561
58.69747
57.05421
58.04537
55.93995
55.83206
57.3646
58.67649
58.73093
57.31012
56.97001
56.31546
55.49633
55.48157
56.84479
58.27185
58.95311
57.91848
60.09215
63.78578
65.7839
69.39414
71.60614
69.16207
68.57565
68.31924
70.371
69.41231
69.41672
69.43846
68.15263
68.3033
68.37751
67.23045
67.03335
66.10086
65.79267
65.07805
65.18202
67.36176
63.75437
64.38011
62.54017
63.57349
66.19493
62.89493
64.59545
66.12574
64.12916
67.37359
66.75538
66.95247
62.47173
62.78743
65.05725
65.5705
65.78538
63.87565
65.25638
64.42728
62.09751
62.99034
61.30563
64.2621
62.61249
65.60291
67.4479
67.38965
66.18934
68.80832
67.28027
68.70636
68.61082
65.84606
66.66858
64.97643
69.60379
70.52233
67.24162
67.52129
70.40888
69.03881
71.3312
70.29061
71.19765
71.27888
70.38554
72.84129
73.16499
71.56635
70.46622
69.17365
70.56231
68.07509
66.31529
66.98874
67.14838
64.68368
64.91217
64.96034
65.02072
64.02105
63.84059
66.13694
67.06837
66.33243
65.76353
64.95282
64.95639
66.00132
63.48407
62.69919
60.12723
63.39186
61.58136
62.1587
62.78686
61.91082
60.87829
60.58735
64.07608
64.52569
66.71025
64.21363
63.92293
64.27374
64.1172
65.72689
64.454
66.02639
67.38615
64.25717
65.44057
64.92152
63.8561
65.54261
65.4494
65.1344
63.55482
60.27332
59.02649
59.48175
60.84535
60.0698
60.59475
61.98836
59.98159
62.32943
61.80189
59.96332
62.20016
63.55125
61.14995
60.62772
60.237
61.51762
60.29793
61.28549
61.03269
57.79568
56.2911
56.36814
55.95277
54.01742
54.5033
54.76483
54.61614
56.61799
55.38274
54.4436
54.37779
55.38821
53.51082
54.12176
54.63124
55.83341
56.60855
57.49138
58.03698
58.13102
57.70291
58.87003
58.86909
59.60345
57.55237
55.41561
54.66209
56.48221
59.56355
57.1576
55.01873
54.69107
55.6085
50.81588
51.5237
52.22879
53.38378
51.09505
50.45369
48.13252
48.34732
47.08676
49.12907
51.47452
51.87395
52.4059
49.56263
49.42606
50.25656
53.36233
55.14185
56.34813
54.9862
53.14148
50.83175
51.11669
52.67212
52.99533
54.07472
55.40948
53.74357
54.83356
56.72161
59.03222
56.75379
56.6706
56.07825
55.84623
53.84015
54.78979
54.94168
54.33088
55.65283
54.06351
57.02267
58.53683
57.74899
61.77341
64.01518
65.1479
66.59792
66.42988
64.83001
67.38354
64.38098
64.23127
65.17386
65.68624
65.37109
65.49205
62.06514
60.79547
61.42807
65.48591
66.14877
66.92076
69.53103
72.29495
73.47375
72.36215
74.17257
74.20137
75.72142
78.09222
78.60825
77.72048
78.99546
80.00903
82.81053
84.81328
84.7966
84.45129
84.65672
87.09216
83.78686
85.45675
84.98685
83.09392
81.84968
81.72073
79.89712
79.72771
81.05431
82.51631
83.05863
84.93293
84.70931
84.86238
84.69176
80.58441
81.41823
81.73239
78.08916
80.3308
80.59727
83.1849
82.45704
83.52048
82.97159
82.90352
85.98291
86.10259
85.23231
85.74125
84.59379
83.70722
84.52924
85.5478
85.21317
86.12865
81.34123
81.22501
78.91427
81.03544
77.88748
77.3786
74.50446
74.53331
77.11147
79.00623
78.4789
78.86647
80.53904
73.99946
73.50169
72.63667
72.12915
70.91331
69.74779
70.44111
71.67768
70.68685
70.71193
69.45456
70.51161
67.41186
66.91797
62.05032
61.5033
60.64584
59.65314
58.50691
56.48728
57.96814
59.17409
55.47315
56.32969
57.93454
60.11421
59.3823
58.15242
56.0002
55.95982
56.19416
54.2874
58.34418
56.73495
55.34092
54.98602
58.97513
60.51343
58.92519
60.03065
59.8558
62.11889
64.18207
61.64203
58.987
57.63314
57.24664
57.01383
56.04133
55.99874
56.28617
52.97582
51.60929
52.15469
51.7942
53.37331
54.06184
54.12668
55.61971
53.04091
53.23026
52.8777
49.37608
51.82379
52.27388
52.46435
53.26971
53.31721
54.26577
53.4553
53.6794
54.24943
53.97266
55.1247
56.72069
58.08969
61.09429
59.44882
60.60632
59.39846
59.07004
59.91251
58.21273
58.53106
56.50304
57.89023
57.60228
56.16061
54.65106
55.90233
54.37676
56.98605
56.30011
56.5801
56.71174
57.47681
56.84151
56.41685
54.43314
53.58865
53.6902
52.98425
52.88624
55.28828
55.73796
54.06743
54.5672
55.085
54.12105
52.99708
53.12176
54.96326
55.20358
55.73867
54.47649
55.65917
54.64636
56.34332
58.10921
59.44411
61.06843
62.01905
59.54771
59.11392
58.58452
57.17979
56.84053
57.55213
57.28362
58.7177
62.50384
61.75442
62.6569
64.91825
65.99605
66.93716
68.89789
68.33256
65.30998
66.47369
66.9534
67.09677
66.2693
63.4937
63.83813
65.65081
68.73065
68.28428
70.21246
71.85301
69.60971
70.28382
72.66294
72.0472
73.21402
74.25746
70.69291
69.73861
70.13193
72.06273
73.43155
73.71572
73.60781
74.13238
72.59543
71.77763
70.74264
73.24996
76.84597
78.29143
74.0301
72.46528
69.79926
74.5011
72.99062
72.61501
73.72104
75.27138
74.35445
73.93527
72.89212
75.97159
74.79381
72.06664
70.267
67.73587
66.64806
67.23547
66.99599
69.98305
70.61381
67.65303
67.67468
65.40235
67.30099
66.86428
68.2386
69.96908
69.46474
68.41191
68.62262
68.8061
68.38065
68.17231
69.02201
71.68291
71.29177
67.61969
65.33288
65.64395
68.46489
67.77586
71.90447
73.55351
74.94883
72.76829
73.15598
74.77803
74.97195
71.91036
75.78886
73.1939
72.79826
69.84686
69.69333
67.14627
70.92629
71.46451
72.42693
73.00113
72.77244
71.32474
68.63233
67.9054
66.7527
65.24333
66.35857
68.15518
67.4362
66.49006
67.70588
67.99279
69.97084
66.42542
65.09015
64.42333
64.73945
62.33701
65.1645
67.52351
68.35362
65.94422
66.62852
66.7749
68.61213
69.72536
72.40305
72.61025
71.35919
70.3189
69.84701
72.06173
68.25302
69.45374
71.99809
68.58574
71.03959
69.42829
65.35951
65.40176
63.52624
63.22928
67.06244
65.83135
67.86551
67.75864
68.0678
66.55495
68.74718
72.71333
73.43872
76.00172
75.73127
70.58293
69.92617
71.88954
72.7081
74.89089
74.41967
71.77837
71.87915
