233.1639
232.8541
234.1844
235.5741
240.956
241.1224
228.2977
250.1992
262.8426
278.7069
265.9712
265.3364
252.0625
251.2808
244.6548
243.5756
251.011
241.1733
234.5654
233.0845
236.9936
236.9925
251.8465
256.7168
254.2139
252.6084
244.7694
254.9522
267.5668
255.0703
246.0644
237.2017
250.8953
255.3128
257.9415
252.8087
237.3239
247.1188
243.7907
250.1795
236.9433
251.6277
234.7773
257.7321
246.8604
257.1196
243.0934
250.1816
259.7084
265.0487
276.4017
260.024
255.1412
255.4749
278.2856
277.2306
256.8842
279.1904
250.634
234.3789
221.3338
211.6024
199.4473
189.1278
208.7946
187.9315
209.426
229.1576
232.0442
257.437
247.8442
231.8174
203.1851
204.1887
208.54
224.2507
210.8218
233.1171
233.91
212.8917
219.0965
223.4209
232.1367
239.546
226.8826
230.7772
225.0942
212.0473
213.7667
216.6528
240.2994
248.609
257.9065
268.583
255.9301
257.2898
241.9308
253.9044
228.2467
230.9562
238.1012
243.5936
238.0319
235.3955
223.2944
231.9088
209.6035
208.8119
217.1924
212.8681
197.1508
180.4352
180.4532
129.0676
139.4204
115.9036
107.662
106.8252
78.3423
65.48981
54.26576
61.92631
57.3783
63.26967
61.47356
61.33074
71.12465
75.05212
96.23519
108.7633
123.8078
109.7327
94.40069
89.76708
84.88123
98.45751
77.93205
94.82179
105.2677
104.3512
89.3145
70.85866
66.90083
58.48272
57.82797
66.98304
59.28476
61.13731
53.97278
43.39825
46.02375
59.46403
53.25849
43.47342
63.39964
75.80631
77.44524
72.739
51.23888
64.48303
54.39074
45.45845
62.04189
65.00975
55.92267
65.11542
61.82253
64.10522
57.87266
36.47286
30.00819
14.74498
-5.91141
-9.552366
-6.555309
-25.44584
-5.118227
-6.304002
-0.1941322
-8.875909
-20.64843
-12.83508
2.98301
-19.91407
-21.08415
-27.99512
-37.42702
-19.36877
-14.67097
-16.78633
-8.779301
-20.5712
-35.12036
-44.12461
-40.32101
-29.75626
-28.4296
-37.11093
-26.10212
-13.70203
-42.89611
-13.0779
-15.10632
-16.3033
3.713435
-4.467018
-8.747921
-15.50923
-24.6738
-35.52113
-47.62821
-27.95661
-15.69818
-8.732489
7.097363
-11.51397
-20.23564
-21.37327
-19.03662
-17.55309
-12.25222
-9.35606
-44.78564
-32.03517
-26.93046
-22.51331
4.315815
4.36086
4.768938
30.5395
32.59255
43.8514
41.85991
41.15572
37.42851
64.63228
62.32129
69.12635
82.42905
86.25673
100.606
117.0705
115.0229
105.542
111.6532
112.2634
123.5001
121.5004
123.2718
144.4259
133.5163
156.6783
167.2178
153.4284
166.2364
163.1405
176.2234
179.5364
218.1992
215.7963
223.677
218.67
220.3631
220.5534
230.5469
231.0655
220.6948
189.7191
188.2613
191.583
206.9007
219.2236
194.4368
194.6679
186.101
187.3623
189.4887
195.1769
195.0044
188.6961
179.0546
186.2768
196.0383
187.4191
184.5394
189.83
176.5618
184.5409
166.5274
183.2714
198.0844
206.4532
199.9767
204.6805
209.2624
199.933
199.0602
197.1617
189.435
164.5731
165.7072
173.7995
176.3508
151.9857
180.453
198.5117
189.5859
203.9915
212.5295
215.5367
226.8321
228.1782
234.8364
232.1677
240.2198
228.4858
216.6988
213.6124
217.8337
215.048
217.9787
207.0728
187.4418
187.8782
201.7922
191.1059
185.0362
215.19
220.0253
215.3248
211.9336
214.7971
208.2341
215.1172
233.8387
221.9488
232.1511
226.2273
216.0962
221.2359
222.2788
208.6972
213.7543
229.6443
193.6536
196.5611
204.712
224.2645
213.5615
201.3419
212.6436
208.3632
203.4256
186.3597
178.3944
162.0886
175.8667
175.5204
177.0443
177.5757
149.0922
141.734
150.115
165.7448
167.8348
196.7649
188.7389
181.7991
192.7276
221.4838
221.6389
226.0169
237.9553
222.3717
249.1753
260.7098
257.6482
267.3547
265.4267
275.1837
260.6588
278.0922
261.4409
241.6212
229.6601
227.9267
208.2726
179.1355
174.8296
187.2718
204.6566
200.4014
198.9131
211.5197
211.5728
222.3249
216.8795
206.3596
210.4195
213.1623
205.0439
221.9791
226.8001
215.9412
197.3251
220.863
218.5064
222.9444
225.057
221.6418
228.0525
210.2066
223.1789
219.2862
207.9506
198.5002
200.6328
219.4942
209.0461
210.9206
220.3995
210.9755
190.9615
186.0261
203.0928
197.2347
205.7747
203.9893
199.716
205.6176
206.1127
196.7626
190.269
206.4349
198.1509
194.3005
195.8434
196.5757
203.4901
200.3981
193.2446
204.6716
197.8891
204.2863
206.5263
197.9795
185.4849
183.8392
188.7848
185.8818
172.6257
179.42
182.103
172.8624
172.8967
174.406
175.016
168.5928
184.648
172.9846
176.6705
183.9524
184.7705
198.7426
201.765
183.8403
185.9909
185.0464
187.7612
161.0707
179.899
184.8921
183.0748
191.9323
163.2701
143.1977
157.579
183.5047
186.0136
168.4165
145.3879
140.105
128.1809
154.5192
159.836
166.2325
152.2317
144.7577
144.7913
159.8796
167.3731
155.6815
156.5105
161.6864
171.3926
203.7159
223.1967
208.363
216.1805
203.0722
189.9973
196.2263
204.5944
201.5402
200.6571
216.0808
207.8935
209.5817
209.1301
203.2142
217.6094
222.4425
236.8884
246.0036
259.845
273.7228
274.1578
284.8265
261.5602
289.947
296.1055
277.1448
289.1329
289.6823
287.3804
279.0659
288.595
290.8035
275.914
279.8891
272.4021
275.7922
271.8137
255.2168
240.2941
238.6796
235.4042
212.7616
198.7595
205.0951
185.5946
187.1826
191.3921
217.9581
197.6558
186.1732
202.4148
214.6037
205.1795
209.5534
224.8209
216.5313
213.2325
179.0005
167.565
176.4366
165.0223
178.0189
158.925
155.4609
175.647
178.7642
174.9056
160.296
169.7466
176.5882
194.6269
204.3837
187.5855
171.7026
196.1376
185.1418
207.4435
215.6033
203.6633
190.6512
183.6916
180.6171
181.5901
192.1839
203.4762
200.8089
207.6109
237.6581
243.2466
236.9431
255.3132
253.6432
228.3086
213.8087
212.0849
204.9617
205.6304
207.325
220.7706
203.054
202.5272
203.1981
177.3545
177.08
165.8129
161.1072
145.5303
139.9069
133.8318
139.6851
146.7702
165.8978
193.3632
189.1486
172.6592
175.1631
170.1827
162.2264
156.4016
157.9809
139.7351
148.605
178.8389
197.5633
200.4814
184.8934
179.7631
172.8306
191.1145
195.5898
190.1324
197.0636
229.6916
229.4999
225.4304
217.8217
205.6555
217.9053
224.2817
227.6422
240.8174
225.8762
208.7529
222.3247
229.9878
206.8854
230.9965
219.3057
220.2171
230.8594
213.2638
211.2136
213.3846
220.763
196.4225
211.5665
207.8079
186.4652
172.0018
183.8611
171.5777
172.0266
181.7349
176.1638
181.8471
192.941
176.1348
174.5962
179.6993
163.3347
156.3862
150.2073
158.8627
140.385
149.5131
169.7452
178.4792
170.4233
170.0017
169.7747
161.4254
152.9755
155.1456
150.8453
148.1537
120.3057
136.4834
137.6052
123.0196
118.6085
108.4994
91.47243
102.4096
108.2942
84.72727
87.06546
74.73672
65.69297
69.16691
49.3796
65.60299
62.3519
45.48951
76.53632
71.55714
67.0745
59.83819
56.66739
75.41335
100.0958
99.01109
79.33509
81.07549
76.069
75.65719
95.1229
102.0729
97.51528
100.6957
105.4726
105.037
99.30245
121.3662
138.7398
136.5788
145.4343
171.2548
165.814
171.4197
170.9148
162.0455
187.7839
194.0375
193.7383
177.3953
178.4715
182.6776
182.0192
179.4683
190.204
189.4056
199.3332
217.8265
204.5461
214.4984
215.9575
203.5947
207.7953
187.845
175.7158
170.6782
147.4204
158.1517
155.1037
153.3643
146.3003
134.0768
149.5068
156.3105
163.3597
160.0866
188.0171
176.0858
161.4511
174.4195
170.7969
166.3454
152.5131
146.2126
140.4854
120.3993
106.7753
129.2926
123.0867
123.0471
126.5031
148.4172
150.6543
157.3035
172.3628
190.1059
186.0117
180.5719
176.5312
178.7408
187.7542
200.9208
189.1791
210.8261
215.8791
213.3492
222.5672
218.6797
217.8929
204.6047
228.6618
212.1321
192.2463
187.9453
200.61
213.6308
203.6481
219.5367
225.2183
201.8326
217.4116
231.8032
245.0296
225.7635
210.4571
189.3054
205
223.3672
221.245
214.7526
219.5181
202.3642
213.2663
209.235
198.3429
192.7816
193.2072
192.3286
171.2315
164.9806
152.6332
164.5773
165.7384
178.9857
189.1953
195.643
220.855
237.2939
228.5669
223.1105
211.95
215.8306
221.9265
202.8786
195.5207
197.9509
211.4891
206.5819
225.0141
239.4006
251.5414
251.9411
225.0873
202.0192
187.6911
169.5381
168.2516
164.2376
188.7781
188.5712
190.4398
191.9872
184.5393
174.1427
136.6444
133.5619
147.9598
151.3479
140.668
122.1466
106.192
96.48679
97.11748
110.133
116.4855
96.5404
96.37708
96.56381
113.5508
118.8769
113.5395
141.0129
125.9026
123.0261
131.1253
140.9801
158.8432
165.8338
171.0751
163.8959
150.2238
149.1025
160.1142
145.3643
134.9882
143.0418
139.8048
128.7987
132.5241
109.4285
109.6654
74.12727
62.63979
54.43367
67.26261
65.91571
68.72611
70.19921
56.9351
65.63879
52.43686
50.04689
46.51366
73.64819
84.97385
86.89748
88.77102
74.08147
77.49707
84.07839
67.94029
66.50011
68.58588
75.8113
67.10579
88.46899
101.0894
86.85254
92.51937
117.1071
112.1296
111.7003
128.5532
131.4497
119.2974
99.1417
83.60251
72.52831
62.27627
54.05943
45.76797
54.61874
55.61538
55.09927
84.04596
83.70633
114.9267
112.9383
130.4694
136.0015
137.8023
151.2821
155.9714
173.3187
187.5949
173.2775
173.9712
177.2084
173.3094
182.782
195.472
198.8671
218.9047
235.6337
263.6029
251.3956
265.5091
258.3403
244.3262
256.8818
272.5721
299.0346
309.7449
299.8215
340.1352
327.4641
308.738
304.9051
281.5744
286.1526
297.1803
294.4175
296.5424
283.2513
273.0461
256.9354
266.1151
262.635
245.9121
292.3986
300.7322
302.898
301.944
303.4888
306.58
303.036
292.61
292.4561
285.9651
289.0168
287.2312
294.7722
289.6335
279.4906
289.2003
303.2631
290.354
288.8801
277.6153
271.8687
258.6087
242.0316
248.2211
247.756
213.0923
194.966
167.5757
171.4726
183.6296
178.59
205.8357
197.8133
198.114
199.117
184.0968
192.5675
182.3476
177.1361
175.2014
170.1359
149.9067
150.7046
160.258
150.4512
162.5824
147.9993
129.5222
139.5558
145.2577
136.2844
133.7999
166.032
179.9004
174.3833
174.6928
170.1987
193.473
217.4388
222.1681
199.8442
201.445
180.6597
162.8127
139.907
155.1057
172.4354
166.1592
159.8945
157.0198
149.8898
144.2404
157.491
176.5809
148.3949
137.4582
137.4721
122.0743
117.7358
135.9624
139.792
142.856
138.0205
127.3538
127.7264
137.8259
127.9852
116.3587
105.0515
121.494
131.0146
111.3837
129.63
134.8121
129.7734
125.6614
110.6298
90.88065
96.12542
120.4617
133.9078
124.9144
125.7006
102.3196
106.4597
119.9142
119.3039
128.6836
130.1676
134.0356
148.1966
157.8039
163.4778
171.3814
177.3893
175.2573
169.3388
179.1469
162.8977
142.3376
142.1695
174.6634
198.5743
198.03
195.5208
207.2625
206.7028
237.6613
243.2075
225.5311
232.5383
233.1208
219.494
239.6166
260.9606
247.4447
241.9375
247.8903
256.9531
248.7732
251.0091
233.0724
232.8841
223.2093
226.6993
235.8076
233.1832
243.2466
236.2663
225.954
226.4079
211.0476
211.1229
192.2655
183.4961
180.8222
174.9173
205.0335
198.2724
216.7561
204.3598
210.6469
204.4058
194.9008
185.1903
188.1159
198.9384
185.2338
188.2681
190.9122
178.7821
174.8235
153.6656
171.5406
161.0527
148.0054
168.1065
192.2933
196.7352
186.9854
199.6887
192.8748
194.3228
203.7498
201.1092
210.6421
210.2429
211.8775
229.1568
238.6116
255.343
257.1511
247.5096
262.6771
263.2173
247.1784
241.1296
244.9935
259.83
277.1396
287.5803
300.3497
290.5614
280.872
265.7614
267.3677
267.2011
265.5117
260.9004
248.4761
229.2019
215.2079
222.4847
223.161
235.0442
242.967
241.4527
234.8308
251.9671
236.5959
228.6094
220.9584
194.6729
177.6738
180.9174
175.4468
192.1509
180.0426
175.9589
183.9173
175.6553
176.7644
180.1133
152.2799
156.7896
147.0046
123.4375
138.2279
124.5246
130.7249
129.2475
114.7704
133.5649
130.6141
118.3052
124.7588
119.7859
122.6741
122.1542
119.1268
123.2346
131.4394
129.3966
122.0703
114.3198
134.7817
168.6377
164.2434
154.6928
162.6844
180.5846
167.151
162.1978
169.1883
158.9551
141.445
156.5489
161.6973
143.8938
130.1758
130.2894
146.6974
159.6409
185.6217
173.9276
184.9734
181.6835
172.2322
162.4304
146.9085
143.5886
146.3381
152.8121
150.1435
160.8585
151.942
152.5528
175.6185
175.9286
168.4013
191.1605
175.3248
176.3335
198.218
189.7214
194.0213
205.0595
227.098
224.1786
224.9882
226.7621
236.6896
216.3786
187.0514
193.8947
197.8075
181.879
192.9714
177.5975
198.8113
205.2676
212.8439
228.8244
229.169
226.2002
232.4527
243.4014
236.609
236.3699
216.4606
230.1097
212.39
215.219
218.1141
210.4739
188.6077
187.9487
206.111
214.1041
217.7957
216.7195
232.1588
214.7706
176.643
163.7934
208.8767
213.5801
212.7579
212.3267
229.5656
240.2147
239.1495
238.9927
241.8232
250.4185
222.9469
222.5231
218.0194
204.5149
193.7684
187.9586
184.6399
169.5802
180.1483
193.7533
186.3667
199.3568
192.984
190.6763
199.2232
200.3914
187.0772
200.3859
198.8767
181.6541
160.3789
165.0838
183.7228
188.9749
176.7506
186.9015
166.0408
160.0279
177.8639
182.6892
192.2601
193.9597
195.4149
224.3781
221.0506
227.5965
240.6704
230.6246
243.3596
243.4542
239.4074
250.0767
235.5968
239.4916
243.3853
240.2234
227.9823
234.2281
252.5531
240.6757
253.9565
237.9284
241.4073
244.4681
261.7583
256.6486
220.9757
235.6948
260.8063
245.2551
256.4645
231.6484
239.8625
240.7296
234.5724
241.9961
226.2072
249.947
257.4412
249.9976
226.8717
226.6835
213.8359
220.1633
208.2099
218.5105
235.1458
211.2096
202.0382
210.7756
207.7665
214.1191
207.9652
200.583
198.0938
209.2074
222.9811
201.6558
214.0871
204.262
207.8677
205.2887
186.989
180.8784
206.2684
233.6886
228.8568
237.7049
221.5931
206.662
184.6191
185.128
182.5436
173.6931
173.4113
181.9966
176.877
174.5784
189.7238
200.613
214.327
221.8921
216.1306
193.0608
197.1441
200.3994
191.6817
182.4389
202.9721
205.2506
224.5967
235.9112
225.8326
223.757
218.1561
222.3471
206.9045
194.2808
175.1149
198.7178
202.2824
209.5732
208.4394
189.5409
171.7326
181.0509
159.2029
168.7066
185.0066
198.6481
194.3421
183.847
194.1101
195.7072
195.9302
177.0983
181.3501
179.1059
185.1412
178.3909
171.0085
161.0706
147.6423
169.0801
163.8788
178.0591
161.6788
166.627
168.481
156.9074
168.8892
149.9881
124.3824
116.8849
83.95453
91.37813
85.00026
93.05226
83.55114
79.18081
75.7187
65.9555
86.7068
77.42942
75.86887
72.17336
51.15618
44.15963
50.5315
80.19554
57.66769
63.86582
90.66669
101.898
84.05043
73.15419
90.04525
79.7173
62.27434
54.49314
55.85351
50.70947
55.12374
60.4097
44.00207
45.65974
45.236
26.88605
14.56921
24.7816
40.74536
68.13973
92.19689
97.46204
87.79416
81.39603
80.91543
83.33906
100.4294
112.2762
106.5851
106.5217
121.5429
115.6645
143.1363
138.3039
135.5859
150.4523
152.2171
157.9554
167.4623
167.8801
178.502
181.9278
168.4405
144.9847
170.7217
169.0584
186.2634
192.5756
191.5734
185.2648
199.7817
218.127
196.6022
189.303
192.87
194.4405
183.943
147.4048
143.0723
122.1681
136.5263
125.6335
109.5264
90.02558
85.48726
113.0631
88.81512
103.4761
100.6819
105.3959
98.32507
71.34639
77.26089
77.88799
90.64101
87.32178
67.7122
54.59982
74.87795
96.81539
89.30055
107.6066
120.9899
133.9389
115.0313
105.1798
98.65129
100.7447
81.57445
114.2638
124.9098
123.9182
141.3628
159.6025
154.1965
160.8483
158.9534
153.5701
156.3511
174.0756
214.8708
207.1698
211.5957
224.8788
214.5789
220.631
210.199
217.2845
206.7009
219.7206
214.6956
216.2447
222.2726
227.226
230.4256
233.2904
228.0761
236.6015
236.727
220.5367
217.7057
224.4759
202.0705
199.2893
197.2211
179.7258
200.5878
193.6979
216.1676
214.8277
224.3958
200.3852
182.9776
170.0546
170.4729
177.8637
183.4634
171.6376
175.0614
181.9547
173.6796
170.2897
145.6618
156.3837
159.1016
153.7138
152.6
130.0744
117.8411
126.5685
109.8017
96.96387
78.99825
87.49393
90.19682
102.8912
112.2229
113.8985
108.5822
