probIn scale
0.01794707 648.6182
0.007188098 744.2449
0.01588751 947.5896
0.008156434 892.6201
0.01674887 969.4823
0.005861674 1010.175
0.01184619 926.9426
0.01154562 940.1047
0.01046042 1015.015
0.00484478 1095.351
0.005221942 1013.99
0.005508076 947.7201
0.003490101 978.2226
0.006482604 1029.415
0.004322347 1104.847
0.002338222 1141.067
0.006238052 1136.608
0.01443275 1033.642
0.01595036 1049.497
0.01507326 1104.162
0.01743167 1035.033
0.01713469 1036.647
0.0225763 997.147
0.03099696 1042.785
0.03171287 1111.297
0.02910975 1081.004
0.02208411 1123.333
0.01669752 1194.922
0.01014347 1204.127
0.01281147 1039.643
0.02556336 958.7226
0.03058722 1020.186
0.02601665 839.4801
0.02275343 926.6356
0.02079905 996.3089
0.0212422 911.8455
0.02252741 890.6483
0.01899699 830.6658
0.02540781 775.474
0.01812907 750.451
0.02558824 832.494
0.0220778 913.041
0.006177776 895.111
0.01937625 873.3662
0.004009776 931.249
0.01321866 945.6068
0.009677675 892.2328
0.01839874 878.3404
0.006023721 851.0577
0.006135753 852.5643
0.004075782 853.2447
0.008021881 873.9472
0.002916477 815.159
1.806525e-05 830.6544
0.009600348 919.6627
0.003125568 824.2503
0.008235657 838.7874
0.008109008 884.1288
0.001851236 938.5017
0.003427091 855.5845
0.007391217 891.5742
0.01114471 902.0596
0.02219355 906.8567
0.008921202 956.1895
0.009101807 985.0199
0.004154239 952.1313
0.009138681 956.5662
0.006777859 980.1025
0.009994609 993.7616
0.008550526 1071.256
0.007373727 1029.577
0.006698578 1057.921
0.01123136 1142.342
0.007245605 1084.603
0.008282841 1048.305
0.003610438 934.3917
0.01059485 1022.124
0.01370862 966.2946
0.01379903 873.6519
0.00604295 893.0541
0.009002359 853.2418
0.0101014 795.4723
0.01007686 834.6353
0.004492752 844.5855
0.007514825 824.5072
0.01190005 814.2393
0.005816988 830.8693
0.004810679 753.2971
0.01018771 796.8482
0.01709625 810.5075
0.01481289 784.0399
0.0175696 882.1471
0.0092687 851.3806
0.01803068 825.8166
0.01601637 870.1927
0.01411966 903.2227
0.01806748 968.1297
0.01616553 1183.645
0.01502151 1119.709
0.0166539 1080.943
0.01350296 1190.966
0.009634469 1324.274
0.01430755 1363.108
0.01260573 1244.503
0.01123216 1317.329
0.006242288 1403.053
0.005505893 1344.078
0.009100061 1174.344
0.006795071 1210.879
0.004464363 1210.286
0.006819176 1296.5
0.003387718 1268.11
0.01116112 1359.313
0.006446401 1432.582
0.0008112038 1466.774
0.001802406 1388.022
0.003125324 1524.323
0.005662009 1490.137
0.003023915 1594.484
0.005981211 1598.354
0.005779136 1520.968
0.001712049 1504.257
0.00606631 1643.13
0.003725025 1691.535
0.004324197 1749.146
0.0008849515 1557.999
0.001611264 1564.536
0.003275694 1493.186
0.002437402 1343.497
0.005609173 1190.334
0.0006838067 1269.417
0.006007517 1329.102
0.003493017 1414.237
0.001746328 1460.655
0.002448345 1369.487
0.002499889 1394.982
0.002778802 1424.446
0.008666114 1169.498
0.007754053 1231.56
0.01001687 1145.236
0.02033609 1030.93
0.01324481 960.3283
0.01503691 1007.65
0.006787029 957.7217
0.008676939 863.7198
0.02475508 893.3028
0.01969592 861.3784
0.01703877 840.4164
0.01767095 859.4745
0.02435526 878.5075
0.02607738 876.6113
0.02303485 911.4469
0.01165283 952.6143
0.01676243 905.0539
0.01594607 840.8703
0.01799261 756.1062
0.009713444 708.8482
0.02145212 681.0003
0.03261198 728.6541
0.02739325 690.9441
0.01722708 670.5414
0.02095168 709.7752
0.02111234 660.9025
0.01360077 684.6384
0.01396365 564.3774
0.003819248 482.0145
0.003711438 502.5124
0.01213482 476.5527
0.01607314 500.6738
0.00208709 499.9347
0.004413151 433.4375
0.007336247 469.3805
0.0138979 496.4218
0.0254211 546.8944
0.01129211 605.9773
0.01766384 648.3413
0.01360871 668.4733
0.005863736 649.1896
0.008529184 750.3452
0.01430891 775.1673
0.0126677 737.0272
0.01616166 772.1132
0.01469558 862.6377
0.007632684 903.6025
0.01031197 902.0676
0.004789296 866.6843
0.008507905 871.428
0.004253675 813.6693
0.003258194 807.5096
0.003912688 782.6451
0.006959796 793.9014
0.002919168 788.1062
0.004384214 783.9269
0.00828688 797.6271
0.005196983 869.2159
0.002658401 921.0582
0.005078873 888.3521
0.006165863 862.5677
0.005745924 816.5293
0.01043622 801.906
0.01483505 733.7997
0.01712445 716.5689
0.01398331 693.4894
0.02112354 703.2536
0.02110865 713.0678
0.01796874 766.0186
0.02466112 670.5656
0.01547641 609.9484
0.01922796 645.3442
0.01349904 600.3446
0.01546163 512.2889
0.0268427 526.7592
0.02388223 572.3348
0.02498668 549.5684
0.03244474 521.9048
0.04152248 542.4906
0.02276945 544.2556
0.01689154 564.1923
0.01630756 555.5351
0.01354226 601.8412
0.02577826 630.4075
0.02496699 660.9008
0.01776227 660.3481
0.01622976 738.862
0.02172087 725.741
0.03837318 768.6823
0.01847299 819.9793
0.02058612 778.8823
0.02756872 805.7456
0.03078108 877.6547
0.03636432 863.0391
0.04411777 801.1158
0.03202541 821.0904
0.0281406 749.904
0.03400252 742.8522
0.03340191 687.2727
0.02799791 638.588
0.03565778 639.4209
0.0420964 573.3896
0.02333168 600.7013
0.03895839 672.6442
0.03747829 634.4269
0.0371713 680.6875
0.04719492 722.6011
0.03057179 677.5036
0.03558249 689.3352
0.02794082 735.9376
0.02728538 749.9807
0.03169464 753.6557
0.02673871 830.9985
0.02943269 863.0458
0.04100066 848.6865
0.02107147 816.6115
0.02235993 813.953
0.01709288 826.7345
0.02056214 786.5536
0.01400827 753.2451
0.01343617 740.9578
0.00969765 781.8326
0.01439465 804.8638
0.01921309 854.3861
0.01531609 868.8104
0.01730743 920.2042
0.02746941 887.8298
0.02951384 907.6873
0.0164302 815.7467
0.03096568 851.9523
0.03424959 772.5534
0.02071784 776.2747
0.02601179 686.0911
0.02545227 716.965
0.008629108 858.1103
0.01844545 867.1676
0.0161211 808.1611
0.0186957 744.469
0.01559437 710.5003
0.01500397 790.784
0.009699623 752.7588
0.01641676 784.2795
0.02214665 757.4394
0.01141784 733.7256
0.02324356 706.3032
0.0242541 752.8627
0.01538152 747.5771
0.01614844 769.2507
0.01920654 766.5845
0.01737366 835.4608
0.01470241 770.5367
0.01294904 765.6633
0.01731783 801.8337
0.008142681 813.4993
0.01519983 855.7229
0.00746638 864.9599
0.01422214 850.6518
0.01283612 881.1911
0.0141132 842.6329
0.01549532 817.2525
0.01414029 848.2164
0.01775242 794.2809
0.01195174 747.632
0.02045404 777.1828
0.02328814 808.7563
0.0111666 743.256
0.02649746 754.9979
0.02710795 773.7473
0.01403847 785.5046
0.01651005 783.3155
0.01731329 817.9564
0.01294219 820.679
0.001706253 795.1957
0.00550613 747.6957
0.002171421 730.5798
0.007803325 750.7541
0.001489031 699.7491
0.01020399 748.7205
0.01491747 765.959
0.02320438 838.3179
0.01159106 842.2472
0.006128221 926.6069
0.01476262 888.3869
0.007328625 807.8005
0.01050963 811.7189
0.01167059 786.5278
0.01471183 736.2408
0.006277585 720.8533
0.005665253 656.4591
0.006131614 622.8485
0.01170774 592.3389
0.03326395 639.3161
0.0126909 588.0293
0.02124379 604.7467
0.02132669 525.0899
0.01669534 505.7335
0.01079921 516.4407
0.008886337 528.1769
0.01073898 500.8839
0.01683312 508.769
0.007151401 536.3506
0.01163029 568.6244
0.01696563 561.4819
0.02305587 597.4274
0.02390603 514.0321
0.03350629 501.9712
0.02961774 527.0325
0.0174444 525.7836
0.02469327 517.866
0.02888392 537.341
0.02255132 525.0146
0.03219484 520.2425
0.03891717 503.26
0.02949637 519.3267
0.03839418 477.6423
0.02972723 500.6817
0.04069561 460.0922
0.02985309 490.3968
0.04076738 437.741
0.05098526 462.1523
0.03921148 435.1348
0.03163246 419.3567
0.03853776 402.5093
0.01946527 385.5294
0.04048782 366.1907
0.02353848 411.2028
0.01812828 392.7903
0.01932525 426.7056
0.02257033 460.9322
0.01431326 453.659
0.02426604 466.9692
0.026072 471.9069
0.01396822 494.4232
0.0280346 488.7962
0.03659449 506.1538
0.0215272 565.646
0.02197271 622.1331
0.01538206 648.7678
0.02654747 737.3896
0.0272203 723.1191
0.02264853 684.301
0.02140593 647.8516
0.02326711 675.2095
0.03079215 690.0194
0.02265492 755.303
0.01560208 707.615
0.01515082 719.8069
0.02331645 647.9225
0.02528551 695.1185
0.02702422 702.4298
0.03462472 668.7091
0.02808682 643.5112
0.02408269 658.1695
0.03393625 626.2292
0.03490912 667.0376
0.03528058 656.7638
0.02990442 672.5146
0.02235765 725.2473
0.01983858 697.8748
0.02315612 690.6434
0.01285837 752.7212
0.02042963 847.8542
0.01678792 780.0577
0.008606344 741.4177
0.01718376 759.5141
0.0258341 712.2664
0.01826061 757.1289
0.01555939 804.0098
0.01311905 829.9941
0.01022966 878.745
0.008310753 897.2934
0.01255033 857.5371
0.01323496 813.3896
0.01710899 797.3092
0.01945131 781.2949
0.009781764 818.4538
0.008549817 817.5342
0.01611131 818.7983
0.01989148 789.5235
0.02282544 747.2222
0.03326141 762.0158
0.01233955 689.4642
0.009547034 680.1303
0.005287531 715.3066
0.006872983 688.2091
0.004932586 654.5306
0.01383134 650.7589
0.0126192 665.5442
0.01236029 629.7985
0.0210791 750.5831
0.01102901 605.0655
0.02184119 662.2615
0.02191016 637.4762
0.02100937 642.744
0.01533388 692.2618
0.02484371 700.6164
0.02637774 774.1669
0.02081052 692.6725
0.02052373 681.0188
0.03563225 683.9626
0.03954076 742.6564
0.0313857 782.2377
0.02843071 827.6258
0.01433903 827.8854
0.0163724 901.9718
0.01195981 914.0803
0.01533242 1000.125
0.01378286 1069.881
0.01244932 1043.823
0.03310636 1017.468
0.01710418 978.7029
0.02268217 1006.172
0.008538446 1086.643
0.007640914 1196.261
0.009969679 1102.797
0.009068645 1174.078
0.0006792231 1208.872
0.001529148 1258.725
0.01276605 1291.103
0.01784482 1342.423
0.008307968 1318.033
0.01705443 1355.676
0.01415788 1386.04
0.01418343 1477.65
0.01779068 1395.08
0.01974805 1412.172
0.01389324 1318.676
0.016569 1163.32
0.01080581 1044.158
0.005037879 1135.779
0.007072164 1082.339
0.01020361 1192.983
0.01859863 1206.558
0.008834512 1120.617
0.008203491 1104.6
0.007458156 1073.269
0.003496151 984.6443
0.008435961 906.3972
0.004407465 843.9178
0.009370811 780.2902
0.009596918 750.3626
0.01152823 742.9966
0.01579666 700.3145
0.006422784 678.7971
0.01325927 662.5543
0.007094076 702.0695
0.007902718 690.3281
0.007290008 724.7606
0.005431867 759.8855
0.009144636 831.2056
0.002809619 869.3619
0.005158896 899.0144
0.00264163 959.6915
0.002598576 916.1845
0.002196038 918.7939
0.009140206 934.5945
0.01085059 944.9226
0.01651677 873.2014
0.009785292 804.2263
0.009224577 741.5536
0.004832582 867.9472
0.009413953 867.6343
0.01066076 770.7903
