2268.048
2709.97
2265.867
2586.811
2405.287
2555.751
2616.781
2594.111
2634.772
2609.647
2344.112
2388.741
2511.162
1974.347
2464.497
3324.061
2955.571
2810.742
2782.704
2458.891
2427.691
2259.341
2435.246
2247.12
1778.281
1757.586
1842.892
1843.719
2130.746
1928.014
1625.812
1947.484
1840.559
1539.01
1585.19
1480.975
1296.758
1327.72
1482.669
1570.172
1472.99
2003.007
1799.635
1794.604
1934.473
2305.897
2497.035
3383.151
3192.993
2786.172
2843.027
2608.367
3260.479
2888.147
2811.234
2410.088
2439.561
2640.053
2825.192
2162.923
2111.796
2096.497
2209.953
2528.841
2553.361
2706.261
2473.715
2638.218
2258.967
2401.724
2952.327
2880.155
2900.331
2962.728
3176.947
3026.502
2777.276
2642.049
2357.68
2142.294
2236.137
2491.283
2244.268
2098.899
1692.727
1536.262
1318.626
1332.049
1305.388
1478.948
1521.259
1473.091
1844.269
1876.819
1801.597
1304.462
1454.97
1395.273
1662.426
1588.681
1462.2
1525.993
1740.191
1679.081
1597.692
1538.323
1437.096
1464.569
1439.041
1663.177
1829.396
1807.375
1932.54
1850.342
1978.169
2017.341
2442.321
2464.163
2427.734
2726.649
2949.089
2809.264
3213.409
2963.762
2534.601
2600.135
3255.528
3208.995
3205.987
3391.669
3098.414
3345.903
3883.158
4186.572
3852.305
3386.219
4186.199
3879.808
4076.274
3551.188
3344.767
2984.759
2933.353
3011.426
3084.411
3409.229
3522.015
3467.192
3609.055
2817.588
3395.234
2757.509
3261.272
3177.133
2959.766
3195.041
2734.163
2216.081
2060.311
2233.34
2190.591
2003.231
1960.301
2010.689
1736.84
1760.347
1718.231
1520.203
1656.929
1812.42
1732.65
1705.893
1786.937
1810.5
2048.716
2129.619
1919.115
1865.262
1783.335
1921.878
1859.47
1362.45
1432.742
1510.898
1777.584
1747.042
2070.908
1875.805
1825.561
1693.337
1577.532
1814.934
1826.236
1692.565
1753.374
1794.382
1740.865
1515.697
1695.32
1777.563
2091.812
2409.206
2765.489
2535.076
1997.726
2077.854
1890.702
2019.781
2179.736
2292.529
2681.39
2859.02
2560.181
2074.673
1996.968
2111.59
2607.816
2807.448
3345.306
3157.327
2777.34
2670.692
2487.972
2529.294
2282.519
2461.207
2150.941
2197.452
1888.151
2154.345
2232.056
2435.283
2021.201
1990.377
2002.765
2108.852
2227.556
2021.849
1978.015
2063.054
2136.982
2028.508
2102.765
2222.769
1838.274
1951.378
1926.665
2137.392
2106.018
1980.679
2173.064
2107.972
1952.712
1923.299
1857.568
1781.556
1738.058
1956.715
1655.459
1860.907
1988.742
1953.26
1969.341
2286.597
2778.259
2886.152
2593.697
2407.183
2427.204
2802.154
3032.246
3152.136
2807.076
2688.273
2580.493
3111.85
3070.9
3710.823
3273.357
3108.43
3394.16
3418.75
3668.921
3304.649
3632.459
3430.479
3094.762
3261.243
4042.693
3627.058
3538.002
3460.052
3657.503
3438.673
2934.322
3329.415
3053.398
2741.011
2495.863
2429.343
2657.499
2363.843
2055.262
2170.779
1941.035
2034.982
1920.778
1808.291
2282.892
2214.896
2146.188
2101.807
2407.057
2485.009
2227.872
1845.972
2067.938
2039.59
1887.189
1940.89
1745.314
1666.029
1868.686
1822.635
1405.938
1484.252
1303.682
1162.235
1191.717
1038.311
1144.866
945.9877
989.8055
1114.404
1013.738
777.8019
783.2232
984.9765
1120.051
1078.519
1138.497
1061.602
1299.01
1348.855
1315.698
1617.421
1871.875
1506.075
1568.52
1858.814
1773.512
1602.572
1868.427
2218.363
2004.709
1841.562
1850.276
1693.232
1726.778
1662.929
1622.292
1425.384
1325.371
1361.948
1291.534
1216.934
1170.333
1208.818
1303.731
1353.179
1375.823
1207.037
1219.864
1481.778
1389.607
1173.501
982.8188
1008.636
1216.886
1573.76
1534.981
1493.817
1657.738
1498.625
1165.646
1301.113
1151.545
1166.882
1096.713
1191.64
1120.354
1057.779
1180.788
1131.073
1131.93
1176.495
1539.921
1318.617
1317.422
1309.149
1451.947
1491.067
1535.846
1768.917
2054.166
2193.852
1992.054
2127.487
1813.928
1760.864
1748.355
2070.82
2270.345
2890.02
2826.598
2706.292
2393.341
2232.757
2401.272
2251.396
2369.851
2428.079
2193.684
2288.063
2156.378
2134.305
1981.869
1911.601
1859.591
1894.637
1779.978
2335.788
2436.753
2147.797
2454.41
2463.68
2579.478
3150.046
3631.67
3189.311
2747.348
2552.511
2723.797
3327.351
3030.084
2841.27
2619.367
3305.073
3071.689
2954.248
3406.771
3032.049
2968.263
2821.072
2719.263
2576.076
3309.205
2884.458
3181.272
3755.541
3841.833
3514.041
3693.605
3491.534
3798.269
3532.346
3198.639
2811.41
2291.099
2364.246
2122.461
1784.988
1959.744
2018.803
2131.536
2208.227
2159.12
2386.846
2428.703
2388.844
2318.223
2272.524
2528.176
2568.584
3091.43
3007.268
2996.071
3462.03
3177.579
2697.272
2501.02
2608.948
2594.549
2472.082
2357.732
2418.16
1718.44
1674.343
1808.685
1666.005
1888.962
2216.773
2053.593
1983.82
2159.362
1941.621
1945.766
1777.881
2019.868
1912.154
2346.638
2875.623
2816.479
2577.451
2773.97
2443.113
2449.804
2155.621
2549.383
2402.975
2475.308
2405.448
2276.159
1987.65
2038.915
2099.639
2423.046
2051.902
1717.715
1826.371
1547.644
1487.75
1475.366
1340.637
1527.044
1328.113
1378.011
1311.139
1359.58
1717.58
1713.538
1634.11
1660.32
1946.277
2096.083
2432.51
2690.31
2560.767
2681.536
2814.534
2941.843
2907.399
2976.716
2903.163
2550.754
3426.998
3317.703
3532.14
3430.917
3500.894
2973.749
3024.991
3313.859
4750.807
4549.763
4887.617
5593.784
5091.065
5347.728
4912.641
5184.593
5271.953
5153.2
5723.763
6155.321
6275.927
5939.312
3942.289
4235.967
3984.753
3841.615
3319.296
3630.737
3252.137
2885.463
2776.783
2440.368
2575.163
2704.211
2613.477
2979.264
2893.359
2679.479
2566.174
2897.334
2673.044
2435.198
2323.445
2375.516
2395.365
2523.148
2012.47
2085.391
1968.881
1664.166
2229.292
2084.847
1918.621
1555.086
1401.145
1448.79
1483.867
1426.553
1295.168
1493.249
1575.888
1604.576
1675.35
1697.214
1958.541
2203.842
2019.665
2106.254
2012.188
1912.182
1792.354
1758.311
1413.313
1185.924
1228.15
1299.893
1371.305
1392.328
1742.6
1762.687
1805.139
1983.895
2144.431
1977.861
2089.962
2913.281
2859.296
2892.254
2493.861
2634.223
2432.28
2368.717
1922.989
1767.116
1943.945
1914.755
1835.076
1812.503
1890.132
1909.33
1892.053
1676.433
1824.74
1830.518
1774.663
2061.189
1958.369
1667.639
1843.314
1706.507
1615.752
1957.712
2225.491
2222.665
2220.524
2246.729
2397.452
2672.053
2667.843
2492.861
2160.775
2162.645
2297.845
2492.024
2461.902
2155.268
2520.504
2209.01
2170.642
2261.01
2158.316
2094.281
1916.137
2006.406
2053.45
1645.616
1730.199
1837.974
1722.368
1701.576
1352.782
1307.429
1497.595
1225.914
1199.5
1331.687
1198.787
1103.463
1309.367
1345.098
1254.573
1322.171
1377.821
1483.27
1481.873
1449.838
1432.547
1964.513
1715.847
1960.296
2496.166
2124.391
2312.505
2544.634
2207.623
2841.518
2868.533
2864.236
3117.929
2929.26
3186.778
2935.853
3154.052
2917.074
3055.807
3958.361
4138.97
4262.238
3684.186
3635.342
3746.696
3116.116
3402.307
3004.27
3054.63
3233.899
3147.195
3384.057
2949.471
2948.811
2949.222
3071.688
3194.623
3062.31
3163.485
3206.838
3470.278
4281.158
5489.904
5622.406
4848.141
5099.718
4276.172
4540.798
4500.018
5042.416
4771.657
3509.229
3468.068
3278.898
3260.343
3641.712
2885.952
3314.924
3094.997
3131.647
3198.962
2386.326
2609.541
2852.424
2744.879
2538.045
2260.393
1982.495
1899.279
2075.119
2632.971
2523.134
2470.39
2675.446
2604.406
2632.557
2554.388
3174.901
3245.394
3499.013
3492.018
3068.247
2920.885
3361.508
3005.668
2990.363
3218.769
2787.019
2323.766
2443.746
2677.952
2017.347
2287.011
2379.484
2487.233
2551.422
2715.913
3827.781
3502.579
3886.762
3494.896
3506.786
3054.01
2960.05
2449.551
2736.483
2361.178
2655.944
2690.182
2154.475
2429.907
2608.243
1789.413
1689.737
1905.764
1959.163
1676.619
1984.754
1637.197
1578.715
1841.052
1594.13
1801.705
1735.34
1692.008
2054.193
1971.102
2060.883
2301.545
3075.259
3236.375
2962.142
3345.036
3656.226
2896.827
2909.437
2300.982
2324.037
2447.006
2782.019
2804.355
3132.506
3048.601
3005.054
3394.637
3021.707
3558.718
3397.348
3348.602
3004.489
2542.407
3028.865
2944.094
2886.843
2955.789
3385.801
2681.513
3084.177
3207.189
3002.098
3829.268
3989.831
3942.051
3870.44
3489.368
3108.883
3040.237
3445.39
3408.409
3765.019
4242.602
3930.621
3349.376
3932.515
3773.158
4049.72
4146.098
3314.02
3321.971
3058.086
2594.434
2498.871
2799.25
2594.134
2477.218
2831.234
2902.372
3237.586
2829.358
2776.542
3294.081
3068.136
2554.434
2593.585
2445.553
2140.747
2203.935
2600.329
2696.465
2893.646
2672.972
2614.096
2655.512
2921.254
3348.717
3400.696
3231.21
2543.281
2497.172
2209.879
2287.343
2773.352
2299.729
2567.857
2621.13
2831.417
3039.742
3693.215
3948.382
4496.071
4465.457
4590.587
4600.462
4609.861
4843.778
4822.741
4849.181
4627.611
4172.889
4027.354
3653.009
3084.191
2529.519
2354.636
2337.39
2886.866
2598.262
3049.315
2976.911
2800.166
3220.902
3028.311
2854.534
3149.011
2984.694
2694.029
2938.081
2826.797
2690.506
2744.112
3254.902
3947.676
4335.515
3765.121
3325.805
2944.913
3380.551
3525.823
3212.784
3061.32
3319.712
3798.292
3450.309
3318.497
3855.637
4470.157
3606.483
4383.002
4454.017
4163.937
3594.167
3195.735
3634.958
3216.804
3246.379
2696.976
2775.219
2891.395
2609.537
2449.14
2624.712
2264.397
2214.533
2495.912
2038.105
1884.371
1809.78
2177.232
2365.779
2272.854
2009.592
2144.962
2109.689
2376.115
2486.284
2488.605
2232.592
2016.113
2174.312
1759.542
1872.641
2234.653
2176.251
1843.03
1874.623
2164.69
2092.515
2420.77
2014.044
2109.144
2020.091
2146.18
2315.581
2345.724
2471.055
2659.798
2597.093
2665.473
2877.208
2630.257
2329.917
2307.535
2316.514
2878.012
2469.033
2923.344
2409.513
1892.871
1769.889
1447.751
1422.979
1347.08
1427.227
1429.552
1519.367
1620.311
1452.182
1453.242
1700.453
1543.847
1637.931
1633.46
2044.836
2267.058
2284.185
2202.155
2459.308
2577.467
2530.331
2376.539
2371.335
2060.088
2025.927
1962.264
1842.084
2001.451
2169.693
2314.472
1955.846
1959.41
2293.922
2487.537
2565.308
2598.598
2510.601
2274.098
2020.565
2073.143
2050.287
2292.358
2471.747
2613.791
2460.199
2477.722
2603.164
2640.776
2540.346
2721.95
2426.488
2778.19
2763.201
2485.701
2695.689
2554.092
2582.274
2936.018
2752.939
2346.532
2201.683
2202.193
2540.062
3209.93
3214.078
2802.558
2915.579
2440.971
2740.076
2403.589
3001.421
3261.56
3028.998
2939.687
3696.252
3638.936
3614.121
3664.394
3502.687
2807.672
3080.814
2515.104
2421.293
2269.968
2447.178
2476.109
2862.099
2247.285
2587.214
2593.735
2522.252
2591.323
2305.737
2596.816
3010.131
2627.276
2565.397
2744.94
2334.697
1979.914
2138.144
2632.433
2517.541
2398.855
2731.323
2510.191
3107.219
2625.594
2686.482
3120.141
3248.5
3204.591
3326.551
2951.714
2611.707
2466.759
2720.181
2761.735
2872.706
3702.165
3387.958
2931.303
2915.156
3474.044
3516.417
3768.737
4548.023
4514.426
3937.502
3030.291
3025.373
3001.825
2427.452
2848.303
2753.577
3016.52
3006.228
3535.376
3723.4
3888.756
3957.502
3866.436
3892.185
3306.953
2984.493
3320.364
2950.632
3007.514
2795.95
2378.172
2380.028
2568.795
2930.486
2906.852
3271.568
2950.286
3322.74
3402.313
3592.79
2638.051
2544.332
2381.214
2392.821
2424.904
2041.871
2024.03
2311.762
2035.119
1390.637
1431.219
1499.614
1269.157
1587.285
1558.268
1552.433
1567.815
1982.434
1984.628
1986.788
1825.585
1774.398
1928.184
2628.181
3123.636
2734.573
2570.441
1876.419
2025.019
1895.202
2044.725
2403.937
2481.404
2280.866
2033.098
1760.996
1979.313
1841.135
1725.053
1660.516
1718.628
1390.548
1674.44
2011.639
1941.993
1982.05
2165.488
2406.646
2007.664
1508.449
1419.335
1311.951
1533.966
1443.341
1678.22
1643.91
1636.381
1460.351
1366.408
1277.065
1048.693
1107.623
1245.489
1422.662
1155.969
1041.398
1039.685
1214.427
1193.733
1304.406
1340.107
1153.785
1087.982
1271.483
1497.9
1419.64
1670.501
1803.98
1605.598
1496.398
1553.706
1489.603
1489.691
1441.335
1466.784
1330.138
1691.139
1730.156
1841.376
1934.469
1744.743
1778.123
1936.916
1877.344
1837.049
1394.009
1415.677
1664.441
2113.643
1925.739
1668.734
1768.507
1883.552
1614.271
1815.371
1558.975
1829.951
2073.11
1911.912
1726.146
1693.024
1462.763
1240.659
1449.151
1207.008
1251.052
1220.025
1365.47
1411.422
1589.35
1575.802
1614.829
2059.211
2487.17
2281.488
2246.129
2195.791
2088.844
1850.248
1868.246
2206.555
2080.208
2047.346
1933.132
1787.366
2001.589
1802.212
1671.074
1598.357
1698.622
1441.227
1445.479
1547.953
1322.24
1524.496
1373.866
1442.323
1421.334
1460.824
1301.189
1523.714
1612.25
1606.847
1480.962
1606.24
1529.409
1528.881
1597.686
1640.735
1829.374
2110.306
2411.424
2326.704
2682.771
2546.412
2580.944
2320.361
2209.448
2299.585
2506.514
2868.867
3011.601
3326.646
2524.894
3127.455
2880.39
3274.26
3645.101
3805.559
3784.782
4401.55
4520.018
4923.843
5034.041
4355.491
4271.966
3753.988
3875.75
3487.497
2970.05
2739.332
2558.704
2110.03
2040.026
2127.489
1839.903
1721.944
1364.399
1256.672
1353.964
1423.413
1185.071
1146.499
1261.725
1230.257
1328.521
1205.543
1338.44
1507.71
1291.193
1258.553
1575.761
1579.653
1906.527
2164.431
2890.009
2993.577
3044.128
2906.325
2811.93
2548.034
2308.189
2566.759
2352.579
2013.549
2135.103
2309.115
2521.44
2719.205
2879.866
2679.347
2741.155
2819.91
2622.733
2792.715
3347.604
2860.689
3032.378
3037.685
3087.576
2896.976
2760.554
2702.403
2433.252
2271.52
2002.929
2157.331
1842.479
1656.368
2057.738
2091.205
1786.979
1834.654
1726.327
1568.808
1583.918
1309.301
1538.784
1515.522
1437.618
1259.517
1277.42
1279.559
1415.541
1530.867
1324.129
1398.107
1530.211
1549.408
1786.456
1671.436
1526.382
1883.752
1967.279
1766.658
2015.074
1803.98
1972.513
1651.588
1652.184
1687.46
1850.98
1921.502
1785.959
1739.133
2027.386
1808.237
1700.05
1739.479
1526.38
1569.441
1397.139
1707.811
1645.51
1890.156
2072.017
2170.935
2208.315
2280.996
2650.486
2418.401
2649.239
2706.232
2850.441
2610.164
2221.158
2310.918
1949.858
1967.142
1577.786
1982.309
2224.943
2176.935
1831.002
2008.905
1778.932
1566.285
1653.816
1550.986
1508.216
1483.713
1710.193
1422.074
1358.282
1096.915
1300.155
1317.856
1475.675
1472.545
1330.319
1827.878
1818.333
1623.346
1762.666
1798.454
1924.015
2001.329
1902.411
1936.34
1701.368
1990.665
2019.136
1900.837
1768.784
1960.423
2366.78
1961.359
1799.831
1941.122
1641.917
1786.247
2129.458
1767.534
1828.794
1966.478
1896.986
2000.379
2319.9
2771.079
2407.011
2229.072
2133.31
2025.249
1648.062
1552.644
1744.989
1415.421
1554.333
1811.895
1784.119
1744.256
2073.845
1990.919
2217.905
2563.642
2655.548
2645.931
2940.918
2484.147
2092.701
2157.747
2588.098
3375.369
3543.026
3921.243
3850.191
3806.817
4208.765
3775.03
4403.373
4247.757
4069.868
4463.154
4926.737
4371.543
3828.049
2907.655
3111.129
3077.55
2640.369
2717.194
2444.335
2668.356
2099.773
2170.559
1983.2
2505.252
2381.765
2547.244
2229.431
2564.861
2893.324
2565.749
2999.037
2602.002
2080.711
2072.248
2330.146
3027.389
2674.3
2812.762
2661.677
3489.437
3525.656
3609.706
3016.761
3009.408
3245.144
3312.005
2746.986
3241.931
2650.548
2510.785
2709.936
2033.746
2172.181
2342.562
2364.229
2294.329
1495.318
1739.063
1653.472
1440.499
1744.389
1721.448
1509.98
1413.738
1225.617
1419.954
1387.582
1329.984
1160.046
1255.184
1277.639
1420.489
1444.172
1503.363
1712.923
1738.705
1989.184
1673.18
1836.049
2417.294
2424.319
2785.952
2659.252
2861.558
2846.319
