32.53931
34.25478
35.9393
37.62668
39.4169
40.36965
42.30636
42.15172
43.26422
43.48799
43.30782
43.51096
44.35077
44.82046
45.25169
47.42168
48.96392
50.15474
49.03571
51.56998
55.3077
54.83584
52.51853
53.68001
56.75715
61.26239
63.53162
63.8358
65.19225
62.50773
63.63623
63.79184
64.46806
62.67078
62.75382
61.88406
61.7297
66.03268
67.61572
63.80288
60.57279
64.39677
63.18782
62.34576
65.28378
68.54982
68.81315
67.49645
66.3122
69.06253
70.46111
65.94995
67.06733
66.64736
69.43434
68.70715
67.5117
66.2885
67.04112
70.45194
66.53535
66.64731
66.99247
68.10534
68.35093
68.60309
68.20574
69.8727
68.68217
68.64202
69.91572
69.86786
64.98946
67.90832
68.5579
69.79915
69.97216
71.02148
70.40198
68.26564
68.38288
69.98582
68.47996
70.2505
68.47132
68.35463
66.88583
68.4974
70.07985
68.08138
67.22261
66.34873
70.41841
71.49649
71.97542
70.48946
72.09321
72.09797
72.95145
72.16737
76.21828
77.07146
76.50896
76.01945
79.26325
78.41971
81.09795
79.07964
80.27812
80.30106
80.25306
79.92606
78.42677
78.49482
79.65982
77.62291
83.08632
82.02662
87.1434
83.78285
81.46927
83.87835
85.65267
82.3552
85.4198
86.95741
86.95113
87.9907
88.06713
83.91988
81.95839
77.87693
75.7605
75.35085
78.98437
77.80117
73.74039
70.90206
71.26003
71.20879
74.91288
72.10272
69.85124
67.71785
70.67691
72.05126
70.94296
66.91695
69.45704
67.12224
73.16579
76.53664
74.31883
71.29221
71.29691
70.3684
71.94638
71.85473
72.98648
72.66012
73.75736
73.84577
74.22001
75.82806
73.26396
74.64113
75.09843
77.52503
75.74338
76.75556
76.44878
74.59952
73.40087
73.30686
72.64831
70.93654
69.92774
70.07802
68.83783
69.68143
67.95218
66.95011
68.80659
68.95472
66.6866
66.20271
63.28934
62.07508
60.45474
60.88401
62.49596
62.23099
59.3086
56.39043
57.57609
59.3812
57.47343
55.04018
55.05282
55.35534
54.25347
54.76449
55.36114
56.40414
57.26729
58.33366
57.53052
55.49334
58.14668
58.13357
56.30675
56.95798
56.28995
55.92308
55.28108
53.53394
56.16245
56.06139
58.74259
59.65239
55.04079
57.98415
58.72605
58.95685
59.3828
59.51082
57.39855
58.18882
57.085
60.84611
59.09234
58.48982
57.16668
57.56275
60.35587
62.76616
60.71175
61.15623
59.45399
60.83781
58.95506
56.33352
57.04745
57.33185
56.96568
55.45396
54.48191
55.56596
56.1851
58.4932
57.3962
56.70542
56.70007
54.50774
57.69335
54.08865
51.63855
53.7727
53.88265
53.90287
58.42806
55.74575
56.38657
56.90071
58.21788
57.98667
57.05112
56.9669
56.68762
56.10646
58.1648
55.45973
52.43644
57.55689
57.01957
57.48
57.0767
56.7698
56.6337
58.43618
61.60611
62.1121
64.12037
61.58305
62.4918
62.21595
61.62127
62.80692
62.67076
59.69917
62.33665
61.53746
60.62862
61.75654
62.68658
67.80941
66.9713
67.66896
67.20942
70.63053
72.98057
71.38147
71.37577
68.754
70.0211
72.57814
70.90131
69.70904
71.51224
72.09101
71.15232
71.77498
71.62382
73.18269
72.83683
72.41238
71.97961
69.88185
69.80088
71.51291
70.74785
73.76453
73.54426
72.65747
71.80849
72.78206
76.47986
77.96939
77.66458
76.76504
78.54089
77.13451
76.29105
76.55118
77.66638
78.36179
78.60007
76.63627
75.30871
79.1866
78.16126
79.22427
79.76888
79.8584
83.24157
81.58402
80.66253
78.91581
83.51265
81.8417
81.51684
79.92823
82.46068
83.0239
80.2807
85.77963
84.0233
83.54326
85.91144
85.99186
87.5542
89.86039
89.27662
87.03612
85.55719
85.71013
86.98081
86.33422
89.59213
92.93704
87.34016
87.51316
85.33419
84.65691
82.28161
81.64409
84.51809
82.78929
87.96635
86.69935
86.71696
87.09816
85.06081
91.77635
91.79223
87.32862
85.97176
83.46578
88.06747
84.95041
85.40795
84.09858
83.40187
85.13108
88.51723
90.95587
86.41804
88.22514
88.08561
83.79492
81.00679
79.78069
82.45291
80.68405
81.19478
78.33991
74.29254
75.51809
74.69222
76.57766
73.14898
76.99137
72.23247
74.38458
70.68257
70.28192
70.75363
71.0774
70.51902
73.42199
76.04541
76.5237
76.05982
76.36699
77.78902
77.50883
76.40079
75.31147
75.43767
72.51887
72.62811
71.1721
71.78856
72.33973
72.21094
74.70431
73.65379
75.23429
76.77966
78.54611
81.31618
77.53952
78.8344
76.34539
78.16702
78.27362
79.74087
80.40338
80.54857
81.72317
84.57482
85.08659
85.0477
86.06432
90.25823
87.76266
88.73196
91.33847
94.15067
96.17626
93.17036
95.34273
92.5956
92.76127
94.64775
91.42738
92.13256
93.77133
91.04034
93.35274
93.87488
95.96947
97.52235
94.56889
94.83869
92.7709
93.14303
88.85778
86.20097
84.62156
84.43949
84.80228
87.17396
86.59369
89.12971
90.80316
87.55836
84.36585
88.7067
88.49831
85.05909
82.5251
81.19085
82.67473
83.16792
83.41575
84.92864
84.6906
84.25849
80.05607
78.25285
76.77042
76.58331
72.10804
71.35257
74.88384
72.75145
73.0299
72.53274
71.1982
73.23142
73.88776
74.69286
68.97079
66.5337
68.02686
66.50719
67.14139
66.60134
61.54914
63.39366
65.13084
65.02818
66.01785
66.12328
67.48555
67.06237
65.69025
64.76593
64.32217
67.07688
66.69283
66.5595
67.40406
69.51848
71.52484
75.10243
73.2546
74.20916
71.20801
72.99593
73.0978
73.40709
72.67816
73.90253
73.66891
73.76388
75.56901
76.63816
76.13698
79.88479
80.42452
80.12315
80.55299
80.99983
77.97015
77.34955
76.80777
74.50345
73.65919
72.63587
74.41497
76.48441
77.21317
76.21646
78.27289
79.86387
81.455
77.23637
80.03174
80.51708
84.83033
85.39187
93.61497
94.78869
90.86285
91.43058
91.61607
90.31542
90.4447
90.4773
88.48868
86.55335
87.24525
83.8229
89.41558
86.34488
80.23082
82.40992
81.72162
77.53745
81.15266
83.57573
80.07679
79.21254
76.78669
75.31674
74.71746
74.82595
72.51944
71.92559
68.9118
67.90303
66.61029
66.89434
69.40217
68.36836
66.2845
69.38855
69.43382
71.74681
71.30283
70.89481
68.19006
69.10782
70.70133
68.7475
72.02209
70.6187
72.38435
69.06999
69.70493
69.23188
68.12678
69.2722
68.04576
69.75304
70.73816
69.53231
63.47704
63.17047
64.92076
64.1025
64.24707
64.29457
63.42114
60.18384
59.84494
59.61415
59.18461
59.61543
62.91812
62.40239
60.48015
57.31727
56.21887
56.79849
57.00345
56.55827
54.20523
53.2793
51.92407
51.15607
51.48799
49.84202
48.5782
48.80597
50.58408
50.45224
49.12724
50.60621
50.5387
51.0179
53.68162
55.65286
57.82203
56.54731
54.80888
55.55615
56.03113
56.59549
56.31124
55.37687
55.68679
52.64933
54.69178
52.8005
51.65117
52.99579
51.2951
51.70658
52.3089
52.07218
51.49638
53.52711
53.75992
53.90433
51.36879
54.04237
54.38038
54.71863
55.12391
54.8369
54.90614
56.18339
58.85401
56.31577
56.68978
55.5361
56.15158
57.25447
58.15292
57.45418
57.3352
55.57696
53.83405
57.6721
57.18359
54.59893
54.54145
56.35452
56.17581
56.22324
55.66865
55.59251
55.63757
53.9575
53.67065
54.48585
56.5426
57.228
57.65446
55.804
58.03478
56.90587
58.3128
56.65954
55.33703
55.76779
58.24109
60.73197
59.84039
61.03462
61.31
63.89195
60.93621
62.44038
61.05493
59.82441
56.53143
57.74965
58.38878
57.72167
58.12966
57.73496
56.71728
58.88374
60.34331
60.73529
61.80838
62.58993
60.29575
59.82444
56.57598
59.40929
61.48701
60.44154
62.92166
61.38092
59.18762
58.86095
58.98312
59.52377
58.34198
60.7197
64.6814
63.91921
63.89714
59.36502
60.32009
59.01822
58.33886
57.82352
57.64699
63.90854
68.41802
68.9665
69.04913
65.70039
68.88258
68.5511
68.54915
65.44373
68.46724
66.80589
66.27181
68.33657
67.02011
68.22773
67.73793
65.10995
64.39674
63.52541
63.70555
69.24594
69.48631
68.02327
70.74624
71.31997
70.82921
72.21407
71.16944
72.63339
73.48412
74.41492
72.44705
70.29614
70.42364
63.27535
67.64093
70.00907
71.79821
72.21591
75.79028
75.99782
78.26365
75.29559
71.72616
70.86052
69.53221
69.17774
69.86296
72.56399
76.99651
76.57595
77.22615
78.57446
72.60028
70.33194
71.26422
73.49696
71.76261
69.21156
70.89001
72.91362
75.62489
80.51956
80.61856
82.63228
84.00851
81.33176
81.81652
81.26718
81.73029
80.8185
79.1535
81.50699
81.55743
82.63515
86.17676
83.84176
83.88401
84.86438
83.98911
87.45065
85.10402
85.6141
86.76527
87.21086
86.25109
83.04753
81.85207
79.31597
78.94407
76.97748
81.30046
80.48396
81.74019
84.57963
81.02975
81.61323
78.67663
78.5047
80.48284
81.40983
82.43504
82.15461
80.91713
79.17631
77.75089
78.05218
78.45106
77.11709
72.69358
75.17901
76.06822
75.26199
75.82554
80.29164
81.32694
81.65337
80.91404
76.42809
76.56447
72.10811
71.80532
74.53006
72.75477
73.31969
73.64848
75.33099
77.20474
75.1944
74.11123
73.38586
74.42326
73.58427
71.1004
73.37439
69.54999
70.12433
67.61701
68.37307
71.56888
73.91757
72.92535
74.60428
76.96814
77.42399
76.0026
79.45676
84.63763
85.13709
85.14652
87.83045
87.94013
88.2856
87.16423
83.87609
83.80962
82.20432
83.71677
80.6472
84.3766
84.4901
82.536
83.41988
79.61503
80.70274
81.61838
85.29868
87.08151
84.71775
84.36784
79.09505
80.32964
86.20832
90.32483
87.6321
88.3427
88.15498
91.997
94.97847
93.04258
90.98917
94.61694
93.55167
93.06436
92.28388
88.7453
89.77219
91.41393
95.88386
96.2759
99.42362
94.96461
93.22963
93.68788
90.33618
91.37369
91.82401
88.6217
90.13534
93.44079
96.46072
94.80148
98.16123
98.28538
90.91888
98.199
97.1133
97.47972
100.6907
103.8326
107.4997
110.0664
112.1958
108.7233
110.9087
112.5711
110.4423
110.8836
112.7176
115.0481
109.8883
111.6071
110.0167
111.0557
105.4357
108.0949
107.2468
105.1146
106.3978
105.3726
106.2669
112.4123
117.2409
120.4987
126.1285
123.3174
121.2669
117.3446
115.7013
116.6282
116.9589
116.5677
118.7098
118.8256
119.6232
118.8257
117.6072
112.9503
116.4101
116.6286
113.6582
113.0354
115.5035
119.4522
120.7564
122.6839
119.9393
122.0382
124.8216
133.0092
140.3599
143.8698
140.696
136.4519
135.9347
134.2467
133.9277
129.6067
130.6025
132.5766
128.1555
129.7043
135.4747
133.1134
131.2074
134.1852
131.5018
133.1276
136.4406
142.1077
142.6893
137.9778
142.0433
143.3489
147.3175
144.5642
142.4236
143.0334
152.0636
154.1164
158.9827
152.6427
148.6214
154.694
155.8475
153.2166
157.2699
155.5877
158.2474
158.9591
151.8394
143.9628
143.5992
144.9541
146.5895
151.9756
149.3545
150.8894
152.6021
153.1528
152.0643
145.8569
150.6531
147.9274
145.638
141.9619
149.6716
146.8811
149.3144
156.1688
150.5027
149.649
147.3504
149.933
145.4235
149.2654
151.312
150.8932
149.986
149.916
144.8158
147.5584
149.9147
148.3258
144.7123
136.5777
135.5796
134.9026
131.7846
128.5965
123.1236
117.3282
116.5813
116.3024
115.7338
112.063
111.7356
116.006
110.6093
111.4014
114.4237
117.0238
117.821
119.9642
121.9562
116.9413
116.3479
119.6042
119.3526
120.1694
128.8192
128.7115
132.6069
134.5695
138.0007
130.0303
131.8128
135.3073
137.6627
142.0285
147.6494
153.6843
151.3156
155.8607
160.0838
159.5476
163.108
168.4139
165.186
165.9782
166.3061
167.6878
170.2787
165.5375
169.0031
168.0708
172.3976
170.0565
172.3248
172.2579
175.8246
178.4383
176.423
172.2957
164.6649
161.3545
161.2607
161.4046
163.0601
171.1638
174.7194
170.9429
172.5186
173.3189
179.0754
178.2922
176.2844
173.4133
174.3736
172.6662
172.2537
175.0612
176.3198
176.4524
169.4433
162.2159
164.448
165.4632
161.6388
160.6051
152.8679
149.9901
147.4296
145.9216
140.1926
143.9238
145.9038
147.4973
147.3483
139.6721
134.8439
137.5347
143.6738
143.8464
146.5033
151.9065
150.6905
145.3941
135.8325
135.7989
132.6118
133.5963
136.0684
140.0689
137.9398
141.6115
141.593
141.5107
144.1093
145.2738
140.9158
146.3552
143.9914
147.3811
154.7481
151.2772
154.556
154.7372
149.692
151.6296
152.8808
155.5226
157.2725
150.9212
142.2511
141.2267
145.9828
146.1857
137.6453
141.4172
147.748
148.3885
143.8419
153.2836
151.8445
159.1424
156.8845
158.9214
149.6736
152.9059
153.1256
155.9227
157.8746
166.0495
167.6106
167.9366
167.0298
169.4444
178.0567
178.7712
183.6202
170.1328
176.4781
172.0564
171.3757
173.6788
168.1153
169.0074
167.1941
168.9114
166.0154
167.6791
166.2215
168.8839
173.9118
173.323
170.2117
176.7385
183.0826
185.1722
188.5636
187.2319
187.125
180.0953
176.9397
175.1579
178.1807
181.4383
181.4823
177.6362
181.6831
184.3196
188.6703
182.5156
183.9806
179.1329
183.5471
180.7764
180.8912
185.0481
181.9493
172.897
173.563
172.0357
166.8334
166.978
172.1226
175.38
175.0556
172.251
169.1278
173.4524
174.7652
175.7345
170.3675
169.271
170.7158
172.256
172.6686
172.0837
172.6154
174.6096
170.9166
171.5577
166.8517
161.2419
160.7782
157.4417
160.9654
163.9167
166.288
172.2736
170.1705
170.1188
167.6167
165.2574
158.0317
148.1469
146.2382
147.0683
151.7062
151.0207
155.0505
154.3288
150.0837
152.3092
162.5045
165.351
167.2673
168.7292
163.3724
160.1548
158.2203
154.2988
149.1284
145.8697
141.317
142.4331
140.0768
143.5503
144.53
139.5722
142.2035
141.0695
140.3888
136.8738
133.4051
128.3067
128.0823
129.2522
131.3685
129.7823
127.2037
127.971
129.3268
133.0938
130.8747
136.9273
136.5717
134.0997
138.4018
146.5761
149.5943
147.5855
148.1863
147.1568
151.4632
148.3446
151.6396
159.7967
161.8859
166.6531
164.2186
162.7648
154.0377
159.0069
166.0494
169.0071
167.2222
167.7981
172.2402
162.992
166.5833
165.1306
159.0166
162.9995
163.5043
165.6104
169.6949
167.1219
160.6789
161.7695
154.6368
154.9958
161.8303
158.4397
157.1358
164.2327
163.8173
160.9301
171.1151
171.0101
173.8355
182.728
182.2156
179.0249
188.6861
185.246
183.7907
179.8788
179.0847
175.425
175.3692
177.9804
177.4794
172.5054
173.6497
173.7331
174.8
174.5078
180.7266
190.0071
186.2763
177.3458
185.0786
191.5852
196.0193
188.3609
185.7068
179.4891
182.4426
178.6428
175.1373
179.7872
182.8072
182.0336
179.6526
174.3643
170.9162
168.6477
175.0545
168.0318
169.7009
168.7151
163.8004
161.61
165.7902
169.8367
171.2592
169.9089
173.6276
177.3409
180.6471
176.8585
169.6016
162.6074
154.1523
149.7826
149.394
144.6097
145.1571
149.3821
146.6389
141.1379
150.0127
149.8107
149.6775
146.8338
146.556
150.1047
150.6787
159.7388
153.3733
149.1741
151.6989
148.4731
147.2956
148.1489
146.2228
145.0946
145.5676
155.1595
161.7661
161.9973
155.8989
154.9559
157.0214
158.5409
161.2954
159.5549
168.4738
173.2671
173.1197
171.2958
168.635
175.1362
180.0653
185.4362
181.3381
188.4966
185.8927
192.9195
192.119
193.139
192.7736
193.1954
180.824
181.231
177.088
179.5905
176.5615
176.4902
176.5025
171.5729
174.5866
172.0272
163.3444
164.3872
168.3615
170.158
160.333
158.8326
160.5505
155.5523
158.4234
160.973
159.179
158.8317
157.9374
160.1942
158.9465
155.7014
158.7909
158.0888
151.7114
154.6415
154.7229
152.8701
150.4869
147.1599
149.1592
145.5891
144.3534
148.707
143.4852
148.1203
145.1184
143.3361
141.5597
139.7362
133.4411
136.5212
135.8454
137.9099
146.4216
144.0143
149.3126
153.0385
152.096
146.1156
143.4936
142.6158
143.7636
142.6791
133.5696
134.4844
133.4816
134.3638
133.9771
131.4178
130.4123
127.9458
127.0267
129.1322
126.3979
126.2105
127.9373
121.6607
123.246
121.468
119.4933
124.4971
124.6818
125.8495
122.4013
120.897
121.9414
122.0044
122.4217
122.6009
120.4643
120.226
117.1318
113.6862
117.0056
110.687
112.0527
114.6143
114.026
113.7147
117.4878
121.8349
123.1793
122.9597
125.99
129.5747
127.3187
129.0115
128.0977
129.905
132.148
133.3617
137.2344
131.6714
133.7025
134.2369
131.6468
135.1793
138.8677
149.2799
144.6669
148.971
150.9727
155.0979
151.5547
145.0663
151.0671
152.4954
145.9372
144.8057
149.2117
151.3596
158.8691
166.966
172.6088
169.2523
159.3374
163.9004
165.3053
165.4355
153.3826
159.806
