98.87632
106.1598
108.8273
115.7006
129.7166
131.2532
134.1468
150.9023
154.412
134.5568
127.7305
136.5913
132.9402
122.202
125.8176
127.7571
129.5733
133.4581
146.1051
136.9934
126.8886
119.6438
130.2194
129.435
126.4599
132.6415
120.4329
108.1428
126.9513
116.3963
124.3753
117.7399
108.76
117.2054
118.1681
119.3948
120.3875
129.5639
134.8778
128.5514
121.6376
134.8489
136.522
134.4871
139.3257
133.1105
134.0428
132.1436
136.138
145.9984
138.1995
124.1676
129.2727
137.3459
138.7408
131.8004
126.3992
117.3528
118.6529
129.8624
124.9386
127.3635
135.836
123.3857
102.779
95.80491
90.85198
96.88243
92.17252
93.90829
83.77194
72.9403
80.476
77.00312
74.29093
71.18993
74.66228
78.47154
82.40853
76.21623
67.17683
63.33945
77.47363
92.92929
99.23326
94.97488
100.7615
96.84054
101.7029
105.9911
107.42
105.854
109.5776
96.51484
103.3342
91.11982
81.56281
73.12152
61.66393
62.52294
52.77895
51.25974
67.24024
62.9387
46.46311
50.90243
39.15651
56.00948
47.92211
47.41388
53.14691
34.78134
13.42246
18.61651
16.14425
20.05608
8.228997
15.87915
10.87867
-0.6423513
11.13691
7.683856
-4.845934
-12.19197
-3.182593
-14.43196
-16.0308
-14.50963
-4.250952
1.446808
-1.004048
-1.214877
1.078518
1.678751
-11.31816
-12.04982
-10.61034
-12.13313
-4.011789
-6.115619
-7.636737
-6.803334
-4.845364
-3.676612
-3.250652
-4.407467
-7.813654
-9.133645
-17.19791
-30.99808
-43.90666
-58.9826
-64.50226
-62.00931
-46.85725
-52.67707
-42.26339
-44.19161
-44.67741
-46.02531
-37.09462
-30.59566
-37.78805
-25.8289
-44.31659
-46.98477
-50.44835
-48.12545
-48.80033
-44.9694
-46.17161
-39.12594
-36.56819
-25.53307
-14.32491
-39.01886
-36.52295
-33.06308
-34.82675
-27.28189
-35.85113
-29.75801
-18.97186
-21.42962
-12.65136
-7.563375
1.630141
-3.352671
-11.73735
-10.6966
-18.7718
-16.07627
-20.6206
-23.26216
-16.11966
-34.29829
-36.53574
-24.35187
-19.25909
-11.59954
-12.6856
-11.77814
-3.744095
-5.685182
-10.77964
-11.55022
-8.006505
-21.64732
-15.14346
-10.67864
-3.056103
-8.900645
-2.929367
-4.876307
0.1593904
1.837054
-12.90514
-32.23193
-36.04998
-45.37389
-44.27123
-36.45144
-23.87792
-23.43051
-11.75091
-7.410354
-9.289328
-1.022179
-11.88794
-12.08556
-5.81587
4.793588
16.31934
26.28348
21.24357
17.67505
7.207198
3.516664
9.059842
12.54965
12.8162
10.21207
20.85726
26.01613
32.4054
44.10618
37.36675
24.6689
16.26615
18.53563
13.2023
18.55265
35.68115
32.87295
32.03341
26.34491
26.43293
26.51021
34.21192
36.29339
30.04716
35.68484
40.74891
49.06278
57.9703
58.85655
67.04673
49.0469
38.80972
55.49283
36.84135
53.57885
62.88075
58.22729
44.99679
44.08253
41.12117
46.32216
52.30796
53.62765
59.87579
64.00504
50.18742
42.07011
43.45401
40.8547
25.42455
27.81267
29.57895
40.42511
42.13253
42.40655
59.85671
62.33134
60.48052
60.43467
64.49142
58.73255
55.81111
65.6267
60.98275
63.94451
62.61614
56.78105
45.02454
46.21119
50.74924
38.44012
36.10492
37.55613
47.9302
44.75245
47.09682
39.88689
47.41154
42.77058
57.5925
39.55574
48.06118
54.30839
61.35613
48.72075
60.31468
63.04192
66.81969
64.69052
49.26428
50.04912
51.09934
69.1233
82.01855
59.34505
70.85243
79.41268
69.33355
75.40485
83.64482
85.35432
93.60064
88.39815
75.35889
62.22129
60.90735
63.99675
67.26675
52.46646
51.48027
58.15706
64.72606
76.97091
73.24957
78.69043
71.10811
65.92674
66.60636
53.65093
50.00183
51.99381
53.3301
49.40008
33.02283
26.83274
25.18636
24.61343
30.79743
31.92025
41.88369
44.91437
35.53822
54.00532
45.56957
51.5131
54.8386
61.38148
54.44048
49.94309
64.41916
63.0801
54.85965
57.28762
58.83001
63.44892
71.98909
71.30519
70.50422
63.94586
44.06399
39.38363
41.38699
34.65595
37.33295
40.05991
42.03971
45.36869
50.33065
64.74001
69.46591
59.97568
60.36571
66.54151
61.21089
54.76609
59.41944
62.02601
51.96389
62.00939
51.18711
42.07813
41.82757
34.29123
48.06451
51.39073
29.28981
31.61709
25.67406
21.92583
52.18828
49.8898
43.8535
46.49519
50.44809
43.19934
48.63583
46.69687
45.01972
52.12737
54.64756
43.95619
49.72188
43.71073
29.6009
27.23844
29.83073
44.65936
40.29905
32.55136
50.96383
59.35028
51.6734
42.39417
34.65809
38.69935
39.70077
39.28189
37.96892
43.86797
27.33472
20.80095
26.36905
26.36658
17.55759
15.91863
32.3376
38.80414
33.1959
36.52821
35.41828
41.48243
64.06122
64.45478
60.45692
72.03601
80.49954
76.62139
89.90237
88.70726
89.34726
90.31358
85.11561
77.28874
83.35605
97.2318
94.61408
93.88249
94.57575
93.00259
84.01477
86.5426
88.90091
86.61205
97.41304
112.2848
127.063
128.3688
121.388
107.9727
108.3766
122.2225
114.4011
104.6468
103.4633
96.43292
88.97538
103.702
96.71144
98.73584
104.4126
102.8933
89.80819
95.07682
76.62411
73.61543
69.54508
66.16233
66.65832
74.22029
81.2235
80.65278
85.98217
89.90466
68.22347
71.60583
85.9974
89.26396
84.2475
82.73628
73.21941
80.92569
86.27249
88.63557
101.077
100.5217
103.0465
106.3732
106.3736
110.6688
110.8442
121.4471
117.6054
115.6219
117.2802
127.8757
132.9515
133.7587
139.8338
141.8001
125.3803
127.4966
147.801
155.9823
144.6293
139.3548
127.8709
133.0306
123.5159
125.5722
125.5332
125.7601
136.1664
134.1157
143.7011
137.7227
135.1086
140.4074
129.0966
151.4529
147.9242
157.6234
161.6457
157.8443
152.4817
133.7364
140.3705
129.836
133.1522
130.9148
131.4308
129.1534
148.6015
150.7792
153.4002
148.8986
144.1258
139.2285
133.8509
148.3422
148.0768
139.3651
148.8719
137.4902
136.4538
137.2653
129.8853
131.491
144.1725
141.0627
138.472
138.6451
147.492
168.5989
171.8428
176.9935
178.3434
179.4446
181.0389
188.3188
200.2977
196.4693
208.5967
209.888
213.7309
221.3169
222.2896
224.7084
223.9063
222.7839
213.2087
210.3566
197.9992
187.2265
188.4024
173.4818
169.6122
167.0387
171.0313
168.3294
176.4513
191.9803
186.9354
178.9254
182.5148
172.9694
172.9834
171.7474
188.1931
171.108
171.3105
167.9318
179.7177
176.4462
180.7221
180.4979
181.9967
184.7326
169.6525
188.8306
179.4834
185.6807
194.5605
205.6686
210.5337
189.6038
188.2466
196.5272
196.4775
205.6669
208.2984
213.886
204.6619
220.5441
217.5703
204.4662
212.2557
221.4569
228.746
222.9222
212.1948
204.5393
203.5474
206.6292
216.7255
231.7333
238.2495
240.5427
239.9228
253.2377
243.925
242.7691
250.2681
250.8999
257.905
250.891
251.504
244.5775
257.8578
247.6777
235.38
234.1163
235.026
225.7914
231.1263
239.8838
241.8107
262.119
252.7584
253.4329
244.5706
238.8544
246.682
239.4541
241.8269
248.9721
257.0487
250.0488
242.825
240.8167
248.8131
244.3442
236.9937
240.8032
243.8278
227.3783
225.9957
227.5489
225.9307
225.3055
236.069
233.6936
227.1824
217.9727
228.6614
223.2764
204.31
204.6282
209.31
228.7911
224.3637
212.7488
209.7104
217.2118
216.3385
224.526
217.3549
219.4172
219.1199
221.8717
235.7017
233.1863
247.159
246.0464
239.0539
229.7409
231.298
250.879
243.2693
245.378
233.4309
240.4572
243.5991
230.1194
238.5582
237.0042
233.8875
231.6027
230.563
238.9162
233.4835
237.4949
230.6654
228.2797
241.8222
242.4172
226.3472
235.3556
233.9487
230.2398
224.4336
228.0859
223.0877
227.7675
226.7577
205.3217
203.9029
197.875
196.8752
200.0516
198.1657
191.7237
184.8398
204.3466
214.7845
206.8778
207.7042
209.7028
187.5274
181.7809
190.0206
186.1319
182.232
175.5542
165.2995
164.667
173.3888
165.7325
178.1921
168.1628
170.5955
164.7893
156.7974
170.5696
167.1562
169.8062
191.4035
198.4175
204.7757
207.5803
210.7227
219.4035
220.9672
210.7445
206.0898
205.8885
205.3337
213.1749
213.5665
199.2682
186.0055
170.1245
178.3437
162.9681
167.1045
147.0786
157.8554
157.722
158.7016
149.4584
156.2579
170.8519
185.8675
179.4237
186.6399
181.2411
180.1508
185.2261
179.9053
182.828
167.0855
157.393
159.4462
161.8974
153.8092
146.3492
136.9733
140.5435
139.1047
143.6611
144.7388
146.556
151.8451
145.8146
152.4343
138.7158
153.1028
140.2718
132.2776
136.7555
138.4652
131.9364
130.8023
115.5008
111.1644
118.302
112.3246
114.2548
113.0855
112.5841
128.0674
127.9018
133.0109
143.3719
150.5959
129.0191
128.3333
133.9399
137.0536
130.7562
132.3818
150.967
151.1062
166.4699
183.1484
176.8881
178.7921
186.7402
185.3976
184.248
180.7058
186.6632
180.5546
179.1691
168.1412
162.7061
157.5927
147.777
143.3888
136.2671
125.3565
125.7762
118.5921
132.3207
136.3079
142.2025
149.9634
137.7151
124.746
118.0268
124.9727
137.5345
126.3648
126.2089
110.8128
119.1762
126.6358
116.2677
109.2188
92.5898
95.336
97.1098
111.4628
98.26822
97.57055
92.43524
87.03702
84.35181
87.74942
78.43153
57.90109
64.20893
69.55879
55.30395
63.81357
60.85975
51.28094
43.38571
41.47811
36.14672
24.80026
26.23499
25.36276
12.97021
1.100716
8.738447
21.53293
21.59078
25.16751
7.307903
10.29455
22.20139
20.46796
13.59834
5.696595
8.925028
1.424487
-1.108825
-14.05062
-13.16823
-33.41333
-29.73464
-27.71926
-22.19268
-18.85152
-22.23565
-24.44774
-18.69197
-32.97266
-49.08148
-58.91487
-49.60816
-50.73252
-48.1925
-41.43417
-37.71586
-23.48719
-22.95359
-40.02365
-35.33957
-29.44411
-21.53508
-20.81394
-22.10009
-24.79415
-19.65792
-28.84673
-23.45605
-24.43792
-11.3138
-13.75979
-13.8736
-12.61731
-3.772894
11.46096
8.405568
2.356322
3.762624
9.297744
24.0402
30.54235
24.46652
27.60367
35.08177
49.2337
45.01643
43.35429
44.60635
52.77828
34.36347
35.15371
47.07851
36.94424
24.97532
19.46532
19.29734
25.51827
21.71698
16.19052
10.89898
-0.09025934
-0.5268108
-16.87927
-11.69941
-13.84294
3.468262
8.271656
13.02295
10.13232
18.31064
17.76738
24.60691
34.47958
28.90485
26.1798
21.82342
27.52246
35.78719
23.71793
22.83689
10.14081
20.04637
29.14392
11.79771
21.45925
29.07377
21.5291
18.25947
15.81882
0.0557842
-2.871917
-3.135972
-7.108584
-1.977278
5.609374
19.14476
26.02787
28.16567
33.98246
33.72552
31.26531
31.87982
32.83679
24.219
39.82306
35.07778
44.17559
34.70398
40.03745
43.03982
50.65865
53.86742
43.71413
48.53453
56.11002
49.98663
42.56591
40.57719
42.81285
60.4209
53.71063
49.81322
44.79291
38.29843
50.86197
36.97578
41.4476
44.2301
25.33884
27.01727
23.98956
29.80609
26.77177
24.9235
21.63005
12.9143
13.83262
3.711708
4.651658
-3.764314
-18.15615
-7.271855
-8.396717
-1.469107
8.026511
-0.5573035
15.00727
16.25886
14.30834
2.00096
1.011035
-7.238516
-4.380437
-9.937289
-4.326962
6.020511
4.475483
9.256864
-2.516931
-11.33113
-14.03521
-0.369341
9.612729
5.341202
14.72698
8.602349
15.56243
20.47949
4.669111
8.848422
16.73345
23.50469
29.07086
36.33875
26.13767
9.229104
10.82515
12.742
-3.377618
-5.07434
-21.52915
-21.47316
-17.04598
-5.252506
11.82772
25.21218
31.46646
50.67156
52.64033
44.53367
52.22058
40.7879
40.58743
33.66429
30.56966
13.70945
24.47543
14.07381
12.47795
20.45844
11.59271
1.527635
17.95573
17.22516
22.2691
21.67202
27.18447
29.1723
38.44556
30.45175
31.73424
38.6262
49.46615
32.99946
31.93286
40.58559
47.60519
40.14081
47.71492
44.27778
43.16819
41.41625
41.98947
33.86131
33.5468
42.13811
54.94932
59.92252
70.22777
57.98494
63.86389
62.43315
68.39228
80.07193
83.85857
78.3248
92.84423
109.3793
106.1462
127.1694
119.96
124.6027
118.6475
141.9002
143.2386
143.2528
145.0654
145.9383
146.9339
155.4381
159.8036
154.8271
141.7105
141.0787
153.6624
158.3527
159.8591
171.3017
153.5273
153.5253
172.7134
185.9371
196.1494
186.66
195.9375
195.4502
186.0062
187.7214
192.4179
204.1319
204.9247
204.8221
188.2271
185.1304
194.04
192.7315
176.9571
173.0953
165.8041
146.8368
144.6139
139.6109
141.6626
138.5941
134.0294
128.9136
118.7657
129.0097
129.7292
116.1865
118.3475
116.4922
120.4228
106.9825
122.1019
129.8114
138.6229
122.9558
122.9443
108.0193
112.187
128.7725
113.6938
108.9642
105.1799
97.32513
94.37045
100.2638
101.9971
105.871
99.06998
107.6069
93.14332
90.69401
97.25187
86.61553
88.02348
90.80978
92.80439
103.8908
100.9866
90.95254
75.44053
53.15299
65.3244
59.3326
67.36779
66.46651
72.64402
72.26266
69.55328
83.0325
81.78213
100.0898
109.6938
109.4096
102.2675
86.9107
84.70265
77.72527
76.22295
70.18038
79.29393
69.90435
77.4541
82.98057
64.64823
75.034
95.0685
93.64293
92.98993
89.02988
93.45648
91.18644
101.7529
105.3709
105.2423
114.1255
125.3007
120.4582
109.7522
100.6593
111.7194
101.8371
109.7977
121.2115
122.5024
111.4854
113.1771
114.0924
126.5765
119.3987
122.5014
124.5343
122.1617
121.6439
118.8614
127.8622
128.1405
132.2909
146.8794
157.8128
174.7255
166.0192
173.896
170.8511
178.5256
186.2614
189.2981
204.7598
214.7527
214.7333
212.3801
210.1325
205.0095
188.1193
180.3214
186.2133
182.5433
177.7158
180.9496
190.4169
189.9278
176.6517
180.2671
170.0146
181.7495
175.3017
181.8659
190.2998
191.7066
183.7245
192.4925
188.3174
192.9069
183.1248
180.856
180.1053
176.2321
193.4982
195.6504
207.7739
206.2255
191.4014
181.7657
191.0802
185.9321
189.6172
185.9541
182.6789
200.6822
198.2095
200.363
182.9788
175.9631
176.8121
175.9905
172.7562
159.2001
160.2704
159.3944
162.7132
165.5072
159.2309
148.6189
142.565
136.1672
140.1688
137.1814
148.1356
147.8739
139.1994
143.9849
145.6685
153.3676
147.0069
160.4859
162.2927
151.5561
164.1703
167.4817
163.06
173.1711
173.4623
173.3889
188.5684
181.2282
167.2956
173.569
184.7584
185.084
173.971
178.5347
178.3882
171.3635
158.4565
156.2086
153.4741
154.2852
154.8166
152.892
145.6987
142.0222
128.2569
117.9666
112.8253
119.5387
107.5407
122.5147
119.3892
120.5234
128.6075
130.4866
129.2423
130.8907
132.0802
132.0969
136.7703
125.1999
136.2446
144.8294
152.9784
147.5941
132.2925
117.9929
124.0844
125.3519
122.7937
133.976
143.2927
153.5365
168.9079
171.146
159.2558
147.1365
154.2303
139.8288
118.0261
113.6794
120.2385
122.2672
138.3484
156.0759
154.8905
148.3011
148.1222
162.1043
167.6027
164.4416
163.8596
162.0331
159.7724
151.5484
150.8183
166.7652
175.7495
197.2574
200.4895
189.1775
178.6428
176.0708
180.1657
181.2593
185.6982
177.9651
177.3543
173.2232
169.4011
167.5431
169.7639
172.2267
180.5002
176.9738
182.477
180.508
167.3102
165.9341
171.5241
177.9644
180.881
176.6718
170.4872
169.2633
172.9979
180.5724
199.3702
192.2277
206.5714
204.9065
220.4605
220.9924
211.1279
209.8008
202.3655
215.4203
225.4565
216.0321
215.1849
211.275
202.1573
203.9292
198.6178
198.8384
191.9722
183.3233
159.184
152.1152
144.698
154.6576
150.7376
155.2302
171.3183
172.3507
177.4432
180.3174
176.1896
176.6013
195.0016
170.0288
177.5723
170.3167
156.2515
148.1978
133.8227
139.8471
142.8241
144.0628
155.3378
148.9353
151.1189
163.0995
145.5791
140.8277
157.4316
155.1169
152.6125
149.893
149.724
165.2955
160.2868
157.0652
147.4879
143.1664
138.7099
129.7976
121.678
132.417
131.893
129.9742
124.4276
125.4633
148.1818
148.2499
139.9292
148.0947
153.4176
149.9908
137.4372
133.4993
135.9961
125.4483
133.0958
148.6956
132.0675
132.6142
126.3044
112.0215
120.5633
118.4351
119.5853
135.7504
133.9754
129.511
132.1843
122.5278
132.9438
118.1334
122.1994
111.1804
117.6965
128.8781
134.6334
129.8795
125.7965
129.1645
123.4331
114.9167
108.6288
111.4816
106.8632
91.33825
107.827
96.83641
103.1628
105.566
113.153
109.8102
88.8473
105.1972
113.2679
122.9762
115.0587
121.6457
112.207
101.677
101.2143
95.99989
103.8745
106.014
88.8768
72.26536
68.29015
73.73911
63.57862
61.24163
74.09618
86.23733
87.11105
73.25913
84.0123
88.46638
86.85739
94.96351
95.8506
93.83405
89.22486
89.77766
93.67682
98.39094
91.92525
88.31321
79.32894
79.65438
83.84921
88.63879
90.78768
90.78048
94.0027
88.97171
101.3123
