0.007726121
0.007361699
0.006880157
0.006952939
0.006534799
0.006216999
0.005894866
0.005638761
0.005358007
0.005328567
0.005545254
0.005576145
0.005937179
0.005852919
0.005678759
0.006100781
0.005631573
0.005665516
0.005727635
0.005609559
0.005389448
0.00515833
0.005184605
0.00537628
0.005349493
0.005500779
0.005507343
0.005139653
0.005254862
0.004768838
0.004721606
0.004582685
0.004657283
0.004407872
0.004269241
0.004289698
0.004328758
0.004100355
0.004261908
0.003906361
0.003955781
0.003982228
0.00396665
0.003717528
0.003928992
0.003910577
0.004070422
0.004182935
0.003954797
0.004177675
0.003827382
0.003728712
0.003664244
0.003882142
0.00386738
0.003923274
0.003888468
0.003865464
0.004149731
0.004228321
0.003938607
0.004094063
0.003895379
0.003731171
0.003823354
0.003748366
0.003643555
0.003539407
0.003496175
0.003377216
0.003270274
0.003331102
0.003487948
0.00352445
0.003612156
0.003575947
0.003521386
0.00365049
0.00337642
0.003472386
0.003382637
0.003249406
0.003091454
0.003032366
0.002924576
0.002943697
0.002782385
0.002878462
0.002770483
0.002794564
0.002983403
0.00303967
0.003138376
0.002856833
0.002830055
0.002669766
0.002534689
0.002742823
0.00276865
0.002892627
0.002784952
0.002841658
0.002859622
0.002944068
0.003036362
0.003028462
0.002836075
0.002842897
0.002980859
0.002937955
0.002842787
0.002839358
0.003049147
0.003158301
0.003102056
0.003310113
0.003480104
0.003522914
0.00337215
0.003395423
0.003615901
0.003723805
0.003672127
0.00381757
0.003689311
0.003893817
0.003871966
0.003770339
0.003538976
0.00357459
0.003561637
0.003754757
0.003461592
0.003451422
0.003418787
0.003373106
0.003353406
0.003410466
0.00333132
0.003125369
0.00316687
0.003105127
0.002897346
0.002920262
0.003074792
0.003047545
0.003022858
0.002968328
0.002853299
0.002818136
0.002815233
0.002808829
0.002842207
0.002802835
0.002856735
0.002790322
0.002809248
0.002827899
0.002790847
0.00284748
0.003033275
0.003106681
0.002862502
0.002867161
0.002901213
0.002954052
0.002973905
0.002969468
0.003076287
0.002908889
0.002863193
0.00276952
0.00286877
0.002943429
0.002857702
0.002823322
0.002895138
0.002932904
0.002839095
0.002920533
0.002774092
0.002686461
0.002688288
0.002733831
0.002544635
0.002510568
0.002681309
0.002526902
0.002494904
0.002467461
0.002623636
0.002639659
0.002508112
0.002562674
0.002630101
0.002594413
0.002782155
0.002842601
0.002792209
0.002807816
0.002779846
0.002806269
0.002836991
0.002653625
0.002693662
0.002473596
0.002450443
0.00254011
0.002515832
0.002348676
0.002374287
0.002428966
0.002473933
0.002577195
0.002526597
0.002511204
0.002415302
0.002431151
0.002387388
0.002449831
0.002553043
0.002525315
0.002493922
0.002343313
0.002243316
0.002127107
0.002052665
0.002046495
0.002176577
0.002100129
0.001986765
0.002020552
0.002009983
0.002177682
0.002156202
0.002157692
0.001991492
0.001963524
0.001996385
0.001978427
0.001878738
0.001891665
0.001895941
0.001895796
0.001829555
0.001813087
0.001834992
0.001696604
0.001688139
0.001620764
0.00164679
0.001562063
0.001529297
0.001555262
0.001482634
0.001505403
0.001532197
0.001526475
0.001468464
0.001510685
0.001517226
0.001614605
0.001668293
0.001639699
0.001540971
0.001555642
0.001533177
0.001552946
0.001533523
0.001573017
0.001551718
0.001480433
0.001436003
0.001372894
0.001315848
0.001317712
0.001314749
0.001296054
0.001256746
0.001178747
0.001236764
0.001244681
0.001251746
0.001363208
0.001335271
0.001345563
0.001401091
0.001441414
0.001388959
0.001512997
0.001484768
0.001400951
0.00138924
0.001393746
0.001350775
0.001426241
0.00144095
0.00151546
0.001499296
0.001402868
0.001332049
0.001368104
0.001353314
0.001468857
0.001435758
0.001490224
0.001605586
0.001685181
0.001610562
0.001617483
0.001531062
0.001524466
0.001618777
0.00150768
0.001450276
0.001524658
0.001570645
0.001566441
0.001533178
0.001549362
0.001620312
0.001555553
0.001549865
0.001566554
0.001539689
0.001513459
0.00144701
0.001423133
0.001392854
0.001326942
0.001320322
0.001278236
0.001280769
0.001316916
0.001387793
0.001494491
0.001455842
0.001468557
0.001443459
0.001407237
0.001379103
0.001400107
0.001383969
0.001270467
0.001269811
0.001194735
0.001270502
0.00124892
0.00129026
0.001342817
0.001362276
0.001328618
0.001344218
0.001306328
0.001164631
0.001148745
0.001221035
0.001229061
0.001207661
0.001212523
0.001169359
0.001165448
0.00119435
0.001109828
0.001116498
0.001152561
0.001157968
0.001169199
0.001108478
0.001120772
0.001102576
0.001067206
0.001092871
0.001160061
0.001179768
0.001231223
0.001220089
0.00119757
0.001184776
0.00116124
0.001193099
0.001229609
0.00119428
0.001151383
0.00122593
0.001235805
0.001240188
0.001304321
0.001321841
0.001350341
0.001335853
0.001353385
0.001423511
0.001381897
0.001373459
0.001318087
0.001379805
0.00147713
0.001371225
0.00140363
0.001360895
0.001277746
0.001305773
0.001241686
0.001302544
0.001324121
0.001352313
0.00140725
0.00141602
0.001423159
0.001457664
0.001443136
0.001365716
0.001401144
0.001413599
0.001304558
0.001293773
0.00127914
0.001268497
0.001255793
0.001213387
0.001193069
0.001225449
0.001264518
0.0012425
0.001234518
0.001148273
0.001150958
0.001225327
0.001188391
0.00123648
0.001233801
0.001237818
0.001245169
0.001256122
0.001274675
0.001266951
0.001245113
0.001241279
0.001239384
0.001164305
0.001120763
0.001130481
0.00116175
0.001110644
0.001084374
0.001113204
0.00113621
0.001082642
0.001161572
0.001171569
0.001176135
0.001142662
0.001199272
0.001248788
0.001256796
0.001232022
0.001267228
0.001209759
0.001155722
0.00110297
0.001126468
0.001151775
0.001144391
0.001179302
0.001192487
0.001199017
0.001171014
0.001207745
0.00121427
0.001148407
0.001110912
0.001084024
0.001056868
0.00102642
0.001019274
0.001029891
0.001078842
0.001115884
0.001104108
0.001101922
0.001132322
0.001117009
0.0010749
0.001130251
0.001151381
0.00116053
0.001085372
0.001014034
0.001063669
0.001090903
0.001017652
0.00106917
0.001081669
0.00106402
0.001016674
0.001040952
0.001028102
0.0009602563
0.000936896
0.0009369123
0.0008798901
0.000871394
0.0009021653
0.0008875741
0.0008982129
0.0008427285
0.000830619
0.0008249424
0.0008436369
0.0008946752
0.0008875213
0.0008796691
0.0008657695
0.0008329407
0.0008463867
0.000862623
0.0007752776
0.0007481204
0.0007011206
0.0007206274
0.0007674587
0.0007517848
0.0007387129
0.0007435508
0.0007743116
0.0008218359
0.0008270814
0.000880099
0.0009002417
0.0009521958
0.000975365
0.001009498
0.0009692008
0.001041259
0.001131099
0.001111387
0.001072622
0.001029946
0.0009705503
0.0009516372
0.0009585732
0.0009993361
0.001031836
0.00097888
0.0009521837
0.0008806089
0.000913064
0.0009112943
0.0008935365
0.000856514
0.0008364198
0.0008014798
0.0007907369
0.0008065813
0.0008136973
0.0008478816
0.0008375379
0.000827864
0.0008258414
0.0007871612
0.0007276475
0.0006941061
0.0006833888
0.0006784945
0.0006935947
0.0006925094
0.0006823696
0.0007235709
0.0007002672
0.0006581969
0.0007036182
0.0007108494
0.0007374664
0.0007040702
0.0007101562
0.0007011753
0.0007256094
0.0007086157
0.0006837685
0.000712597
0.0007310267
0.0007137765
0.000682398
0.0007359039
0.0007250422
0.0007208878
0.0007493603
0.0007305615
0.0007423851
0.000725379
0.0007137753
0.0007203171
0.0006924535
0.000652893
0.0006329772
0.0006486478
0.0006265649
0.0006226222
0.0006442606
0.0006360305
0.0005956967
0.0006302374
0.0006187475
0.0006449102
0.0006538293
0.0006695887
0.0006741033
0.0006484454
0.0006347748
0.0006595435
0.0006598236
0.0006556129
0.0006061502
0.0006391787
0.0006293934
0.0006111452
0.0006743056
0.000655869
0.0006472776
0.0006214264
0.0006395956
0.0006276967
0.0006300962
0.0006293645
0.0006004442
0.000616318
0.0006372874
0.000606621
0.0006006155
0.0005829521
0.0005665415
0.0005333407
0.0005315962
0.0005384314
0.0005170056
0.000510538
0.0005351615
0.0005001571
0.0005165229
0.0005559199
0.0005821036
0.0005909619
0.0005999169
0.000614754
0.0006227255
0.0005946345
0.0005574132
0.0005430201
0.0005278574
0.0005503197
0.0005520505
0.0005523326
0.000589734
0.0005631428
0.0005439235
0.0005507182
0.0005229145
0.0005317592
0.0005546191
0.0005599463
0.0005818337
0.0005796043
0.0005616639
0.0005565725
0.0005675162
0.0005643965
0.0005533732
0.0005522453
0.0005470453
0.0005284223
0.000538417
0.0005428326
0.0005447751
0.0005528316
0.0005486124
0.0005557581
0.000567131
0.0005388896
0.0005032403
0.0005286419
0.0005504349
0.0005227305
0.0005465203
0.0005382137
0.0005617545
0.0005733733
0.0005452998
0.0005576267
0.00057879
0.0005887639
0.0006321749
0.0006480433
0.0006219276
0.0006194715
0.0006373276
0.000618078
0.0006090146
0.0006242285
0.0006210709
0.0005758019
0.0005627858
0.0005100791
0.0005130334
0.0005210731
0.0005262141
0.0005564234
0.0005347812
0.0005572319
0.0005886281
0.0005625361
0.0005982195
0.0005831784
0.0005801629
0.0005395945
0.0005464798
0.0005678936
0.0005790031
0.0006375971
0.0006492091
0.0006502711
0.0006692602
0.0006675754
0.0006472026
0.0006322283
0.000636682
0.0006194229
0.0005967194
0.0005974126
0.000608603
0.0005945735
0.000600458
0.0006163572
0.0005749217
0.0005597409
0.0006057922
0.0005826497
0.0005967546
0.0006070378
0.0005959998
0.0005749815
0.0005757509
0.0005621708
0.0005773243
0.0005712344
0.000566266
0.0005393513
0.0005298374
0.0005219455
0.0005482603
0.0005448382
0.000553017
0.0005496497
0.0005645492
0.0005548669
0.0005469435
0.0005671989
0.0005602347
0.0005613978
0.0005631178
0.0005686674
0.0005400598
0.0005385752
0.0005219582
0.0004982793
0.0004776071
0.0004910853
0.0004992552
0.0004796139
0.000446859
0.0004682305
0.0004585735
0.0004665031
0.0004528814
0.0004459305
0.0004773343
0.0004851996
0.0005012872
0.0005090538
0.0005131516
0.0004906219
0.0004598888
0.0004850343
0.0005054737
0.000519105
0.0004960791
0.0004894953
0.0004882154
0.0005194648
0.0004867151
0.0005086832
0.0005265738
0.000533562
0.0005395036
0.0004987657
0.0004592567
0.0004432504
0.0004496359
0.000426496
0.000410272
0.0003992276
0.0004079437
0.0004174291
0.0004266444
0.0004430772
0.0004472505
0.000465542
0.0004743033
0.0004639233
0.000491033
0.0004973928
0.0004769976
0.0004908538
0.000497309
0.000510806
0.0004971305
0.0005073168
0.0005345083
0.0005168059
0.0005072526
0.0005121798
0.0005368831
0.0005315036
0.0005524722
0.0005136872
0.0005365788
0.0005656964
0.0005602021
0.0006018816
0.0005893678
0.0006371819
0.000636237
0.0006705586
0.0006517747
0.0006477598
0.0006902537
0.0006875397
0.0007095029
0.0006957079
0.0007344341
0.000705601
0.0007004081
0.0007161101
0.0007478353
0.0007412933
0.000774791
0.000746014
0.0007494649
0.0007449045
0.0007013305
0.0007048825
0.0007338591
0.0007080367
0.0007207985
0.0007132927
0.0007517712
0.0007245072
0.0007318811
0.0006948543
0.0007084786
0.0007202233
0.0007507438
0.0007502699
0.0007594344
0.0007427943
0.0007728822
0.000789618
0.0007915834
0.0007845985
0.0007780512
0.0007989166
0.0008296585
0.000828398
0.0008160651
0.0008663207
0.0007816766
0.0007728348
0.0008005655
0.000826318
0.0007940623
0.0007981698
0.000775034
0.0007714013
0.0007408292
0.000735017
0.0007425783
0.0007183476
0.0006899776
0.0006818097
0.0006792618
0.0007155229
0.0007661223
0.000759078
0.0007620233
0.000762184
0.0007979047
0.0007521904
0.0007693622
0.0007959068
0.000843429
0.0008482903
0.0007906992
0.0007611141
0.0007780344
0.0007522712
0.0007663868
0.0007599037
0.0007639123
0.0007695439
0.0007908433
0.0008407046
0.0008845324
0.0008966492
0.0008499969
0.0007986491
0.0007410239
0.0007600818
0.0007543413
0.0007074715
0.0006820092
0.0007151703
0.0007163532
0.0006838695
0.000698074
0.0006768159
0.000731183
0.0007124044
0.0007486656
0.0008035635
0.0007937814
0.0008290197
0.0008451449
0.0008215525
0.0008231332
0.0007922916
0.0007320298
0.0007093905
0.0007115339
0.0007157787
0.0006941651
0.0006445841
0.0006807098
0.0006572214
0.0006347696
0.0006275384
0.0006637594
0.0006428282
0.0006292012
0.0006548495
0.0006815926
0.0006230893
0.0006314407
0.0006465397
0.0006131624
0.0006376032
0.0006372259
0.0006428776
0.0006222827
0.0006735975
0.0006622045
0.0006684856
0.0006658618
0.0006739853
0.0006887104
0.0006839366
0.0006757823
0.0006851031
0.0006939896
0.0007006719
0.0007142693
0.000669332
0.0006752681
0.000690898
0.0006564612
0.0006605833
0.0006779272
0.000702543
0.0007148274
0.0007092555
0.00070903
0.0007127437
0.0007089671
0.000738915
0.000694651
0.0006844819
0.0006590188
0.0006872487
0.0007073511
0.0007563202
0.0007101411
0.000691147
0.0007388651
0.0007194608
0.0007163635
0.0007216689
0.0007571221
0.0007735775
0.0007970839
0.0008212029
0.0008417774
0.0008391225
0.0008711423
0.000904399
0.0008910949
0.0009092725
0.0009073022
0.000830446
0.0008874727
0.0009195194
0.0009959268
0.001046528
0.0009764783
0.001021877
0.001049883
0.001094302
0.001063931
0.001013997
0.0009289004
0.0009135267
0.0009837461
0.00094119
0.0009987908
0.001062449
0.0009895219
0.0009788177
0.000984451
0.0009909005
0.00102966
0.001024713
0.001021213
0.001045801
0.0009660584
0.0009827023
0.0009581824
0.0009851626
0.000997412
0.0009105588
0.0008816463
0.0008905897
0.0009149504
0.000953521
0.0009670734
0.0009231139
0.0009327926
0.0009249932
0.0009231591
0.0009314793
0.0008749214
0.0008831109
0.000857769
0.0008488431
0.0008441714
0.0008489693
0.0008643857
0.0008101937
0.0007548857
0.0007246591
0.00068565
0.0006499715
0.000644835
0.0006444667
0.0006476467
0.0006512372
0.0006748307
0.0006689692
0.0006475712
0.0006592026
0.0006776725
0.0007030174
0.0007317766
0.0007521977
0.0007256463
0.0006655755
0.000648475
0.0006322261
0.000641159
0.0006154177
0.0006064174
0.0006077401
0.0006309258
0.0006361119
0.0006273435
0.0006541021
0.0006660364
0.0007035474
0.0006839232
0.0006640727
0.0006592929
0.000655757
0.000621413
0.0005983055
0.0006001162
0.0006129424
0.0006037323
0.0006196473
0.0006339155
0.0006405498
0.0006763945
0.0006697592
0.0006457469
0.0006152379
0.0006014354
0.0005969679
0.0006270486
0.0006539239
0.0006471082
0.0007282587
0.0007082654
0.0007167251
0.0007438061
0.0007169215
0.0007356678
0.0007561385
0.0007679843
0.0007243766
0.0007219355
0.0007375717
0.0007798864
0.0008090486
0.0008490592
0.0008350166
0.000829025
0.0008403996
0.0008196851
0.0008522396
0.0008450906
0.0008513665
0.0008506583
0.0008337967
0.0008390798
0.0008538846
0.000852611
0.0008524289
0.0008304019
0.0007819671
0.0008224882
0.0008486544
0.0008518555
0.000797442
0.000823145
0.000846329
0.0008649306
0.000867011
0.0008637971
0.000904422
0.0008518282
0.0008662613
0.0007916921
0.0008055198
0.0008254285
0.0007927999
0.0007783754
0.0007641843
0.0007877555
0.0007452323
0.0006974859
0.0007164022
0.0007045531
0.0007005873
0.0007289377
0.0007024351
0.0006689751
0.0006561956
0.0006356182
0.0006587564
0.0006481797
0.000652466
0.0006417387
0.0006579141
0.0006315637
0.0006208437
0.0006305425
0.0006397692
0.000604571
0.0006096514
0.0006015246
0.0006094967
0.0005857134
0.0005609015
0.0005407584
0.0005550986
0.0005472486
0.0005571303
0.0005632845
0.0005859025
0.0005896774
0.0005392416
0.0005199018
0.0005506891
0.0005186738
0.0004967552
0.0005096597
0.0005351648
0.0005550273
0.000537608
0.0005275839
0.0005332379
0.0005096574
0.0005411038
0.0005326176
0.000523509
0.0005332586
0.0005338997
0.0005596931
0.0005637745
0.0005706365
0.0005673811
0.000548673
0.000543911
0.000555276
0.0005673473
0.0005396134
0.0005280418
0.0004995923
0.0005273689
0.0005643249
0.0005665222
0.0005542754
0.0005503464
0.0005515278
0.0005554916
0.0005527472
0.0005125538
0.0005033326
0.0005132644
0.0005250634
0.0004951428
0.0005027176
0.0004908808
0.0004865305
0.0005140931
0.0005002869
0.0004986249
0.0005346567
0.0004879083
0.0005054845
0.0004817064
0.0004804133
0.0004864134
0.0005075849
0.0005406194
0.0005458569
0.0005526069
0.0005595307
0.0005440823
0.0005723042
0.0005592559
0.000528291
0.0005303881
0.0005692695
0.0005863112
0.0005680208
0.0005917856
0.0005693976
0.0005825163
0.000566776
0.0006145672
0.0006043107
0.0005855631
0.0005674842
0.0006009031
0.0005949658
0.0006289906
0.0006097148
0.0006000405
0.0005569783
0.0005797077
0.0005652535
0.0005658444
0.0005433935
0.0005481156
0.0005383612
0.0005271635
0.0004641713
0.0004659514
0.0004601575
0.0004598002
0.0004409884
0.000446637
0.0004323259
0.0004217021
0.000426915
0.0004238249
0.0004073072
0.0004010529
0.0003922222
0.0003770966
0.0003880887
0.0003775019
0.0003924221
0.0003765047
0.0003886032
0.000379078
0.0003792366
0.0003590489
0.00033891
0.0003453437
0.0003542471
0.0003197802
0.0003219064
0.0003153897
0.0003363618
0.0003265478
0.0003027084
0.0002999231
0.0003141851
0.0003025477
0.0003074916
0.0003153639
0.0003108862
0.0003260043
0.0003578669
0.0003488676
0.0003383254
0.0003267523
0.0003237317
0.0003189187
0.0003133697
0.0003264123
0.0003322603
0.0003424006
0.0003352236
0.0003287849
0.0003339141
0.0003110155
0.0003248602
0.0003166389
0.0003215707
0.00031854
0.000298564
0.0003185006
0.0003225235
0.0003275432
0.0003384212
0.0003451465
0.0003554534
0.0003451433
0.000350473
0.0003493217
0.000347387
0.0003479594
0.0003400563
0.0003557799
0.0003570536
0.0003389845
0.0003431873
0.0003361187
0.0003486611
0.0003724304
0.0003871687
0.0003802979
0.0004061218
0.0003888594
0.0003727818
0.000372202
0.0003586082
0.0003504549
0.0003489648
0.0003482033
0.0003698975
0.0003707029
0.0003689625
0.0003755265
0.0003900315
0.0004129043
0.0004134399
0.0004179395
0.0004105966
0.0004203242
0.0004508067
0.000451971
0.0004386476
0.0004468018
0.0004585529
0.0004523068
0.0004407888
0.0004209141
0.0004421738
0.0004821645
0.0004905007
0.0004706349
0.000469259
0.0004485491
0.000463379
0.0004635355
0.0004537596
0.0004704745
0.0004582228
0.0004594319
0.0004548836
0.0004534789
0.0004907834
0.0004699968
0.000484466
0.0005042692
0.00050134
0.0004797368
0.0004807771
0.0005185561
0.0005570456
0.000567648
0.0005490875
0.0005889784
0.0005933527
0.0005948887
0.0006099708
0.00063449
0.0006170446
0.0006346823
0.0006354585
0.0006450016
0.0006136345
0.0006297161
0.0006145603
0.000615943
0.0005883753
0.000608191
0.0006160549
0.0006027478
0.0006194135
0.000583535
0.0005650364
0.0005845008
0.0005721337
0.0005238762
0.000529444
0.0005162953
0.0005066114
0.0005477805
0.0005166393
0.0005257454
0.0005624802
0.0005621786
0.0005866298
0.0005582938
0.0005374611
0.0005500064
0.0005200541
0.000493827
0.0005211701
0.0005288678
0.0005445736
0.0005021898
0.0004759292
0.000499726
0.0004846332
0.0005097679
0.0005085712
0.000539153
0.0005242677
0.000506184
0.0005044869
0.0005309301
0.0005301268
0.0005654349
0.0005606544
0.000536677
0.0005561014
0.0005563679
0.0005687032
0.0005885447
0.0006026512
0.0006035811
0.0006058837
0.0006025069
0.0006234161
0.000614504
0.000608531
0.0005699244
0.000565814
0.0005602506
0.0005414969
0.0005427175
0.0005376752
0.0005556486
0.0005552802
0.0006076972
0.0005932041
0.0005703613
0.0005483797
0.0005252195
0.000511361
0.0005136023
0.0004927596
0.0005314332
0.0005639169
0.000548196
0.0005523189
0.0005392515
0.0005033377
0.0004731854
0.0005311955
0.000550741
0.0005658766
0.0006154285
0.0005972969
0.0005769314
0.0005704657
0.0006031144
0.0005864014
0.0005948844
0.0006324077
0.0006785379
0.0006763632
0.0006885321
0.0007252813
0.0007256957
0.0006909071
0.0006816087
0.0007099512
0.0006951004
0.0006963446
0.0007085068
0.000696503
0.0006758124
0.0006636279
0.0006627068
0.0006747907
0.0006896182
0.0007052783
0.0006904716
0.000712287
0.0007304043
0.0007089638
0.0006817335
0.0006867864
0.0006964184
0.0006779809
0.0006657111
0.0006186998
0.0006493403
0.0006505337
0.0006204166
0.0006449908
0.0006400808
0.0006165282
0.000672814
0.0007033932
0.0006856884
0.0006860496
0.0006898307
0.0006830761
0.0006872978
0.000696034
0.0006886783
0.0006774431
0.0006390288
0.0006279113
0.0006415999
0.0006780823
0.0006592853
0.0006977039
0.0007600435
0.0007636955
0.0007892584
0.0007677517
0.000790879
0.0007890376
0.0007885499
0.0008329509
0.0008424331
0.0008517924
0.0008689843
0.0008557269
0.0008011693
0.0007733436
0.0007809991
0.0007956954
0.0008166194
0.0008141043
0.0008022204
0.0008058292
0.0008642814
0.000896046
0.0008628482
0.0008959516
0.0009010476
0.0009288588
0.000951798
0.0009563158
0.0009529282
0.0009152171
0.0009099801
0.0008826029
0.0008844099
0.0009098058
0.0009263392
0.0009459709
0.0008727865
0.0009028304
0.0008823037
0.0008704308
0.0008683088
0.0009086596
0.0008832718
0.0008655523
0.0009044582
0.0008841208
0.0009601274
0.001006635
0.001012885
0.0009431833
0.0009639872
0.000916947
0.0009523916
0.0009606408
0.0009523699
0.0009822762
0.001020635
0.0009938998
0.001002763
0.0009684662
0.0009606193
0.0009807548
0.0009823529
0.0009624222
0.0009382004
0.000936457
0.0008993412
0.0009432673
0.000927631
0.0008670605
0.0008613643
0.0008717323
0.0008616001
0.0008660756
0.0008545103
0.000862069
0.0008772848
0.0008479636
0.0008365823
0.0008537186
0.0008531349
0.0008744925
0.0008558549
0.0008491739
0.0009680924
0.0009762079
0.0009206239
0.0008475522
0.0008144797
0.0008451982
0.0008098459
0.0008413193
0.0008426467
0.0009002593
0.0009164203
0.0009080071
0.0009499569
0.0009426392
0.0009737391
0.0009807278
0.0009149518
0.0008931111
0.0009153056
0.000968242
0.0009199743
0.0009128391
0.0008644157
0.0008809776
0.0009137149
0.001005976
0.0009359036
0.001000939
0.001054559
0.001067152
