0.0008401609
0.0008108382
0.0007515969
0.0006736656
0.0006191812
0.0007106758
0.0008628621
0.0008624533
0.0008266232
0.0007510988
0.0007579333
0.0007278716
0.0007327612
0.0007293002
0.0006600049
0.0007123808
0.0008144051
0.0007494286
0.0007370646
0.0007811749
0.0008679423
0.0008368622
0.0008446509
0.000780324
0.000876584
0.0008764616
0.000837247
0.000763898
0.0008084353
0.0008736484
0.0008836908
0.0009599322
0.0009084436
0.000822705
0.0007893345
0.0006674848
0.000631547
0.0005692825
0.0006514785
0.0006359643
0.0006891902
0.0007903838
0.0008541369
0.0007747746
0.0009543742
0.0008386585
0.0009679121
0.0009200175
0.0009353236
0.0009844473
0.0009806652
0.001049444
0.0009901834
0.0009855472
0.0009837056
0.0009041184
0.0008911294
0.0009870804
0.0007968513
0.0007491436
0.0008119779
0.0008762751
0.0007700372
0.0008869674
0.0006513182
0.0006757628
0.0007077076
0.0008691597
0.0007331216
0.0007114635
0.0007783074
0.000824179
0.0009117099
0.001039992
0.001027502
0.000862476
0.0008922236
0.0009737779
0.0008032836
0.000817901
0.0008561996
0.0008273861
0.0008061397
0.000855372
0.0008691991
0.0008956553
0.000970507
0.001058053
0.001063735
0.001075349
0.0008371056
0.0007746555
0.0008669544
0.0009256324
0.0009435704
0.0008881427
0.0009458635
0.0009840843
0.0008461769
0.000916342
0.0008590254
0.0009726954
0.001058916
0.001106837
0.001062803
0.001110939
0.001034033
0.001212219
0.001267038
0.001130893
0.001100254
0.001061773
0.00104826
0.001185246
0.00124007
0.001277351
0.001200631
0.001220043
0.00124281
0.00110359
0.001221875
0.001192059
0.001246288
0.001248585
0.001135889
0.001100208
0.0008850296
0.0008490414
0.0009195559
0.000907947
0.0008945738
0.0009443326
0.000967161
0.001017562
0.0009892787
0.000870263
0.0009832536
0.0008904244
0.0008808718
0.0008822209
0.00105209
0.001035136
0.0009639039
0.0009457167
0.001059607
0.0009639302
0.001044159
0.0009341457
0.00100955
0.0009242619
0.0008683283
0.0007906547
0.0007778374
0.0007463983
0.0008363312
0.000867292
0.0009364486
0.0008736678
0.000778244
0.0007532065
0.0008275355
0.0008026217
0.0008537573
0.0007697296
0.0007276092
0.0007894791
0.0007739465
0.0007520835
0.0007192456
0.0008844509
0.0007933623
0.0008014312
0.0009923742
0.0009184589
0.0009566397
0.0009244065
0.0008811491
0.001041085
0.000975161
0.001019111
0.001008246
0.001072907
0.001030662
0.001081232
0.0009746624
0.001035968
0.001054095
0.001057388
0.001117775
0.001124898
0.001191005
0.0009904945
0.001013771
0.001020022
0.0009449613
0.0009281959
0.0008932197
0.0008697858
0.0008875815
0.0008583033
0.0008337396
0.0009328421
0.0008408688
0.0008752676
0.00086299
0.0009103276
0.0008622922
0.0009677548
0.001035928
0.001029968
0.001021427
0.001102403
0.001141689
0.001091751
0.00120885
0.001225292
0.001089241
0.001288847
0.001144418
0.00110329
0.0009637313
0.0009240251
0.0009072481
0.0009047421
0.0008702605
0.0008697962
0.0008308305
0.0008539848
0.0008770211
0.0008123105
0.000776085
0.0007623431
0.0007218084
0.0007005533
0.0006611149
0.0007451959
0.0007434724
0.0007630287
0.0006856508
0.0006639188
0.0006147193
0.0006001286
0.0007028007
0.0007801493
0.0006123283
0.0006300281
0.0007181685
0.0006873486
0.0006515035
0.0006966875
0.0006925403
0.0006826232
0.0007331645
0.0007863996
0.0007849817
0.0007611678
0.0006697189
0.0006660325
0.0006403904
0.000639434
0.0006772478
0.0007075265
0.0007570903
0.0008074615
0.0007714807
0.0007682877
0.0008197196
0.0008487076
0.0008113617
0.0007977939
0.0007592401
0.0006474706
0.0007196617
0.0007472718
0.000740448
0.0006038328
0.0006226034
0.0005209091
0.0004974427
0.0005362329
0.0005098839
0.0005187369
0.0005656869
0.0006099942
0.0005613457
0.0005956247
0.0006030673
0.0006249939
0.0006427759
0.0005510307
0.0005663921
0.0006283318
0.0006727822
0.0006974774
0.0006317086
0.0006850983
0.0007656271
0.0007950922
0.0008168208
0.0007214289
0.0007487538
0.000768804
0.0008165753
0.0008358525
0.0008192808
0.0008490756
0.000852169
0.0009238376
0.0008904563
0.0008748152
0.0009103996
0.0009432687
0.0008580851
0.0007352633
0.0007673208
0.0007710335
0.0008095804
0.0008421929
0.0007904653
0.0008524339
0.0008059018
0.0007667029
0.0008008914
0.0007953938
0.0008035519
0.0008889234
0.0009899654
0.0009249166
0.0008679589
0.0008363674
0.0008275243
0.0008548123
0.00085975
0.0008459556
0.0008080648
0.0007351137
0.0007873418
0.0007423789
0.0007478559
0.0007315086
0.000668205
0.0006187638
0.0006302469
0.0006901658
0.0007002781
0.000750841
0.0007825838
0.0008168391
0.0007641534
0.0008369187
0.0008835668
0.0007878071
0.0008792901
0.0007877757
0.0009356743
0.001028295
0.001045317
0.0011951
0.001273803
0.001266504
0.001331593
0.001122714
0.001189683
0.001152666
0.001125879
0.001117631
0.0009724498
0.001006437
0.0009246891
0.0009249855
0.00100623
0.001038521
0.0009499682
0.000838825
0.0007972046
0.000758063
0.0007589944
0.0007437182
0.000757329
0.0006852965
0.0006726686
0.0007229904
0.0007444468
0.0007944307
0.0009232817
0.0008165345
0.0007840878
0.0007593302
0.0008048008
0.000754759
0.0008688227
0.0009357537
0.0008999042
0.0008857336
0.0007533295
0.0007193392
0.0006672934
0.0007320008
0.0007574349
0.0008512007
0.0009873371
0.001062583
0.001119463
0.0009042374
0.0007713104
0.000823664
0.0008836172
0.0009038465
0.0008745658
0.0009656283
0.001066595
0.0009485561
0.0009623066
0.0008613447
0.0008579163
0.0008046532
0.0007057976
0.0006998687
0.000636421
0.0006940949
0.0007324776
0.0007064783
0.0006701245
0.0006723138
0.0006611242
0.0006164812
0.0006812136
0.0007371877
0.0006719132
0.0007074534
0.0006609055
0.0006502614
0.0006984872
0.0006815214
0.0006660002
0.0007314927
0.0007063097
0.0006783737
0.0007157698
0.0008248745
0.0008768549
0.0009366907
0.0009660493
0.00105768
0.001001929
0.0009178919
0.0007564524
0.0007830931
0.0007856996
0.0008715015
0.000884528
0.0009099893
0.0008079684
0.0007547682
0.000793418
0.0007867815
0.0007507463
0.0007766293
0.0006960805
0.000605872
0.0005606727
0.0005659716
0.000597846
0.0005650945
0.0005243124
0.000485656
0.0004923353
0.0004460031
0.0004784958
0.0004678725
0.0004456284
0.0003791635
0.000405274
0.0003810432
0.000332694
0.0003001893
0.0003067304
0.0003188315
0.0003215019
0.0003854006
0.0003740269
0.0003783507
0.0004080079
0.0004385525
0.0004278608
0.0004016458
0.0004575223
0.0004168528
0.0005260899
0.0005215372
0.000582663
0.0005176353
0.000497486
0.0005494883
0.0005654554
0.0005507636
0.000577988
0.0005052457
0.0004921844
0.0004911235
0.0004819151
0.0004953916
0.0004997583
0.0004778164
0.0004501904
0.0004148555
0.0003889995
0.0004066155
0.0003992864
0.0003993971
0.0004190585
0.0003932429
0.0004244906
0.0004917321
0.0005288148
0.0004807603
0.000476164
0.0004547588
0.000481113
0.0005362668
0.0005475945
0.0005662423
0.0005832783
0.0005794969
0.0006181941
0.0006946809
0.0006881411
0.0006691878
0.000554549
0.000606637
0.0006468881
0.0007714549
0.000830487
0.0007697405
0.000815168
0.0008428505
0.0007185623
0.0006857243
0.0006832795
0.0007590115
0.0008406141
0.0008931486
0.0009402824
0.0008381656
0.0008521646
0.0008739183
0.0008429951
0.0008350279
0.0007582863
0.0007352071
0.0006984634
0.0006033642
0.000737523
0.0008045577
0.0008407622
0.0008156133
0.000922986
0.0008664469
0.0008300261
0.000910312
0.0008745338
0.000798694
0.000794403
0.0007663902
0.0006674648
0.0007249993
0.0007757311
0.0006400758
0.0006660974
0.0006553854
0.000681219
0.000761335
0.000729478
0.0007326789
0.0006685444
0.0006725199
0.0006603886
0.0006007656
0.0006666262
0.0006848999
0.0007202724
0.0006918043
0.0006907371
0.0007088745
0.0007424889
0.0006247305
0.0006322777
0.0005771982
0.0006056798
0.0006036299
0.0007006288
0.0006477439
0.0007229431
0.0007297254
0.0007172277
0.0006155038
0.0005936001
0.0006550923
0.0006098041
0.000547632
0.0006138121
0.000654511
0.0006799084
0.000611059
0.0006498398
0.0005856505
0.0006105237
0.0005850984
0.0006893164
0.0007657512
0.0006752522
0.0006753498
0.0007315492
0.0009056566
0.0008654907
0.0008362291
0.0008166244
0.001057809
0.0008994447
0.0008204034
0.0009765568
0.0009972504
0.0009957663
0.001138805
0.001239673
0.001345613
0.001279174
0.00143192
0.001454663
0.001347363
0.001434904
0.001245473
0.001203526
0.001397248
0.001186389
0.001173075
0.001003411
0.0009550271
0.0009527546
0.0008847531
0.000833827
0.0008266256
0.0007617884
0.0008115938
0.000747951
0.0006073813
0.0006048527
0.0005693798
0.0005947656
0.000613984
0.0006579753
0.0008021817
0.0007778824
0.0007968546
0.0009210149
0.0009513512
0.0009380043
0.0009130253
0.0009298197
0.0008531329
0.0008795435
0.0008805746
0.0007275175
0.0006961164
0.0006749545
0.0005767163
0.0005839619
0.0005814624
0.0006479787
0.000653881
0.0005420197
0.00051756
0.0006180954
0.0005643185
0.0006398327
0.000642429
0.0006167696
0.000651298
0.0006080695
0.0005929619
0.0005913721
0.0005673992
0.0005629466
0.0005739402
0.0005448499
0.0005776767
0.000506479
0.0004903857
0.0005502302
0.0005907507
0.0005007797
0.0005023659
0.0005327168
0.0005524644
0.000496866
0.0005263349
0.0004445135
0.0004329169
0.0004689823
0.0004881656
0.0004636169
0.0004915747
0.0004077426
0.0004708783
0.0004516534
0.0005041737
0.0004261933
0.0004077715
0.0003696873
0.0004166403
0.000449323
0.0004703032
0.0005129683
0.000458305
0.0004944719
0.000510861
0.0005295508
0.0004687568
0.0004522229
0.0004679934
0.0004493489
0.0004631165
0.0004621058
0.0005122207
0.0004462607
0.000433927
0.0004771176
0.0004681098
0.0004502909
0.0004663468
0.0005011639
0.0004836008
0.000550207
0.0006012498
0.0005138911
0.0005090929
0.0005335037
0.0006040005
0.0005675522
0.0005575628
0.0005587758
0.0005469037
0.0005427804
0.0005787623
0.0005735497
0.0006264865
0.0005738158
0.0005611562
0.0005304737
0.0005875546
0.0005889549
0.0006304536
0.0007239662
0.0006602883
0.0006046214
0.0005885673
0.0006031307
0.0006660765
0.0006417549
0.0006963561
0.000677521
0.0006686965
0.0006694346
0.0007138422
0.0007461042
0.0007532422
0.0006887787
0.0006612001
0.0005718362
0.0007092206
0.0007982236
0.0008190832
0.0007484378
0.0006604712
0.0005862706
0.0005291907
0.0005765608
0.0005539252
0.000543343
0.0005411089
0.0005495499
0.000602349
0.0006269911
0.0006982459
0.0007801967
0.0008384274
0.0007013111
0.0006967298
0.0007339105
0.0006891118
0.0007138792
0.0006823029
0.00073073
0.000762625
0.0007020142
0.000734489
0.0007697215
0.0007375833
0.0006909964
0.0006506786
0.000682664
0.0006396442
0.0006414099
0.0006092352
0.0006448633
0.0006181636
0.000590602
0.000582032
0.000648175
0.0007308439
0.000840313
0.0008354794
0.0009143735
0.0008128691
0.0007379339
0.000729716
0.000733461
0.0006678811
0.000763242
0.0007155653
0.0006268058
0.0006983512
0.0006818388
0.0005979937
0.0006190998
0.0006337314
0.0006219367
0.0006388537
0.0005808728
0.0005828126
0.0005648479
0.000617205
0.0005723708
0.0006239922
0.0006034095
0.0006604813
0.0006571557
0.0006449392
0.0006981046
0.0006606577
0.00054737
0.0005238828
0.0004950932
0.0004952955
0.0005630389
0.0005769716
0.000561058
0.0006081861
0.0006034638
0.0006462947
0.0007424913
0.000736542
0.0007828716
0.0007718774
0.0007967023
0.0007793241
0.000755101
0.0008007894
0.0008304582
0.0007612964
0.0007485656
0.000651469
0.0007629944
0.0007494409
0.0006973569
0.0006231287
0.0006988675
0.000735051
0.0006741197
0.0006712184
0.0006635249
0.0007047662
0.0006772924
0.0007250308
0.0006818037
0.000699758
0.0006629073
0.0006703233
0.0007042268
0.0007579448
0.0007699804
0.0007242506
0.0005970121
0.0005472919
0.0005303041
0.0005538393
0.0005842381
0.0005999125
0.0006530093
0.0005821899
0.000635437
0.0006355195
0.0005344542
0.0005937119
0.00063327
0.0006319979
0.0005881437
0.0005497767
0.0006521451
0.0007422173
0.0007087229
0.0006982436
0.0007284503
0.0005473475
0.0005646676
0.0005485955
0.0005895251
0.0006100037
0.0005778118
0.0005376267
0.0005442799
0.0005419927
0.0006556051
0.0006306922
0.0006920525
0.0005959563
0.0005793526
0.0005800169
0.0005719203
0.0005734927
0.0005658496
0.000536806
0.000526233
0.0006253326
0.0006631589
0.0007230571
0.0007275421
0.0007520662
0.0007329005
0.0007116157
0.0007218178
0.0007310947
0.000774445
0.0008037526
0.0008189243
0.0006941832
0.0007345047
0.0006894908
0.00074765
0.0007323461
0.0007081713
0.0008016314
0.0007719254
0.000728428
0.0007107039
0.0008022401
0.0007114911
0.0007407804
0.0006379674
0.0006354643
0.0006610801
0.0006507354
0.0007117437
0.0008024193
0.0006918381
0.00065714
0.0006272303
0.0006214692
0.0005658949
0.0006480084
0.0006739258
0.0007015126
0.0007535592
0.0007200017
0.0006591806
0.0007371112
0.0007676697
0.0008137673
0.0007346913
0.0008092005
0.000699854
0.0006990035
0.0008058259
0.000743213
0.0007103165
0.0007194877
0.0007363833
0.0007807042
0.0007566599
0.0007853658
0.0007650655
0.0007731766
0.0007776829
0.0008299901
0.0008195946
0.0007728112
0.0006945837
0.0006273215
0.0006555035
0.0006426764
0.0005976298
0.0006303312
0.0006923926
0.0006474834
0.0006964752
0.000766726
0.0008592597
0.000782574
0.000789346
0.0006879299
0.0006067509
0.0006434019
0.0006583613
0.00070928
0.0007142507
0.0007521921
0.0007726898
0.0006606094
0.0006729358
0.0007141679
0.0008361585
0.0008313975
0.0008542188
0.0008286713
0.0009363443
0.0009277752
0.0008083409
0.0007222242
0.0007716679
0.0007914987
0.0008183326
0.0007710712
0.0007013452
0.0007768153
0.0006662938
0.0007047541
0.0006327695
0.0007306106
0.000751114
0.0006891687
0.0006345948
0.0006700995
0.0006512624
0.0006530646
0.0006944655
0.0006098748
0.0005478587
0.0005986629
0.000545157
0.0005154626
0.0005466216
0.0005365923
0.0005280937
0.0005094111
0.0006110671
0.0005709025
0.0006204299
0.0006384911
0.0006486789
0.000651362
0.0006176179
0.0006452685
0.0007103162
0.0006501806
0.0006316163
0.0006501409
0.000690293
0.0006721735
0.000618452
0.0005886446
0.0006251575
0.0005369747
0.0004632031
0.0004466572
0.0005018811
0.0005199033
0.0004407313
0.0003961317
0.0003701595
0.0003370565
0.0003827571
0.0004050172
0.0003636814
0.0003738767
0.0003932215
0.000405219
0.0004439065
0.0004268271
0.0004278824
0.0004388426
0.0004334797
0.0004291895
0.0004624311
0.0004008793
0.0004281355
0.0004495001
0.0004817634
0.000415217
0.0004023205
0.0003907467
0.0003813398
0.000412483
0.0004143999
0.0003828236
0.0003673787
0.0003949648
0.0004153522
0.0004525263
0.0004574289
0.0004744492
0.0005323145
0.0005610458
0.0005711324
0.000585674
0.0005084684
0.0005014265
0.0004792872
0.0004642247
0.0004781903
0.0004819721
0.0004645151
0.0005859749
0.0006248765
0.0007148258
0.0006744093
0.0006246123
0.0006739205
0.0006694849
0.0005825516
0.0005633087
0.0006069435
0.0006096329
0.0005938316
0.0006455531
0.000629466
0.000658856
0.0006871351
0.0006466476
0.0006159078
0.000637531
0.0006337062
0.0006881286
0.0006749482
0.0007474608
0.0007075497
0.0006870471
0.0007392725
0.0007721835
0.0006641717
0.0006666811
0.0006801367
0.0006805955
0.0006515858
0.0006472048
0.000593289
0.0006234851
0.000582265
0.0005912531
0.0005067088
0.0005151244
0.0005682519
0.00065491
0.0006712964
0.0006849652
0.0007748578
0.0007950242
0.0008207156
0.0008179493
0.0007922433
0.0007550381
0.0008110246
0.0007513836
0.0007164097
0.0007298308
0.0006676695
0.0006223555
0.0006219172
0.0006221043
0.0006768053
0.0006433083
0.0006473943
0.0006522808
0.0005747292
0.0006642186
0.0006871534
0.000590152
0.0006434416
0.0007091462
0.0006865269
0.0005979661
0.000628376
0.0006431091
0.0006072789
0.0005790345
0.0006262982
0.0006123883
0.0006086531
0.0006645552
0.0006560041
0.0006034135
0.0006108156
0.0007074182
0.0006764782
0.0007322484
0.0007004783
0.0007207461
0.0006920878
0.0007082056
0.0006833113
0.0006829433
0.0006609973
0.0006185081
0.0005618799
0.0005185402
0.0004979346
0.0004675454
0.0005468557
0.0005362576
0.0004607912
0.0004517544
0.0004631649
0.0004317511
0.0004570873
0.0004716373
0.0004673602
0.0004607951
0.0005261317
0.0005286978
0.0005396401
0.0004844026
0.0004913643
0.0005557709
0.0006402277
0.0006909774
0.0007022137
0.0006686084
0.0005914966
0.000547314
0.0005349388
0.0004696477
0.0005001071
0.0004698868
0.0004733615
0.0004895322
0.0005073903
0.000467227
0.0004647926
0.0004787173
0.0004872771
0.0004701602
0.0004890536
0.000554636
0.0005746681
0.000585155
0.0005625061
0.0005363996
0.0005333047
0.0005349288
0.0005009085
0.0004721895
0.0005171823
0.0004149738
0.0004285162
0.000429489
0.0004088876
0.0004239524
0.0004230483
0.0003932774
0.0003765524
0.0003911715
0.0003838042
0.0003142241
0.0003429668
0.0003456975
0.0003859205
0.0003691359
0.0003876649
0.0003662873
0.0003722984
0.0003895056
0.0003473874
0.0004416648
0.0004454729
0.0005400315
0.0006134756
0.0005173102
0.0005428922
0.0005464002
0.0005205792
0.0005609804
0.0006300415
0.0007192955
0.0007469452
0.0007398152
0.0006785163
0.0006992355
0.0006262997
0.000677928
0.0006785584
0.0007385065
0.0007841973
0.0006978335
0.0006967695
0.0006286212
0.0006006174
0.0006248455
0.0006018008
0.0006683488
0.000758125
0.0007210482
0.0006501979
0.0006330514
0.0005710937
0.0005984254
0.0006366352
0.0006449034
0.0006238115
0.0006461232
0.0006364352
0.0006700161
0.0007089851
0.0006876377
0.0006714869
0.0006977453
0.0007118083
0.0007139756
0.0006958461
0.0006501756
0.0006070637
0.0005956484
0.0005622615
0.0005725198
0.0005259779
0.0006171223
0.0006163253
0.0005545597
0.0006465301
0.0006126069
0.0005546431
0.0005448598
0.0005685814
0.0005771441
0.0005995726
0.0005830221
0.0006005836
0.0005623903
0.0005672649
0.0005729297
0.0005717231
0.0005778658
0.0005479671
0.0005334525
0.0005065552
0.0004808323
0.0004534554
0.0004572897
0.0004494491
0.0004715249
0.000490662
0.0004217289
0.0004053356
0.0004055141
0.0004114141
0.0004439418
0.0004521235
0.0004814052
0.0005273362
0.0005196757
0.000631652
0.0006504158
0.0007090642
0.0006456782
0.0005961964
0.0004835921
0.0004362691
0.0004434567
0.0003906776
0.0003917405
0.0004304987
0.0004752462
0.0005570741
0.0006684595
0.0006213971
0.0006095793
0.0006355987
0.0005936051
0.0005727881
0.0005665219
0.00058491
0.000469516
0.0004541263
0.0004702075
0.0004552333
0.000488581
0.0004871249
0.0004291227
0.0004933329
0.0005228254
0.0005094761
0.0004591722
0.000488277
0.0005046512
0.0005482635
0.0006099205
0.0005473793
0.0005281081
0.0005069315
0.0004950736
0.0005049595
0.0005168363
0.0005042286
0.000525333
0.0005244958
0.0004868195
0.000486875
0.000472397
0.0004822338
0.0004549392
0.0003919748
0.0003497269
0.0003328638
0.0003513582
0.0003554484
0.000388542
0.0004123056
0.0004082663
0.0004292882
0.000447238
0.0004277583
0.0004613803
0.0005562577
0.0005600226
0.0005349441
0.0006010314
0.0006212661
0.0006558216
0.0006471312
0.0006478458
0.0005749101
0.000569472
0.0005819369
0.000622125
0.0006180991
0.0005891775
0.0005849695
0.0006332406
0.0006836752
0.0006617385
0.0006793582
0.0006685689
0.0006393912
0.0007223926
0.0006365162
0.0006157075
0.0006058633
0.0006230204
0.0006504915
0.0006006091
0.0005832584
0.0005657017
0.0005617835
0.0005348374
0.0004947167
0.0004977065
0.0005275282
0.0004991612
0.0005304911
0.000499872
0.0004095345
0.0004339243
0.0004367259
0.0004416786
0.0005076409
0.0004876203
0.0004861809
0.0005084758
0.0004841016
0.0006137268
0.0006217329
0.0006789475
0.0008805705
0.0007947478
0.0008137046
0.0007717824
0.000750437
0.0006829403
0.0006946458
0.0006367757
0.0007323687
0.0006793204
0.0007221706
0.0006717919
0.0006607339
0.0006513065
0.0007120776
0.0007560999
0.0006980696
0.0006739887
0.0006671428
0.0006422456
0.0005708627
0.0005179361
0.000448165
0.0004809098
0.0004929353
0.0004695248
0.0005401302
0.0005757491
0.0005333889
0.0004966761
0.0004879648
0.0004999364
0.0004723045
0.0005250388
0.0005349883
0.0006156601
0.0005557612
0.0005471622
0.000544947
0.0005827707
0.0005568042
0.0005605415
0.0005270615
0.0004989239
0.0004784308
0.0005469872
0.0005463992
0.0006071523
0.000573941
0.0005521311
0.0005686803
0.0005113369
0.0004651204
0.0004921942
0.0004894777
0.0004772033
0.0004864795
0.0005368397
0.0004576421
0.0004130969
0.0004444581
0.0004495319
0.0004563379
0.0004813135
0.0004722143
0.000471569
0.0005072986
0.0005282872
0.0005316959
0.0005796225
0.0006061473
0.0006029075
0.0006645029
0.000625133
0.0006093402
0.0006451702
0.0006706572
0.0006798233
0.0007162581
0.0007365381
0.0006987413
0.0006654711
0.0006983026
0.0006341111
0.0005990355
0.0005809756
0.0006644964
0.0006393287
0.0007043195
0.0006194849
0.000596385
0.0006449736
0.0006146036
0.0006879535
0.0006643267
0.0008072984
0.0008098052
0.0007633073
0.0008197338
0.0008352032
0.0008106589
0.0007766668
0.0007130024
0.0006977214
0.000725102
0.0006821781
0.0006939774
0.0006731649
0.0008408916
0.0008288189
0.00093553
0.0009552025
0.0009528728
0.000885077
0.0009150904
0.001005789
0.001018552
0.001039733
0.00103187
0.001034174
0.001042529
0.000919988
0.0007730209
0.0007975975
0.0006887267
0.0007172424
0.0006310405
0.0006726321
0.0006415726
0.0007179621
0.0007078538
0.0007778287
0.0008231846
0.0007629575
0.0007412891
0.0007121525
0.0006650301
0.000607321
0.0006690218
0.0005817732
0.0005760797
0.0005480939
0.0005596772
0.0005119491
0.0004803519
0.0004589472
0.0004468612
0.0004326417
0.0004855943
0.0005010388
0.0005393705
0.0005136961
0.0005422993
0.0005704176
0.0005390718
0.0004914131
0.0004895645
0.0004749656
0.0004423473
0.0005379464
0.0005673093
0.0006299227
0.0006483452
0.0006049949
0.0006255016
0.0006429532
0.0006303948
0.0005468978
0.0006284587
0.0006286368
0.0005632794
0.0006218861
0.0006638458
0.000683313
0.0006266058
0.0006688243
0.0008007866
0.0007008474
0.000764483
0.0007229764
0.0007633413
0.0007442955
0.000734351
0.0007514795
0.0008558805
0.0009422215
0.0008739019
0.0008312963
0.0009043569
0.0009323371
0.0009538952
0.001038931
0.001031218
0.001262116
0.001200511
0.00115773
