1.575839
2.087699
1.979663
1.846524
1.783096
1.943855
1.866655
2.003885
1.879599
1.731559
1.840101
1.711412
1.817144
1.819694
1.987445
2.011565
1.982223
1.819106
1.988919
1.824572
1.753602
1.953905
1.921712
1.812142
1.944776
2.017313
2.231629
2.059594
2.031278
1.946418
2.00947
2.050632
1.928521
1.959564
2.026072
2.039454
2.026605
2.214139
1.758536
1.887492
1.843086
2.000471
1.915057
1.84006
1.901982
1.933048
2.190309
1.690399
1.768673
1.814438
2.167809
1.738734
1.77095
1.80486
1.755048
2.047356
1.691375
1.938245
1.70752
1.912728
2.109342
1.863234
1.998392
1.927654
1.880669
1.918752
1.901975
2.028873
2.01148
1.634457
1.677872
1.986592
2.006295
1.666445
2.112007
1.946329
1.971456
2.005462
1.759678
2.025263
1.860362
1.984759
2.091066
1.809291
1.925213
2.196367
2.013873
2.030388
1.866291
1.726989
1.990874
1.927976
2.130936
1.847168
1.86133
2.04285
2.029759
1.948721
1.986918
1.800916
2.00886
1.739219
2.01761
1.821264
1.991799
1.918028
2.010149
1.823432
1.710665
1.867746
1.984807
1.696228
1.996375
1.92096
1.785809
1.883752
1.91242
1.863901
1.689379
1.902984
1.877757
1.831149
2.236765
2.087159
1.765013
1.935782
1.78973
2.036821
1.706702
1.970105
2.090444
1.725601
1.960931
1.908201
1.923069
1.939636
1.929467
1.769801
1.839201
2.13672
2.039264
1.935077
2.445498
1.786049
1.696669
1.871286
1.919732
2.036404
1.900267
1.82975
1.721861
1.942426
1.847188
1.804818
1.941034
1.952901
1.655538
1.796873
1.768856
2.069659
1.924099
1.821453
1.688417
2.010898
1.806737
1.985409
1.922273
1.891595
1.979447
1.886402
1.977329
1.931401
1.757287
1.796047
1.656176
2.018051
1.823084
1.818228
1.978104
1.877065
1.864528
1.773951
2.042802
1.881132
1.810971
1.761999
1.748019
1.835394
2.086089
1.781307
1.980983
1.899243
1.852371
1.886613
2.020515
1.912248
1.796474
2.046032
2.029428
2.101937
1.919338
2.059707
1.876516
2.085873
1.798034
1.896555
1.976813
1.858353
1.868189
2.011141
2.013035
1.936702
1.871692
1.96882
1.8529
1.750664
1.74686
2.065825
1.878685
1.962271
2.121164
1.865416
1.987544
1.770526
1.801904
2.045511
1.761451
1.848289
1.965586
2.124816
1.983803
1.946507
1.890178
2.01975
1.835298
1.84906
1.923286
1.632156
1.86797
2.155184
1.838417
1.933302
1.819233
1.966319
1.981716
1.839676
2.004046
1.839329
1.981295
2.08157
2.012301
1.847519
1.942864
1.878312
1.975846
2.061123
1.831084
1.696844
1.640051
2.045474
1.696371
1.898479
1.679523
1.843773
1.837998
1.976675
1.650257
1.832787
1.874294
1.881733
1.992482
2.206518
2.031762
2.125273
1.683143
1.71904
1.767946
2.045686
1.808667
1.853531
1.936172
1.878634
1.707134
2.075572
1.774947
1.903051
1.906776
1.792551
2.15256
2.093737
2.057645
1.955492
1.750709
1.936017
1.6493
2.151102
1.837149
1.8886
1.934837
2.158305
1.999843
2.030777
1.904777
1.880876
2.169023
1.942757
1.98845
1.998736
1.963825
1.948229
1.844437
1.922228
1.806873
1.768272
1.848624
2.201041
1.692359
1.998166
1.917805
1.766633
1.865788
1.943732
1.83273
1.896151
1.772577
1.819131
2.117642
1.836607
1.651404
2.120037
2.189036
2.073105
1.69445
1.880097
1.826379
1.886869
1.874427
1.757484
1.933995
1.929558
1.781441
2.037735
1.692167
1.955937
2.211821
1.945076
1.813342
2.047528
1.854359
2.029647
2.105651
2.071675
1.837142
1.833081
1.703616
1.764647
2.028647
1.884918
1.815181
1.823208
1.930071
1.884455
1.7554
2.084453
1.798654
2.165829
2.001687
2.023705
1.8519
1.906985
1.94637
1.654281
1.992642
1.85135
1.872225
1.796352
1.847538
1.689549
1.935305
2.021488
2.258531
2.146361
1.8955
2.151978
1.781149
2.019151
2.076857
1.937818
1.720959
1.641296
1.666573
1.846978
1.944695
1.737845
1.896974
1.965598
2.082316
2.11358
1.778313
1.919178
1.808568
1.702111
1.830013
1.960246
1.950354
2.031229
2.007082
1.738421
1.709074
1.784857
1.622492
2.005555
1.994753
1.997124
1.79257
2.022578
2.010556
1.715452
1.947862
2.062893
1.986684
2.036873
1.972154
1.827391
1.833475
2.086548
2.058298
2.018668
2.073723
1.852727
1.911419
2.379157
2.04448
1.77147
1.947587
1.950754
1.90013
2.148342
2.053998
1.951684
1.836592
1.764762
1.88034
2.094912
1.623654
1.89819
1.75941
1.797718
1.919659
1.82658
1.97723
2.244587
1.90116
1.806596
1.849977
1.739255
1.901245
2.213294
2.012897
1.89066
1.93697
1.948939
2.040412
1.827521
1.929464
2.168769
2.032861
2.083001
1.966276
1.952661
1.77396
1.692336
1.819292
1.838161
1.839565
1.808918
1.820267
1.819703
1.996565
1.791622
1.888062
2.17492
2.067744
2.298806
1.922283
1.893935
1.825659
1.937243
1.916991
1.860258
2.05425
1.666341
1.890207
1.75144
2.006057
2.020757
2.075751
1.763317
1.785333
1.917937
1.783787
1.96114
1.894015
1.95682
1.880288
2.035004
1.893258
2.169707
2.017253
2.109297
1.863984
1.852977
1.864107
1.885019
2.076752
2.04025
1.885925
1.929833
1.875176
1.809274
2.00371
1.88475
2.053323
1.910745
2.001285
1.860061
2.146736
1.945894
1.960903
1.791193
1.983319
1.820196
1.762969
1.854167
1.728141
2.070736
1.967051
1.863185
1.821038
1.871122
1.715839
1.732207
1.967479
1.939323
1.998106
2.044914
1.869194
1.764599
2.091514
1.895817
2.041037
1.875411
1.917476
1.821106
1.870767
1.912077
1.689329
2.062066
1.870173
1.983453
1.800541
1.815681
1.816077
1.98921
1.860294
1.885839
1.818174
2.181593
1.920903
2.066165
1.810822
1.902545
2.083103
1.993225
1.849175
1.931262
2.108083
2.032039
1.882735
1.756577
1.807566
2.000383
1.824865
1.961827
2.090873
1.813745
2.046663
1.819857
2.013575
1.827317
1.915571
1.874303
1.83447
2.11774
1.787462
1.893802
1.761198
1.97233
1.915217
1.891361
1.663167
2.112426
1.848469
1.909962
2.229028
1.842394
1.813257
2.069302
2.004113
1.734137
2.239548
1.898521
2.056676
1.893569
1.897139
1.697694
1.906643
2.338263
1.844483
1.921152
1.785654
2.325199
1.942082
1.95557
1.916544
1.99436
1.948975
2.022065
1.746818
1.915185
1.996233
2.136671
1.866331
1.820391
1.905156
1.905443
2.144921
2.001708
1.849522
2.022733
1.90118
1.852348
2.026183
1.888064
1.952534
2.085568
2.205917
2.012383
1.825442
1.928851
2.02854
1.851486
1.915431
2.093587
1.802332
2.031238
1.865295
1.698349
1.904316
2.001665
1.850494
1.786276
1.908416
1.909023
2.114735
2.013532
2.06781
2.186651
1.76026
1.740476
2.0123
1.922164
1.878314
1.786499
2.033711
1.981426
1.802464
1.728147
2.033639
2.126035
1.845031
1.909314
2.029464
2.004112
2.078826
1.904838
2.07794
2.01601
2.048826
2.174286
1.979345
1.641261
2.183574
2.013633
1.87502
2.157584
2.235208
2.125062
1.995642
1.836625
1.933775
1.998962
1.866751
1.818447
2.188986
1.868553
2.074711
2.047267
2.240981
2.106739
1.846051
1.844959
1.921155
1.676375
1.870601
2.02578
2.049797
1.90321
1.80637
2.070339
1.829104
2.148643
2.113497
1.816917
1.896215
1.96268
1.896017
2.020164
2.23418
2.049636
2.007015
1.933974
1.974989
1.919893
1.834716
1.932277
1.944415
1.949465
1.981063
1.933978
2.082719
1.890501
1.890128
1.828708
1.731136
1.866195
1.915677
2.158252
1.744894
1.935065
1.96342
1.921454
2.146478
1.836395
1.928922
1.929659
2.372073
1.871484
2.217064
2.060005
1.756128
2.074457
1.849339
1.840775
1.915521
1.950762
1.96986
1.984594
1.947545
1.815816
1.998824
1.970073
1.824532
1.738167
1.989393
2.215069
2.005633
2.128622
1.893054
2.052302
1.835771
1.854551
1.835104
1.664567
1.911138
1.858632
1.765734
2.202654
1.870656
1.893226
2.344308
2.123552
1.891919
1.862885
1.962864
1.833076
1.834669
1.844821
1.852666
1.869931
1.642849
2.141736
1.891815
1.841216
2.049415
1.904124
1.847396
1.839662
2.047758
1.946195
1.898376
1.961998
2.043825
2.007917
2.279472
2.000626
1.574857
1.804897
1.820622
1.84736
1.77695
1.956845
2.042799
1.842129
1.668302
2.144961
1.982296
2.209616
2.009433
2.025279
2.063429
2.148384
2.055325
2.021258
2.258113
1.791826
1.86219
1.960533
1.931889
2.01408
1.824193
1.952217
1.929947
1.729382
1.889062
2.290702
1.795314
1.944882
1.934218
2.046256
1.633487
1.946926
2.020055
1.742284
2.019369
1.913918
1.847216
1.780797
1.897143
1.892781
1.717662
1.826809
1.965404
2.018105
2.024074
1.970392
1.828155
1.865635
1.981696
1.989028
1.974809
1.938958
2.034764
1.923057
1.950691
1.936248
1.942871
1.911814
1.95538
1.803074
1.927288
2.225365
2.115976
2.213894
1.953246
2.245719
2.084599
2.070298
2.044691
2.053867
1.916638
1.818553
1.791284
1.942651
1.923655
2.122221
1.829765
1.837181
1.940198
1.858966
2.033403
1.897901
2.08622
2.03818
1.690847
2.062986
2.05573
2.060305
1.74035
1.943229
1.927544
1.923342
1.937201
1.968063
1.842799
1.917151
1.986692
1.828978
2.04
1.973179
2.213891
2.180382
1.848016
2.04548
1.893987
2.071408
1.873756
1.792337
1.956401
1.777475
1.814322
1.889097
2.068789
1.901944
2.087444
1.822061
1.781652
1.819977
1.622912
1.854154
2.134972
1.953099
2.089887
2.05341
1.971742
1.938096
1.874214
2.05814
1.777477
1.994835
1.944542
1.995899
1.864718
1.90686
1.931645
1.728982
1.869075
1.795445
2.075219
1.930162
1.628432
1.743511
2.089236
1.972061
1.872707
1.993427
1.967247
1.787053
1.770228
1.67521
2.010278
1.8637
1.588376
2.156611
2.109009
1.622086
2.01636
1.773391
2.055283
1.815912
2.113438
2.092806
1.771003
2.065222
1.716408
1.895693
2.170306
1.886494
1.896599
1.952815
1.997975
1.694021
2.164061
1.79918
2.057949
2.009217
2.046776
1.744989
1.953277
1.739499
2.059703
2.200977
2.162269
1.868342
1.975731
1.80633
2.105034
2.144849
1.69633
1.807007
1.788193
1.819095
2.010147
1.802634
1.95332
1.95206
1.966512
1.871998
1.918146
1.752079
1.738658
1.597217
1.882793
1.898722
2.070605
2.143917
2.068601
1.965572
2.058596
1.849012
2.175783
2.094588
1.990185
1.910662
2.080443
1.934011
2.179538
1.871629
1.957082
1.875016
2.183378
2.048353
2.198853
1.841572
1.872962
1.874212
1.911743
1.984178
1.836488
1.719088
2.097333
1.890474
1.834183
1.838164
1.942978
1.988425
2.192541
1.832355
1.855975
1.901738
2.047202
1.805682
1.781543
1.900362
1.947373
1.881969
2.021653
1.964067
2.062076
2.319208
2.034457
1.964403
1.868818
1.973142
1.958021
1.988115
1.852436
1.873371
1.922526
2.053258
1.801265
2.026032
2.075489
2.086593
2.305721
1.835218
1.850314
1.716268
2.030445
1.646252
2.059499
1.994409
2.150247
1.809402
2.210202
2.045451
1.984936
2.052226
1.695949
2.107194
1.96505
2.037897
1.935718
1.86802
1.704401
1.961986
1.8567
1.656391
2.258867
2.099392
1.828476
1.900718
1.978903
2.071873
2.136438
1.94376
2.050484
2.077281
2.061075
2.209749
1.9874
1.875616
2.041351
1.99166
2.034121
1.96226
2.038819
1.939698
1.796363
1.948313
2.145304
2.00468
1.824416
2.033805
1.835118
1.869564
2.356608
1.98979
1.881213
2.05936
1.950626
1.861495
1.824414
2.003057
1.690625
2.131983
1.923923
1.882544
1.93948
1.922196
2.090856
1.913942
1.986539
2.067206
2.043354
1.837337
1.779966
1.985657
2.008105
1.884018
1.917224
1.941978
1.980177
1.98559
1.805986
1.902751
1.972779
2.269264
1.878169
1.756304
2.014215
1.941999
2.111644
1.910728
1.924448
2.07717
1.940661
1.731201
1.99813
1.898894
1.845348
1.959456
1.944454
1.793231
1.914382
1.927759
1.809589
1.887906
2.082817
1.882076
1.997406
1.898477
1.913399
2.087731
2.049348
2.156159
2.003804
1.894798
1.986672
1.985891
2.048533
1.911538
2.036331
1.933873
2.085357
1.98338
1.83991
1.970287
1.921411
1.823666
2.040524
2.034882
1.764796
1.862816
1.630767
2.003317
2.029641
2.133969
2.004313
1.726307
1.872906
2.004044
2.194695
1.914231
1.813104
2.091564
2.013457
2.104768
1.941764
1.900023
1.945326
1.931157
2.17262
2.184113
1.999783
2.297424
2.142654
1.912102
1.745559
1.826755
2.007546
2.038263
2.242968
1.970641
1.981584
1.847967
1.863994
1.923426
2.300419
1.780303
1.787631
1.964911
1.962195
1.905499
2.086976
2.013005
2.103893
2.011307
1.865645
1.811265
1.806601
1.944958
2.08945
2.193314
1.807498
1.919334
1.878169
2.053447
1.795127
2.044383
2.022712
2.064915
1.909594
1.76929
1.836785
2.046149
1.907553
1.94957
1.975989
1.949811
2.108195
1.840514
2.050885
2.209547
2.006507
2.095527
1.79503
2.098583
1.962286
1.680623
2.070351
1.748725
2.013046
2.018609
1.779142
1.876165
2.03165
1.767175
2.364297
1.793111
1.785079
2.065265
2.071494
1.983811
2.086276
1.867046
1.839678
1.673083
1.966921
1.827478
1.89711
2.148529
1.770714
1.772166
1.729818
1.927733
1.802416
2.007166
1.916878
2.08189
1.797406
1.868994
1.814393
1.992258
1.821595
2.030598
1.954349
1.757961
1.852805
2.171011
2.111815
1.78089
1.7636
1.744532
1.781938
2.080014
1.795136
2.130243
2.305147
1.827748
1.74145
1.831906
1.955784
1.769533
1.86806
2.11199
1.995068
2.211408
1.921049
1.910279
1.793015
2.013417
2.196049
1.978896
2.04097
1.827873
2.064725
1.922917
2.029885
2.235014
1.951351
2.161504
2.006911
2.095425
1.952321
1.995281
2.002529
2.09363
2.193678
1.965608
1.775742
1.952366
1.824388
1.8858
1.911824
1.996403
1.831142
1.831207
1.745745
2.01378
1.773769
1.906389
1.834713
1.90876
2.138619
1.73285
2.035441
1.880831
2.016986
1.891076
1.976941
1.809722
1.89578
1.896868
2.168859
1.953624
2.03013
1.987101
2.02718
2.022195
1.911258
1.826436
1.957761
2.073724
1.979374
1.98706
1.935241
2.215806
1.949524
1.852823
2.021964
1.889624
2.060904
1.74144
2.091953
1.829506
2.01857
1.721362
2.041935
1.970556
2.209406
1.953756
1.911268
2.207128
2.041173
1.86592
1.924692
2.279432
2.15845
1.897079
2.484984
2.006918
1.783216
1.872576
2.066477
1.824721
2.066353
1.66084
1.807196
1.789638
2.099771
1.76337
2.029451
1.893516
1.982976
2.043313
2.322697
1.880783
1.711165
1.989629
1.914704
1.953082
1.876103
1.866489
2.035215
2.063747
1.837824
1.864361
1.72105
1.95633
1.852628
1.926471
2.038202
1.826876
1.95921
1.979968
1.96249
2.256259
2.110529
1.928819
2.025717
1.80455
1.801189
1.792261
2.315768
1.966988
2.028988
1.733491
1.854796
2.072672
1.758337
1.873799
1.827101
2.140591
1.93109
1.887511
1.898513
2.109253
2.333212
1.989381
1.83887
2.066715
2.03836
1.833917
2.034314
2.026092
1.795985
1.845812
1.72534
2.150196
1.882519
1.769352
2.14851
1.938006
1.887447
1.935112
2.108011
1.636901
1.828456
2.123238
2.047445
1.691874
2.090385
2.206911
1.936381
1.887729
2.053294
1.795629
1.825881
1.882511
2.06378
1.798537
2.052203
1.895812
2.355295
1.849412
2.230701
1.679026
2.190083
1.965426
2.228709
2.00669
2.083407
1.935421
1.932958
2.25056
1.892083
1.935825
2.075425
1.984517
1.947256
1.932274
2.121119
2.013109
1.967363
2.04958
1.953638
1.751072
1.867844
1.830471
1.951336
1.720907
1.878013
1.903393
1.663808
1.974971
1.881515
1.918772
1.981892
1.863213
1.953708
1.91209
2.038916
1.934294
1.956868
2.026066
1.82694
2.067991
1.820682
1.746334
1.778742
1.999722
1.921942
1.913634
1.93158
2.100032
1.825598
1.860421
1.897252
1.722244
2.005905
1.914748
2.130411
1.807004
2.045611
1.794494
1.95665
1.842262
1.895669
2.142959
1.891051
1.854959
2.036808
2.068391
1.87389
1.945255
1.827845
2.118506
1.730351
1.695602
2.095054
1.832692
1.974332
1.623319
1.743213
1.789352
1.928122
1.88046
2.084366
1.789998
1.86196
1.745057
1.783599
1.957777
1.913204
2.286172
2.040628
2.082947
2.005295
1.706862
2.215895
1.985286
1.969006
2.00104
1.837358
2.075298
1.788678
1.976057
2.114534
2.229268
1.867578
2.00886
1.796744
1.770054
1.826805
1.798482
1.963533
1.953012
1.963976
1.806726
1.90641
2.24214
1.840521
1.866532
1.935104
1.977632
1.890461
1.900217
1.949088
1.878598
1.695337
2.032
2.038648
2.357405
1.593645
2.048208
2.030008
1.701015
1.56964
2.011325
1.969432
1.844658
1.94473
2.014601
1.784867
1.844006
