0.3756387 0.2605194
0.2838697 0.2250054
0.2682933 0.1978023
0.2139907 0.1929088
0.1933792 0.1790072
0.1789257 0.1499184
0.1902736 0.1656522
0.192182 0.1296713
0.2026247 0.1061357
0.238265 0.1089432
0.2448069 0.09986174
0.2579872 0.09441555
0.2518659 0.09305244
0.2101366 0.1081983
0.1622141 0.09778884
0.1783745 0.09218804
0.1793396 0.09838808
0.1610891 0.1086757
0.1765494 0.1035861
0.1783737 0.1076679
0.1569029 0.09434379
0.1554803 0.08458069
0.2180299 0.08353191
0.2127948 0.07414633
0.2337477 0.07766579
0.2397947 0.07527336
0.2560632 0.0759874
0.2550688 0.08405812
0.2279484 0.08357293
0.221841 0.07691297
0.2423894 0.06934415
0.249358 0.06331352
0.2153975 0.06776202
0.2319944 0.07328336
0.2679665 0.06626649
0.2531851 0.06614735
0.2379969 0.06469127
0.2535377 0.07263975
0.2710672 0.07618365
0.2470194 0.07091314
0.2525997 0.06583291
0.2229971 0.06182818
0.2050189 0.06763955
0.2289464 0.06607526
0.2291077 0.06561543
0.2301105 0.06619897
0.2376722 0.06187943
0.243052 0.04958874
0.2500724 0.05782786
0.2696186 0.05919853
0.2552023 0.06035769
0.2369343 0.06117746
0.2741648 0.06339657
0.2877534 0.06147585
0.2688581 0.06476087
0.2989315 0.06120644
0.2631584 0.06082816
0.2418067 0.06076486
0.2254223 0.0688728
0.2036413 0.0767255
0.1838384 0.07449214
0.181499 0.07979715
0.1562854 0.09086003
0.1913087 0.08822563
0.2185961 0.08132275
0.2215976 0.07695022
0.2289418 0.07133831
0.1933847 0.06192235
0.2221481 0.06477111
0.2140408 0.06565031
0.1990909 0.06278509
0.1907044 0.059616
0.1677959 0.0550265
0.1442704 0.05635614
0.1668132 0.04803297
0.1707297 0.05110905
0.1970241 0.05947197
0.1885292 0.05941062
0.2283566 0.0639332
0.2060375 0.06862969
0.2189832 0.07957019
0.2369882 0.08052417
0.2101204 0.08622137
0.2174457 0.0661749
0.2414935 0.07166759
0.2351571 0.06666765
0.2393503 0.06904659
0.2293896 0.06533694
0.2662219 0.06552729
0.275279 0.07138177
0.3129781 0.07338608
0.3125966 0.07009053
0.3336685 0.06883893
0.3281386 0.06610517
0.3165417 0.06190065
0.340119 0.06418612
0.271633 0.05787837
0.2890608 0.05549871
0.2493575 0.05605839
0.2363315 0.06364213
0.1959752 0.07024245
0.2234155 0.06562829
0.2429998 0.06751575
0.2764891 0.06654651
0.2477416 0.06899174
0.2326925 0.06973547
0.2432108 0.06997286
0.2365539 0.0593082
0.2076703 0.06034118
0.2077467 0.05514438
0.2316721 0.05007065
0.2055544 0.05859316
0.2107542 0.06005642
0.1983614 0.05430738
0.1946031 0.05763939
0.1823627 0.05879757
0.187962 0.05903577
0.2000826 0.05516399
0.2009028 0.04977751
0.2042987 0.05661301
0.1812896 0.05285723
0.1950267 0.04889492
0.2003659 0.05569668
0.2115337 0.05642317
0.2388081 0.05975183
0.2848941 0.05650944
0.3229675 0.04863153
0.3490085 0.05550969
0.3626672 0.04969055
0.3411699 0.04288757
0.3211816 0.04352953
0.3524569 0.03966181
0.3061249 0.03796885
0.2821225 0.03645324
0.3182075 0.03836584
0.3584667 0.03899953
0.4137919 0.03500416
0.4318256 0.03804478
0.4126003 0.03692469
0.3943687 0.03650362
0.3611 0.03604004
0.3150789 0.03848452
0.3412463 0.03601786
0.3400889 0.03563245
0.2975058 0.03739703
0.2644053 0.04325492
0.279621 0.03885498
0.2698188 0.03735138
0.2382463 0.03995014
0.2775814 0.03656087
0.2624582 0.0343732
0.2792859 0.03556492
0.2245596 0.03568604
0.2154392 0.03597381
0.2031399 0.03419236
0.1862727 0.03518846
0.1839078 0.03228735
0.1612523 0.03439854
0.1723622 0.03860276
0.1668159 0.03816661
0.1900109 0.03726199
0.2061546 0.0371103
0.1934015 0.03863805
0.1900286 0.03610153
0.1411355 0.03501317
0.1619569 0.03551532
0.1349952 0.03816374
0.1591993 0.03911468
0.1478997 0.04143635
0.1559715 0.04275319
0.2079472 0.04502842
0.1849633 0.04666912
0.1847084 0.03710302
0.1755097 0.04029453
0.1892247 0.03439364
0.1736677 0.035902
0.1935695 0.04039866
0.1785815 0.04434213
0.1581987 0.04573359
0.1388268 0.05248578
0.1209385 0.05374927
0.1151026 0.04860077
0.1410772 0.05576054
0.166031 0.05917933
0.1911953 0.07086098
0.190717 0.06870247
0.1978697 0.06061186
0.2061164 0.05654427
0.1905906 0.06288584
0.1720234 0.06543165
0.1476604 0.07102142
0.1590518 0.06672424
0.1820828 0.05885117
0.2040919 0.05856257
0.2293751 0.06421973
0.2539005 0.06057714
0.2313789 0.04676855
0.2357569 0.05259267
0.1980101 0.05622342
0.1916616 0.04927206
0.1710203 0.04914467
0.1875083 0.05703918
0.2003286 0.06149041
0.2037343 0.06255036
0.1862432 0.06479661
0.1925293 0.07143619
0.1815553 0.06579533
0.1803596 0.06293774
0.1785122 0.06807901
0.175225 0.07681574
0.1469714 0.07628047
0.1906016 0.07379923
0.2120476 0.07672164
0.1957856 0.08415111
0.1890389 0.08481343
0.176161 0.07742088
0.1697423 0.07541019
0.1774767 0.07658651
0.1717968 0.07164654
0.1984456 0.07537155
0.1615138 0.06352146
0.1609844 0.06445089
0.1519413 0.06215465
0.1531193 0.06238024
0.1541503 0.06977759
0.1397946 0.06601793
0.08587379 0.07497577
0.112652 0.06553207
0.1236509 0.06131581
0.1298011 0.05774991
0.1758593 0.06449261
0.1333958 0.06669112
0.116736 0.06225517
0.1170983 0.05953327
0.140946 0.06664946
0.1234181 0.06376421
0.1504119 0.06525273
0.1655911 0.06563209
0.1640306 0.06150851
0.1409724 0.05867692
0.1396655 0.06348078
0.1683354 0.05341356
0.1674839 0.05120121
0.1747816 0.05458489
0.1825874 0.05665859
0.1999062 0.04860816
0.1844133 0.04575957
0.1657068 0.04365989
0.1710239 0.04173516
0.1576132 0.04443635
0.1502327 0.04402199
0.1110311 0.04637602
0.1246502 0.04511753
0.1066562 0.04746161
0.08865301 0.0462164
0.09268459 0.04874207
0.08826316 0.0485667
0.09340921 0.05888483
0.1149504 0.05808378
0.1181698 0.05774191
0.1148771 0.05782885
0.1128081 0.05640427
0.1548457 0.05313034
0.1890679 0.04806821
0.1897246 0.05187318
0.204932 0.05406911
0.1775438 0.05554344
0.163175 0.05338893
0.1469313 0.05526485
0.1421255 0.05272551
0.1410108 0.04926697
0.1223506 0.05092614
0.161027 0.05149297
0.1547001 0.04770391
0.1739007 0.04302885
0.1806162 0.04670228
0.2103483 0.04962983
0.2080772 0.04508197
0.1628915 0.04461358
0.159597 0.04136094
0.1772066 0.04480607
0.1741424 0.04232999
0.1707529 0.04075822
0.1688474 0.03940238
0.1928417 0.04158418
0.1982272 0.04471134
0.2386066 0.04778175
0.2365536 0.04928494
0.2111835 0.05021136
0.2161109 0.04878257
0.2198629 0.04350433
0.203187 0.04478701
0.2126952 0.04364746
0.2322759 0.04580378
0.2557831 0.04447151
0.226592 0.04754801
0.2083588 0.04661989
0.2188737 0.04126322
0.2079367 0.03787961
0.2037932 0.03709642
0.200151 0.03888489
0.1920022 0.04559788
0.204839 0.04721253
0.2509765 0.05132864
0.265651 0.04873489
0.2956723 0.04610579
0.2761604 0.04588366
0.2731531 0.04002634
0.2672796 0.03949318
0.2212553 0.03689981
0.2392556 0.04374897
0.215721 0.04087211
0.1761329 0.04017995
0.1979625 0.04119112
0.2063438 0.04651309
0.226762 0.04774994
0.2283292 0.04724728
0.2342551 0.046865
0.2544206 0.04404984
0.2818798 0.04201833
0.2673686 0.0467727
0.2335799 0.04358292
0.2067976 0.04356155
0.1832821 0.04240317
0.2044591 0.04690131
0.1729127 0.05224341
0.1920683 0.05646456
0.1485871 0.0525844
0.1816044 0.06481374
0.1831964 0.06288713
0.1486928 0.05612143
0.1403457 0.05799222
0.1673617 0.04935231
0.154837 0.0461451
0.1422343 0.04399769
0.1605859 0.04842814
0.1542888 0.04216313
0.1388555 0.04480383
0.1637068 0.05020169
0.148406 0.04283086
0.2110291 0.04187991
0.1967052 0.0386169
0.2025213 0.03800817
0.2040243 0.04317447
0.2055843 0.03983581
0.1953219 0.04212169
0.1870367 0.0371518
0.2162122 0.03769096
0.2163372 0.03318817
0.2383112 0.03389726
0.1996611 0.03603864
0.2059723 0.03663655
0.2235723 0.03363994
0.2297705 0.03592147
0.2187571 0.03482154
0.228203 0.03610182
0.2781741 0.03290612
0.238793 0.0411366
0.2008179 0.03871964
0.2606403 0.03905183
0.2227766 0.03892539
0.2397499 0.03766795
0.2429957 0.03582248
0.2297452 0.03839892
0.2428763 0.03881902
0.2834784 0.03758401
0.3008592 0.03849025
0.2853461 0.04275725
0.2670678 0.03902172
0.288127 0.03900288
0.2733383 0.03939547
0.2916033 0.04498941
0.3014159 0.04788193
0.2674713 0.0470933
0.2919478 0.04873735
0.2926057 0.04640883
0.3119037 0.04460363
0.323729 0.03673103
0.2685658 0.03882952
0.2638873 0.03993717
0.2664279 0.03629957
0.2574946 0.03856196
0.2602285 0.0412482
0.2102818 0.043185
0.2003719 0.04418869
0.1908725 0.04885603
0.2234967 0.05233444
0.1710478 0.05173738
0.1384271 0.04664723
0.1585485 0.04521292
0.1625413 0.04495712
0.177391 0.055814
0.1326183 0.05773807
0.1349281 0.05584726
0.1425294 0.05839232
0.1477545 0.06076175
0.1552903 0.06269096
0.1818193 0.0544769
0.1648541 0.05509209
0.1471521 0.06218427
0.1738666 0.06087257
0.1752096 0.05947366
0.1758067 0.0692457
0.1668872 0.06176828
0.1743545 0.06309879
0.1371549 0.05257905
0.1783506 0.05909866
0.2024023 0.05792741
0.2064459 0.06027544
0.2189465 0.06218108
0.2249013 0.05664703
0.2129004 0.05515714
0.2201098 0.06099505
0.2236908 0.06160362
0.238736 0.06131618
0.2437148 0.06390017
0.2386829 0.05816833
0.2279096 0.057235
0.1929479 0.0605963
0.2169343 0.05080716
0.2244619 0.04983751
0.2470154 0.05628057
0.2294391 0.05974709
0.2575502 0.05700947
0.2727097 0.05778878
0.3016707 0.06516614
0.2995664 0.05710461
0.3522314 0.06618209
0.3682187 0.05647285
0.3723765 0.05359836
0.3708079 0.05151667
0.3522026 0.05683652
0.3581194 0.05864939
0.3440259 0.0577366
0.3342996 0.05365207
0.3381105 0.05500496
0.3402271 0.05258937
0.3211502 0.05919661
0.2968777 0.05822958
0.3131138 0.05599846
0.3127967 0.05330327
0.3112779 0.05701004
0.3029476 0.05935987
0.297897 0.06075431
0.301872 0.05975864
0.3223474 0.05590878
0.32799 0.05249234
0.3411684 0.0552352
0.3497221 0.04925394
0.334037 0.04449546
0.3532882 0.03938915
0.3151388 0.03898935
0.2587388 0.03901848
0.2588212 0.03826848
0.2065466 0.03845919
0.1864539 0.04033902
0.1732291 0.04500776
0.2024272 0.04377021
0.1939183 0.04778756
0.1846682 0.04365917
0.185321 0.04304398
0.1737008 0.04326748
0.1524444 0.0516189
0.1157973 0.05485085
0.1259432 0.0537002
0.1327139 0.05893259
0.1534325 0.0556444
0.1724642 0.06290743
0.1440961 0.06817077
0.1371847 0.07188363
0.1461878 0.07262828
0.1771008 0.06617782
0.1759334 0.06102144
0.1355111 0.0560891
0.1304807 0.05389573
0.1427849 0.05481386
0.1228254 0.05107167
0.1093456 0.05859208
0.08853748 0.05905946
0.1181296 0.07075544
0.1154522 0.06335705
0.1514846 0.05702285
0.1568149 0.05060295
0.1652257 0.05283281
0.1424367 0.04766695
0.1419553 0.0524382
0.183634 0.05054863
0.2088034 0.04748713
0.1882429 0.03826429
0.2129622 0.04248566
0.2556339 0.04042733
0.2832168 0.04881778
0.2872539 0.05129086
0.280494 0.05140444
0.3041845 0.0513001
0.3249005 0.05488808
0.2605728 0.05560397
0.2687254 0.05302178
0.2772327 0.05596788
0.3137476 0.05698571
0.2737425 0.05060662
0.2670563 0.05152816
0.2082996 0.04652638
0.1959217 0.04910826
0.1646421 0.04949788
0.1807239 0.04667107
0.1740674 0.04214956
0.1953201 0.04630629
0.2028668 0.04586893
0.2017735 0.04574004
0.1878678 0.04967791
0.1858508 0.04699072
0.1957668 0.04651346
0.2417761 0.04342859
0.2162908 0.04233678
0.2535467 0.03607923
0.259464 0.04303086
0.2543729 0.03995043
0.2332943 0.04326047
0.2502994 0.04272986
0.2187552 0.04900457
0.2331855 0.04864619
0.1708182 0.05673054
0.1595975 0.05213199
0.1690372 0.04766747
0.1630795 0.05368128
0.1521318 0.05889823
0.1700354 0.05741806
0.1756515 0.0597867
0.1803563 0.06708182
0.219763 0.06107749
0.2366933 0.05098348
0.2142345 0.04776284
0.2252564 0.04925184
0.2284445 0.04951484
0.2253344 0.05153924
0.2480925 0.05129414
0.2488135 0.04410882
0.2228822 0.04455041
0.192626 0.04499826
0.2064979 0.04471393
0.2034791 0.050169
0.2037169 0.05751321
0.1950191 0.06347133
0.2011284 0.06489197
0.1966909 0.07012436
0.1809945 0.06622851
0.1765216 0.07397415
0.1671334 0.07754086
0.1463095 0.07318066
0.1375388 0.07646168
0.1566542 0.07296055
0.1431149 0.06030749
0.1308895 0.06762733
0.1440718 0.06032576
0.1335644 0.05726007
0.1784818 0.06519305
0.2014466 0.08173057
0.1898437 0.07710527
0.1946558 0.08237838
0.202494 0.0731465
0.1977688 0.07624788
0.2236792 0.08031971
0.1777834 0.09002091
0.1694725 0.1059216
0.1525451 0.1203127
0.1277539 0.1139196
0.1517324 0.09571504
0.1724184 0.09035742
0.1561431 0.08184196
0.1542174 0.07727939
0.1691254 0.07220879
0.179632 0.077907
0.1863043 0.0746168
0.1739261 0.07849404
0.1762943 0.07500553
0.1552007 0.07684327
0.1594083 0.07925745
0.1515819 0.08395278
0.1524395 0.081763
0.1446371 0.08189617
0.1719863 0.08777681
0.1441766 0.09020134
0.1587989 0.08904738
0.1207707 0.09155524
0.1523418 0.1057828
0.1468033 0.1004803
0.1166129 0.09999366
0.1057573 0.118004
0.1110541 0.1120394
0.1272615 0.1052821
0.1327806 0.09695198
0.1261153 0.1114442
0.1247387 0.1276994
0.09115017 0.1326835
0.09522437 0.1318887
0.09553926 0.1278605
0.1054765 0.1434101
0.1078351 0.1404451
0.07748418 0.1499389
0.06748391 0.1591621
0.09221492 0.1645039
0.1118421 0.1581388
0.09642465 0.1566335
0.103349 0.1582212
0.1096956 0.1447051
0.1031303 0.1180352
0.127021 0.1116961
0.1314979 0.1198432
0.1395518 0.1076034
0.1264197 0.1056363
0.1418758 0.1216485
0.1490515 0.1154335
0.1771787 0.1198132
0.1325263 0.1082099
0.1693586 0.1102891
0.1859131 0.1121434
0.1956695 0.09953489
0.1607498 0.09750847
0.1350894 0.09101666
0.1173793 0.1007536
0.093827 0.09433603
0.1087805 0.109555
0.100988 0.1079393
0.1105249 0.09830248
0.09826903 0.09892666
0.1167727 0.1127967
0.1472399 0.1094948
0.150047 0.1060594
0.1255454 0.09638991
0.1199794 0.08771645
0.1122477 0.0841584
0.1219598 0.0784953
0.1060149 0.08342831
0.1347846 0.07383325
0.1036259 0.08016916
0.108219 0.07983209
0.1355834 0.09271119
0.1439432 0.1029243
0.15609 0.1147935
0.1564772 0.1148326
0.1306719 0.1153907
0.1400715 0.1072685
0.1590824 0.1107842
0.1707909 0.1083985
0.201945 0.09832349
0.2064844 0.109435
0.1959485 0.09722282
0.1909518 0.09162207
0.1688657 0.07906865
0.2298836 0.06719455
0.2373755 0.07234468
0.2868564 0.08487166
0.2683693 0.08615768
0.2465643 0.08451113
0.2490552 0.07915616
0.2035649 0.08567917
0.2526485 0.07897114
0.2368159 0.07414518
0.2780095 0.07580964
0.2686749 0.0768049
0.2644776 0.07172552
0.2632221 0.06907527
0.2897253 0.06999104
0.2510513 0.0824066
0.242935 0.07885824
0.2288653 0.08234647
0.2259803 0.08138081
0.2435485 0.07956528
0.2866473 0.08400239
0.2827589 0.08978702
0.2517003 0.09054108
0.2658476 0.1031626
0.1888995 0.0940921
0.186969 0.09818365
0.1558219 0.08398261
0.1538405 0.09028155
0.1385632 0.08665339
0.1262948 0.08436813
0.1005553 0.08324463
0.1016508 0.08892953
0.09755043 0.07636274
0.09867686 0.07714106
0.1088101 0.07512742
0.1096759 0.0755354
0.113515 0.07240179
0.1270965 0.07557744
0.1390565 0.07981513
0.1355089 0.08457267
0.1439246 0.08852354
0.1761928 0.08932991
0.1990554 0.08674807
0.2016249 0.07860696
0.2076463 0.06662672
0.2208159 0.06928914
0.1867361 0.06939431
0.1792526 0.07306372
0.2017041 0.07274549
0.2327915 0.06956552
0.2641279 0.0573218
0.2507202 0.05091798
0.2522855 0.04928074
0.2842429 0.04916566
0.2739437 0.04280899
0.2543536 0.03990705
0.2638806 0.04224834
0.2560476 0.03947229
0.2492303 0.03978194
0.2474842 0.04443787
0.2269739 0.03733794
0.2541363 0.04129933
0.2126831 0.0395347
0.2672879 0.0433977
0.2637504 0.03842307
0.3033268 0.03774262
0.29358 0.03965104
0.2857062 0.04051199
0.2931437 0.03750583
0.3024788 0.03350604
0.2888456 0.03416879
0.3028637 0.0338868
0.3050326 0.03496597
0.2694422 0.03919334
0.2792269 0.04187383
0.3016034 0.04764921
0.2867996 0.04330714
0.2904107 0.04777449
0.3363572 0.04782125
0.4024584 0.05251709
0.3532807 0.04985614
0.337408 0.04786449
0.3328754 0.04218517
0.3628932 0.05070652
0.3858699 0.0458022
0.3771678 0.04804456
0.3589317 0.04980988
0.3541248 0.0521141
0.3569988 0.05102021
0.3438092 0.05008572
0.3376955 0.05669716
0.3453642 0.06147841
0.3028355 0.05556119
0.3280843 0.05333117
0.2919591 0.06095018
0.3286291 0.05233213
0.2924604 0.05268529
0.3082175 0.04708074
0.2966136 0.04789937
0.2726117 0.04752962
0.278933 0.04376842
0.2358256 0.04895246
0.2223019 0.06004664
0.2593104 0.06502547
0.2658849 0.05678539
0.2865981 0.06746156
0.2778453 0.07676253
0.2526223 0.07129705
0.2216656 0.06485505
0.2233442 0.07610893
0.2152747 0.07102835
0.2271201 0.07657185
0.1889557 0.08309288
0.176127 0.08474316
0.1441118 0.08224739
0.1481457 0.07140656
0.1374645 0.07185361
0.09927695 0.08634749
0.08902632 0.08785019
0.08434562 0.08433464
0.08020232 0.08992306
0.07321094 0.08781254
0.0762949 0.07039089
0.08490617 0.06697713
0.08516516 0.0667084
0.0924202 0.06278513
0.0989335 0.06693342
0.1155049 0.07860814
0.1032563 0.07460378
0.1228237 0.07249919
0.1338152 0.0699469
0.1265732 0.083398
0.1026242 0.06783664
0.1112495 0.06403414
0.09402888 0.07076708
0.1211998 0.07485146
0.1058432 0.07276847
0.1156156 0.06824385
0.1104009 0.07441717
0.1117379 0.07093376
0.1141497 0.07119415
0.1458234 0.06349177
0.1878371 0.06442396
0.200751 0.07554284
0.2496459 0.06927822
0.2651847 0.06230744
0.2574023 0.05959243
0.2625937 0.06765833
0.2638324 0.06564214
0.253205 0.06371306
0.2110916 0.06625385
0.2371379 0.06234483
0.2218135 0.06911742
0.2489959 0.0636791
0.3024779 0.05653236
0.2519386 0.05598148
0.2518671 0.04969731
0.2610196 0.04603699
0.2533665 0.046341
0.2302694 0.04332076
0.2440326 0.04747247
0.2613566 0.04863709
0.2780115 0.04529028
0.2628033 0.03926309
0.2633945 0.04578995
0.25225 0.04412778
0.2559744 0.04279482
0.2603373 0.03958126
0.2981374 0.03905559
0.2480668 0.03604006
0.2724256 0.03430643
0.2693345 0.03149707
0.3300578 0.03244355
0.359685 0.03155222
0.2918273 0.0370594
0.3348384 0.03872952
0.337165 0.04148491
0.3388511 0.0404359
0.3538929 0.04768813
0.3458216 0.04338515
0.3384233 0.04621864
0.3138487 0.05076441
0.2998237 0.04815895
0.2908909 0.04638545
0.2933283 0.04087173
0.2885336 0.04153789
0.3260828 0.04262748
0.3076674 0.04332038
0.2836014 0.04855698
0.3109308 0.04880954
0.3233118 0.05107074
0.3106782 0.0455608
0.3107571 0.04085447
0.3299212 0.03913291
0.2920614 0.0393198
0.3159868 0.04504471
0.2632706 0.042015
0.2632932 0.03513974
0.2519453 0.02975147
0.2133332 0.02998374
0.2183307 0.03020595
0.2560539 0.03127669
0.2524955 0.0341611
0.23575 0.03501138
0.2166306 0.03503328
0.2169044 0.03647001
0.233627 0.03608514
0.2508048 0.03422949
0.2313751 0.03491406
0.2439037 0.03451767
0.2376153 0.03684262
0.2199615 0.03408351
0.2289014 0.0345639
0.203027 0.03817005
0.1800939 0.04125232
0.1668542 0.04443954
0.1671699 0.047285
0.1649736 0.04714544
0.177573 0.04618291
0.1681938 0.04690228
0.1714163 0.04558385
0.1948755 0.05039677
0.1928614 0.05483696
0.1965764 0.05859757
0.209834 0.06169235
0.1835928 0.05432386
0.1790007 0.05284715
0.2129967 0.04680631
0.2273454 0.04811861
0.2101964 0.04349148
0.240133 0.04418871
0.2681898 0.04418636
0.2794359 0.04777331
0.2918601 0.04980225
0.2665779 0.04829069
0.2879552 0.04219972
0.2936921 0.04002052
0.2600145 0.04351386
0.2505041 0.04429554
0.2703052 0.03763744
0.2809705 0.04443745
0.2746672 0.04277053
0.2778846 0.04415286
0.2946015 0.0426658
0.3047108 0.04609842
0.2799994 0.04240911
0.2343561 0.03942889
0.2084145 0.04187778
0.2106737 0.04269965
0.1969579 0.04240933
0.215087 0.04837243
0.1919184 0.0524411
0.2061738 0.05580827
0.1713237 0.06402276
0.1811391 0.05970784
0.179188 0.06271967
0.1788871 0.06237222
0.1786337 0.05626726
0.1759385 0.06122471
0.1682687 0.06712276
0.1619367 0.08061676
0.1120916 0.07801717
0.1390575 0.07863979
0.140358 0.07985026
0.1464761 0.068088
0.1362957 0.07035139
0.1066369 0.06730271
0.1092076 0.07272844
0.08075772 0.07521201
0.09733865 0.07330361
0.09808645 0.06053147
0.08923453 0.05989663
0.08779544 0.06179475
0.08004261 0.06676462
0.07831283 0.06310921
0.1016645 0.06283562
0.09126892 0.07024142
0.09393171 0.06814589
0.1092219 0.06051558
0.1182494 0.06672133
0.1257376 0.07587387
0.1042848 0.06876456
0.1125194 0.07094745
0.1370926 0.07983776
0.1514361 0.07517842
0.1671192 0.08154486
0.1745572 0.07763203
0.1520487 0.08407589
0.1268343 0.08331174
0.1085907 0.07915002
0.1198589 0.06813083
0.1347419 0.07194995
0.1307176 0.07641941
0.1200386 0.06583756
0.1554817 0.07129886
0.1416259 0.06715595
0.1523313 0.06518633
0.1682099 0.06305044
0.1858563 0.0671435
0.1934796 0.06053033
0.2312486 0.05728794
0.2292886 0.05717007
0.2244904 0.0639413
0.2188141 0.06278971
0.2157541 0.07088859
0.2180907 0.0712979
0.2071472 0.06679534
0.2368769 0.06069633
0.2807146 0.05560134
0.2939425 0.04992836
0.2764922 0.05244187
0.3177691 0.05378941
0.2828317 0.0485635
0.2650097 0.05086268
0.2414243 0.04621628
0.2432172 0.04462287
0.2260859 0.03771655
0.238138 0.03877333
0.2987628 0.03893794
0.2959927 0.03521954
0.2584827 0.03663897
0.2610147 0.03778656
0.2838129 0.03471057
0.2648443 0.03766332
0.2705795 0.03951986
0.2841197 0.0372713
0.313107 0.03567578
0.2740958 0.03363486
0.2925016 0.03302411
0.2959353 0.03146421
0.3213931 0.03374426
0.2906636 0.03303146
0.3044677 0.03539157
0.2964042 0.0404826
0.2627062 0.04003599
0.2388489 0.04121041
0.1814896 0.04263131
0.2122685 0.04504916
0.2370709 0.03955139
0.2442249 0.03987681
0.2319824 0.03885898
0.2313601 0.03562618
0.1985623 0.03671695
0.2293314 0.0391821
0.2275205 0.04076608
0.259871 0.04394304
0.2431864 0.0412417
0.2054071 0.04128328
0.2412258 0.04102311
0.2377475 0.04256609
0.2428878 0.04155251
0.2463907 0.045279
0.2401027 0.05227595
0.2557004 0.05562188
0.2841964 0.04396197
0.2952069 0.04403983
0.271512 0.04457741
0.3190812 0.04031722
0.3284603 0.04499536
0.3279146 0.04325733
0.2751639 0.04643648
0.3034055 0.05040069
0.2711323 0.04324454
0.2846255 0.05233061
0.2608673 0.04759493
0.222609 0.05002185
0.1820179 0.0487272
0.1559654 0.04458146
0.1520423 0.04125548
0.1636497 0.04531152
0.1553751 0.04853871
0.2037973 0.04867466
0.233758 0.04543686
0.2012453 0.04313174
0.1961177 0.04275698
0.1926908 0.03677273
0.1666182 0.03156446
0.1884445 0.02626499
0.1647711 0.02753578
0.1378981 0.03026188
0.1515387 0.03109733
0.1962128 0.02993789
0.2255776 0.03268094
0.2485066 0.03599052
0.2740326 0.03473632
0.2636172 0.03688769
0.280614 0.03190342
0.2960043 0.02953987
0.2877422 0.03090791
0.3003983 0.03037521
0.2997427 0.03268648
0.2902822 0.03893096
0.296717 0.03150525
0.2951764 0.02880135
0.2877392 0.02760956
0.2824142 0.0273084
0.2726558 0.02443835
0.276683 0.02973195
0.3309421 0.02951158
0.3239851 0.03706031
0.2902235 0.0368932
0.2616936 0.03497275
0.2937651 0.03540887
0.3127441 0.03851773
0.2956048 0.03555608
0.2648675 0.03561228
0.3001919 0.03307046
0.3382965 0.03310073
0.3328955 0.03621795
0.3112319 0.03446722
0.3195193 0.03333653
0.3084168 0.03673089
0.3176213 0.03389061
0.3767597 0.03246113
0.3790873 0.03041926
0.4232885 0.03518934
0.4416486 0.03378205
0.4313478 0.03531796
0.4788621 0.03277657
0.4867664 0.03293553
0.5155025 0.02964924
0.5201871 0.02905881
0.4811411 0.02905302
0.4425609 0.02671434
0.4549135 0.02554268
0.4534162 0.02770781
0.4532022 0.02893623
0.4316938 0.0357093
0.4556316 0.03648285
0.3882255 0.03380375
0.4035392 0.03609458
0.4033921 0.03162891
0.3768188 0.03079851
0.3616878 0.03244042
0.3395097 0.0366939
0.3380664 0.03834135
0.3299971 0.03992984
0.3425054 0.04342058
0.3189615 0.03951804
0.3291089 0.04497569
0.3305327 0.04205599
0.376445 0.03875009
0.34558 0.03400312
0.3479371 0.03268617
0.3420395 0.03585535
0.3824118 0.03761406
0.3876808 0.03673445
0.4312601 0.03297531
0.4311609 0.03249097
0.3948487 0.03128134
0.4184138 0.032393
0.3622091 0.02975737
0.352562 0.03044434
0.3690263 0.03040594
0.3783255 0.03060922
0.365414 0.027039
0.3977081 0.02738322
0.4070374 0.02656009
0.4177603 0.0277164
0.4402567 0.03296044
0.4041295 0.03234007
0.416508 0.03095724
0.398449 0.0358778
0.4155217 0.03608976
0.399073 0.03655256
0.3768925 0.04187999
0.3646545 0.03739218
0.3585365 0.03465701
0.3194099 0.03747751
0.3134679 0.03860235
0.3288982 0.04216687
0.3347785 0.04467098
0.2805732 0.03979089
0.2875594 0.04372979
0.3240044 0.04244189
0.2996528 0.04028766
0.2974077 0.03976768
0.2551764 0.04317824
0.2515577 0.04101913
0.3013393 0.03736326
0.2997794 0.03752178
0.3081038 0.03638429
0.2984955 0.03716781
0.2859252 0.03938002
0.2949102 0.04828177
0.2798426 0.04938325
0.293191 0.05347953
0.2654708 0.04560134
0.271416 0.04861998
0.230409 0.05124615
0.2238852 0.05364796
0.255929 0.05187134
0.2411751 0.0534831
0.2287462 0.05303488
0.2255351 0.04874306
0.2075653 0.05208308
0.2209038 0.05614269
0.1898519 0.05620987
0.1558577 0.06400143
0.1792939 0.066493
0.1701957 0.05463059
0.1638919 0.05907012
0.1240843 0.05545254
0.1121761 0.05311625
0.1386772 0.05752672
0.1533462 0.04977884
0.1536686 0.05413367
0.1276186 0.05204236
0.1380969 0.05322554
0.102317 0.05328
0.1021145 0.05195485
0.08331137 0.05036065
0.1282121 0.05153167
0.1328329 0.04669928
0.1737078 0.05323884
0.1618714 0.04934655
0.1713451 0.04689882
0.1620151 0.04481201
0.1872954 0.05406753
0.1739783 0.05617617
0.1855094 0.05684835
0.1816564 0.0579188
0.1921057 0.05331604
0.1948523 0.04943316
0.1790996 0.04692086
0.1413954 0.04593869
0.13412 0.04725472
0.1162809 0.04850354
0.1360199 0.05517525
0.142252 0.05688179
0.1504358 0.05409466
0.1296499 0.06490901
0.1132624 0.06980786
0.09505484 0.06951279
0.07036243 0.06905419
0.1042212 0.06684575
0.08575449 0.07166319
0.06391315 0.07753111
0.06653165 0.08283739
0.0645068 0.08406974
0.06846602 0.08437812
0.06328696 0.1088121
0.07360419 0.1119455
0.07178917 0.1102189
0.08267405 0.121045
0.09014743 0.1154549
0.08800019 0.1203321
0.1060589 0.1110118
0.07680624 0.100288
0.08313031 0.1095214
0.09843439 0.09877977
0.1280237 0.1052036
0.1516135 0.1074072
0.178173 0.1079554
0.1511299 0.08694631
0.1659301 0.09325685
0.1579275 0.0968095
0.1276464 0.08859424
0.1281037 0.07697365
0.1553533 0.07414462
0.1738381 0.06935803
0.1698538 0.08006154
0.1633248 0.08322721
0.1552104 0.07949084
0.1441434 0.0747893
0.1171253 0.06755797
0.1310302 0.07677552
0.1157191 0.07671432
0.1100242 0.07301804
0.1253104 0.06833054
0.10851 0.06032595
0.09209609 0.06196676
0.08642235 0.05174147
0.09650468 0.04571507
0.1112557 0.04440642
0.1079399 0.04718709
0.1158585 0.04454138
0.09214473 0.03854213
0.07670924 0.044177
0.09633826 0.04145371
0.102553 0.04082396
0.1149534 0.03717833
0.1013502 0.03573885
0.1156109 0.03375196
0.122522 0.03561834
0.1355883 0.03294827
0.1389909 0.03094069
0.1467775 0.03825044
0.1563423 0.04236626
0.1705109 0.03572922
0.125129 0.02960758
0.1585821 0.03121143
0.1816257 0.03336614
0.1523313 0.03160647
0.1525644 0.03060322
0.1621699 0.03163218
0.1721992 0.03550105
0.1636116 0.03526245
0.1851875 0.03339139
0.1793581 0.03274665
0.1830046 0.03679009
0.1786572 0.04004676
0.185547 0.03396789
0.1551963 0.03680477
0.1896839 0.04491731
0.1919674 0.04329199
0.2004422 0.04840581
0.2121247 0.04358109
0.2248202 0.04365113
0.2290417 0.04632249
0.2378227 0.05070708
0.2303075 0.04556338
0.2312695 0.04460465
0.1863967 0.0412523
0.1837289 0.04070521
0.1904361 0.04343849
0.1755662 0.04494938
0.1601502 0.04300421
0.1792961 0.05469618
0.1769909 0.04704157
0.1492076 0.0477098
0.1604269 0.04790534
0.1557641 0.04792626
0.1650051 0.05218747
0.1518026 0.05071245
0.1175786 0.05141442
0.1040244 0.05182027
0.1299086 0.05424925
0.1305575 0.05813119
0.1824921 0.05374972
0.1932962 0.05296024
0.1913905 0.04487385
0.1654215 0.04482273
0.1253014 0.05500534
0.1480366 0.05840186
0.1465402 0.06223195
0.1209466 0.06179672
0.119898 0.06463869
0.102475 0.06600753
0.1121595 0.06243263
0.09729748 0.06560797
0.1102419 0.07051463
0.1300454 0.0603252
0.1509689 0.06039105
0.1341333 0.06504292
0.1183936 0.07261619
0.1202664 0.0644059
0.09176275 0.06827763
0.09516073 0.07492937
0.1051725 0.06881734
0.09024582 0.07037113
0.1079976 0.06057061
0.0976496 0.0549493
0.1036563 0.05591833
0.1139764 0.05953256
0.1183664 0.06788631
0.1268303 0.06647466
0.08817057 0.0622468
0.08677817 0.06569541
0.09899632 0.06530191
0.1111483 0.06643857
0.1003137 0.07570712
0.07507201 0.06662221
0.07188042 0.06911927
0.08042791 0.07047318
0.08035781 0.06862793
0.08390264 0.06997891
0.09922512 0.07369062
0.1029247 0.07224732
0.08893016 0.07259699
0.07591836 0.07421951
0.06839329 0.08156577
0.06431008 0.08797104
0.07999397 0.08565548
0.08078891 0.08838399
0.07725188 0.09321571
0.08172225 0.0858637
0.05966142 0.0844361
0.06516537 0.07741939
0.08385721 0.06980855
0.08824763 0.06941514
0.09307361 0.06403309
0.1102023 0.05360022
0.1060869 0.06098393
0.1320597 0.05477389
0.1400287 0.05764224
0.1340695 0.06463799
0.1399005 0.05865429
0.1238714 0.06027462
0.1096231 0.05995111
0.1094096 0.0600126
0.09957168 0.05508449
0.09038722 0.05050613
0.07343723 0.0546219
0.08795126 0.05627825
0.09399279 0.06533605
0.09523314 0.0580077
0.1035364 0.05568098
0.1379017 0.05030661
0.1269959 0.04211419
0.1290725 0.0402133
0.1056685 0.03817592
0.1078601 0.04383905
0.1223512 0.04779166
0.1574178 0.04661297
0.1589052 0.05031802
0.1920315 0.044704
0.2364863 0.04176077
0.2238633 0.04360361
0.2072766 0.04323055
0.1745634 0.04666835
0.1639017 0.04429173
0.1508155 0.04635762
0.1735688 0.04960768
0.1600069 0.05099412
0.1535648 0.05021214
0.1439508 0.05050444
0.1521915 0.0449268
0.1535495 0.04688947
0.1451364 0.046057
0.1388728 0.04995082
0.1582643 0.0484416
0.1459254 0.04952164
0.1377216 0.049462
0.1381151 0.05231092
0.1347292 0.04926422
0.1169296 0.04758996
0.1143902 0.04726175
0.1106077 0.05221398
0.1211997 0.05132912
0.1133608 0.05265683
0.1414325 0.05272119
0.1585847 0.04905635
0.1621895 0.05512264
0.1580958 0.04406262
0.1660095 0.04532865
0.1509656 0.0406088
0.1694241 0.04420247
0.1761595 0.05159106
0.1683129 0.05042151
0.1775558 0.04857575
0.1805857 0.04727397
0.192595 0.05540146
0.1804268 0.05402531
0.1651856 0.05894622
0.1762101 0.05589931
0.1727171 0.06448642
0.1656524 0.05945587
0.1951413 0.0556257
0.2114886 0.05682178
0.2406767 0.05930054
0.2056896 0.05335338
0.2259105 0.04976639
0.1871024 0.05410624
0.1999237 0.05468982
0.1979578 0.04755976
0.2079321 0.0446908
0.2239191 0.05216673
0.2061683 0.04644131
0.1984143 0.0442256
0.1856675 0.04094692
0.1976274 0.04659565
0.16451 0.04526185
0.1657626 0.04313508
0.1790181 0.04001506
0.2047489 0.03758123
0.1934626 0.03583464
0.2121758 0.03651537
0.2417531 0.03414076
0.2385643 0.03835935
0.1934858 0.03912639
0.1808283 0.03595438
0.171902 0.04133391
0.1866454 0.04288525
0.1992486 0.04868609
0.1584429 0.04697021
0.1798308 0.04945301
0.1415591 0.0502428
0.1488453 0.05411767
0.1940671 0.05529701
0.1873253 0.05387654
0.2264077 0.05644965
0.1949366 0.04851786
0.2052957 0.04981577
0.2175286 0.05361792
0.2056663 0.05584642
0.2173523 0.05531284
0.2124802 0.05383819
0.2028159 0.05176092
0.2177108 0.05513429
0.2126722 0.05123432
0.2014812 0.05513038
0.1896787 0.05933362
0.2256682 0.05854076
0.2190233 0.0611853
0.2286519 0.05765684
0.2716784 0.05235574
0.2882025 0.04991939
0.3039393 0.05214127
0.2603844 0.0481371
0.2110353 0.05285023
0.2467867 0.04403824
0.2540246 0.04368329
0.2621014 0.03789765
0.2858129 0.03760596
0.3211977 0.03870369
0.2987289 0.04091807
0.3288106 0.04297096
0.3317066 0.04387363
0.3587408 0.039796
0.3009351 0.03760649
0.3488283 0.03816947
0.3827072 0.03109466
0.3894579 0.03193925
0.3707485 0.02959317
0.3412232 0.02995172
0.3052469 0.03185788
0.3301359 0.02669286
0.3320032 0.02851171
0.2908041 0.02780213
0.3391404 0.02557126
0.3656131 0.02518544
0.3905682 0.02201475
0.4030934 0.02257589
0.4138835 0.02200013
0.3954727 0.02465909
0.3772009 0.02351767
0.3840093 0.0235799
0.3911752 0.02349809
0.3277257 0.02488194
0.3278757 0.02292824
0.3237016 0.02547641
0.3663543 0.02805444
0.3983868 0.0261613
0.3839544 0.02765135
0.3526295 0.02906498
0.3183152 0.03616624
0.3140251 0.03545639
0.3189854 0.03090602
0.3363199 0.03008183
0.3046687 0.03224447
0.3054511 0.03533541
0.2989641 0.03577835
0.2826134 0.03399986
0.2550494 0.03576141
0.2710133 0.03631404
0.2861612 0.03821149
0.262244 0.03832093
0.2813786 0.04408965
0.2539607 0.04337015
0.2488175 0.03823785
0.2446158 0.03717552
0.212362 0.04609605
0.1983832 0.04042376
0.1617084 0.04105327
0.1922819 0.04672215
0.1648999 0.04471372
0.1845916 0.04098713
0.1587761 0.03763412
0.1860481 0.04064233
0.1911558 0.03865701
0.1758417 0.03735986
0.1893921 0.04108393
0.1944229 0.04120915
0.1966153 0.04272296
0.2167629 0.04769756
0.2055618 0.04419424
0.2064594 0.04081761
0.2187712 0.04032907
0.2386551 0.04048095
0.2466876 0.0382732
0.2537729 0.04282336
0.2898764 0.04115765
0.2936085 0.03728864
0.3035316 0.03499307
0.2745628 0.03392165
0.3130623 0.03260479
0.3035569 0.03445468
0.3304661 0.03347902
0.3493703 0.0377803
0.3809301 0.03426447
0.3444949 0.02923545
0.3328118 0.03307114
0.3967284 0.03470673
0.3516022 0.03719657
0.3003216 0.03977588
0.3117223 0.04061768
0.288004 0.03843578
0.2774265 0.0384881
0.2376811 0.04556654
0.2550117 0.04753404
0.2275494 0.04278274
0.2379222 0.04719306
0.2285894 0.04346909
0.2092444 0.04324192
0.1705305 0.04937777
0.1880799 0.05154255
0.1807845 0.05370224
0.1682204 0.04974742
0.1700096 0.05588435
0.1434731 0.04866244
0.1470128 0.04166257
0.1507255 0.04418249
0.1427556 0.0430164
0.1582897 0.04091285
0.1758625 0.04274319
0.183469 0.04410625
0.1559726 0.03652385
0.1478829 0.03515872
0.140532 0.03610751
0.1460354 0.04009166
0.1401498 0.0374943
0.1504003 0.03608836
0.174004 0.03805948
0.1781293 0.033501
0.1758856 0.03291883
0.1679821 0.03690462
0.181685 0.03597461
0.1734238 0.03128273
0.1445915 0.03409426
0.1217718 0.03977979
0.1403644 0.04457347
0.1403266 0.04719989
0.1324857 0.04448372
0.1704635 0.04366987
0.1650322 0.04624429
0.1434702 0.04511809
0.1215045 0.04360884
0.134282 0.04408727
0.1463172 0.04488509
0.1596541 0.04703692
0.1635657 0.05307951
0.1617506 0.06278561
0.166066 0.06627837
0.1826699 0.06294705
0.1974873 0.05653022
0.1740667 0.0544288
0.1818936 0.05256306
0.1488291 0.05414303
0.1599196 0.04772009
0.1703368 0.04948143
0.1747024 0.05057766
0.1459515 0.04529097
0.1379201 0.04716233
0.1526691 0.04999185
0.1503471 0.0479466
0.1288833 0.04553083
0.1433283 0.04903542
0.1569502 0.05513299
0.1367797 0.06701724
0.1500824 0.06139222
0.1481562 0.06401359
0.1347447 0.06271325
0.1511279 0.05478034
0.1420855 0.05532259
0.1471092 0.05989161
0.1459196 0.06799231
0.1322703 0.07258018
0.1542957 0.07001153
0.1679423 0.07255779
0.1603414 0.06557657
0.1659522 0.07002083
0.1655645 0.06122347
0.1840318 0.0642864
0.1496074 0.0695867
0.1358927 0.07219939
0.1537914 0.07501744
0.1394522 0.07829177
0.1606062 0.06220188
0.1634808 0.06297566
0.1793505 0.05845678
0.1917657 0.04988397
0.2014994 0.0614514
0.2081317 0.06388221
0.2153851 0.06226943
0.2050298 0.05387086
0.2258214 0.05414503
0.2173477 0.05726479
0.2162417 0.06093985
0.2087392 0.05376869
0.2380112 0.05875748
0.2355192 0.04938917
0.2316522 0.05083284
0.2052489 0.04718816
0.2126017 0.04807572
0.2059496 0.04777078
0.2442548 0.0584656
0.2554296 0.05494231
0.2554057 0.04806766
0.2864722 0.0467971
0.315776 0.04943975
0.3473854 0.04608907
0.3669705 0.04289765
0.3813037 0.04393513
0.3615959 0.04790279
0.3069827 0.05492994
0.3232514 0.05810177
0.3103978 0.05375307
0.3059525 0.05517966
0.304575 0.06766014
0.2939186 0.06291473
0.3107576 0.06655263
0.3078992 0.07445147
0.2788108 0.07371666
0.2740642 0.07321424
0.3076241 0.06800803
0.2924781 0.07194663
0.2689133 0.07763201
0.2643906 0.06493134
0.2405343 0.07065753
0.2288313 0.06396637
0.237283 0.05649744
0.2031082 0.05096573
0.2376951 0.05413174
0.2939384 0.05679218
0.2703885 0.06333553
0.2642878 0.064696
