0.03100284
0.0289088
0.02750055
0.02343953
0.01913278
0.01798138
0.01509377
0.01455901
0.01348386
0.01404247
0.01330368
0.01272376
0.0119742
0.01005543
0.01046971
0.01138671
0.01023166
0.009509928
0.009605159
0.01095805
0.01109101
0.01184529
0.01337664
0.01204005
0.01169972
0.01130351
0.01097979
0.01235253
0.0112378
0.0109363
0.01091907
0.01283833
0.01326832
0.01456715
0.01546371
0.01648415
0.01378767
0.01311231
0.01348109
0.01439643
0.01876807
0.01888945
0.01740173
0.01838441
0.01797831
0.01650733
0.01597079
0.01515259
0.01582657
0.01345855
0.01556322
0.01221653
0.01143461
0.01190627
0.01294427
0.01408067
0.01399716
0.01273068
0.01665729
0.01940003
0.0199732
0.02083875
0.02366256
0.02413057
0.02470291
0.02389652
0.0230419
0.02087415
0.01875484
0.01986479
0.02162569
0.02269789
0.02349498
0.02041128
0.02121653
0.02471813
0.02188751
0.0211546
0.02245897
0.0244067
0.02277407
0.0234751
0.02487471
0.02377387
0.02175094
0.02184996
0.02237252
0.02289489
0.02265635
0.02362942
0.02001826
0.02074853
0.02140544
0.01903258
0.01842201
0.0183884
0.01863121
0.01887738
0.01923925
0.01848437
0.01967893
0.0182367
0.01801555
0.01899282
0.01708975
0.01634759
0.0151959
0.01356487
0.01337558
0.0116975
0.01366248
0.01566796
0.01739805
0.01759145
0.01762489
0.01529614
0.01719549
0.01569784
0.01703861
0.01643515
0.0152508
0.01458485
0.01481466
0.01547924
0.01611023
0.01732363
0.01951564
0.01608044
0.01463449
0.01564999
0.01467641
0.01393454
0.01443971
0.01573954
0.01723913
0.01684634
0.01639289
0.0216084
0.02238095
0.02259644
0.02114038
0.0219889
0.02138714
0.02574472
0.02728891
0.02757899
0.03231572
0.03463881
0.03328043
0.03208864
0.03215526
0.02646745
0.02622547
0.02623236
0.0295638
0.02788561
0.02500294
0.02234916
0.0211317
0.02182896
0.02026245
0.02269096
0.0218751
0.02184245
0.02044546
0.02107019
0.02319649
0.01964784
0.01819224
0.01789039
0.01735651
0.01725688
0.01514424
0.01363007
0.01337159
0.01462355
0.01260663
0.01359844
0.01348607
0.01625886
0.01659387
0.01544312
0.01542989
0.01498094
0.01693467
0.01900241
0.01673809
0.01702355
0.01744239
0.01622749
0.01318396
0.01231148
0.01315936
0.01224336
0.01227898
0.01272092
0.01279121
0.0137881
0.01425359
0.01301706
0.01294645
0.01261574
0.01151441
0.01322846
0.0143326
0.01296926
0.01237299
0.01295913
0.01258979
0.01377705
0.0134815
0.01458943
0.01256899
0.01123339
0.0126886
0.01201493
0.01236899
0.01263866
0.01308371
0.01515296
0.01316704
0.01199482
0.01364652
0.01460141
0.016038
0.01560108
0.01656369
0.01621425
0.01790534
0.01904616
0.01762079
0.01579595
0.01561389
0.01500241
0.01509262
0.01535723
0.01640052
0.01518511
0.01370694
0.01375723
0.0162512
0.01461968
0.01324674
0.01368486
0.01542573
0.01629642
0.01282748
0.01118681
0.01197866
0.01180299
0.01185551
0.01269378
0.01330629
0.01203549
0.01287997
0.01194519
0.0118659
0.0136333
0.01554148
0.01555311
0.01752736
0.0187054
0.02004246
0.02160818
0.02303981
0.02002863
0.01939444
0.01918697
0.01822798
0.01787753
0.01632819
0.01716686
0.01897003
0.02028418
0.01765283
0.01869876
0.0168973
0.01826276
0.02269745
0.02028541
0.0200246
0.01882673
0.01782315
0.01758052
0.01739839
0.0180362
0.01453799
0.01717767
0.01891196
0.01915384
0.02163992
0.01933819
0.01832016
0.01862481
0.01787696
0.01662027
0.01738206
0.01710498
0.01590672
0.01608053
0.01727291
0.01665809
0.01687287
0.01875683
0.02194069
0.02379477
0.02456412
0.02524216
0.02364563
0.0242214
0.02769065
0.0251006
0.02716114
0.02930249
0.02554126
0.02853215
0.02915092
0.03191141
0.02943316
0.02725865
0.02610075
0.02680123
0.0228418
0.02640648
0.0226764
0.02579661
0.0216664
0.02024876
0.02146541
0.02439682
0.0231264
0.02339109
0.0235265
0.02503449
0.02638166
0.02436953
0.02724727
0.02299505
0.02388768
0.02207075
0.02207036
0.02142083
0.01904761
0.02076614
0.01854335
0.01808753
0.0186807
0.01938565
0.01836888
0.01740923
0.01787121
0.01655745
0.01697298
0.01814738
0.01833585
0.01532592
0.01688014
0.01626772
0.01470791
0.01476771
0.012456
0.01372204
0.01354783
0.01424365
0.01488097
0.01493936
0.01270853
0.01193419
0.01010734
0.01153924
0.01237084
0.01220446
0.01277455
0.01559464
0.01419442
0.01347823
0.01253573
0.01249626
0.01519881
0.01804537
0.01926925
0.0189952
0.01767964
0.0182142
0.01860653
0.01765268
0.01960105
0.017468
0.01880304
0.01721663
0.01507553
0.01537594
0.01495781
0.01641484
0.01523363
0.01407363
0.0152375
0.01725606
0.01866804
0.01882073
0.01744092
0.01803696
0.01624939
0.01572793
0.01764087
0.01872035
0.0166301
0.01729997
0.01764048
0.01874732
0.01637924
0.01431544
0.01423261
0.01488389
0.0155949
0.01697813
0.01877984
0.01786505
0.02156598
0.02361252
0.02337755
0.01984942
0.01963982
0.01865501
0.01667879
0.01733688
0.01493412
0.01453482
0.01353588
0.01304708
0.01351909
0.01445377
0.01427976
0.01407669
0.01548454
0.01794768
0.01995869
0.01835999
0.01756412
0.01483536
0.01538374
0.01351324
0.01433562
0.01547306
0.01510678
0.01363426
0.01498091
0.01385222
0.01519858
0.01615775
0.01471834
0.01614711
0.01749388
0.01919663
0.01878011
0.0185311
0.01847113
0.01810124
0.01999215
0.02372018
0.02186867
0.02142022
0.019907
0.01963289
0.01770687
0.01804415
0.0200649
0.02001317
0.02028478
0.02056017
0.02131849
0.01982915
0.01901625
0.01783713
0.01848401
0.01864167
0.02042268
0.02453962
0.02169276
0.02150516
0.02352594
0.02097804
0.02332024
0.02194086
0.02189635
0.01963297
0.02061889
0.02057354
0.02026667
0.02054305
0.01928182
0.01995172
0.02110803
0.02133687
0.02180397
0.02115549
0.02132587
0.01922526
0.02130059
0.02128114
0.02067729
0.02445072
0.02513888
0.02489978
0.02355734
0.02310655
0.02486803
0.02621453
0.0222813
0.02197429
0.02312666
0.02152248
0.02134197
0.02065176
0.02273564
0.02241806
0.01918724
0.01954545
0.02100271
0.02385453
0.02273522
0.02419555
0.02632359
0.02294036
0.02821419
0.02916683
0.02576826
0.02783903
0.03115357
0.03068141
0.02595959
0.02546072
0.02413071
0.02577914
0.02522787
0.02480561
0.02437048
0.02746335
0.02611812
0.02210496
0.02402712
0.02249308
0.02057081
0.01949555
0.01922308
0.01973875
0.01793333
0.01795156
0.02141133
0.02037842
0.01918094
0.01812643
0.01740377
0.01840668
0.01889275
0.01773821
0.01916392
0.01748178
0.01751064
0.01762505
0.01654985
0.01545616
0.01550348
0.01386175
0.01337093
0.01413252
0.01396916
0.01425899
0.0153001
0.01468476
0.01433216
0.01481781
0.01624559
0.01427983
0.01865542
0.0181731
0.01786633
0.02092838
0.02243732
0.02229057
0.02165207
0.02323647
0.02452072
0.02253676
0.0300377
0.03314314
0.02939119
0.02887213
0.02899015
0.02893821
0.02563875
0.02390218
0.02145077
0.02344356
0.02521025
0.02256482
0.02198071
0.01892163
0.01888489
0.0182821
0.01875144
0.0164906
0.01934527
0.01600718
0.01464996
0.01794014
0.01881615
0.01987338
0.02134604
0.02145453
0.02113538
0.01991689
0.02013995
0.01925225
0.01970239
0.02006419
0.01930039
0.01899527
0.01773266
0.01861625
0.01864974
0.01756918
0.01995185
0.02148081
0.02666025
0.0244973
0.02289587
0.02083081
0.01890033
0.01949179
0.01904783
0.01780355
0.01816897
0.01973877
0.01926733
0.02036322
0.02161749
0.022428
0.02038177
0.01951459
0.01798196
0.01736555
0.01895973
0.02007732
0.0207436
0.02356484
0.02107429
0.02009469
0.01970134
0.02152235
0.0191051
0.01980137
0.0172075
0.01976247
0.02188915
0.02291812
0.0200881
0.01870966
0.02111963
0.02214919
0.02142944
0.02023424
0.01942268
0.02119878
0.02318685
0.02177041
0.02068353
0.02101683
0.01970902
0.02080905
0.02065998
0.01937638
0.02100084
0.02026745
0.02273725
0.02556648
0.02636034
0.02454087
0.02270782
0.02261019
0.0235475
0.02485282
0.02293734
0.02288266
0.02498606
0.02432276
0.02508481
0.02199458
0.02211328
0.02317157
0.02334467
0.02160254
0.02388377
0.02159853
0.01844039
0.0190407
0.02072676
0.0204598
0.01844073
0.01798218
0.01668991
0.01784647
0.0176145
0.01780885
0.01789347
0.0187388
0.01568261
0.01590364
0.01713618
0.01754885
0.01446497
0.01373451
0.01465317
0.01222353
0.01172279
0.01102458
0.01108276
0.009763029
0.01012932
0.01037912
0.009467833
0.009592074
0.009964929
0.01078375
0.01069794
0.01131972
0.01106513
0.01207762
0.01366948
0.01379076
0.0137395
0.01188997
0.01103857
0.01232698
0.01052566
0.01074503
0.01199308
0.01113264
0.01031947
0.01105655
0.01100273
0.01209479
0.0122927
0.01210455
0.01218261
0.01274619
0.0116984
0.01179508
0.010922
0.01095581
0.01178959
0.01308982
0.01475615
0.01385077
0.01396479
0.01427724
0.01357274
0.01476168
0.01454727
0.0145791
0.01442229
0.01425831
0.01473239
0.01458005
0.01536612
0.01715518
0.01569416
0.01626825
0.01711776
0.01604513
0.01676473
0.01611973
0.01553097
0.01760302
0.01707276
0.01912887
0.0177746
0.01689433
0.01770835
0.01759789
0.01877724
0.01823701
0.01821668
0.01785901
0.01707892
0.01488976
0.01622585
0.0159542
0.01567852
0.01762982
0.01820406
0.01861398
0.01803102
0.01655581
0.01562931
0.01695625
0.01619256
0.01675503
0.01807974
0.01990293
0.02207908
0.02119586
0.02113957
0.02230308
0.02088849
0.01856513
0.02004677
0.01878854
0.01928406
0.02017175
0.01745452
0.01689536
0.01694439
0.01664764
0.01574659
0.01565065
0.01456744
0.01617513
0.01617413
0.01765385
0.01753131
0.0178645
0.01842924
0.0187964
0.01975931
0.0205749
0.01999504
0.02235795
0.02114246
0.01858807
0.01931226
0.0193277
0.02047124
0.02110905
0.01931903
0.01798726
0.01696121
0.01835542
0.01655259
0.01864571
0.01708665
0.01680319
0.01577919
0.01565563
0.01568211
0.01451759
0.01340175
0.01637055
0.01549936
0.0139255
0.01408735
0.01558138
0.01769626
0.01807552
0.01748577
0.01700998
0.01580381
0.01555293
0.01691329
0.01721121
0.01690981
0.01870299
0.01886696
0.01794219
0.01654099
0.01732322
0.01649313
0.01506952
0.01443989
0.01353079
0.01417853
0.01586269
0.01718224
0.01738705
0.01492263
0.01526967
0.01645547
0.01562601
0.01529073
0.0171511
0.01703524
0.01950176
0.0166409
0.02049222
0.02083404
0.02149405
0.02036623
0.02122361
0.0195587
0.01866169
0.01802337
0.01925094
0.01888265
0.01568151
0.01662907
0.01756485
0.01625346
0.01722703
0.01715487
0.01600461
0.01468018
0.01436121
0.0134498
0.01413507
0.01549219
0.01453432
0.01474265
0.01535217
0.01434758
0.01383093
0.01351741
0.01230319
0.01304309
0.01469344
0.01395283
0.01433258
0.01644607
0.01552375
0.01555649
0.01497944
0.0137418
0.0133639
0.01589243
0.01481803
0.01479109
0.01430038
0.015372
0.0171863
0.01664532
0.01852011
0.01773988
0.0175428
0.01869516
0.01746664
0.01691209
0.01930606
0.01757325
0.01917387
0.01846605
0.01715909
0.01798609
0.01553971
0.01845532
0.01653286
0.01770758
0.01772068
0.01809564
0.02089025
0.02170852
0.02232882
0.02267892
0.02002156
0.02118905
0.01961748
0.02077316
0.02144376
0.0231415
0.02061677
0.0222862
0.02392068
0.02103443
0.02138987
0.02421146
0.02495454
0.02477122
0.02763386
0.0273115
0.02715987
0.02683006
0.02442659
0.0232048
0.02169253
0.01865302
0.01720067
0.01626794
0.01833115
0.01914921
0.01999039
0.01758461
0.01768131
0.01735355
0.01580322
0.01604665
0.01655869
0.01557331
0.01362311
0.01352868
0.01369463
0.01408303
0.01528222
0.01710008
0.01626151
0.01845099
0.01825226
0.01867646
0.02156108
0.01853054
0.01638876
0.01504462
0.01596085
0.01603917
0.01765023
0.01659626
0.01824956
0.01672897
0.01521563
0.01589801
0.0142002
0.01503358
0.01671347
0.01696483
0.01855543
0.01838619
0.01662141
0.01534418
0.01464049
0.01448943
0.01524868
0.01461268
0.01372237
0.01356043
0.01284967
0.01320524
0.01348439
0.01379737
0.01413919
0.0122978
0.01433835
0.01359383
0.01345149
0.01277869
0.01203865
0.01173031
0.01185843
0.01025633
0.009256497
0.009311419
0.008863124
0.008724025
0.008531228
0.008694241
0.008819148
0.009511686
0.009215834
0.008968783
0.008737219
0.009305944
0.009031103
0.009181939
0.009267234
0.01007036
0.01016492
0.01092087
0.01107612
0.01100485
0.009983779
0.0104513
0.01082594
0.01106876
0.01149156
0.0128382
0.01213469
0.01166109
0.0112754
0.01176256
0.01239401
0.01305681
0.01337583
0.01174812
0.01107645
0.01100047
0.01197641
0.01082653
0.01253965
0.01277815
0.01429237
0.01545623
0.01683506
0.01532184
0.01291333
0.01199653
0.01374233
0.01358839
0.01479553
0.01300482
0.01028909
0.009757941
0.009243909
0.009083897
0.01137303
0.01347046
0.01353764
0.01415361
0.01193584
0.01428728
0.01297326
0.01293736
0.01413906
0.01638865
0.0167299
0.01776557
0.02115013
0.02219644
0.02328549
0.02323468
0.02108576
0.02260577
0.0222064
0.02359734
0.0249866
0.02247272
0.0232924
0.02714563
0.02697642
0.02390936
0.0230122
0.02568391
0.02979106
0.03057683
0.02940735
0.02849146
0.03131689
0.02697669
0.02694845
0.02307843
0.02382804
0.02400759
0.02275822
0.02551271
0.02147287
0.02235195
0.02391995
0.02586743
0.02408688
0.02366496
0.02078407
0.01861949
0.01992237
0.01701277
0.01393259
0.01591148
0.01446064
0.01585195
0.01900559
0.01985142
0.01874545
0.01912588
0.01944087
0.01945705
0.01728843
0.01910699
0.01927282
0.01863134
0.01713275
0.01858914
0.01445025
0.01744335
0.01717359
0.01729383
0.01862621
0.01853149
0.01947108
0.02293986
0.02083733
0.02022494
0.0244133
0.023177
0.02095385
0.02129794
0.02190864
0.02196928
0.02199485
0.0232178
0.02134305
0.02353344
0.02397696
0.02383527
0.02460593
0.02509562
0.02652555
0.02619498
0.02765979
0.02692808
0.02763804
0.02676131
0.02521066
0.02558182
0.02624374
0.02946777
0.03221462
0.03096463
0.02840498
0.02807691
0.03087257
0.02574238
0.02811929
0.02476754
0.0270091
0.0265923
0.02565157
0.0221095
0.02259574
0.02317131
0.02462217
0.02672197
0.0273926
0.02646514
0.02355438
0.02328414
0.02566155
0.02900667
0.0275015
0.02780561
0.02895122
0.02902049
0.03088214
0.03204109
0.03477255
0.03369728
0.03257275
0.03620588
0.03011527
0.03431138
0.03038499
0.02893589
0.03154059
0.03083912
0.02951171
0.02619895
0.02493525
0.02349816
0.0240228
0.02549391
0.02182566
0.02252763
0.02248269
0.02036452
0.02024199
0.02077141
0.02247544
0.02078048
0.02077265
0.02163461
0.01893335
0.0205686
0.02116026
0.01851267
0.0203629
0.02070298
0.0241158
0.02380182
0.02300562
0.02103222
0.02103269
0.02387583
0.02307818
0.02404769
0.02183351
0.01935168
0.01837196
0.01779007
0.01985134
0.02151011
0.0232199
0.02550956
0.02335332
0.02500088
0.02590219
0.02814483
0.03098112
0.02907342
0.02835401
0.02763149
0.02884775
0.02933105
0.02485191
0.02467917
0.02504165
0.02100756
0.02112184
0.02159875
0.02052917
0.01872517
0.01903505
0.01934527
0.02229263
0.02360552
0.02377634
0.02265701
0.02149733
0.02204703
0.02165371
0.02142134
0.02137298
0.01874271
0.01900443
0.0184055
0.0184087
0.01887555
0.01928023
0.01946933
0.01964226
0.01958807
0.01831111
0.01915702
0.02122369
0.01906476
0.01891527
0.01915787
0.01992329
0.01968275
0.01954688
0.02118669
0.01988823
0.01847759
0.02094421
0.02215467
0.0187023
0.0172425
0.01726881
0.01770635
0.01768305
0.01595516
0.01632623
0.0159806
0.01629284
0.01708319
0.01632623
0.0164305
0.01616867
0.01536274
0.01360248
0.01283444
0.01248798
0.01159192
0.01298994
0.01203411
0.01158408
0.01154386
0.0131987
0.01103513
0.01101605
0.01143485
0.01206819
0.01339429
0.01397565
0.01259755
0.01220434
0.0120704
0.01048162
0.01067658
0.01002923
0.009808195
0.0101075
0.009975379
0.01048191
0.009405344
0.01157854
0.01002017
0.009623123
0.01026893
0.01028174
0.009185253
0.01050185
0.01048089
0.01328931
0.01297328
0.01294627
0.01315743
0.0136783
0.0135937
0.01299878
0.01611322
0.01672026
0.01343458
0.01496519
0.01507247
0.01541906
0.01862063
0.01952178
0.0187824
0.02221471
0.02196896
0.0207293
0.01802772
0.01830118
0.01782391
0.01699752
0.01920174
0.01988734
0.0195285
0.01918377
0.02001981
0.01999497
0.02174605
0.02250634
0.02298811
0.02312012
0.0224198
0.02001046
0.02313574
0.0229669
0.02295998
0.02208523
0.01939169
0.01973368
0.01886454
0.01929873
0.02060611
0.01842114
0.02102402
0.02337847
0.02320156
0.02098738
0.02121087
0.0202895
0.02245579
0.02432577
0.0266282
0.02388726
0.0239568
0.0236619
0.021697
0.02236221
0.02194584
0.02485389
0.02288867
0.02224817
0.02327379
0.02470718
0.02143506
0.02054089
0.02028414
0.01877121
0.01757049
0.01837377
0.01724735
0.01910539
0.01913469
0.02147242
0.02074942
0.01982333
0.01647867
0.01904691
0.01972427
0.0193532
0.01864683
0.01792205
0.01897047
0.01785411
0.0163984
0.01658249
0.01777257
0.02064651
0.02082231
0.02044095
0.02215731
0.02307664
0.02200114
0.0191647
0.01795887
0.01529066
0.01706285
0.01921488
0.01842481
0.0191804
0.01906205
0.01892335
0.01969914
0.02057793
0.01961765
0.02098241
0.01993163
0.01765515
0.017478
0.0163176
0.0147548
0.014572
0.01559688
0.01467136
0.01585583
0.01580155
0.01625189
0.01477905
0.01450381
0.01904927
0.01582942
0.01642144
0.01822592
0.01765976
0.01725701
0.01430286
0.01441566
0.01426668
0.01502663
0.01283794
0.01217866
0.0110816
0.0121576
0.01278029
0.01168688
0.0125276
0.0129033
0.01293258
0.01502514
0.01485883
0.01687282
0.0161112
0.01688166
0.01836008
0.01990943
0.01900409
0.01720018
0.01626091
0.01252527
0.01325314
0.01313995
0.01406321
0.01163738
0.0122741
0.0132066
0.01343444
0.01352953
0.01403624
0.01371234
0.01382744
0.01523272
0.01598727
0.01699563
0.01706166
0.01635732
0.01667963
0.01876963
0.01697813
0.01718491
0.01787811
0.01771707
0.01936751
0.01831957
0.01803509
0.01931444
0.02079539
0.0208696
0.01984994
0.01925242
0.01830222
0.02007541
0.01887655
0.02098792
0.01827239
0.01998901
0.01899046
0.01951283
0.02007555
0.02082959
0.02297666
0.01982675
0.01827013
0.01620493
0.01636082
0.01519031
0.01737714
0.01579321
0.01465444
0.01466752
0.01459987
0.01597718
0.01916159
0.01873446
0.0181004
0.01906235
0.01954739
0.02060006
0.01930791
0.01981835
0.02138899
0.01980293
0.0190139
0.01824714
0.01868466
0.01779154
0.01874756
0.01655849
0.01846055
0.01831731
0.01662395
0.01718578
0.01755112
0.01787702
0.01635762
0.01596996
0.01587438
0.01341277
0.01395591
0.01344895
0.01394749
0.01297153
0.01441768
0.01356288
0.01426485
0.01241118
0.0137321
0.01336196
0.01351172
0.01448774
0.01445329
0.01507123
0.01412292
0.01292585
0.01056103
0.01197585
0.01242763
0.01299695
0.01327909
0.01217353
0.01305158
0.01372038
0.01263334
0.01376358
0.01419736
0.01453933
0.01473895
0.01354544
0.01364258
0.01533749
0.01668569
0.01845314
0.01655735
0.01715542
0.01841806
0.01824547
0.02121591
0.02296276
0.02706684
0.02453788
0.02569683
0.02235684
0.02366744
0.02195812
0.02229807
0.01987496
0.01855078
0.01889839
0.01653305
0.01771943
0.01426217
0.01407886
0.01570523
0.01663443
0.01696098
0.01721078
0.01716636
0.017333
0.01743597
0.01687404
0.01562277
0.01854433
0.01718642
0.01611195
0.01775837
0.01863551
0.01691771
0.01727882
0.01659383
0.01682202
0.01518685
