0.2728847
0.2577752
0.2488308
0.2284066
0.2247827
0.2032948
0.2003765
0.1963402
0.1908404
0.1876709
0.1915177
0.18382
0.1799878
0.1724106
0.1683419
0.1638557
0.1643745
0.1656858
0.1550744
0.1456005
0.1442501
0.1505176
0.1435797
0.1425917
0.1397187
0.132026
0.1378052
0.1367612
0.1425893
0.1433805
0.1389135
0.1350394
0.1384447
0.1378707
0.1273415
0.1292679
0.1314683
0.1264916
0.124165
0.1183392
0.1207061
0.1228225
0.1239296
0.1248991
0.1279742
0.1278696
0.1300956
0.123795
0.1256468
0.1237836
0.1229186
0.1214591
0.1283917
0.1301212
0.122904
0.1206436
0.1210115
0.1200288
0.1176904
0.1173325
0.1161647
0.1162559
0.1219936
0.1250562
0.1256193
0.12931
0.1196557
0.1173354
0.1209898
0.1243408
0.1300753
0.1210959
0.120903
0.1172715
0.1160584
0.1187634
0.1178233
0.1132882
0.1126865
0.1098229
0.1110616
0.1086584
0.1164521
0.1245258
0.1215509
0.1287448
0.1209166
0.1248912
0.1258298
0.1216244
0.1176328
0.1189078
0.1252995
0.1226014
0.1292975
0.1277597
0.1302525
0.127523
0.1207512
0.1198628
0.1270303
0.1296346
0.1243344
0.119215
0.1104991
0.110946
0.1079557
0.1096756
0.1103093
0.1149146
0.1128829
0.1153642
0.113116
0.11394
0.1109192
0.1020969
0.1010936
0.09964309
0.0930635
0.09560298
0.09684799
0.09567452
0.09504682
0.09281158
0.09081337
0.09202121
0.08758462
0.09129099
0.09246852
0.09181148
0.09371293
0.09362509
0.1015321
0.09907771
0.102746
0.1006042
0.1000449
0.1004786
0.09554292
0.09887549
0.09525169
0.09322993
0.0936808
0.09413504
0.08999023
0.09197971
0.09593645
0.09161985
0.09174119
0.09095687
0.08938888
0.08844279
0.08733484
0.08298944
0.08600915
0.08544989
0.08329668
0.08851829
0.08644172
0.0905517
0.09299918
0.09658962
0.09900993
0.09765222
0.100749
0.1006018
0.09898138
0.0996179
0.09986709
0.102351
0.09936204
0.09390079
0.09154775
0.09827496
0.09735806
0.09901639
0.09436714
0.09503589
0.09641839
0.09902102
0.09649145
0.0911093
0.09636894
0.09779362
0.09001826
0.09418439
0.09944923
0.09442775
0.1018521
0.09979081
0.09881577
0.09669747
0.09339476
0.09527756
0.09571052
0.09482275
0.09495172
0.09171559
0.09453123
0.09611254
0.09143438
0.08870914
0.08781117
0.08781985
0.08787671
0.08464722
0.07922216
0.07750897
0.07909947
0.08058967
0.08138641
0.08186432
0.08045863
0.07906053
0.07234477
0.07280954
0.07400432
0.0729243
0.08028979
0.08371046
0.08528528
0.08153752
0.08072081
0.08324577
0.0805798
0.08320423
0.07651185
0.0748936
0.07254771
0.06930021
0.07164412
0.07642429
0.07478646
0.07680191
0.07941813
0.07263886
0.07162529
0.06960967
0.06530034
0.06444823
0.06470893
0.06189563
0.06098031
0.06082376
0.05947315
0.05704998
0.05700503
0.05599106
0.05923814
0.0554209
0.05260763
0.05209266
0.05158409
0.05301676
0.05091545
0.05153302
0.05153758
0.05072622
0.04901651
0.05355848
0.0496365
0.0510467
0.05004592
0.05006703
0.04925441
0.04757721
0.04668843
0.04836065
0.04778125
0.05324704
0.05248434
0.05145022
0.05246996
0.05488988
0.05586378
0.05651028
0.05994235
0.06260712
0.06538291
0.06638076
0.06908831
0.0649737
0.06357975
0.05986879
0.05694421
0.05525266
0.05595654
0.05882678
0.0595829
0.0554804
0.04976022
0.04895271
0.04890364
0.04849089
0.04646939
0.04220456
0.04259511
0.0407353
0.03976518
0.04153339
0.03925776
0.03921087
0.04094168
0.04099829
0.04272539
0.04148117
0.03929536
0.03964544
0.04046485
0.04058684
0.04186572
0.04078161
0.038577
0.03923573
0.03829994
0.03744795
0.03917292
0.03828164
0.0366206
0.0360179
0.03483321
0.03516883
0.03632535
0.03619652
0.03599919
0.03644315
0.03649459
0.03525761
0.03228472
0.03319044
0.03232715
0.03146719
0.03246941
0.03215887
0.031838
0.03224625
0.03265805
0.0321506
0.0341001
0.0353844
0.03688271
0.03631814
0.03526113
0.03350548
0.03524197
0.03585373
0.03761288
0.0393771
0.03736624
0.0353959
0.0355091
0.03480904
0.03386208
0.0331212
0.03431115
0.03535789
0.03442986
0.0343542
0.03449072
0.03313394
0.03351286
0.03157017
0.0312484
0.03218345
0.03246546
0.03299611
0.03282208
0.03255295
0.03165196
0.03348183
0.03414661
0.035046
0.03463388
0.03521058
0.03686698
0.03549674
0.03678411
0.03704398
0.03854115
0.03894272
0.03841917
0.03991346
0.03706532
0.03596275
0.03604831
0.03589007
0.03713514
0.03673465
0.0349906
0.03381373
0.03154049
0.03260599
0.03291554
0.03166812
0.03173368
0.03141162
0.03180019
0.03025667
0.0302167
0.02920862
0.03001176
0.02995144
0.02954473
0.02951964
0.03007657
0.02907354
0.02886911
0.02788613
0.02719961
0.02800541
0.02815197
0.02608872
0.02580779
0.0277845
0.02893458
0.02741587
0.02951145
0.02955841
0.03016089
0.03024415
0.03176588
0.03393875
0.03528501
0.03325751
0.03238578
0.03126008
0.03134295
0.03259159
0.03270394
0.03278525
0.03353185
0.03384725
0.03524365
0.0341709
0.0324106
0.03265883
0.03153191
0.03258836
0.03256722
0.03249222
0.03225004
0.03181072
0.03045118
0.02901942
0.02723771
0.02759234
0.02596214
0.02512086
0.02693203
0.02778774
0.02800693
0.02876565
0.02806064
0.02881157
0.02953583
0.0282792
0.03001411
0.02885023
0.02720379
0.02669493
0.02585459
0.02705286
0.02792837
0.0283727
0.02800979
0.02896316
0.02746603
0.02770302
0.02812936
0.02835878
0.02748546
0.02600622
0.02729944
0.02852319
0.03004351
0.02836692
0.02838807
0.02910448
0.02861812
0.0295805
0.0294273
0.03020392
0.02770558
0.02809003
0.02661102
0.02448021
0.02430309
0.02480513
0.02531902
0.02562827
0.02484724
0.02488895
0.02545155
0.02500476
0.02502487
0.02453168
0.02410143
0.02326187
0.0234519
0.02322388
0.02393256
0.02235567
0.02318682
0.02302233
0.02323674
0.02282507
0.02233282
0.02337514
0.0232169
0.02259954
0.02266671
0.02249363
0.02227369
0.02165871
0.02274355
0.02309005
0.02198629
0.02238062
0.02140225
0.02093008
0.02143384
0.02205384
0.02234918
0.02319469
0.02341615
0.02378853
0.02272941
0.02375414
0.0245543
0.02429934
0.02329424
0.02264498
0.02305724
0.02295443
0.02345356
0.0228634
0.02222628
0.02147123
0.02160695
0.02091505
0.02082725
0.02130765
0.02127381
0.02105123
0.02088849
0.02136641
0.021423
0.02188015
0.02265327
0.02199175
0.02402246
0.02337429
0.02378563
0.02347417
0.02352318
0.02450364
0.02478018
0.02475295
0.02431261
0.02394296
0.02422956
0.02379648
0.02485699
0.02395227
0.02326055
0.02355497
0.02379359
0.02450963
0.02352253
0.02425032
0.0235527
0.02344359
0.02315494
0.02363606
0.02349318
0.0235576
0.02286559
0.02345135
0.0242327
0.02398888
0.02447124
0.02517974
0.0249979
0.02505977
0.0255335
0.02693512
0.02665622
0.02601288
0.02512745
0.02435423
0.02460868
0.02595012
0.02550072
0.02403246
0.02364803
0.02264644
0.02342236
0.02312386
0.02028165
0.02081693
0.01963868
0.01867573
0.01892107
0.01919728
0.01865398
0.01810068
0.01721146
0.01735817
0.01588399
0.01603786
0.01476288
0.01560506
0.01574008
0.0151703
0.01513985
0.01542083
0.01470736
0.01532688
0.01601132
0.01617621
0.01695542
0.01667207
0.01627948
0.01580291
0.01658748
0.01671075
0.01667205
0.01668171
0.01655946
0.01674342
0.01698311
0.01774566
0.01816843
0.01792513
0.01831709
0.01827907
0.01831752
0.0188296
0.01828129
0.01838108
0.01740832
0.01706518
0.01741825
0.01684509
0.01767156
0.01759
0.01807854
0.01768391
0.01765626
0.01653321
0.01725908
0.01704128
0.01687889
0.01776906
0.01761621
0.01762953
0.01827674
0.01819433
0.01829422
0.01809665
0.0184552
0.01865176
0.01814269
0.0169823
0.01601217
0.01706836
0.01692432
0.01748818
0.01895622
0.02037179
0.02035858
0.02170147
0.02119994
0.02146092
0.02109895
0.02013022
0.01982678
0.01937199
0.01842298
0.01854717
0.01818365
0.01828196
0.01764108
0.01697262
0.01615615
0.01630299
0.0159735
0.01623426
0.0161657
0.01584
0.01499746
0.01384733
0.01342959
0.01311382
0.01318567
0.013753
0.01403007
0.01356731
0.01395781
0.01373246
0.0138829
0.01426593
0.01468614
0.01524131
0.0149522
0.01435639
0.01457682
0.01501698
0.01518092
0.01490288
0.01509385
0.01498568
0.01532066
0.01439336
0.01374123
0.01339504
0.01443298
0.0145353
0.01418041
0.01384706
0.01326626
0.01289408
0.01172741
0.01192226
0.01170979
0.01142759
0.01132951
0.0116096
0.01099258
0.01133732
0.01123368
0.0108227
0.01094709
0.01146479
0.0120441
0.01156215
0.01161585
0.01191982
0.01158423
0.01204849
0.01327389
0.01299562
0.01276318
0.01282356
0.01263465
0.01205928
0.01277795
0.01290538
0.01345854
0.01256914
0.01245591
0.01313417
0.0127459
0.01274469
0.01262188
0.01252108
0.0123948
0.01266029
0.01276733
0.01281774
0.01273986
0.0132197
0.01383042
0.01412339
0.01304319
0.01316842
0.01283561
0.01272804
0.01223938
0.01223705
0.01129986
0.01160812
0.01108156
0.01107792
0.01124139
0.01082617
0.01018076
0.009641817
0.01002132
0.009740197
0.01049616
0.01053909
0.01013312
0.01051464
0.01064204
0.009956713
0.009780198
0.01041786
0.01015746
0.01026056
0.01039714
0.01108558
0.01145897
0.01089268
0.0109738
0.0109749
0.01083618
0.01092948
0.01083308
0.01079787
0.01089007
0.0116437
0.01162419
0.01113867
0.01102561
0.01067933
0.01025557
0.01045642
0.009923698
0.01042567
0.01062252
0.01025409
0.00993965
0.009916877
0.009386035
0.00904883
0.008866186
0.008630834
0.009142451
0.009268556
0.008956964
0.008938098
0.009090651
0.008747848
0.008734043
0.008559911
0.008334667
0.008306957
0.008386499
0.008762179
0.008747571
0.008250298
0.008224585
0.008265507
0.008371974
0.008507778
0.008629647
0.008571921
0.008319645
0.008531149
0.00918972
0.009525366
0.009865442
0.009631491
0.009785492
0.009062931
0.009205697
0.008773822
0.008429973
0.008523649
0.00881194
0.008909455
0.009306006
0.009545453
0.009744371
0.009688205
0.009780203
0.009329272
0.009157056
0.009195278
0.00906377
0.009523955
0.009462341
0.009146762
0.008733567
0.008969104
0.009102804
0.008551009
0.008215548
0.008134122
0.007900441
0.007956072
0.008309084
0.008112908
0.007800151
0.008402648
0.008226803
0.008330638
0.00879305
0.009135964
0.009110228
0.009402413
0.01031878
0.009976278
0.01019281
0.01064494
0.01098665
0.0109983
0.01147027
0.01117108
0.01140415
0.01122244
0.01160321
0.01061057
0.01035002
0.01081687
0.01127605
0.01158789
0.01168599
0.01227635
0.01242965
0.01194099
0.01187219
0.01204062
0.01193192
0.01133211
0.01135162
0.01188135
0.01257336
0.01254312
0.01279803
0.01234393
0.01287273
0.01194549
0.01164866
0.01108809
0.01072327
0.01054544
0.01096909
0.0106872
0.01062707
0.01050005
0.009751352
0.01012306
0.0100017
0.01050278
0.01078866
0.01053696
0.01009798
0.009949163
0.009780326
0.0100707
0.01024913
0.009632977
0.009818553
0.0101866
0.01034094
0.009569586
0.00955181
0.009915061
0.01020466
0.01029033
0.01017998
0.009868904
0.009555948
0.009348658
0.009873226
0.00970965
0.009964166
0.009855256
0.009642291
0.009146311
0.008921692
0.008256136
0.008479756
0.009068818
0.008874522
0.00858723
0.008633105
0.008910324
0.009164152
0.008766155
0.009372889
0.009771992
0.009775348
0.009267205
0.008810933
0.009310074
0.009051175
0.008838551
0.00875455
0.00899924
0.008968498
0.008722354
0.008912529
0.008825669
0.009102945
0.00894839
0.008677981
0.008456875
0.00771079
0.008081923
0.00783756
0.007782598
0.007670456
0.007630376
0.007661254
0.00764878
0.007979778
0.007421321
0.007419204
0.006832497
0.006814401
0.006904367
0.006797257
0.007573072
0.007061317
0.007111167
0.007552275
0.007431602
0.007376692
0.007418484
0.007392928
0.007614361
0.007767151
0.008012888
0.008082562
0.007551662
0.007469308
0.007510376
0.007532106
0.007470708
0.007809506
0.0078567
0.007732558
0.00781933
0.007341431
0.007304309
0.007124453
0.007499885
0.007443848
0.007532206
0.007686108
0.007733309
0.007776281
0.007936759
0.007658143
0.007436643
0.006759568
0.007256853
0.007271035
0.007181275
0.007176143
0.007043917
0.006818787
0.006942375
0.006992744
0.006936176
0.006557023
0.006917017
0.007190232
0.00754996
0.007220556
0.007351656
0.007257853
0.007127512
0.006855929
0.006933837
0.006908341
0.007382639
0.007551718
0.007792228
0.007732027
0.008473542
0.008711449
0.008464318
0.008660702
0.008600109
0.008504951
0.008637106
0.008497456
0.008526368
0.00808438
0.007911395
0.008440575
0.008563954
0.008564671
0.00847346
0.008412819
0.009204514
0.009356897
0.009947128
0.009515808
0.009860805
0.01016123
0.009756246
0.009765989
0.00993498
0.009524311
0.009402278
0.009387103
0.00911917
0.009502957
0.009654038
0.009369905
0.009600611
0.00991495
0.0104806
0.01044725
0.01142911
0.01189041
0.01101523
0.01101822
0.01101552
0.01087073
0.01097533
0.01126154
0.01174203
0.01255547
0.01235699
0.01225703
0.01344634
0.01424628
0.01452545
0.0140007
0.01397944
0.01411793
0.01456351
0.01446784
0.01493115
0.01419349
0.01530038
0.01581806
0.01619948
0.01588729
0.01538709
0.01496069
0.01573259
0.01494608
0.01537127
0.01651186
0.01585431
0.01615838
0.01615633
0.01498878
0.01579912
0.01553928
0.01572888
0.01632144
0.01553908
0.01614423
0.01637742
0.01602713
0.01648314
0.0167074
0.01703371
0.01647319
0.01704476
0.01650585
0.01690594
0.01679699
0.01615039
0.01578408
0.01534306
0.01430179
0.01542636
0.01473719
0.01514204
0.01545711
0.01567286
0.01596812
0.01606348
0.01501399
0.01561019
0.01570711
0.01657431
0.01679133
0.01691803
0.01702814
0.01692825
0.01858483
0.01910656
0.01824488
0.0198299
0.01960588
0.02018611
0.0201897
0.01956578
0.01974941
0.01924041
0.02056369
0.02100111
0.02299747
0.02288347
0.02386813
0.02454387
0.02466694
0.02451935
0.02621781
0.02570494
0.02359744
0.02357502
0.02302821
0.02250554
0.02191242
0.02149731
0.02032554
0.02044855
0.02081595
0.02081106
0.01948445
0.01995755
0.02025428
0.02119054
0.02100333
0.02282208
0.02411483
0.02303899
0.02272433
0.02092574
0.02133493
0.02265832
0.02187477
0.02241995
0.02349919
0.02407302
0.02609628
0.02786641
0.02769163
0.02948688
0.02786655
0.02607251
0.02537433
0.02588027
0.02564503
0.02637421
0.02474424
0.02616311
0.02698778
0.02802881
0.0284247
0.03015426
0.02923155
0.02847239
0.02630708
0.02543807
0.02491573
0.02505998
0.02632822
0.02627039
0.02663728
0.02608896
0.02670213
0.02456586
0.02488352
0.02379754
0.02304815
0.02468145
0.02564173
0.02499629
0.02489335
0.02501934
0.0251202
0.02615087
0.02615773
0.02664955
0.02912163
0.02956178
0.02909639
0.03113336
0.03140981
0.03107145
0.0285949
0.03036304
0.03004828
0.02927885
0.02945326
0.02929976
0.02746578
0.02523478
0.02472994
0.02528032
0.02755052
0.02912095
0.02951829
0.03011941
0.02920108
0.02914205
0.02855692
0.0292081
0.02980704
0.0297305
0.02822438
0.02828769
0.02927987
0.02803439
0.02811543
0.02927775
0.02848232
0.02816281
0.02870023
0.02938567
0.02882948
0.02948441
0.02977578
0.02992945
0.02925941
0.02956922
0.03009823
0.03010364
0.03018595
0.02868646
0.02814985
0.02804381
0.02664961
0.02736974
0.02684471
0.02811987
0.02752328
0.02769915
0.02807224
0.02772044
0.02874272
0.03062785
0.03039562
0.02903989
0.02837926
0.02923905
0.0306739
0.0306444
0.03129066
0.03127607
0.03015859
0.03210057
0.03171668
0.03240749
0.03374827
0.03149916
0.03055612
0.03192772
0.0296056
0.02939587
0.02823696
0.02852162
0.02955192
0.02852123
0.02770453
0.02778256
0.02713804
0.02564547
0.02442261
0.02497008
0.02435347
0.02451011
0.02380469
0.02430386
0.02518955
0.0247321
0.02459545
0.02636944
0.02680541
0.02680789
0.02757001
0.02727263
0.02841621
0.02852019
0.02775032
0.02864776
0.02829203
0.02945605
0.02997056
0.0301816
0.02932417
0.02874348
0.03124969
0.03078044
0.02901829
0.02773693
0.02688166
0.02588268
0.02578351
0.02522751
0.02430917
0.02521143
0.02527495
0.02338619
0.02262803
0.02174938
0.02238483
0.02219879
0.0229066
0.023353
0.02322174
0.02406157
0.02480974
0.02469294
0.02453815
0.02488196
0.02603305
0.02623892
0.0267811
0.02746741
0.02716878
0.02665182
0.02611781
0.02452455
0.02349579
0.02226803
0.02346883
0.02340649
0.02214646
0.02157519
0.02092901
0.02047904
0.02074482
0.02167626
0.0210549
0.02185009
0.02209394
0.02227826
0.02287204
0.02378744
0.02440874
0.02414136
0.02489697
0.02650737
0.02614508
0.02580333
0.02651941
0.02747509
0.02777333
0.02896218
0.0278551
0.02805026
0.02747093
0.02740658
0.02851942
0.02849107
0.0316035
0.03044839
0.02996378
0.02932853
0.03028205
0.02955797
0.0311083
0.03238585
0.0330497
0.03662978
0.03826838
0.04000835
0.03898946
0.03685796
0.037697
0.03747816
0.03887825
0.03707606
0.03991083
0.04172582
0.04509704
0.04292603
0.0437487
0.0433204
0.04531244
0.04475594
0.04346812
0.04179292
0.04406407
0.04533578
0.04531379
0.04656741
0.0448028
0.04247601
0.0420028
0.04396815
0.04378452
0.04631798
0.04571182
0.0465829
0.04663209
0.04600221
0.04315238
0.04031633
0.04031851
0.03824446
0.03709269
0.03651703
0.03808062
0.03792784
0.04009215
0.04187341
0.04249744
0.04387838
0.04256418
0.04169155
0.04251944
0.04185546
0.04108507
0.03895412
0.04210495
0.04179658
0.0418891
0.0385272
0.03980856
0.03891654
0.03888185
0.03627114
0.03845574
0.03866372
0.03935202
0.03902633
0.03993919
0.03821795
0.03873939
0.04079649
0.04234552
0.04062897
0.03741193
0.03830315
0.03869547
0.03843051
0.03820877
0.04120601
0.04067916
0.04276805
0.04104374
0.04123603
0.04049629
0.04126516
0.03782822
0.03694845
0.03823523
0.03968407
0.03803809
0.03759686
0.03738433
0.0383496
0.0389458
0.03877772
0.03921641
0.03901104
0.04001223
0.03970099
0.03882937
0.0364409
0.03956513
0.04206521
0.04530544
0.04795178
0.04815433
0.05158847
0.04974812
0.05132785
0.05272154
0.05328431
0.05613346
0.05380404
0.05595269
0.05473506
0.05502308
0.05677209
0.05719915
0.05451454
0.0561506
0.05891457
0.05699324
0.05771429
0.05681661
0.05527775
0.0563254
0.05958621
0.05962701
0.05805037
0.05932529
0.05796809
0.06086597
0.06454871
0.06274821
0.0641077
0.06856547
0.06766611
0.06892425
0.0681235
0.06988257
0.06882692
0.07243904
0.07116692
0.06908476
0.06500919
0.06531298
0.06186458
0.06351282
0.05990818
0.05844531
0.06153966
0.06118886
0.06040058
0.06220733
0.063563
0.06011151
0.05878367
0.0576735
0.05804513
0.05676281
0.05387045
0.05363037
0.05259136
0.05414171
0.05488788
0.04933819
0.05128764
0.04814073
0.04729778
0.04619832
0.04322168
0.04118488
0.04286248
0.04424664
0.04437615
0.04514633
0.04608289
0.04366599
0.04478412
0.04473954
0.04661469
0.04467183
0.04316336
0.041326
0.04096549
0.03926753
0.03591104
0.03532603
0.03639167
0.0353994
0.03573005
0.03750357
0.03642162
0.03709852
0.03862276
0.03649595
0.03645467
0.03770618
0.03640175
0.03473096
0.03501371
0.03503329
0.03502423
0.03492493
0.03578703
0.03459203
0.03396154
0.03337986
0.03463318
0.03454689
0.03303989
0.03154428
0.02913543
0.02966017
0.02948788
0.03223817
0.03281213
0.03381461
0.03310039
0.03161114
0.03299922
0.03288094
0.03336004
0.03217539
0.02995942
0.03089089
0.03153573
0.029215
0.02902202
0.02861699
0.02890231
0.02901867
0.02925241
0.02893744
0.02893278
0.02832468
0.02917357
0.0304195
0.03031283
0.02901307
0.03041175
0.02992196
0.03172787
