22.14077
19.58681
19.01841
20.69617
19.12425
15.02529
18.11136
21.50739
23.23597
20.32514
21.17646
20.11104
17.85433
18.42194
15.0154
15.39526
14.72946
14.31094
15.0594
15.78418
14.90711
13.56914
13.12452
10.48797
11.85759
11.7143
11.41437
9.522563
10.63865
11.07587
12.44875
12.19526
13.03326
11.86704
11.14483
9.548732
9.405285
10.21763
8.788465
9.011052
9.196859
8.429459
6.882436
7.992973
8.060397
7.994508
8.792471
7.442643
7.745537
7.435508
7.314726
6.219257
6.957504
7.257303
5.501461
6.066764
5.885287
5.583374
5.480695
6.066864
8.032094
8.638966
9.569183
9.402916
8.159585
8.687283
8.627237
8.77802
7.834788
8.427958
9.2478
10.52572
9.878674
10.68774
13.07212
15.35243
14.06814
12.55013
12.88995
14.03867
16.85791
16.12876
13.73685
13.5193
17.35386
15.23445
14.05107
15.09648
14.74547
15.87793
15.83663
14.89525
12.19933
9.944628
10.63336
10.0597
10.83544
11.21605
9.851591
10.625
10.30856
9.666217
8.609813
10.45102
9.272257
9.935531
11.47946
12.04828
11.4305
12.60228
11.83569
11.30824
13.23215
12.35471
11.60484
11.03358
10.55359
11.30541
9.854857
8.137116
9.653157
8.72606
8.899829
8.918835
10.16331
9.857221
12.24631
14.1131
11.71756
11.68266
12.87097
10.30775
10.13082
11.04494
11.91214
11.58821
9.098452
9.393612
9.347202
8.316757
7.444517
6.985471
8.345128
10.29829
9.295313
8.752679
8.264348
8.428744
9.338442
10.21742
10.17491
10.46699
10.79407
9.790127
11.67825
12.49501
14.5042
12.49294
12.77731
10.12226
8.800442
10.25403
10.13166
9.802458
10.25192
10.6698
12.32502
11.67785
11.92232
13.85902
14.77238
16.61005
19.1471
23.09353
22.0201
22.09954
20.63191
20.48397
18.33763
16.2012
18.11932
18.80275
18.0785
16.11238
16.94121
15.97077
16.57645
18.02514
15.45205
14.69076
14.95032
13.86483
13.24245
12.82863
12.1689
12.2265
10.00631
12.42233
12.03161
10.07952
10.0933
10.22887
10.91001
12.4441
12.77494
13.56223
12.45728
11.99611
12.4139
12.59031
12.77257
12.22506
13.79171
14.75574
17.76334
17.85976
16.83515
14.89444
13.49147
13.4405
14.65301
13.83907
14.67909
15.0005
15.77812
13.45775
15.92054
15.44167
18.27253
17.41423
14.39436
12.94668
11.82369
11.60884
12.1783
11.82633
13.0404
13.62575
13.12996
14.46614
13.93448
11.96568
12.93167
11.82195
12.85609
13.52426
15.25371
13.36827
12.84855
12.72335
12.13711
13.64878
11.69726
11.93171
11.60867
11.74124
9.934951
9.616141
8.799748
10.45961
11.00679
14.15354
13.63275
13.12963
13.10304
15.05365
13.62669
13.02955
14.92446
11.83276
10.98125
12.26648
11.60256
14.19672
13.14937
11.58232
11.623
11.87017
12.21272
13.05115
14.70141
13.08548
13.96807
12.68903
12.9732
12.06651
11.79223
14.49284
16.48579
15.76587
15.75241
15.52713
16.34045
16.18714
13.83078
13.62419
13.2984
13.4228
12.99002
14.89015
13.36279
10.93979
10.83078
10.21912
10.49607
8.594819
9.902786
12.93302
10.9137
12.23368
11.6653
13.61574
12.97954
11.54493
10.19197
10.95456
11.3908
12.70743
13.66792
13.21506
12.30018
11.92794
12.62701
12.51287
13.24617
14.48585
15.07808
16.49025
15.92163
15.1087
16.026
16.03401
13.17977
14.11696
17.08959
18.03143
19.03519
17.22016
13.56298
10.75978
8.635552
8.809057
7.014916
8.413246
8.501417
9.115064
7.262609
8.195064
9.4535
8.275844
9.33561
8.981419
8.256609
9.106036
10.11661
9.107057
8.87444
8.930152
8.901891
7.888312
8.316557
9.297047
9.536807
9.975447
11.61291
12.71109
14.04816
16.01335
14.57785
11.55663
13.99597
13.45754
14.71137
14.17968
14.87995
13.3719
15.18578
12.7605
13.35585
12.32301
14.83628
16.15153
15.11108
12.4012
12.34852
9.839555
9.85743
10.59677
13.02587
12.80029
13.99149
16.71306
18.9972
18.96954
17.1712
17.62305
17.69416
16.46687
17.09861
14.03995
14.1717
12.14801
10.87618
12.43243
12.5524
11.16542
9.516525
10.74335
11.45291
13.34909
13.5309
14.43906
14.58669
15.9978
13.73372
13.43898
15.03268
13.58596
14.57657
13.42203
15.74461
13.87519
16.91412
17.30214
17.2922
18.88088
18.08765
18.9319
20.49605
18.08236
15.56485
13.81111
14.19049
13.62288
12.18455
11.49072
10.68798
10.46576
11.67428
10.40767
9.45134
9.729479
9.806082
9.770241
10.37698
12.23216
12.44358
11.50301
11.04976
9.907543
10.65363
10.08396
10.94089
12.74172
14.05769
14.74748
12.52542
12.37883
10.31302
9.388728
10.27288
11.80451
10.83068
11.42567
10.56105
11.10517
9.252872
9.063817
9.164801
9.953912
11.90836
13.49224
12.608
12.90471
12.63129
12.51691
9.28994
9.157558
9.322472
9.806312
10.60581
9.289357
10.12377
10.8124
10.09327
11.66877
10.52357
10.21463
10.61663
8.589596
9.161265
8.67514
9.346071
9.749787
11.53906
9.908097
11.13749
10.18544
10.00458
10.01067
10.28221
12.55312
14.75784
12.55903
12.89803
13.24545
14.33847
15.04447
13.50073
11.05622
10.77551
9.178419
7.863695
9.060218
8.687707
9.359325
7.947436
7.21515
7.853014
8.507834
8.131639
8.041643
9.477384
10.55128
10.35524
11.32308
10.30662
11.00958
12.04824
12.69124
13.81277
13.21838
11.95817
12.71238
13.63496
15.31299
14.16148
15.10994
13.59493
14.63525
15.0645
13.76352
15.66637
18.16565
18.4534
19.51449
21.54445
26.81317
25.94633
25.15389
20.2831
17.20541
18.5578
18.55041
14.7425
14.33248
14.83219
14.14943
14.90318
13.47277
13.87725
13.24024
12.85005
10.22698
11.50133
9.429758
10.47616
9.195681
10.43131
7.662677
7.562833
7.289037
7.5654
8.114338
8.667083
8.788506
7.538447
7.116796
6.854287
7.454242
7.935544
8.266826
8.427947
7.929286
7.37508
6.841682
6.427541
7.181792
8.098802
8.944428
10.31168
9.760274
10.13779
11.62897
10.03501
8.673814
9.118132
10.36712
10.94073
11.19687
9.932469
11.25618
10.90058
12.39431
13.11971
13.08576
13.50345
13.62436
10.87126
9.425323
11.11959
12.18451
11.03631
11.05749
10.96695
11.73156
12.83543
12.54542
11.97586
12.52474
12.06342
12.41832
12.00083
12.18131
11.96812
12.35502
13.53385
12.68792
12.49029
14.77505
13.25856
13.99404
15.71683
16.74688
16.63772
16.61459
14.97285
18.15501
19.88677
17.67184
16.15612
13.86314
12.20861
14.17136
13.58088
16.40492
21.20869
21.9415
19.85504
15.2828
11.96843
13.05368
12.94397
11.84831
11.27157
11.68146
10.13236
10.70708
10.4782
9.410795
9.304572
9.866617
10.34965
10.175
9.134348
8.337239
8.765351
9.507956
10.60309
9.639638
10.55387
11.66055
8.435645
9.052082
10.02522
8.553653
7.41029
9.609209
8.677208
8.263866
9.978887
10.16628
8.413708
7.194397
6.464255
7.502403
7.953761
9.000413
9.094142
10.08093
8.907523
9.536704
9.101995
8.536101
7.683206
7.878849
8.264563
9.691606
9.54243
9.285733
8.521872
8.799616
10.08778
10.12134
10.28459
9.446373
12.49443
14.59436
17.53772
17.54734
18.41839
16.96557
15.43627
18.13695
19.96002
21.61172
23.67081
20.25956
19.92498
17.47288
12.25659
11.1983
13.02075
14.15633
14.26903
13.30729
14.13492
13.56857
13.17205
14.16159
12.90013
12.4427
12.56348
10.77298
12.6922
12.52489
11.7573
13.91236
11.89951
13.6915
13.73253
14.70416
13.39624
12.22381
10.68492
11.31937
11.47304
10.07995
12.71114
10.07484
11.77573
11.37477
10.761
11.41251
10.26122
9.047218
8.817861
7.565032
8.180552
9.194019
10.86262
9.225407
10.19147
9.843445
9.704885
9.839528
11.13496
10.71723
9.87979
9.441806
9.691925
9.943933
10.2058
8.431375
8.563165
10.33204
11.21032
11.18099
10.7348
10.0379
8.547509
9.970748
10.98008
10.81208
11.58627
13.26786
14.42324
14.85466
14.0601
13.44883
10.17799
10.06899
9.869048
8.581588
9.877292
9.095987
9.339942
8.27564
9.374806
11.46965
10.17574
11.50525
12.23481
12.01375
13.36519
13.3488
11.9049
10.76384
10.88711
11.42461
11.13495
13.99074
14.59709
19.04098
17.91428
15.64829
15.01045
15.79639
15.4019
15.93406
14.23098
14.77874
15.17246
13.5366
12.6773
15.89781
17.61438
15.44428
13.30371
13.64433
11.2798
10.88578
11.39478
8.560855
7.275562
8.301328
10.13091
11.08115
11.80769
13.79312
16.84286
15.90421
16.43407
15.38935
17.65001
13.36732
14.7696
13.36837
11.93646
12.77555
12.6718
12.01638
11.29631
8.52744
8.022107
7.834536
7.271457
8.438151
7.622172
9.330771
9.382051
8.846062
8.520456
9.294084
11.22601
11.26347
11.28486
11.91777
12.55469
9.705312
10.3845
10.46698
10.92965
10.44761
10.99867
12.11022
13.48456
14.02639
14.21949
14.64496
12.04042
11.43834
11.77581
9.688367
9.202447
7.682533
8.378301
9.398319
8.896606
8.185419
8.531523
8.302778
9.026496
9.042118
11.04359
8.971681
9.174701
11.28245
12.68174
12.46701
13.85392
15.81298
15.81052
16.90433
15.06492
14.2001
14.48182
11.2465
11.8205
11.58484
11.18906
11.30721
10.72832
9.683761
9.466794
10.60863
13.56855
14.12334
11.45428
12.14312
14.17981
14.50193
16.05968
17.4914
15.91568
17.66958
17.08523
15.51395
13.16098
12.02482
12.89273
13.84716
14.33016
13.16012
10.79986
10.66902
12.70582
12.46971
13.63519
15.39074
12.94072
12.52246
12.45881
10.62209
11.67623
11.9646
10.79288
8.879529
8.566567
8.902738
10.02432
10.49171
11.03022
10.05262
10.4289
10.47081
10.23462
8.994874
9.713331
9.383986
9.198155
9.112655
9.00697
12.00945
11.18874
12.69511
15.34144
16.98115
18.42318
16.23354
16.25446
15.49987
14.52635
14.28282
14.12917
15.85473
13.00349
13.48026
13.07838
11.27036
10.33814
12.54551
13.13075
14.61602
16.31044
14.33005
13.66119
16.1516
18.64117
22.49495
15.39129
19.54566
20.35015
20.77322
17.63135
18.23485
17.54508
17.04638
14.12054
12.74284
13.11976
14.45898
14.96401
13.49119
13.48773
12.06251
10.41446
11.15865
11.34818
10.74784
11.49291
12.88822
14.75904
13.50686
14.44611
13.99797
10.86165
11.59527
12.48384
12.38882
10.1507
9.563188
8.936293
9.339281
9.155166
9.231981
9.109829
7.966557
8.865651
8.926774
9.937949
9.640724
10.65362
10.29399
10.93037
11.45523
11.43507
10.62222
8.832997
6.471024
7.44247
8.380866
8.950517
11.68494
11.36025
12.50445
11.2457
10.40033
10.45973
11.81156
10.84197
11.92374
11.48585
9.639389
9.347575
10.6254
12.11366
12.36193
14.79762
19.67987
24.26108
22.71822
23.25247
24.64779
24.30885
22.92501
20.2057
22.24777
21.9116
24.09169
24.25108
22.79323
21.43579
21.45715
16.13835
16.97029
16.23984
16.24106
13.91531
14.87408
13.12353
14.2305
14.86477
16.26799
16.90292
16.33528
16.59107
17.28083
18.90698
18.07457
22.42187
21.78834
20.83792
16.03875
17.74235
18.06565
17.11977
15.03601
17.79596
19.44535
19.26978
17.55144
19.21081
16.27113
14.73992
15.14127
13.98308
15.17859
13.63084
13.22719
13.48656
12.09947
12.77108
10.71433
11.0111
10.91561
10.03075
9.930595
6.671188
7.844904
8.824506
7.825749
8.271126
7.55755
6.063536
5.464981
5.711818
6.504565
6.67399
7.446699
7.718904
7.307521
7.983026
9.185543
9.294696
8.029736
7.923364
9.525904
8.877879
8.523995
7.74128
8.16201
8.635826
10.05566
8.027423
7.945712
9.734414
9.857465
8.679282
9.411492
9.937339
10.14209
9.399459
8.406744
10.25472
11.98153
12.37698
12.64189
12.3401
12.03284
11.01293
13.03332
13.90368
13.688
14.54373
14.27874
13.40143
13.07056
13.5596
10.99334
11.2517
10.80116
10.47359
8.386878
10.86909
11.41341
9.939024
10.68537
10.69833
11.06996
10.61934
9.149564
10.8035
11.70755
12.30537
10.29682
9.556309
8.604003
10.06949
8.338068
8.307827
9.084537
9.073338
8.770225
8.895306
8.716044
10.33644
9.448155
11.02532
11.29842
10.36144
11.4672
11.15784
11.06011
8.508304
8.592993
8.089962
8.736714
8.532786
9.295488
8.22661
7.166257
7.161935
7.15209
8.119949
9.31648
8.999996
10.57208
11.60447
14.09368
13.37635
12.63065
14.25326
16.55417
15.78664
14.08466
14.54538
13.49714
14.55833
13.17421
18.06727
19.66243
19.88357
19.92091
20.80816
17.08012
13.34822
12.67934
12.4481
15.09365
17.80385
13.6804
12.17141
12.9842
10.5192
13.75746
15.78984
14.54601
14.68757
14.79219
16.57586
18.00473
20.596
20.09231
21.08238
20.37202
20.91292
21.44213
23.80418
21.8364
17.48122
17.87677
19.83411
18.92596
19.66358
20.97367
19.92831
18.43132
18.03954
19.01292
15.76071
13.89506
15.78694
17.32077
16.07684
14.65353
19.5153
16.61682
11.18154
12.36995
11.30648
11.67042
11.664
11.50793
12.14386
11.2497
10.70615
10.30971
10.85575
11.28951
9.907541
10.96903
8.292139
8.233913
8.708628
9.685527
11.40313
10.36189
9.432938
8.960848
9.267718
9.227139
8.607886
9.67131
8.251702
7.231849
6.72353
6.705937
7.368842
7.59718
8.18392
9.185874
10.93904
14.57181
14.08288
12.8614
12.72572
12.27077
13.47857
14.56247
14.6221
13.03021
12.67079
11.50253
10.58753
10.98872
9.957515
8.249704
7.86855
8.555639
8.424208
8.935701
7.917096
8.548327
8.447434
9.065496
9.458916
9.057203
8.461243
10.35357
9.717396
9.827706
9.544608
9.229158
8.793991
8.517258
9.024896
9.007455
8.745035
9.860587
10.58257
9.70883
9.406139
10.47943
9.845254
8.454551
10.27379
12.50557
13.25044
15.89412
18.40244
14.98957
14.81249
13.1128
15.14878
15.3659
16.16233
14.48731
14.95868
13.06044
12.89432
14.29034
15.60124
15.07165
16.08499
14.26522
15.98725
14.09944
13.64792
12.75788
12.98229
14.65657
12.67477
12.10555
11.76219
11.86701
11.00652
10.35509
11.98383
13.03215
12.43009
11.46062
11.65741
10.91576
9.334559
8.45221
10.63159
9.021737
10.6475
13.63162
12.78074
14.25865
15.59675
17.54393
17.87033
18.136
21.46462
24.10202
24.38129
23.59134
23.70501
24.53242
27.4615
21.08559
20.44572
20.5247
17.36181
16.98391
15.84144
14.52384
13.73189
16.971
16.43967
15.38925
15.78628
16.30313
15.10898
14.18669
13.75311
8.665985
8.765579
7.420412
7.053911
6.960608
7.055742
6.762768
6.288879
6.481439
7.056188
6.313864
6.149219
6.86312
7.022436
5.964759
7.1109
8.937913
8.514771
8.41786
8.905806
9.813253
11.77922
11.16573
9.727415
9.9792
10.68841
10.28229
11.43027
11.69075
12.69547
11.93697
11.34399
11.29233
10.8703
8.658236
8.806147
9.629171
9.945626
8.560668
8.236163
9.34189
10.78028
9.748788
8.35802
9.825745
8.978586
9.55632
10.91407
10.47479
11.70971
11.48151
10.31979
12.52054
12.97031
13.37741
10.02425
10.40731
11.01207
14.13507
13.95388
13.84926
15.54619
13.50519
12.8704
12.41009
10.64364
11.00016
10.03185
9.623426
10.95346
9.635222
10.49715
13.05138
12.04592
12.56567
10.85032
9.149651
11.19103
13.70375
16.41961
17.55002
18.26048
21.50312
19.43733
21.71829
20.46269
19.79915
21.73173
21.2531
19.22311
18.30971
16.32825
15.68492
13.93383
15.02603
12.62815
12.47475
13.63537
12.02058
11.59163
13.99929
12.20939
10.05556
10.01889
12.42204
12.50656
9.881183
10.32613
9.744252
9.345329
9.837256
9.651721
9.423727
9.386573
10.03245
10.8957
10.62809
12.10979
12.10444
10.53237
9.031257
9.38499
8.88607
8.728708
7.982563
9.50779
11.36603
9.763958
9.125925
10.40442
10.4227
9.62228
10.29129
9.96928
8.253463
9.518613
10.72862
11.81099
11.22119
10.55421
10.89609
10.74458
11.94868
10.50277
8.9234
10.53984
13.50213
12.12703
11.8403
10.51211
9.545623
8.630101
10.17129
11.26109
11.57152
12.64685
11.28095
12.90025
13.43397
12.93524
12.49853
10.34638
10.57985
10.5162
11.79793
11.018
10.18521
8.948301
9.305849
12.00537
12.59415
14.16298
12.45489
13.11461
12.45321
13.83294
13.30234
12.02722
11.91704
12.387
13.72882
14.25024
16.77241
15.30868
15.95331
15.5425
15.3317
13.66574
13.99826
12.922
13.98801
12.41413
14.73323
16.49326
15.93186
15.60799
15.47548
14.11054
12.83775
9.990997
9.043613
9.042296
11.68135
12.23113
13.06256
10.56641
9.842418
11.08047
12.03218
9.885586
9.560625
8.8042
7.774509
7.345405
6.673708
8.134422
9.643647
8.277307
8.525483
8.194317
9.525592
8.884783
9.563282
9.486638
11.02498
11.67221
14.80303
15.95402
15.01747
13.19706
12.24161
11.50596
12.26242
12.80556
12.72839
14.25465
12.99772
