0.2810975
0.2500962
0.2189206
0.2099618
0.1945952
0.2004555
0.1905087
0.1821987
0.1928876
0.1871484
0.1903813
0.1885234
0.1638221
0.1445532
0.1440244
0.1370106
0.1352525
0.1250894
0.1257569
0.1470341
0.1422386
0.1502514
0.1562721
0.145008
0.1445525
0.1584893
0.1547817
0.1600872
0.1582674
0.1617026
0.158765
0.1413661
0.1422189
0.1373332
0.1325497
0.1488601
0.1490237
0.1432061
0.1454051
0.1449056
0.1483327
0.1493945
0.1415928
0.1431586
0.1465327
0.1333426
0.133688
0.1414229
0.1570773
0.1710025
0.1770991
0.1833541
0.1885535
0.2107282
0.1924789
0.1976377
0.2081216
0.1966134
0.2195341
0.2289686
0.2117564
0.1967892
0.1854694
0.1926547
0.1994715
0.2033202
0.2095444
0.1964834
0.2070815
0.2274949
0.2078569
0.2128763
0.1994927
0.209458
0.2014201
0.2354734
0.2371217
0.1990792
0.1849685
0.2151887
0.1906575
0.1938589
0.2086996
0.1923445
0.2062295
0.2127603
0.2412044
0.2399523
0.2369116
0.2432343
0.2430955
0.2162761
0.2088926
0.183743
0.2308467
0.2332595
0.2386898
0.210292
0.2102172
0.1791434
0.1756831
0.1916421
0.2113692
0.2121521
0.2051565
0.2056374
0.1802849
0.1784391
0.1928974
0.2166258
0.1974504
0.1920827
0.1981829
0.1903156
0.2232582
0.2247257
0.2128541
0.2475357
0.2389208
0.2401476
0.2084639
0.1866932
0.1764735
0.161334
0.154921
0.1927697
0.2006498
0.1840549
0.1788425
0.2129981
0.2115045
0.2277406
0.2046016
0.2084731
0.1939352
0.2383709
0.2454613
0.2183792
0.2232203
0.1999967
0.1846422
0.1696509
0.1852793
0.1936989
0.1839746
0.1884507
0.1970935
0.1955026
0.1918745
0.2191176
0.2123653
0.2254666
0.192372
0.2223712
0.2052557
0.2042691
0.1970919
0.1854036
0.1833082
0.2000807
0.1896959
0.1921987
0.172503
0.1744937
0.1822895
0.1697364
0.1569865
0.1477389
0.1450961
0.1707723
0.1856937
0.170097
0.1752883
0.1834488
0.2201567
0.2322503
0.2669816
0.2599755
0.2741055
0.2682289
0.2575805
0.2410217
0.2850581
0.2867278
0.2373888
0.2451064
0.2336731
0.2509823
0.2500172
0.2365134
0.2604126
0.2591947
0.2629386
0.254564
0.2497283
0.2539983
0.2467838
0.2535931
0.279352
0.2442243
0.233466
0.2207345
0.2094124
0.224467
0.2138327
0.2014201
0.1824414
0.1730715
0.1782285
0.2030511
0.205218
0.2584423
0.2325202
0.2222891
0.2112323
0.1881393
0.1760401
0.2051947
0.1930554
0.1824678
0.1688203
0.1651581
0.1663436
0.1954989
0.2269597
0.1939434
0.1812631
0.201293
0.2026655
0.1997848
0.201714
0.2041704
0.2267766
0.1970575
0.1979811
0.1897612
0.1877687
0.168355
0.163793
0.1788965
0.1668349
0.1706765
0.1866206
0.1954115
0.1916512
0.1880989
0.1980663
0.2305791
0.2320636
0.2097255
0.2188818
0.1890443
0.2064082
0.200329
0.1714147
0.174444
0.1807655
0.2050692
0.2030964
0.2577126
0.2428974
0.2183783
0.2053667
0.2112725
0.2069977
0.2231144
0.2187656
0.2266119
0.2217174
0.2305372
0.2037157
0.2016362
0.2049215
0.2011676
0.2195509
0.2358207
0.2457465
0.2673928
0.2568575
0.2102758
0.2077276
0.2442488
0.2381014
0.2713879
0.2563273
0.2222692
0.2036436
0.1917262
0.2312843
0.2341941
0.19078
0.1955765
0.1897908
0.2077679
0.2050144
0.2170357
0.207375
0.2119537
0.1902473
0.1951626
0.189295
0.1939168
0.2248182
0.216526
0.2401829
0.2191241
0.2092011
0.1960165
0.169977
0.1614301
0.1760226
0.1588731
0.1610961
0.1516246
0.1571619
0.1431995
0.1493009
0.1414479
0.1487959
0.149662
0.1516812
0.1431443
0.1617948
0.175589
0.1768744
0.1658051
0.180034
0.1881335
0.1972327
0.1863683
0.1543874
0.1435257
0.1275114
0.142058
0.1776254
0.1909252
0.1904945
0.1715961
0.1979356
0.2039973
0.1979228
0.2073161
0.1993103
0.1904913
0.1793969
0.1546208
0.1770428
0.1639454
0.1803284
0.1895219
0.1623171
0.1629301
0.1755758
0.1611375
0.1696077
0.1832126
0.1734141
0.1660675
0.1828363
0.1852881
0.1895595
0.1872412
0.1653793
0.1727925
0.1808932
0.2087381
0.2236032
0.2058951
0.196036
0.1922314
0.1904174
0.1955098
0.20398
0.2241201
0.18866
0.1880404
0.209524
0.2470573
0.2322273
0.2175741
0.2058799
0.203374
0.1950621
0.184999
0.2092563
0.2199522
0.2125039
0.2391314
0.2249912
0.2013802
0.2187326
0.2112722
0.2186693
0.2402692
0.2589171
0.2528968
0.2487829
0.2689518
0.2537712
0.2878782
0.3040384
0.2708868
0.3173099
0.3077433
0.2589506
0.2807878
0.280599
0.2457875
0.2536345
0.2269449
0.2274512
0.2676624
0.2846235
0.2696411
0.2832056
0.2586587
0.2163226
0.2455837
0.2200962
0.2229067
0.2140053
0.2247751
0.241708
0.252122
0.2947276
0.3044509
0.2702179
0.2616132
0.2845352
0.2347298
0.2382368
0.2086061
0.2021491
0.2026607
0.2042867
0.195902
0.2089614
0.2067241
0.2429177
0.2444888
0.2345781
0.2334139
0.2204618
0.2157356
0.2399505
0.2375164
0.2277924
0.2136668
0.2435897
0.2482059
0.2467721
0.2408082
0.2560728
0.2565012
0.2447928
0.2629105
0.2492817
0.2578375
0.2831549
0.2972346
0.2742932
0.2627071
0.2530331
0.2542379
0.2715697
0.2733407
0.274526
0.3102011
0.3111817
0.3027764
0.2567855
0.288233
0.2789987
0.2677385
0.2440544
0.2520396
0.2287856
0.2500486
0.2543975
0.2467922
0.2463399
0.2645662
0.2601973
0.2736414
0.2775123
0.2910048
0.2874025
0.2871629
0.2600816
0.2448645
0.2211214
0.2350014
0.2406546
0.1946669
0.2002976
0.2081096
0.2119436
0.2170405
0.2017438
0.1873959
0.1923928
0.1820164
0.1789096
0.1847247
0.1840543
0.1708978
0.1961704
0.2004157
0.2058527
0.2030553
0.2031646
0.210314
0.19495
0.2019563
0.2139556
0.2235708
0.2208353
0.2254971
0.2347519
0.2409154
0.2257589
0.2161518
0.2008352
0.1886815
0.1974731
0.208848
0.17454
0.1758453
0.1775088
0.1468519
0.1525495
0.1664193
0.1626092
0.1634004
0.1496909
0.1365052
0.1520944
0.1584333
0.1498833
0.1578474
0.1625623
0.1756121
0.1494914
0.1435713
0.1536654
0.1272701
0.140823
0.1439072
0.1704819
0.1845912
0.1752857
0.2107985
0.2371941
0.2709045
0.2602498
0.2569599
0.2473504
0.2485429
0.241627
0.237267
0.2492731
0.2280408
0.2121467
0.2310281
0.1952913
0.2091946
0.2298816
0.2364313
0.2676444
0.2248742
0.2193065
0.2140433
0.2607214
0.2394384
0.2180173
0.2332082
0.2410738
0.2137646
0.2164737
0.1968206
0.2402171
0.2809378
0.2418161
0.2606437
0.2658302
0.2590202
0.2313376
0.2604748
0.2459903
0.2419092
0.2220965
0.2128923
0.2024748
0.1905742
0.2007902
0.2058277
0.2094948
0.2046613
0.2120104
0.1983426
0.1847292
0.1842967
0.1690557
0.1741084
0.1679325
0.1771742
0.1828582
0.2035019
0.2009329
0.2126602
0.1916978
0.1860017
0.207181
0.1972142
0.2041417
0.1744233
0.1533189
0.1314714
0.1460266
0.1401176
0.1299359
0.1303883
0.122164
0.1230126
0.1330561
0.1321729
0.1336508
0.1459597
0.1635891
0.1665513
0.1642262
0.1953226
0.194414
0.1885285
0.1748609
0.1377709
0.1333657
0.1471907
0.1549535
0.1603108
0.1586647
0.1581755
0.1802485
0.2087174
0.1776972
0.172796
0.1579432
0.1526476
0.1671314
0.1758008
0.1827488
0.1837184
0.1937567
0.202362
0.2170059
0.211022
0.2134502
0.2222128
0.2227309
0.237907
0.235815
0.2564178
0.2564825
0.2659359
0.2747371
0.2740515
0.2675795
0.2670155
0.2401707
0.218329
0.2287231
0.211497
0.2158137
0.2262943
0.2247691
0.2548498
0.2315699
0.2328314
0.2452355
0.216489
0.2318325
0.2329801
0.2687917
0.2461376
0.2358474
0.2353426
0.2348303
0.2403297
0.2263914
0.1834849
0.1909758
0.1864074
0.181702
0.212562
0.2117877
0.185389
0.1795324
0.1641785
0.1511327
0.157373
0.1553434
0.1694997
0.1590875
0.1740464
0.1870178
0.1972058
0.1935165
0.1979465
0.2264647
0.2168537
0.1987366
0.1844042
0.2333377
0.2173277
0.2394368
0.2508058
0.2470614
0.2362824
0.2181534
0.2285923
0.2019882
0.1729121
0.1724623
0.1832797
0.1893019
0.1719167
0.1789661
0.1637743
0.1763385
0.1804962
0.1688798
0.1834865
0.1781958
0.1667333
0.1966967
0.2166875
0.2194462
0.2256008
0.2091003
0.2305173
0.2100963
0.227789
0.2261869
0.2056893
0.219843
0.2449697
0.2372953
0.2444944
0.2846505
0.3004328
0.2965716
0.2850712
0.2862947
0.303483
0.307713
0.2705439
0.2634847
0.2979554
0.2741792
0.2983686
0.3026149
0.3280902
0.294798
0.301529
0.3307026
0.341438
0.3582524
0.3037087
0.3032977
0.3066197
0.311077
0.3128771
0.3154718
0.3188894
0.2833693
0.2940517
0.3043705
0.2953083
0.282751
0.2310869
0.2327455
0.2340032
0.236557
0.2240951
0.2226194
0.2478754
0.2501695
0.2531829
0.2334226
0.2236176
0.2037449
0.1773968
0.1531943
0.1750782
0.1711236
0.1536975
0.1617114
0.1515798
0.1495289
0.1628081
0.1580519
0.15624
0.1574679
0.1659804
0.1677172
0.2013479
0.1953815
0.1820065
0.1970547
0.1911816
0.1922942
0.2048561
0.179692
0.1889828
0.1866124
0.1864473
0.1894094
0.1985768
0.1907663
0.1900913
0.1933611
0.1922899
0.1746353
0.1802311
0.1853633
0.1668783
0.1804701
0.187949
0.1889626
0.1813685
0.174661
0.189421
0.1995967
0.1828692
0.1757176
0.1790821
0.2090058
0.2219176
0.1940664
0.1715586
0.1967119
0.200482
0.1937792
0.2171544
0.2051438
0.2190302
0.2384709
0.2188845
0.204433
0.2071878
0.2055478
0.2285692
0.2253663
0.2354358
0.2475829
0.2600684
0.25952
0.2527795
0.2100959
0.1808069
0.1920112
0.1766203
0.1457952
0.1426272
0.1534726
0.1502563
0.1455478
0.1348657
0.1485041
0.1506823
0.1435104
0.1356528
0.1348461
0.1350291
0.1524869
0.1394645
0.1579104
0.1795012
0.1933854
0.1896246
0.1928065
0.1869876
0.1809693
0.1914285
0.2087368
0.2080468
0.2189586
0.1839456
0.1798105
0.1834425
0.1909087
0.1910023
0.2023659
0.1801661
0.1801406
0.1592026
0.1696242
0.184078
0.1860723
0.2019004
0.2105464
0.1810978
0.1876428
0.2249066
0.2235669
0.222308
0.2039216
0.2138939
0.2201651
0.2233258
0.210081
0.2175751
0.2042569
0.19732
0.2100508
0.2022171
0.2310312
0.2353985
0.2297958
0.2233998
0.2050844
0.2020144
0.2057831
0.1931174
0.1839746
0.1709965
0.1772776
0.1769832
0.1738865
0.1793007
0.1652307
0.1671739
0.1781108
0.1996343
0.1768939
0.1750516
0.1679608
0.2071552
0.2081785
0.2009011
0.2046994
0.1851505
0.1974983
0.1995615
0.1892733
0.2301889
0.2403575
0.2813272
0.2723264
0.2895337
0.2707217
0.2700912
0.2430204
0.2361612
0.235092
0.2535446
0.2606792
0.2815296
0.2680368
0.2670464
0.2754887
0.2666895
0.2388748
0.269863
0.2775717
0.255462
0.2376988
0.2235577
0.2260358
0.2300662
0.2324326
0.2226964
0.2360016
0.2446269
0.2155929
0.2019279
0.1962944
0.1943053
0.1862757
0.174103
0.2049973
0.2008781
0.2020378
0.2164742
0.2084292
0.2005938
0.1994888
0.2008848
0.2021876
0.1967511
0.2018468
0.1862116
0.1957134
0.1994254
0.1927514
0.2027937
0.1812629
0.1834177
0.1948323
0.1813884
0.1615007
0.1595877
0.1518601
0.1576569
0.166902
0.1592739
0.1574731
0.1496353
0.144377
0.148508
0.1615023
0.1653148
0.1889214
0.1743271
0.2011046
0.1872892
0.1809576
0.1954742
0.1806677
0.1959606
0.2141157
0.2257878
0.2251128
0.228755
0.2204435
0.1952382
0.1888317
0.2046843
0.197233
0.2057695
0.1976113
0.1705053
0.178106
0.1806098
0.1711741
0.1706752
0.1790688
0.186775
0.2117102
0.2267554
0.2512154
0.2379332
0.2140465
0.2450905
0.2299429
0.220459
0.2447504
0.2616739
0.2637217
0.2702236
0.2787126
0.2828204
0.2794737
0.3137955
0.2876869
0.2774969
0.2927432
0.2691957
0.2532445
0.2529596
0.2886429
0.2442006
0.2551495
0.2759519
0.266756
0.258283
0.2751613
0.2697823
0.2626091
0.261143
0.2507059
0.24629
0.2515405
0.282958
0.2717153
0.2578429
0.2967187
0.269672
0.2803387
0.3124594
0.3246174
0.3866429
0.3363943
0.3441584
0.3666942
0.3988546
0.3345707
0.2954445
0.2490868
0.2576926
0.2263663
0.248388
0.2243208
0.2149581
0.2264091
0.2227105
0.2532694
0.2557001
0.2640599
0.2592176
0.255749
0.2976585
0.2646101
0.2337556
0.2289829
0.2220055
0.1950369
0.2056288
0.1850234
0.1888117
0.2100592
0.189218
0.1966268
0.1890265
0.1741518
0.1820645
0.1653088
0.181205
0.1836039
0.1917845
0.1776147
0.1712079
0.1673317
0.1637678
0.1536317
0.1632525
0.1610718
0.162195
0.1629361
0.1681603
0.1718415
0.1737379
0.1581712
0.1531305
0.1737461
0.1738838
0.1840323
0.1922673
0.1968611
0.1747815
0.1753633
0.1857268
0.1874731
0.1759661
0.1851762
0.1887838
0.1934112
0.1614594
0.1727742
0.1810337
0.1656468
0.1635927
0.15114
0.1500971
0.1423516
0.141691
0.1348152
0.1302011
0.1504539
0.1440713
0.1573511
0.1743714
0.1652181
0.1599326
0.1774998
0.1794225
0.180746
0.1808567
0.1813889
0.18189
0.1720782
0.1679349
0.153044
0.1503437
0.1387136
0.1577475
0.1542924
0.1441583
0.1529396
0.1573799
0.1442126
0.1439565
0.1493654
0.1488672
0.1452361
0.1400885
0.1502752
0.1542712
0.1600975
0.1444782
0.1456995
0.1662891
0.1401432
0.1464076
0.151919
0.1471049
0.1552716
0.1662469
0.1707912
0.1849719
0.1898582
0.1486963
0.1594665
0.1320462
0.127207
0.1287784
0.127032
0.1251448
0.1265974
0.1160224
0.122249
0.1414204
0.1674938
0.1792401
0.1786779
0.207877
0.2218019
0.2307786
0.2237229
0.2142975
0.2043577
0.2028218
0.1880442
0.199636
0.1974807
0.2114292
0.1999049
0.2301658
0.2078161
0.1986313
0.2147159
0.224233
0.2431721
0.2474014
0.2579643
0.2635555
0.2659288
0.204488
0.2080461
0.2178924
0.1922842
0.223751
0.2445925
0.2493761
0.2398322
0.2325215
0.2121005
0.2088992
0.1842608
0.199758
0.1904357
0.1947212
0.1779384
0.179822
0.1779604
0.1826435
0.2003993
0.2121732
0.228531
0.2046779
0.1572339
0.1655363
0.1605298
0.1530954
0.1388281
0.1716615
0.1618875
0.1377957
0.1395922
0.1552958
0.1508515
0.1584483
0.1590406
0.1581331
0.1658186
0.1754367
0.1502401
0.1469061
0.1486189
0.1537613
0.1615489
0.1461666
0.1395663
0.1431549
0.1625638
0.15139
0.1745374
0.1761379
0.1645853
0.1701115
0.1886741
0.2048911
0.1884354
0.2039086
0.194389
0.2273911
0.2618213
0.2593705
0.2743787
0.2523431
0.2290382
0.1999084
0.1771779
0.1789282
0.1686977
0.1870942
0.1897905
0.1791602
0.1756901
0.1888192
0.2083211
0.2522841
0.25197
0.2635657
0.2601932
0.2648219
0.2848341
0.238291
0.225116
0.2020202
0.200863
0.2209791
0.2080992
0.18985
0.2085246
0.2142574
0.2294504
0.1966244
0.220783
0.2067073
0.2013633
0.2050037
0.2099889
0.2327473
0.2540384
0.2498112
0.2025526
0.1930396
0.1985869
0.1957379
0.2054287
0.192224
0.1859185
0.1884274
0.2003273
0.185295
0.1947821
0.1783384
0.1727746
0.1756633
0.1741644
0.1749762
0.1816527
0.1975607
0.1897176
0.2011152
0.2245864
0.2354843
0.2273232
0.2055755
0.2071311
0.2224549
0.2257494
0.2096968
0.20692
0.2341791
0.2551824
0.2342778
0.2514243
0.2358417
0.2038565
0.1998112
0.180459
0.1752011
0.1703949
0.1548954
0.177203
0.1754238
0.1647095
0.1751469
0.1887759
0.1975988
0.1882087
0.1925168
0.1992542
0.1914598
0.1838087
0.1897254
0.1950607
0.184304
0.1570292
0.1771838
0.1670926
0.1901892
0.2013954
0.1874595
0.1676334
0.1998638
0.1913169
0.2092238
0.2147326
0.1941601
0.1744246
0.1807823
0.1777614
0.165056
0.1506843
0.1660151
0.1728248
0.1831686
0.1754832
0.1589816
0.1763606
0.1797024
0.1901411
0.2089426
0.2079335
0.1821413
0.196401
0.1940203
0.1902295
0.2134647
0.2077175
0.2102314
0.1983944
0.2040392
0.2306499
0.2118483
0.2155522
0.2033816
0.2729419
0.2691743
0.2846383
0.2638667
0.2919147
0.2655142
0.2601099
0.2163076
0.2182482
0.1948932
0.2005339
0.2153524
0.2314268
0.2536125
0.2596069
0.3004777
0.2913495
0.2595344
0.2407732
0.2238682
0.2166187
0.1914514
0.1819433
0.1982642
0.2076842
0.2115911
0.2160814
0.2013716
0.1858327
0.1673061
0.1747132
0.1691805
0.1584577
0.165289
0.1754588
0.1725146
0.1712118
0.1669421
0.1593021
0.1564699
0.1775317
0.1795015
0.1642954
0.1641667
0.177293
0.1697888
0.1667708
0.1823007
0.1831618
0.1764753
0.1694754
0.1740699
0.1653306
0.1644939
0.1646989
0.1452501
0.1419918
0.1509557
0.152529
0.1605737
0.1543751
0.1566726
0.1574851
0.1679773
0.1704271
0.1480726
0.1635897
0.1666991
0.1650282
0.1499875
0.1655009
0.176966
0.1725021
0.1803458
0.1934425
0.1840753
0.1727997
0.1751562
0.1890938
0.1828219
0.1758533
0.1868868
0.2059963
0.2196837
0.2298405
0.2018178
0.2097264
0.201891
0.2065519
0.2195084
0.2026767
0.2217185
0.21619
0.234224
0.2024056
0.2129984
0.2302704
0.2334626
0.2657865
0.2462338
0.2506983
0.2483956
0.2389136
0.2716036
0.2832873
0.287724
0.2847358
0.2482257
0.2323624
0.2261036
0.2134433
0.2316709
0.2324332
0.2512599
0.2526864
0.2314824
0.2443384
0.2430543
0.2716125
0.2458552
0.2661101
0.2447611
0.2571965
0.2469904
0.2351598
0.2394149
0.2484679
0.2508486
0.2376869
0.1948826
0.1766059
0.170733
0.1921794
0.2007727
0.2243763
0.2178094
0.1930675
0.2048654
0.2095696
0.216244
0.2119248
0.2334702
0.2561531
0.3077765
0.3087434
0.3083682
0.2967065
0.2803399
0.287808
0.269306
0.2621253
0.2893154
0.2843132
0.2735687
0.2239899
0.2268793
0.1837208
0.1906834
0.1744269
0.187933
0.1881862
0.2111479
0.1949853
0.1902651
0.1689593
0.18055
0.1814675
0.203888
0.2327263
0.2266255
0.2293392
0.2185575
0.2423809
0.2378927
0.2661884
0.2437228
0.2474999
0.2560894
0.2578706
0.2513432
0.2555734
0.2222015
0.2288262
0.2432133
0.2407784
0.2421998
0.2125264
0.2153615
0.2055408
0.1939486
0.169019
0.1827165
0.1666152
0.1540004
0.1662525
0.1796754
0.1993714
0.1971567
0.1914949
0.1678414
0.1658876
0.1544951
0.1719455
0.1554755
0.1574275
0.1522955
0.1470785
0.1594568
0.1290721
0.1368996
0.1326921
0.1438194
0.1376032
0.1247959
0.1166291
0.1103244
0.12083
0.1431083
0.1434839
0.1430393
0.1548034
0.1565212
0.1486073
0.1513446
0.1423513
0.1514397
0.1517869
0.1440352
0.1407408
0.1827199
0.1742583
0.2045579
0.2329994
0.2009223
0.1912938
0.1701147
