773.6144
754.1362
815.8684
865.4809
736.8476
780.4138
781.0078
877.0503
773.0953
724.7461
753.556
708.1897
773.9306
752.4912
754.1654
778.2489
767.2948
708.5118
755.4319
818.9469
790.1687
832.3575
933.2201
901.7869
769.5553
735.4018
834.0054
766.9195
853.6373
720.7981
728.4918
776.0706
758.1852
720.9023
847.8574
883.2611
929.7908
880.7359
818.7897
860.2035
837.6714
723.4717
806.2101
809.7848
705.9179
817.6816
760.4382
808.2065
782.901
806.9173
744.3194
783.2125
797.9358
792.2722
800.8423
725.4467
776.8831
799.8648
775.523
816.5048
790.0899
705.3765
714.3962
862.0184
818.0804
686.5272
837.0883
974.7404
714.2612
769.2925
759.0056
787.6287
666.4118
725.8203
771.6488
823.4372
787.1617
763.6741
815.7207
862.2336
853.437
777.1308
868.8686
750.6955
819.2449
804.0254
810.54
868.2631
736.246
772.9339
824.6674
800.9738
718.3724
805.245
804.3684
723.1963
720.9012
764.879
678.4559
866.3723
886.0058
830.0006
762.0988
746.8284
718.557
881.8877
793.4299
802.955
823.258
812.4175
851.6836
732.2223
763.2371
799.8702
744.9369
670.6911
720.6172
696.9275
828.5115
811.4194
650.4659
823.8697
779.2923
717.9674
812.7637
784.8351
801.5372
796.9064
698.3611
831.1806
791.8131
797.6177
705.937
889.8806
768.859
850.3281
690.5532
752.1124
857.5873
860.6467
802.9495
751.7921
935.1331
782.8336
739.0089
763.4364
713.7788
820.1479
785.083
814.0632
767.84
718.6567
817.1029
783.3525
821.8398
759.9106
773.4664
692.4307
768.063
757.5967
781.8575
765.0487
717.2052
841.4412
697.4276
728.2132
771.208
893.3985
781.3135
764.9838
795.6594
806.5917
779.8676
790.0311
800.8677
728.7664
790.1179
849.3551
880.3124
781.4164
834.075
718.2503
751.1113
829.0939
732.9025
758.0897
752.6544
815.6958
818.015
698.5788
687.1352
806.1487
767.2401
661.9219
752.2077
801.3971
755.0382
731.5216
816.1329
860.988
762.6862
806.833
757.3476
825.1707
736.6226
768.9091
732.8331
722.5614
743.2614
776.02
754.7069
811.0608
851.7767
871.8805
827.9036
799.2764
779.5767
737.1161
838.9005
751.2651
779.769
802.3612
846.3925
859.8381
848.1843
822.6293
788.9554
962.4255
778.433
742.4225
814.323
844.5816
773.4036
705.8655
717.0135
809.4
730.4248
755.4876
879.2969
769.3576
799.8258
796.3036
842.9931
785.4005
740.6066
767.9872
854.0674
894.4358
795.0362
758.3823
769.6976
714.2158
893.2588
820.178
855.0194
802.8442
742.8249
759.7869
829.0466
727.0016
727.6
739.2141
840.077
768.8128
734.763
830.5761
762.7957
790.9679
744.539
735.308
833.1367
781.9935
765.703
784.2835
757.5776
708.3074
750.157
725.2673
800.9236
771.0718
728.8492
805.4152
658.3344
765.452
733.5766
821.5743
840.6573
717.8268
728.9655
781.5578
745.31
756.0205
809.6305
763.9552
840.2453
806.1924
737.1227
768.6944
740.0258
731.0089
778.4081
780.1486
796.3024
828.1537
713.4754
734.1522
884.5425
794.4176
733.4522
778.3741
772.2054
776.6345
865.4708
753.4459
717.4073
827.8462
825.6336
795.6039
834.316
869.4422
799.9879
757.3777
790.0032
825.7392
825.5114
812.3612
873.4136
759.742
808.4735
922.0265
850.0819
700.1475
766.7913
778.8692
801.4161
826.2128
882.3342
760.0575
844.7461
884.8666
821.5265
731.7534
811.9851
745.6356
815.9357
748.3283
740.8497
862.0086
770.3757
850.9613
754.3072
742.3829
721.947
834.4392
776.4141
781.1209
897.2288
709.5824
796.0757
794.8937
762.6417
870.3567
903.8521
805.9933
669.9673
812.5027
811.5678
762.5783
879.763
769.6638
728.8221
905.1227
891.2377
701.4676
812.9207
808.4793
715.493
878.0459
779.7614
796.8058
897.2605
739.8925
824.6453
748.262
744.9018
754.5676
796.9529
662.9262
783.232
800.6329
799.7683
809.155
792.8547
777.0404
765.1221
747.1615
839.3171
815.275
730.5469
839.511
877.7573
833.6842
818.7466
761.5888
767.3968
799.366
842.8606
821.1313
816.4345
782.6664
775.195
797.1592
753.995
761.704
856.7825
769.2593
826.8091
732.3524
790.686
686.6369
776.9183
790.8673
748.1396
721.4539
774.3617
742.3039
764.782
766.9377
854.2301
806.8653
804.4721
726.4375
772.7719
877.9969
762.9725
794.4551
704.8151
694.7713
750.4434
766.2034
835.6811
889.063
754.2494
775.166
808.99
769.8773
723.7838
824.2391
909.1059
827.672
749.1567
669.4303
808.7238
803.7007
753.6081
836.0888
805.0101
827.6702
847.0653
806.6899
821.0368
788.6922
830.7167
770.3583
807.1519
802.6959
867.2272
779.8566
803.9788
696.6684
813.8612
817.0626
780.4037
857.3103
841.2449
893.2812
802.4291
702.3579
836.0067
818.0536
716.8622
769.2968
734.9132
810.1378
862.6301
858.9962
750.6919
764.9665
763.6132
763.35
743.9901
805.9315
875.5914
750.2482
703.4337
794.8034
842.1177
747.7856
738.2757
851.7467
806.7678
860.3393
887.9064
731.6445
786.4659
807.0117
767.3146
829.2573
847.4024
757.1992
843.4872
741.8959
692.2417
702.9194
862.139
780.315
867.2063
843.848
799.9973
822.0123
814.9912
862.1795
856.4687
784.0675
792.7453
850.4086
753.1753
793.5293
794.7677
768.4676
913.1599
802.5082
921.6974
894.0689
875.7828
796.5959
730.2978
788.7353
727.7741
865.4598
838.8949
706.6539
868.9445
732.7519
824.8641
774.1875
740.8636
724.6203
735.2118
902.6999
702.7097
793.7932
876.9596
795.6745
816.8197
829.338
816.7633
747.9683
826.519
739.7655
812.1065
795.5552
724.013
792.569
717.4688
752.7562
782.4528
808.099
731.8332
858.5901
835.0922
660.7125
708.4393
803.2719
828.4284
831.9742
871.2348
740.0534
834.9216
749.6105
733.097
831.7316
770.422
790.8222
794.8705
880.7297
798.5462
746.9433
766.5236
841.2734
786.2531
876.6914
777.3739
760.892
769.6464
798.6818
754.4332
742.8886
838.0208
697.1762
887.4308
818.5153
768.2864
805.2244
739.8563
805.9634
817.4419
859.0129
799.7972
735.0518
784.1858
720.1947
693.1321
847.6507
825.8479
694.1498
864.6236
786.6283
748.0774
804.3208
788.8431
789.082
946.1733
821.7605
832.2385
780.5713
769.5715
769.4467
802.0136
817.381
752.2487
767.1499
774.3682
879.3983
784.1046
759.7989
763.8762
786.4897
726.2161
770.7182
798.4933
769.2142
749.4743
747.4598
825.584
757.2333
789.0209
817.6681
802.7211
767.4199
855.401
762.5441
785.0009
769.9205
821.0764
778.4435
737.1285
776.1648
897.5891
855.5439
832.304
690.5003
774.3692
814.615
730.0319
773.889
812.9015
781.3894
800.3449
798.933
710.1228
807.909
716.4928
806.8489
862.4548
693.1052
720.1701
826.2489
845.8915
750.5363
706.9634
789.1961
798.3383
766.4579
819.9877
720.5458
761.7708
840.1833
771.629
777.4684
833.617
769.2777
723.8645
760.7343
718.8374
762.2708
706.3208
743.2976
761.2048
848.247
791.7163
783.6072
823.3638
799.469
761.1835
751.279
820.1022
714.721
840.7771
828.052
712.5433
834.6594
808.7638
683.2401
836.7947
729.7104
783.5076
752.1033
790.8425
767.9995
856.4785
895.5285
832.7152
821.7872
806.6511
789.8149
749.555
722.1019
763.6922
796.3797
830.0659
824.8687
782.223
870.3851
694.0956
781.0545
804.2318
886.7016
796.1522
766.3723
806.868
774.7237
707.8967
777.132
836.2646
932.101
753.3811
835.5436
691.2484
762.9752
757.9709
688.614
823.1731
746.615
854.7616
733.3997
818.8287
718.0418
784.767
728.5196
831.8256
724.3835
874.9447
762.2954
755.6408
825.9678
834.4061
771.1521
812.3856
786.0146
749.3241
693.7809
874.5925
829.5567
804.9916
780.4985
719.4583
775.5401
769.8336
801.3949
807.9569
735.9088
716.4176
826.2722
867.9559
841.6143
798.6643
693.8033
756.9296
745.0789
780.3992
849.5674
702.529
865.0755
884.3276
801.173
687.0704
732.7076
691.7978
724.1569
903.9733
816.3426
734.5854
796.1263
730.6627
820.7084
808.9843
779.4698
765.5334
853.1339
831.2132
822.6813
869.9933
808.9239
803.6663
899.9315
744.0972
699.3133
746.8243
708.8928
782.6781
790.5579
778.9163
801.3518
790.8889
740.0458
739.7252
766.5796
834.2069
857.9576
764.842
707.617
830.6731
801.4122
732.6736
743.1383
789.6454
763.5667
904.2938
867.1541
758.6929
835.8478
817.2297
731.2964
835.4746
775.0238
774.16
806.5849
858.5849
795.4764
832.2494
749.3512
861.8028
748.4415
816.3033
811.0522
742.7346
775.8227
824.1628
816.4488
774.8631
841.3721
656.4166
798.8716
888.0395
715.5016
810.0192
743.5552
837.8349
680.4912
797.7948
717.5105
805.537
713.2689
777.817
704.6827
717.156
732.8081
726.3959
760.1796
757.9967
833.1117
738.4953
831.2024
748.1525
769.306
805.1709
818.6137
838.8361
751.3561
794.0659
861.6607
741.2162
819.9632
765.2082
824.5184
795.3071
921.8559
824.8582
819.9018
794.4164
876.802
781.2393
828.4502
759.0102
832.3709
788.2796
843.4087
784.7432
864.6623
788.0458
775.0708
889.6689
814.0419
764.9823
824.6937
808.1288
952.3485
827.5605
806.7529
733.3686
796.8546
844.9297
796.407
926.0097
890.6665
774.7151
727.1899
788.5217
697.2677
840.0684
716.7285
864.3845
759.2884
771.7782
846.0224
805.9925
672.2851
742.797
747.9706
828.8033
817.7346
783.4563
842.0262
768.2767
819.2622
774.3341
735.7026
774.9943
746.0095
906.5652
794.9423
857.2067
795.0129
827.0863
767.9298
818.2241
831.4359
785.9912
895.9973
805.5553
770.7951
786.7919
710.4469
773.3293
760.4208
747.1207
789.8265
743.1169
748.4796
754.0658
750.67
755.8237
783.3562
771.4457
787.3878
798.905
915.6132
852.0954
772.3698
780.3717
875.319
810.4635
837.3379
747.6202
822.5286
788.6434
713.0449
740.0753
786.8555
781.3673
737.2165
768.8179
746.2646
789.8633
749.9943
729.4881
740.1347
848.4517
817.0794
