0.2010595
0.1856351
0.1842651
0.1777456
0.1739174
0.1811509
0.1662937
0.1576974
0.1565858
0.1483812
0.1486305
0.1486285
0.1567223
0.155593
0.1571027
0.150767
0.14853
0.1508379
0.1523651
0.1487549
0.1571842
0.152405
0.1552284
0.1546861
0.1546037
0.1456864
0.1479778
0.1456049
0.148376
0.1467105
0.139256
0.1428073
0.1454565
0.1503201
0.1536837
0.149558
0.153907
0.1475219
0.1460752
0.1498284
0.152943
0.1459002
0.1426702
0.1345658
0.1334267
0.129591
0.137107
0.1412116
0.144015
0.140475
0.1383039
0.1373838
0.1353592
0.1338336
0.1290054
0.1324996
0.1263863
0.1241947
0.1315721
0.1224718
0.1223416
0.1190643
0.1185123
0.1184375
0.1154576
0.1030171
0.09879768
0.1016267
0.100084
0.1014601
0.1045559
0.1027168
0.1083399
0.107015
0.1088519
0.1144222
0.1172693
0.1215431
0.1137771
0.1106084
0.1061677
0.1072224
0.1070398
0.1108134
0.1110119
0.1156755
0.1085422
0.1183647
0.1241073
0.1157926
0.1150807
0.1166166
0.1192684
0.1131739
0.1155229
0.1127346
0.1142028
0.1117319
0.105449
0.1055522
0.1168247
0.1172203
0.1176571
0.116579
0.1153852
0.1210946
0.1140523
0.1114554
0.1187447
0.1246757
0.1244188
0.1248131
0.1308023
0.1340499
0.1296431
0.1308933
0.1303746
0.1229037
0.1214006
0.1163578
0.1118407
0.1130499
0.1178409
0.1126994
0.1183385
0.1171647
0.1190806
0.125185
0.1218935
0.126641
0.1230069
0.1277034
0.127463
0.1314863
0.1284834
0.126157
0.1297107
0.1178686
0.1048456
0.1081907
0.113957
0.1059145
0.1071975
0.1107525
0.1044427
0.09943126
0.09996521
0.09614649
0.09715641
0.09674068
0.09948781
0.09529445
0.1016109
0.1010412
0.09606408
0.09712249
0.1009953
0.0957889
0.1033589
0.1022103
0.10475
0.1044303
0.1034437
0.1027993
0.09606337
0.09901155
0.09394829
0.08920482
0.08723326
0.08964428
0.09021987
0.0909342
0.09303733
0.09013823
0.08910095
0.08984704
0.08579249
0.08102625
0.09273796
0.09400885
0.08918722
0.0892252
0.09194432
0.09314517
0.08953466
0.08813177
0.0892258
0.09260504
0.09128598
0.09151279
0.09114769
0.08961526
0.08688908
0.08402289
0.0836895
0.09102928
0.08637366
0.08915532
0.09237711
0.09115324
0.09225884
0.09365699
0.09609743
0.09483025
0.09302159
0.09784269
0.09475205
0.1031625
0.0988499
0.1022767
0.09662822
0.09920833
0.09925011
0.09938241
0.09701786
0.1057266
0.1020508
0.1044168
0.1078558
0.1101628
0.1066107
0.1116465
0.108139
0.1111467
0.1069477
0.1043812
0.1072665
0.1080619
0.09955386
0.0975482
0.0952515
0.09716843
0.09291404
0.08771365
0.08908333
0.08717124
0.08446935
0.08577552
0.08582965
0.08114341
0.08469905
0.08444336
0.07835505
0.07860877
0.07371762
0.07760958
0.08027225
0.0833221
0.08788726
0.08089637
0.07485524
0.07264256
0.06863912
0.06979174
0.07296921
0.07089186
0.07697619
0.07637896
0.07641413
0.0738561
0.07456109
0.07849548
0.07867823
0.08077753
0.08208523
0.08510257
0.08267918
0.07724272
0.07665168
0.07471777
0.07316877
0.07191273
0.07031231
0.06839502
0.06925409
0.07161018
0.0700585
0.07083304
0.06954376
0.0709608
0.06836022
0.06639359
0.06641231
0.06209309
0.05885643
0.05684424
0.05950286
0.05887721
0.05689182
0.06170867
0.05916579
0.06006975
0.06110424
0.06026807
0.06003305
0.06107886
0.06130193
0.06093874
0.06072896
0.0616684
0.05949129
0.05979944
0.06193881
0.05700875
0.05502963
0.05627295
0.05744772
0.05977782
0.06280121
0.06120856
0.06515552
0.06867545
0.06410146
0.06311529
0.06546977
0.06418241
0.06635074
0.06401236
0.06008583
0.06001393
0.05767009
0.05659061
0.05556941
0.05312437
0.05385465
0.05346036
0.05120266
0.05349059
0.05189012
0.05044618
0.04905972
0.05090051
0.04876491
0.0513788
0.05246695
0.05101929
0.050518
0.05151883
0.05037992
0.05051045
0.05256642
0.04999834
0.04820221
0.04811043
0.04679789
0.04920012
0.05005402
0.05048827
0.05109212
0.04758182
0.05180661
0.05210056
0.04823738
0.04849829
0.04840002
0.04687418
0.04557818
0.04505251
0.04719869
0.04608546
0.04735395
0.04566167
0.04633403
0.04864152
0.05087242
0.04866645
0.05150535
0.0501128
0.05154099
0.05106505
0.04983046
0.05226277
0.05216591
0.05377573
0.05235965
0.05256325
0.05178522
0.05520765
0.05796487
0.05937295
0.05845401
0.05839531
0.06192949
0.06326857
0.05945877
0.06003752
0.05918533
0.05642111
0.05405513
0.05422582
0.05526803
0.05766538
0.05714213
0.05765827
0.05815805
0.05713439
0.06049676
0.0574851
0.05904367
0.05738853
0.05503002
0.05731813
0.05813015
0.0564515
0.05483699
0.05452624
0.05389975
0.05640805
0.05853903
0.05882062
0.05802021
0.05963942
0.05792681
0.05971791
0.06036109
0.06155228
0.06088659
0.05589649
0.05349129
0.0503831
0.05364973
0.05262023
0.05328679
0.05445347
0.05461339
0.05398977
0.05317828
0.0510469
0.05272522
0.05236198
0.05009441
0.04915888
0.04874394
0.04790354
0.04454574
0.04786906
0.04632439
0.04491911
0.04393365
0.04384104
0.04138612
0.03957376
0.04130542
0.04097203
0.03707753
0.03722268
0.03659132
0.04055815
0.03706024
0.03537847
0.03456837
0.03507483
0.03820692
0.0385456
0.03856977
0.03909079
0.03889505
0.03887262
0.03955398
0.04153622
0.04238322
0.04149316
0.04329888
0.04236779
0.04118856
0.0409518
0.04113807
0.04251961
0.04551089
0.0439904
0.04454667
0.04350201
0.04318421
0.04570089
0.047615
0.05139818
0.05275395
0.05178952
0.05125635
0.05484857
0.05565021
0.05224796
0.04993912
0.0524701
0.05170962
0.05073167
0.05191954
0.05179042
0.04974872
0.04885538
0.04849842
0.04915837
0.04921824
0.05050031
0.05281866
0.05374753
0.05375758
0.05314388
0.05053328
0.04791927
0.04877304
0.05027289
0.05145302
0.05055925
0.05228355
0.05307024
0.05278367
0.04850399
0.04795575
0.04927203
0.04748312
0.04922967
0.05133071
0.04956774
0.05120865
0.05028388
0.05028985
0.04995687
0.0520449
0.04847769
0.04885255
0.050239
0.04556887
0.04444377
0.04379394
0.04246365
0.04196206
0.04420696
0.04292842
0.04160541
0.04301144
0.04267141
0.04084079
0.04018668
0.04173965
0.04310094
0.04360716
0.04390598
0.04208569
0.04201247
0.04458401
0.0445127
0.04438598
0.04605475
0.04462462
0.04425817
0.04627321
0.04720999
0.04522166
0.04772638
0.04914008
0.05282047
0.05428879
0.05028169
0.05119915
0.0500135
0.05023263
0.04928589
0.04960447
0.04932004
0.04993332
0.05306802
0.05484696
0.05741115
0.05576409
0.0573327
0.05845537
0.05744833
0.05780829
0.05836982
0.05419201
0.05316343
0.05501668
0.05394829
0.05053228
0.04995122
0.05368017
0.05558131
0.05587356
0.05599529
0.0578171
0.05647971
0.05361353
0.05140061
0.05263037
0.05721693
0.05500646
0.05458195
0.05673336
0.05673831
0.05617067
0.05623635
0.05550789
0.05223854
0.05041805
0.04899058
0.04842599
0.04395929
0.04394354
0.04619917
0.04458398
0.04344852
0.0443839
0.04210255
0.0415233
0.03965817
0.04093777
0.04096401
0.04130433
0.04719882
0.0484887
0.04974405
0.04751853
0.04438262
0.04274016
0.04016664
0.03912367
0.03977137
0.04005419
0.040298
0.04244121
0.04410114
0.04358651
0.04379844
0.04309012
0.04296039
0.04233971
0.04072436
0.03873211
0.03880937
0.0422049
0.04225904
0.04086016
0.0417068
0.03839419
0.03941022
0.040141
0.03988776
0.04007828
0.04106946
0.04120094
0.04242653
0.04283722
0.04247387
0.04086522
0.03979708
0.03645329
0.03520973
0.03417054
0.03518605
0.03566915
0.03428303
0.03679271
0.03852464
0.03829007
0.03722414
0.03810288
0.03803088
0.03601383
0.0362032
0.03529931
0.03469645
0.03427222
0.03642478
0.03787033
0.0368242
0.03644826
0.03538592
0.03378539
0.03533311
0.03407116
0.03273362
0.03394249
0.03495772
0.03299329
0.03244139
0.03209887
0.0319508
0.03199509
0.03129303
0.03036374
0.03013284
0.02986822
0.02976061
0.03085483
0.02970358
0.03053786
0.0293046
0.02979768
0.03069717
0.0301168
0.03076321
0.02829235
0.02778033
0.02809457
0.02657983
0.02601216
0.02542518
0.02634988
0.02652054
0.0259639
0.02654179
0.02595918
0.02628631
0.02594108
0.02500327
0.02383177
0.02276027
0.02351317
0.02524556
0.02527382
0.02520478
0.02491156
0.02530632
0.02564085
0.02404095
0.02441714
0.02416405
0.02435339
0.02556338
0.0252981
0.0253966
0.0257115
0.02566986
0.02564473
0.02484816
0.02441478
0.02458779
0.02536783
0.0263135
0.02577738
0.02508246
0.02737585
0.02726309
0.02683112
0.02631716
0.02654437
0.02679775
0.02740455
0.02623267
0.02709532
0.02751237
0.02645397
0.02836731
0.0279393
0.02790828
0.02784571
0.02857241
0.02729202
0.02653201
0.02719996
0.02781032
0.0265664
0.0269591
0.02623986
0.02512845
0.02694693
0.02603032
0.02400655
0.02509892
0.0247998
0.02413828
0.02530303
0.02528243
0.02561208
0.02561404
0.02565844
0.02541257
0.02542281
0.02552366
0.02358124
0.02583123
0.02616356
0.02570993
0.02568708
0.02415543
0.02551058
0.02413605
0.02331483
0.02276689
0.02258393
0.02220485
0.021985
0.02210242
0.02273041
0.02392924
0.02323185
0.0221726
0.02252077
0.02194374
0.02222825
0.02274058
0.02277016
0.02262857
0.02408542
0.02337064
0.02274606
0.02288208
0.02380922
0.02510229
0.02554331
0.02495961
0.02487213
0.02564017
0.02550652
0.02484293
0.02338355
0.02296571
0.0226256
0.02347639
0.02374277
0.02375965
0.02136545
0.02376312
0.02203504
0.02318246
0.02374035
0.02501975
0.02642274
0.02675987
0.02617672
0.02665073
0.02421843
0.02547281
0.02397627
0.02464172
0.02499837
0.02459293
0.02610327
0.02661834
0.02737983
0.02603761
0.02587172
0.02578721
0.02613711
0.02726248
0.02796104
0.0286553
0.0292017
0.02897643
0.02868231
0.02682226
0.02675365
0.02753353
0.02749577
0.02723833
0.02890537
0.0309475
0.02895261
0.02843232
0.02724541
0.02759875
0.02673271
0.02693832
0.02667776
0.02574488
0.02463137
0.02553693
0.02492083
0.02467662
0.02451902
0.02441557
0.02450684
0.02359504
0.02469051
0.02512614
0.02437442
0.02446412
0.02401045
0.02382341
0.02337355
0.02367818
0.02496976
0.02613335
0.02608207
0.02568953
0.02662996
0.02551679
0.02828671
0.02924886
0.02970884
0.03033164
0.02848213
0.02865732
0.02839046
0.02989386
0.03043504
0.03144895
0.03071939
0.03105087
0.03017832
0.03171973
0.03139287
0.03238187
0.03191335
0.03165036
0.03277269
0.0337131
0.03264099
0.03394457
0.03632568
0.03744327
0.03746029
0.03756799
0.03694904
0.03904856
0.03794823
0.03812661
0.039528
0.0376641
0.03771974
0.0358407
0.03744047
0.03590114
0.03706843
0.03641215
0.03634342
0.03785021
0.03868931
0.03552941
0.03552129
0.03557257
0.03409132
0.03543536
0.03699684
0.03758076
0.03926183
0.03696818
0.03561056
0.0367949
0.03596986
0.03643398
0.03847695
0.03793476
0.0380388
0.03740225
0.03793381
0.03788746
0.03838352
0.0394648
0.0398191
0.03896064
0.0413414
0.03957576
0.03910879
0.03769388
0.0386415
0.03912466
0.03832769
0.03550574
0.03594509
0.03452246
0.03452817
0.03407869
0.03344711
0.03472242
0.03368018
0.03441301
0.03601022
0.03675939
0.0366122
0.03718283
0.03748484
0.03638739
0.03665793
0.03625928
0.03680977
0.03731901
0.03700547
0.03683988
0.03613246
0.03773643
0.03770058
0.03809383
0.03899555
0.03880268
0.04075636
0.04235989
0.04278999
0.04402561
0.04388295
0.04482199
0.04719758
0.04905767
0.04826742
0.05043606
0.0490599
0.05075256
0.05325199
0.04876314
0.05101888
0.05238225
0.05236321
0.05245144
0.05067986
0.05088417
0.05058436
0.05111243
0.05111637
0.05289019
0.05393127
0.05958228
0.06118208
0.06171936
0.06055304
0.05658864
0.05869841
0.06093673
0.05892267
0.05749462
0.05960506
0.06028314
0.06022429
0.06175084
0.05946834
0.05843001
0.05895503
0.05841866
0.06037657
0.0590216
0.05944223
0.05975575
0.05633296
0.05474604
0.05293508
0.05071877
0.04867418
0.04860472
0.05112842
0.05387682
0.05526012
0.05186569
0.04995941
0.04859301
0.04746203
0.04735053
0.04796094
0.04528697
0.04438359
0.04374769
0.04477538
0.04136149
0.04380822
0.04166699
0.04342453
0.04145348
0.04400546
0.04179415
0.04285373
0.04369524
0.04357091
0.04305256
0.04244531
0.04294938
0.04414835
0.04595083
0.0471362
0.04751516
0.04835484
0.04671022
0.04612679
0.04726418
0.04860163
0.04968219
0.04939774
0.05034223
0.05437348
0.05590715
0.05388279
0.05619583
0.0538041
0.05397168
0.05730005
0.05850786
0.06080088
0.06318301
0.06487403
0.06430056
0.06806038
0.06952163
0.06596414
0.06874326
0.06524301
0.06417992
0.06456403
0.0615835
0.06155503
0.06022226
0.06059819
0.06216256
0.06062267
0.05619729
0.05543642
0.05398387
0.0566257
0.05831366
0.06240398
0.06591823
0.06622857
0.06489188
0.06457929
0.05852218
0.05607878
0.05291113
0.05470066
0.05751298
0.05953746
0.06121904
0.06414019
0.0631157
0.0654129
0.06368929
0.06107863
0.06292041
0.06350095
0.06165983
0.06395534
0.06835699
0.06352577
0.06523533
0.06187905
0.0616041
0.06532942
0.06216037
0.06583247
0.06541719
0.06295187
0.06199742
0.06278288
0.06547371
0.063746
0.06235394
0.06229575
0.06095809
0.06109934
0.06188087
0.05634955
0.05672042
0.05665495
0.05347299
0.05126959
0.04994599
0.04825736
0.04705853
0.04304963
0.04350211
0.04144311
0.04450033
0.0450709
0.04673661
0.04552854
0.04491299
0.0457156
0.0414084
0.04338419
0.04335647
0.04274475
0.04056037
0.03954911
0.03872529
0.03562789
0.03374687
0.03473652
0.03558019
0.03500652
0.03678748
0.03671121
0.03415354
0.03478246
0.03289673
0.03284064
0.03368756
0.03242533
0.03453646
0.03357463
0.0312127
0.03028886
0.03080293
0.02913884
0.0298532
0.0294122
0.03049951
0.02918848
0.03022744
0.03068507
0.03146801
0.03000636
0.02907663
0.03011383
0.02947307
0.02900254
0.02821829
0.02695572
0.02705029
0.02799839
0.02598313
0.02577947
0.02687821
0.02697979
0.02647949
0.02569807
0.02453476
0.0235184
0.02283282
0.02286942
0.02178822
0.02388976
0.02490606
0.02518379
0.0269898
0.02711584
0.02703264
0.02688143
0.02640235
0.02589794
0.02505764
0.02572001
0.02656333
0.0267437
0.02710806
0.02592884
0.02556861
0.02365365
0.02346535
0.02428206
0.02573069
0.02536893
0.02498535
0.0245949
0.02392227
0.02623785
0.02613059
0.02558703
0.02636716
0.02505967
0.02601962
0.02498495
0.02428968
0.02425392
0.02559208
0.02511416
0.02492255
0.02533392
0.02422368
0.02384513
0.02505949
0.02377565
0.02525663
0.02561867
0.02507188
0.02467516
0.02589764
0.02649283
0.02649724
0.02684967
0.02641422
0.0277821
0.02869816
0.02713126
0.02781133
0.02844164
0.02874762
0.02819732
0.02815743
0.02638325
0.02637114
0.02599136
0.0243194
0.02629343
0.02757533
0.02886653
0.02920584
0.03053514
0.02928304
0.0294769
0.03029728
0.03162968
0.03350233
0.03307137
0.0319461
0.03121928
0.03261007
0.03242697
0.03241421
0.03356716
0.03376199
0.03560109
0.03755909
0.03738278
0.04007907
0.04088112
0.04429247
0.04363866
0.04633945
0.04684065
0.04604446
0.04896985
0.04706112
0.04758807
0.04836782
0.04820399
0.04562617
0.04474263
0.04470317
0.04734058
0.04625501
0.04679585
0.04604695
0.04829067
0.04722723
0.04630461
0.04416791
0.04401678
0.04427141
0.04501592
0.04694928
0.04599874
0.05066421
0.05115187
0.0491488
0.04799423
0.05111794
0.04935173
0.04645304
0.04560196
0.04503669
0.04565957
0.04644571
0.04462026
0.04630419
0.0467453
0.04572902
0.04504989
0.04251296
0.04070631
0.04200501
0.03880456
0.03897333
0.03920612
0.04063627
0.04051613
0.04234554
0.04079985
0.03925117
0.0390478
0.03655581
0.03687637
0.03664292
0.03524624
0.03430676
0.03436177
0.03498889
0.03572675
0.03375112
0.03546532
0.0347152
0.03472601
0.03540137
0.03759685
0.03910277
0.04001082
0.03993555
0.04076653
0.04119941
0.04290325
0.04575416
0.04464335
0.04436882
0.04597402
0.04687995
0.04620033
0.04801838
0.04652137
0.04558234
0.04323617
0.04370431
0.045337
0.04551742
0.04481913
0.04527714
0.04568372
0.04805858
0.04691195
0.04732799
0.04494802
0.04586218
0.04513554
0.04451715
0.04447156
0.0435812
0.04269959
0.0453442
0.04721714
0.0463204
0.04565981
0.04378538
0.04215793
0.03989444
0.04253598
0.04294542
0.04258147
0.04104655
0.04072423
0.04212272
0.0414204
0.04129065
0.03958685
0.03706267
0.0366695
0.03621064
0.03771604
0.03742146
0.03642632
0.03562753
0.03637043
0.03736999
0.03648698
0.03614916
0.03821053
0.03846962
0.03676171
0.03788159
0.04044753
0.04133759
0.04119637
0.04101334
0.0390533
0.03879063
0.03742447
0.03632518
0.03610332
0.03603839
0.03663354
0.0383626
0.03831897
0.04167881
0.04162678
0.03870966
0.03814916
0.03592833
0.03586097
0.03564958
0.03547386
0.03823938
0.03737288
0.03649316
0.03381324
0.03412765
0.033792
0.03235696
0.03154214
0.0322635
0.03115882
0.03140371
0.03019655
0.0296376
0.03019575
0.03008769
0.03041493
0.03136021
0.0319604
0.0298263
0.03121449
0.03080764
0.02919319
0.03135056
0.03158815
0.03109313
0.03167064
0.03020066
0.02862428
0.02640974
0.02710621
0.02670964
0.02713991
0.02523364
0.02500157
0.02516123
0.02641418
0.02835296
0.02654389
0.02566453
0.02541978
0.02626121
0.02602901
0.0258847
0.0252236
0.02445811
0.02534834
0.02654049
0.02810659
0.02835181
0.02840641
0.02760464
0.02813897
0.0276431
0.02806271
0.02959769
0.02929852
0.02866568
0.02927675
0.028748
0.02836765
0.02924386
0.02961874
0.02905599
0.02905528
0.02883554
0.02883056
0.02788756
0.02758544
0.02652779
0.02580818
0.02577375
0.02568813
0.02545463
0.02703843
0.02838844
0.02731167
0.02682245
0.02836942
0.02946827
0.02945142
0.0294926
0.02971215
0.03007185
0.03017331
0.03022487
0.02875364
0.03012121
0.03046692
0.03061307
0.03139283
0.03196612
0.03249404
0.03401285
0.03533962
0.03573262
0.0373295
0.03789594
0.03730396
0.03782968
0.03670751
0.0355063
0.03664893
0.03733173
0.04096388
0.04104129
0.04010986
0.0417005
0.04358157
0.04334449
0.04261593
0.04177631
0.04413439
0.04451543
0.04268193
0.04302641
0.04419429
0.04360878
0.04337037
0.04312011
0.03780192
0.03594067
0.03732051
0.03721632
0.03864916
0.03702162
0.0360946
0.03541787
0.03252304
0.032052
0.03256416
0.03219485
0.03286223
0.03220335
0.03234278
0.03151711
0.03390314
0.03443199
0.03432856
0.03523491
0.03474741
0.03408683
0.03361135
0.03451724
0.03439162
0.03457844
0.03323934
0.03348247
0.0353543
0.03564664
0.03343282
0.03304344
0.03268477
0.03280435
0.03414711
0.03292631
0.03108896
0.03359351
0.03394399
0.03239142
0.03211636
0.03346286
0.03431078
0.03525666
0.03446138
0.03539178
0.03656527
0.03596963
0.0358961
0.03680256
0.03645509
0.03570318
0.03823941
0.03742093
0.03535575
0.03673898
0.03536518
0.03448221
0.03281321
0.03055097
0.02978741
0.0286375
0.02936944
0.02937014
0.02822129
0.02914582
0.03085218
0.02893159
0.02904735
0.02986553
0.02984286
0.02877357
0.02925
0.0286791
0.02952904
0.02823478
0.02806135
0.02820022
0.02929108
0.02771641
0.02699462
0.02794482
0.02853216
0.02936657
0.0307279
0.03017256
0.02955062
0.03032484
0.03096715
0.03074867
0.03005631
0.03081846
0.03122158
0.03060058
0.03105033
0.03117562
0.02989545
0.03027056
0.03138913
0.03101867
0.03197691
0.03191027
0.03158829
0.03117914
