0.1432685
0.1254132
0.1153383
0.1084653
0.1062252
0.1034359
0.09575582
0.09268191
0.09109584
0.08545896
0.08077061
0.07752428
0.0750326
0.07281145
0.06965668
0.07050358
0.06998671
0.06533083
0.065571
0.06445868
0.06361092
0.06477999
0.06602891
0.06280219
0.06609618
0.0641913
0.06344704
0.06250692
0.06099493
0.06268253
0.06320512
0.06208512
0.06436416
0.06409763
0.06398051
0.06540479
0.06505931
0.06718943
0.06452218
0.06477929
0.06427234
0.06601396
0.06565642
0.06293625
0.05917391
0.0566766
0.05361722
0.05401036
0.05461571
0.05350988
0.05686764
0.05748261
0.0591752
0.05865538
0.05635188
0.05397659
0.05385537
0.05317587
0.05320001
0.05196401
0.05258537
0.05470604
0.05407823
0.05383266
0.05510019
0.05373573
0.05389894
0.05443958
0.05318889
0.053833
0.05348716
0.0561436
0.05626853
0.05471104
0.06072685
0.05950329
0.06025659
0.05939669
0.05917375
0.06035271
0.06204893
0.05934633
0.05926652
0.05679223
0.05672318
0.05587603
0.05673061
0.05666661
0.05664486
0.05912194
0.06088051
0.06064653
0.0611903
0.06438543
0.06017522
0.06332829
0.06097718
0.05851474
0.05802434
0.05632596
0.05768059
0.05580253
0.05703342
0.06027178
0.05928694
0.05746802
0.05733462
0.0547653
0.05608007
0.05580453
0.0560657
0.05113208
0.05055492
0.05225284
0.05071563
0.05211358
0.05115107
0.05171081
0.0496849
0.05073913
0.05185536
0.05009495
0.05103977
0.04862865
0.04841889
0.04670718
0.04604023
0.04728596
0.0485262
0.04680254
0.04363895
0.04371527
0.0417585
0.04363694
0.04276847
0.04266179
0.04182442
0.04404092
0.04231297
0.04023522
0.03869951
0.0406113
0.0408284
0.03827179
0.03773109
0.03889202
0.03620831
0.03663227
0.03711343
0.03744561
0.03758913
0.03774633
0.03642487
0.03516482
0.03605816
0.03767435
0.03500327
0.03791994
0.03820931
0.03781785
0.03534199
0.03511927
0.0338377
0.03491523
0.0348443
0.0337098
0.03322142
0.03129038
0.03220124
0.03220878
0.0316146
0.03118562
0.03049403
0.03016464
0.03088635
0.03045361
0.02880545
0.02693212
0.02673344
0.02675421
0.02915689
0.0289619
0.02868119
0.03156594
0.03121078
0.03112021
0.03153653
0.0315503
0.03224896
0.03288051
0.03245391
0.03229244
0.03070617
0.02813671
0.02916354
0.02738464
0.02640863
0.02474158
0.0253111
0.024981
0.02665609
0.02714896
0.0263781
0.02638992
0.02434973
0.02439185
0.02259827
0.02248091
0.0220988
0.01982933
0.01975087
0.01931311
0.01899183
0.0201082
0.02050062
0.01905395
0.01855696
0.01897422
0.01858318
0.01754332
0.01783441
0.01841194
0.01872637
0.01794284
0.01804662
0.01764345
0.01842531
0.01911643
0.01877274
0.01854766
0.01779859
0.01842483
0.01762001
0.01784347
0.01860289
0.01788614
0.01827862
0.01832277
0.01859431
0.01800494
0.01700522
0.01639129
0.01626084
0.01632644
0.01590466
0.0159864
0.01511737
0.01559375
0.01503356
0.01454948
0.01348326
0.01400435
0.01332221
0.01378017
0.01377257
0.01412869
0.01301107
0.01247489
0.01337738
0.01421687
0.01540202
0.01502055
0.01473491
0.01409947
0.01436743
0.01440812
0.01499031
0.01468289
0.01473104
0.01392536
0.01465671
0.01404265
0.01396996
0.01358755
0.01412736
0.01420345
0.01399625
0.0146825
0.01425099
0.01459465
0.01456977
0.01479621
0.01446184
0.01492687
0.01558848
0.01545006
0.01552694
0.01515967
0.01450921
0.01438227
0.01548084
0.01542001
0.01516464
0.01547954
0.01510501
0.01552457
0.01441989
0.01452858
0.01586705
0.01699992
0.01718184
0.01757958
0.01758359
0.01704705
0.01696327
0.01781982
0.01692694
0.01717324
0.01636128
0.01641945
0.01506071
0.01613279
0.01571353
0.01642678
0.0156874
0.0156235
0.01470385
0.01489772
0.01444699
0.01357946
0.01286726
0.01327474
0.01254138
0.01275869
0.01289169
0.01338581
0.01305289
0.01434838
0.01418266
0.01404718
0.01455581
0.01503467
0.01520449
0.01525089
0.01512643
0.01616429
0.01630333
0.01717523
0.01747123
0.01794946
0.01775015
0.01768994
0.01762821
0.01649448
0.01561133
0.01537918
0.01521874
0.01515872
0.01418267
0.01370018
0.01351464
0.01314924
0.01359266
0.01382143
0.01384182
0.01440468
0.01402347
0.01414533
0.01502711
0.01426906
0.01305171
0.01338567
0.01323686
0.01354462
0.01500154
0.01483891
0.0153685
0.01448614
0.01505395
0.01569786
0.01615682
0.01546657
0.01562359
0.01562466
0.01615324
0.01704541
0.01745031
0.01768566
0.01806756
0.01897222
0.01937089
0.01961054
0.01948763
0.01960705
0.01836814
0.01851491
0.01932641
0.01888557
0.0186456
0.02009845
0.02155044
0.02166248
0.02276434
0.02337675
0.02336756
0.02373283
0.02547389
0.02429737
0.02506938
0.02461655
0.02422146
0.02515522
0.02486592
0.02560939
0.02557973
0.02716298
0.02741352
0.02645053
0.02582886
0.02625015
0.02521764
0.0257884
0.0265447
0.0288551
0.02763726
0.02855489
0.02830861
0.02926123
0.03024876
0.0290444
0.02915091
0.0296887
0.03006064
0.0299724
0.02756768
0.02650776
0.02695899
0.02829467
0.0293979
0.02976739
0.030652
0.02839547
0.02932382
0.0301107
0.02906644
0.0282884
0.02961551
0.0273564
0.02646766
0.02752882
0.02766069
0.029528
0.03217071
0.03247059
0.0324797
0.03211167
0.03442796
0.03285399
0.03606348
0.03586272
0.03372629
0.03450922
0.03479985
0.03320207
0.03244339
0.03087547
0.03088295
0.03079213
0.0306517
0.03038897
0.03097152
0.02912295
0.0278106
0.02869581
0.02712637
0.02659007
0.02654788
0.02731568
0.02855178
0.02933428
0.02981063
0.03113656
0.03156821
0.02985879
0.03160916
0.03061995
0.03074996
0.02861025
0.02885456
0.02696373
0.02720787
0.0254457
0.02431814
0.02370321
0.02341431
0.0245193
0.02602353
0.02503573
0.02552217
0.02473385
0.02375197
0.02365007
0.02404059
0.02355261
0.02232039
0.02286754
0.02215568
0.02334679
0.0232186
0.02413467
0.02430975
0.0246866
0.02382391
0.02255218
0.02233654
0.02307867
0.02268438
0.02322364
0.02322396
0.02200651
0.02165847
0.02098886
0.02159979
0.02108546
0.02075825
0.02042998
0.02055788
0.02054394
0.02024483
0.0211135
0.02231796
0.02214783
0.02288146
0.02289219
0.02294481
0.02333543
0.02339941
0.02529224
0.02434722
0.02465886
0.0253507
0.02655971
0.02720033
0.02536595
0.02533652
0.02531308
0.02495101
0.02548674
0.02478741
0.02584596
0.02583846
0.0263647
0.02672486
0.02727523
0.02557361
0.02482344
0.02533362
0.02501722
0.0238446
0.02519954
0.02549619
0.02515653
0.02479041
0.02535882
0.02731946
0.02776326
0.0278535
0.0274351
0.02779587
0.03010537
0.03076274
0.03131485
0.03102607
0.0297339
0.02932384
0.03049809
0.03144351
0.03079874
0.03198896
0.03429239
0.0317494
0.0315142
0.03263674
0.03053388
0.03023646
0.02990327
0.03020357
0.02963225
0.02997606
0.0273441
0.02704722
0.02702033
0.0274825
0.02655733
0.02586193
0.0273018
0.02917472
0.02833506
0.02904016
0.02901392
0.02762223
0.02691149
0.02898604
0.02945997
0.02766442
0.02804261
0.02839398
0.02885527
0.02947839
0.03008068
0.03059398
0.03134239
0.03102003
0.03074103
0.03054719
0.0303
0.03190806
0.03129542
0.03093586
0.0295628
0.02784895
0.02916907
0.03062076
0.02847208
0.02903156
0.02827057
0.02820815
0.02701669
0.02820167
0.02993578
0.02993843
0.02997609
0.02955868
0.02932785
0.02805625
0.028125
0.02721163
0.02679836
0.0264427
0.02679174
0.02707127
0.02823105
0.02757317
0.02738974
0.02746701
0.02751365
0.02806849
0.02908273
0.02772302
0.02971868
0.02946899
0.02922303
0.02946476
0.02456424
0.02472088
0.02657884
0.02602785
0.02253785
0.02382335
0.0232417
0.02323218
0.02298476
0.02175833
0.02229257
0.02223093
0.02186775
0.02073559
0.02125897
0.02084525
0.02082785
0.02228835
0.02318095
0.02292909
0.02305495
0.02346908
0.02394405
0.02342424
0.02330825
0.02447099
0.02432894
0.02326234
0.02342807
0.02360161
0.02211713
0.02216202
0.02088629
0.01992414
0.02030038
0.01970659
0.01941517
0.01860722
0.01905562
0.01847259
0.01857829
0.01913841
0.01907949
0.01880239
0.01867865
0.01865576
0.01993937
0.01927197
0.01972111
0.01897024
0.01836908
0.0188292
0.01932305
0.02004765
0.01958734
0.02001128
0.02053945
0.02104335
0.02167728
0.02169001
0.02257071
0.02229284
0.02345203
0.02241261
0.02304334
0.02280278
0.02448266
0.02372386
0.02244506
0.02278629
0.02203154
0.02130183
0.02135187
0.02075996
0.01960398
0.01918346
0.02122038
0.02172794
0.02178835
0.0217712
0.02213546
0.02145851
0.02124392
0.02091216
0.02096081
0.01916686
0.01920545
0.01991309
0.01873112
0.01818754
0.01892687
0.01899578
0.01795141
0.017958
0.01852501
0.01823258
0.01754127
0.01632107
0.01704978
0.01650948
0.01630133
0.01629634
0.016076
0.01649289
0.01844935
0.01936566
0.0192866
0.01918248
0.02023433
0.0196561
0.02103429
0.01980048
0.01920225
0.01995001
0.02001151
0.01926774
0.01894659
0.01790861
0.01727739
0.01758705
0.01738328
0.0176727
0.01655045
0.01664343
0.01630541
0.01641839
0.01708654
0.0173202
0.01822368
0.01837174
0.01907789
0.01867445
0.01801862
0.01734214
0.01799741
0.01785551
0.01782548
0.016794
0.01692146
0.01743186
0.01871769
0.0194492
0.01873501
0.01951734
0.01912627
0.01861733
0.0186741
0.01874106
0.0183172
0.01917214
0.01846212
0.01793289
0.01797129
0.01734107
0.01760525
0.01774265
0.01808532
0.01876321
0.01777536
0.01698747
0.01663165
0.01704818
0.01746103
0.01774534
0.01770629
0.01817767
0.01756343
0.0169274
0.01811576
0.0175573
0.01813725
0.01959281
0.01958516
0.01950002
0.01931894
0.01842207
0.01845541
0.01778538
0.0173
0.0182571
0.01880404
0.01929658
0.02024089
0.02084403
0.02134084
0.02080843
0.0214525
0.02148159
0.02067927
0.02032144
0.02000771
0.01959076
0.02015445
0.02042059
0.02111427
0.02054498
0.02010419
0.01937763
0.0203131
0.02104536
0.02105098
0.02239793
0.0213963
0.02126369
0.02173226
0.02276707
0.02327641
0.023659
0.02287572
0.02376138
0.0237454
0.02375792
0.02355597
0.02276497
0.02395296
0.02382711
0.02203822
0.02058264
0.02031757
0.02001188
0.01928357
0.01891561
0.01996268
0.01899202
0.01908721
0.0201329
0.01995988
0.01936787
0.02030982
0.01966202
0.02017153
0.02045739
0.02090112
0.02098917
0.02111085
0.02199381
0.02124001
0.02109518
0.02061974
0.02040108
0.0204362
0.02136881
0.02004404
0.01988558
0.01856421
0.01772811
0.01787862
0.01918074
0.01863396
0.01850598
0.01946989
0.01904259
0.01891162
0.01803659
0.01742491
0.01841873
0.01875864
0.01809615
0.01800387
0.01728696
0.01615806
0.01709499
0.01771443
0.01788422
0.0179835
0.01951522
0.02057633
0.01981749
0.01973772
0.01885989
0.01865206
0.01761569
0.01791895
0.01742787
0.01679034
0.01632229
0.01767945
0.01730559
0.01780917
0.0162518
0.0178132
0.01766083
0.01805506
0.01773209
0.01845517
0.01907712
0.02090595
0.02061276
0.01990686
0.02011966
0.02002776
0.02160207
0.02118867
0.02092567
0.02134794
0.02036457
0.02049181
0.02070967
0.02043994
0.02095226
0.02055433
0.0215457
0.02122212
0.02023517
0.02039419
0.02037566
0.02062864
0.02178842
0.02061452
0.02038318
0.02034873
0.02186654
0.02161123
0.02155433
0.02268283
0.02194713
0.02243926
0.02178487
0.02192092
0.0210007
0.02169759
0.02140634
0.0216593
0.02225757
0.02180168
0.02100632
0.0201194
0.01926538
0.01921521
0.01712896
0.01800752
0.01875747
0.0186732
0.01792929
0.01654738
0.01671268
0.01682517
0.01589153
0.01519656
0.01438377
0.01465034
0.01441482
0.01415617
0.01448746
0.01449973
0.01369017
0.01438714
0.01423719
0.01484731
0.01503816
0.01515231
0.01521785
0.01511402
0.0157975
0.01560645
0.01545676
0.01596743
0.01627383
0.01721371
0.01689598
0.01601105
0.01474065
0.01515081
0.01518688
0.01625003
0.01666237
0.01744032
0.0172315
0.0172224
0.01637842
0.01728443
0.0178207
0.01756821
0.01919698
0.01956393
0.01990236
0.02120314
0.02060915
0.02073981
0.02095415
0.02145146
0.02053102
0.01957457
0.01975737
0.02053096
0.02089904
0.02149334
0.02236048
0.02394392
0.02394217
0.02383533
0.02326744
0.02324836
0.02318296
0.02208323
0.02155627
0.02081288
0.02017452
0.02091806
0.02136888
0.02263029
0.02172037
0.02040696
0.01962898
0.01893046
0.01804507
0.01830709
0.01751679
0.01755193
0.01757995
0.01940944
0.02042758
0.02052761
0.0208671
0.02075396
0.02033534
0.01918743
0.01934529
0.01957506
0.01989776
0.02136478
0.02042056
0.02019875
0.02051326
0.02079882
0.02149179
0.02111866
0.02138349
0.02180233
0.02157976
0.02141999
0.02126188
0.02089637
0.02132638
0.02199554
0.02179029
0.02230944
0.02224546
0.02278326
0.0229321
0.02329257
0.02283658
0.02305407
0.02113837
0.02047462
0.01949503
0.01993023
0.01953397
0.02078813
0.01948499
0.01920963
0.01878977
0.01805924
0.01858623
0.01875743
0.01863825
0.01831353
0.01942045
0.02048535
0.0211899
0.01946586
0.01919425
0.01935832
0.01951877
0.01861958
0.01897682
0.02071949
0.02092713
0.02146984
0.02181599
0.0213039
0.02148432
0.02086989
0.02105493
0.01988485
0.02000162
0.02026242
0.020452
0.01968862
0.02095477
0.02083112
0.02126955
0.01992931
0.02117341
0.02165873
0.02165607
0.0211098
0.02121299
0.02001378
0.02032234
0.01985703
0.01930914
0.02009828
0.0199178
0.0190693
0.01991644
0.0200761
0.02088718
0.01841519
0.01904213
0.01865743
0.01933627
0.01924994
0.01841346
0.01834378
0.01782482
0.01934955
0.01931172
0.01913656
0.01728024
0.01797134
0.01760863
0.01828503
0.01758468
0.01705523
0.01806407
0.01726227
0.01650823
0.0162117
0.01632682
0.01595775
0.01547913
0.01570815
0.01620427
0.01530933
0.01495841
0.01477759
0.01487249
0.01540011
0.01528509
0.0154761
0.01447064
0.01458564
0.01496798
0.01481848
0.01527995
0.01480891
0.01404216
0.01419905
0.01323454
0.01332074
0.0137074
0.01334619
0.01382316
0.01304341
0.01372395
0.01369778
0.01296582
0.01227266
0.01211233
0.01221893
0.01224077
0.01227383
0.01272907
0.01282314
0.0121857
0.01329166
0.0134638
0.01307916
0.01271164
0.01247262
0.01245448
0.01253256
0.01206733
0.011929
0.01175949
0.01173319
0.0114452
0.01136149
0.01113841
0.01085091
0.01087895
0.01095686
0.010831
0.01076944
0.01034003
0.01049468
0.01016652
0.009975135
0.01000236
0.009899619
0.00998658
0.009447232
0.009027384
0.008758166
0.009042216
0.008988931
0.009524137
0.009234214
0.008956085
0.008762962
0.008618916
0.008522547
0.008742525
0.009102872
0.008506923
0.00810267
0.007743396
0.007100442
0.007107571
0.007187177
0.007502881
0.00717066
0.006820256
0.006854682
0.006687543
0.006826613
0.006687491
0.00720397
0.007292376
0.006835211
0.006734376
0.006536088
0.006567664
0.006346742
0.006218762
0.006221009
0.005900165
0.006075079
0.005946545
0.005696267
0.00571472
0.005732133
0.005361119
0.005239995
0.005463408
0.005828612
0.00590385
0.005927709
0.005812585
0.005841126
0.00588997
0.005935139
0.005801577
0.005874442
0.006188476
0.006039193
0.005606904
0.005523169
0.00518636
0.004858873
0.004908061
0.004625656
0.004516531
0.00447765
0.004365542
0.004383828
0.004452675
0.004620767
0.004625631
0.004610587
0.004639815
0.004447586
0.004568414
0.004647056
0.004528955
0.004486316
0.004640949
0.004296017
0.004410039
0.004509399
0.004513446
0.004781205
0.004728769
0.004763467
0.004701529
0.004862571
0.004670227
0.004697143
0.004490562
0.004235434
0.004217762
0.004204967
0.003990843
0.00402961
0.004041026
0.003901469
0.003793082
0.003748855
0.003648423
0.003713754
0.003688393
0.003415876
0.003493444
0.003614633
0.00367673
0.003924735
0.003753592
0.003880924
0.003889423
0.003849508
0.003794485
0.003722308
0.00375025
0.003960126
0.0042016
0.00427219
0.004063127
0.004207366
0.004301148
0.004603879
0.004604526
0.004694159
0.004907222
0.005128688
0.005281685
0.005451961
0.005159583
0.005479579
0.005408976
0.005592679
0.005315286
0.005722287
0.00535774
0.005333839
0.005283498
0.005271378
0.005032675
0.005104215
0.005402314
0.005870911
0.005959567
0.00566847
0.005617223
0.005707239
0.005431445
0.005604659
0.005641854
0.006181675
0.006315272
0.006269032
0.00647688
0.006464319
0.006823104
0.00672197
0.006551218
0.006864746
0.006962019
0.006689211
0.00688672
0.006726076
0.007067705
0.007123198
0.006935438
0.007143025
0.007158103
0.006793661
0.006763452
0.006866681
0.007140223
0.007364074
0.00748064
0.00779929
0.007653359
0.007376797
0.007491337
0.007044844
0.007191139
0.007100038
0.006601397
0.006445345
0.00665512
0.006469645
0.006290473
0.006258308
0.006450132
0.006199893
0.006722535
0.006847996
0.007004246
0.007087906
0.007008984
0.006718759
0.006797353
0.006366966
0.006231476
0.006201325
0.006265183
0.006492712
0.006079248
0.005821908
0.00596242
0.005984365
0.005753113
0.005840984
0.00552401
0.00566907
0.006107992
0.005854454
0.006352432
0.006367009
0.006390062
0.006185736
0.006352747
0.006775076
0.007206129
0.006696597
0.007136307
0.007212349
0.007258954
0.007101116
0.007085246
0.007043884
0.006770883
0.006978836
0.006682787
0.006685699
0.006661366
0.006605055
0.007024348
0.007107136
0.007202362
0.007066191
0.00676317
0.00672868
0.006681897
0.006647575
0.006832878
0.006810465
0.006439103
0.006340363
0.006448763
0.006062853
0.006185727
0.006125793
0.006534859
0.006763467
0.006842708
0.006815941
0.006882325
0.00673354
0.007164386
0.007529623
0.007666818
0.008008522
0.007639514
0.007444818
0.007769518
0.007422687
0.007277421
0.007879898
0.00827994
0.008077035
0.00813858
0.007715754
0.008031685
0.007938333
0.008043714
0.007952096
0.008032795
0.008031299
0.007844833
0.007854583
0.007707434
0.007801054
0.00769013
0.007663981
0.007893656
0.007852242
0.007632139
0.007818396
0.008198609
0.008114783
0.007952599
0.008649073
0.008448147
0.008296622
0.008152757
0.008419593
0.008735991
0.008886019
0.008612928
0.008073116
0.007553865
0.007252966
0.006950386
0.006869436
0.006619946
0.006740711
0.006278479
0.006247658
0.006106492
0.00616317
0.006024234
0.006237126
0.006289705
0.006562595
0.006638955
0.006368734
0.006577817
0.006890534
0.00682979
0.007232086
0.007529135
0.007661469
0.007865023
0.008280207
0.008719958
0.008445486
0.008798674
0.009032802
0.009556132
0.009783631
0.009824963
0.01033632
0.01004878
0.01020179
0.01008635
0.009479706
0.008826756
0.009052702
0.009239294
0.009271233
0.009061082
0.009271636
0.009010914
0.009321742
0.009293207
0.009669041
0.009518514
0.009304801
0.009597999
0.009486664
0.009165811
0.009348325
0.009407211
0.009465848
0.0095218
0.008748364
0.008944857
0.009216878
0.009426687
0.009455191
0.009693202
0.008981552
0.009108751
0.009628097
0.008798761
0.008387424
0.008044765
0.008490243
0.008089853
0.007880623
0.00751091
0.007454165
0.007569914
0.007411671
0.008000901
0.007977071
0.00772535
0.007628414
0.007975739
0.008325814
0.00814584
0.007761049
0.007533342
0.007023096
0.007574754
0.007705077
0.007990853
0.007858726
0.00731224
0.006684688
0.006050881
0.006337907
0.006173395
0.006303063
0.006586733
0.006901361
0.007365546
0.00696766
0.007046786
0.00728734
0.007031151
0.007096735
0.006955587
0.006569274
0.006824783
0.006616195
0.006529466
0.006521217
0.006528118
0.006638823
0.006647849
0.006534215
0.006486975
0.006742978
0.006702088
0.00695125
0.006389328
0.00601153
0.005780868
0.006069665
0.005785905
0.005810701
0.00553687
0.005861471
0.005638601
0.005383125
0.005461413
0.004833934
0.004591043
0.004493077
0.004448807
0.004783965
0.004520488
0.005050098
0.005081063
0.004977723
0.004895317
0.004964634
0.005207765
0.005339918
0.005338358
0.00539682
0.005168585
0.005176473
0.005058257
0.00504498
0.005197311
0.00512753
0.005375311
0.005422203
