37.85851
32.65406
39.3869
34.76357
37.16911
30.60697
31.55385
35.49383
36.57641
32.28976
34.8421
33.49147
36.91189
33.02986
30.77971
33.76634
34.17529
35.48507
39.71149
34.70884
31.58712
35.34327
37.97498
34.51071
31.7089
32.09639
36.26008
32.54323
35.48644
29.93758
34.87718
34.9767
34.73563
31.75613
37.79492
31.9972
34.32292
34.33269
33.76478
34.3953
32.12009
33.8386
32.93542
33.6268
33.05495
34.94457
32.96887
30.81642
34.33681
34.19091
35.52884
34.77019
29.21201
33.22505
34.3709
32.36958
34.94068
34.02752
34.28743
35.28168
33.31335
34.8736
30.7445
33.51143
33.72541
36.32126
34.7571
34.30567
35.16767
34.84292
30.98366
35.86758
34.65671
30.59026
33.85259
31.01826
31.05377
34.78144
31.78069
35.29768
33.88398
38.96102
32.87627
33.93756
36.03408
32.72985
32.59138
33.128
32.79574
40.50247
36.5576
32.38233
30.46283
33.60263
34.09053
32.8729
37.81564
33.50288
32.89882
37.23394
34.43495
31.55026
33.06698
37.16457
35.56114
36.78238
30.1591
35.9079
35.59592
31.27578
32.10931
34.40916
30.21155
34.80162
31.9209
31.84515
40.28466
30.96715
33.30792
35.76296
33.13072
33.7315
31.191
33.37508
30.25855
37.18537
35.55833
33.63062
37.71961
28.70572
30.55009
33.61818
34.80426
33.92351
34.81094
33.24968
32.95497
30.8126
30.52526
35.71791
32.59101
34.47581
36.32249
31.66985
35.99071
35.84894
33.22622
33.39523
35.2355
37.83153
33.17594
34.85424
34.98953
37.03962
33.94594
39.58149
35.09588
35.15609
35.97711
33.84921
32.01397
30.75793
32.65396
33.62625
35.69294
33.62044
31.29254
29.77765
30.06752
34.4723
29.81307
38.19918
30.48546
37.10977
36.65535
35.19327
35.25581
32.22502
35.2128
33.42383
31.64413
31.90113
35.74763
36.34621
38.26896
32.74844
30.79378
34.09093
34.7512
38.87441
33.89984
36.67567
34.86295
33.1151
35.69692
31.54337
32.07072
34.88971
31.3266
36.3799
35.29363
33.04095
38.15011
36.7802
32.66848
34.01112
31.85678
38.41182
35.40059
35.86707
33.4171
35.01037
35.50826
32.79586
33.33029
37.6017
31.71339
33.2658
33.9824
33.40976
37.74381
37.59255
35.64647
35.82209
32.55695
33.03732
34.24947
31.70507
34.95521
32.8704
37.18745
32.41402
36.20384
35.60191
36.11615
36.82443
40.3528
35.30465
31.96782
33.19761
36.28606
35.26757
34.90127
39.77604
34.64114
30.87404
32.93367
40.13038
33.61309
35.72418
33.5307
34.15
35.74044
31.58544
34.98672
31.15233
33.29929
34.3914
35.66537
36.29822
32.91214
33.36617
33.26336
35.52167
33.09477
34.21404
31.39893
38.13457
38.2919
37.27721
35.98343
32.9925
32.42966
35.23606
34.56025
29.93889
30.9604
34.94954
36.08672
32.68842
38.51624
41.59784
36.99922
33.60215
34.67311
34.96092
36.93197
34.3895
33.21355
33.51691
34.26375
36.47761
31.38451
36.09563
33.47688
33.62007
31.02388
36.25209
32.76058
36.7672
35.67631
30.66236
31.45324
33.58028
35.26883
34.30712
34.39757
37.32496
33.36911
31.61186
30.60356
35.13564
33.94872
31.56204
32.14513
38.75145
35.83933
34.17581
35.29674
39.20652
34.16267
35.27889
38.8988
34.41289
43.1525
36.02052
35.01951
30.54508
31.3927
37.12376
34.3133
33.80329
37.86266
34.78779
35.31857
34.29246
34.66442
37.484
32.36555
32.23331
35.00942
34.66036
35.54447
33.07121
36.43288
36.7493
37.95156
38.54549
36.28391
35.54936
40.11488
35.19511
34.2919
34.91071
33.61454
36.18175
34.76448
35.53313
35.34461
28.46656
36.50701
38.70016
33.4705
34.72026
32.46584
33.55819
32.81455
35.45326
36.56575
30.03411
35.28249
37.21968
34.38148
33.97373
36.58556
34.30567
32.89504
31.25431
36.64041
35.66342
32.89722
34.49501
32.51407
32.05341
35.10689
33.94513
33.84926
36.32304
34.76415
31.0451
35.35744
34.72901
41.67701
36.11945
31.30502
33.32609
34.16919
35.20454
35.24874
31.99518
32.5355
33.15247
36.89737
35.01099
33.51385
35.73475
37.69255
32.36119
33.11033
36.00391
32.78188
39.66928
36.93646
32.5627
35.28109
32.73961
33.57078
29.67005
32.47243
34.86491
35.53886
39.29722
33.16491
39.06743
30.87834
35.89175
33.71774
35.33649
32.43488
32.17984
35.84944
32.02401
32.5183
35.25292
36.48443
35.88916
33.40302
31.0588
32.0358
36.27553
37.30003
37.12338
36.13208
33.22738
34.46679
37.5297
33.29871
36.51849
34.49408
29.80896
34.40524
36.76359
34.23375
34.54108
36.96154
30.35094
38.42135
42.49844
36.49809
35.83224
36.86256
31.81522
33.94846
37.76267
35.8636
27.70658
33.59829
34.60027
34.57845
33.92028
33.91264
36.58211
36.62729
30.61686
31.99197
36.6816
34.27025
33.90477
38.46129
38.93246
32.36565
30.4924
36.35898
34.78864
35.49938
35.14599
33.28039
33.89387
39.74932
33.00629
30.43365
35.08943
34.57512
35.18625
30.95222
33.19116
33.02456
37.07522
36.40622
36.96003
32.97528
30.98371
33.51555
43.2649
35.21638
34.46828
33.79062
30.24115
35.89627
36.69992
35.35983
37.50129
27.64642
30.82715
35.71079
32.67731
32.75305
36.16948
35.99556
31.6723
35.90774
34.74516
35.52444
34.31895
37.06824
34.00636
32.8645
36.41081
33.6133
32.83693
34.08355
34.17116
36.9022
33.88719
39.00569
36.57142
35.06301
33.87209
40.12101
35.94372
34.93107
37.50121
31.39842
37.7078
31.93078
32.41471
37.69042
31.59938
36.10289
43.2749
36.36315
30.52606
34.12791
34.08792
35.36204
32.13945
37.51686
28.27232
35.51086
34.84937
35.95165
31.55488
34.1423
40.34394
37.54881
34.6151
38.18657
33.09983
32.73027
36.65308
29.31992
32.27596
40.67838
34.97183
36.75374
32.59449
33.72032
33.51073
34.05076
35.1871
33.09573
36.65759
34.61744
30.88645
33.17569
38.24729
36.2911
36.30147
39.0633
31.92788
31.26377
35.39169
32.29203
33.42649
33.79277
36.49762
33.50837
35.78732
36.68701
36.26616
34.4258
36.0925
34.41816
29.98767
33.50238
35.08609
31.62461
33.06685
35.83474
35.59967
33.82299
38.70118
29.63672
36.17714
33.19901
27.63291
35.14478
39.3043
35.18479
38.53859
33.37773
32.74783
33.16186
38.54397
27.77802
39.03423
34.79909
31.29743
38.62671
32.79546
36.15775
33.23887
33.59159
32.45994
37.75642
36.99901
36.04607
35.02413
32.932
33.9123
38.36065
35.97119
35.01587
35.13345
30.36587
32.51336
34.45568
33.10706
31.73748
36.13428
33.70551
33.65779
39.26859
33.9396
34.66933
35.27287
32.5792
32.70809
31.97505
36.72072
33.13825
34.4964
33.05178
31.88184
35.05723
34.98243
36.24868
35.34892
38.47283
33.24438
38.03399
31.45453
32.82211
33.54961
32.72861
35.3646
36.54738
31.33249
31.71307
35.67892
33.71383
37.54817
36.2537
35.86479
33.31243
35.6331
37.25524
34.17982
31.30208
35.79909
35.19884
37.07259
33.71598
32.49028
31.61953
38.67972
33.42035
35.70265
34.13969
33.92684
32.64393
40.7924
29.79728
31.52505
38.83038
31.91596
31.38909
37.06005
32.95142
33.20337
32.9317
35.52126
35.81677
36.06443
33.89514
37.4503
29.0093
40.04265
33.00376
31.12234
35.89414
31.25455
37.69149
33.80003
34.16722
35.89445
32.16722
36.51015
33.95306
31.91713
35.253
39.66647
35.78415
37.97665
33.58162
31.94109
33.31633
35.13042
30.67191
34.33324
34.06854
32.0919
33.40634
33.63893
40.21672
39.1674
31.88857
30.64927
34.70909
31.5092
35.44092
37.23637
34.65335
29.35907
32.92252
35.02885
33.75319
31.07349
32.72701
41.83467
34.7597
38.27534
31.59001
38.32127
32.57178
32.25586
34.25645
31.78053
35.14069
37.25348
35.13632
34.22684
35.47171
36.63521
33.37425
32.80116
34.47774
35.5771
38.46025
35.06433
33.52524
37.18269
36.21184
32.94203
34.49989
33.37943
36.19746
30.6992
34.52867
34.86753
34.52329
30.64852
37.43139
34.97384
32.48149
31.94924
32.8521
36.9335
29.69745
38.34027
37.74161
36.61847
34.16665
30.49886
32.92826
36.29644
33.85298
34.55471
33.85366
35.18581
39.55402
34.85138
35.43379
36.46587
34.59725
33.81914
34.54755
31.41305
31.99769
36.35485
32.39779
36.75822
35.12794
30.66845
34.82207
34.41405
34.04633
37.23154
32.56325
32.03889
34.5194
38.58431
29.49834
32.16783
33.07749
37.75283
41.24312
35.0528
32.72118
33.24771
34.15029
34.11838
37.91563
39.91505
37.94328
37.6839
35.78302
36.73627
40.38591
33.51347
32.27597
33.49086
37.52197
36.99332
32.03671
36.69963
29.82146
36.31711
29.18673
35.08246
32.38085
32.61478
34.38955
35.64484
35.32939
30.6525
35.65905
32.36823
36.3325
36.38075
36.23264
33.06686
34.51092
33.86499
31.08642
34.19313
36.27136
36.83287
36.56726
34.49583
38.3673
34.78342
32.66044
37.01172
35.80002
34.20543
29.88375
31.24838
35.18597
29.53924
34.37168
39.11447
36.71717
33.58188
31.22944
40.32988
33.19948
31.53024
34.14647
35.57525
33.01921
36.63619
34.58512
38.94862
33.49291
33.67976
34.61884
34.42497
34.26817
36.06986
31.04906
36.58784
33.51069
32.1728
35.96171
32.51296
39.72874
29.44326
35.51066
33.85924
33.77913
32.04699
33.89836
35.81253
41.27182
34.27526
32.11732
36.51199
33.3064
33.55376
31.59464
36.22071
36.25996
34.38004
39.46024
34.21444
35.81163
38.79094
33.6944
33.80229
35.77178
35.75678
32.14467
36.31181
35.3443
35.38868
33.21117
33.24714
38.31608
33.81082
35.03017
36.18197
36.56918
35.75597
34.05383
32.18143
33.99708
33.57213
39.16972
35.68678
35.6359
33.17531
36.07485
32.46597
35.0352
37.93552
36.46971
39.06112
32.61365
34.91416
31.27601
33.14843
33.69629
32.02385
33.95128
36.06257
35.83653
36.0151
32.48797
33.52239
32.46376
38.84094
38.97133
32.67291
35.52502
36.23169
34.44762
38.62307
33.67898
34.88653
33.59242
33.28322
33.83459
32.32397
34.88837
33.91939
34.98585
40.90006
37.69828
36.80855
33.78294
30.68546
31.48823
34.56195
37.64466
33.42179
37.92111
32.11213
37.78798
36.18619
34.07817
32.08796
37.64394
32.47519
34.85585
35.31698
37.29782
33.02649
40.17035
36.86733
35.10583
36.69196
37.59647
30.4237
37.75588
38.66133
34.51722
37.80955
34.75074
39.61561
35.77698
28.85091
33.92556
36.61497
35.1485
32.728
31.3257
36.59758
36.47965
33.96452
35.29646
32.88838
35.08742
32.78046
32.69029
31.99556
36.20511
38.77085
32.15042
34.79437
34.01322
33.21715
33.45359
33.22845
33.98428
35.13281
31.63694
37.2671
35.10262
36.34576
33.7665
34.7741
34.78431
34.7948
33.39673
35.05668
38.91248
35.88032
34.19905
34.92259
38.65391
30.69969
35.07165
35.17926
39.67978
35.2402
37.42593
39.1508
37.02938
34.85971
36.31619
33.97989
36.48435
36.10087
35.49273
34.672
36.12182
34.7377
39.35373
32.46668
32.77186
35.51618
32.6867
37.09173
33.73281
32.44432
33.71475
33.05514
33.25722
34.82727
31.66931
35.61126
30.81296
34.50496
40.8767
33.97704
36.05678
38.56139
36.27865
32.69297
36.02185
30.93785
34.75421
41.16769
36.11155
35.83928
35.76102
34.68322
36.32673
33.88373
31.34098
34.2001
30.75522
37.73978
35.91566
32.0675
34.18673
33.51654
34.21119
35.06224
35.52942
33.20159
33.92842
31.73767
36.1309
37.53129
34.13058
31.52188
36.04294
32.26107
31.21715
39.77505
32.97585
35.70378
32.4208
32.09057
33.67555
32.98142
34.80656
37.44405
31.46986
31.01509
32.96971
36.5416
34.21374
37.91728
32.17467
34.61717
30.00132
39.38987
29.19846
37.70959
33.03569
37.1093
34.28262
32.55789
34.74191
30.72966
35.58246
34.45777
32.06952
35.19941
39.42369
38.2705
36.2779
38.08325
33.15547
32.13595
38.02603
36.69374
36.2021
34.07748
37.20581
32.58267
31.4873
33.42798
32.91201
33.38976
37.77099
33.17374
32.12517
40.30754
36.0186
35.9736
35.2039
36.34962
36.58679
36.69657
36.1106
35.4252
37.28984
37.72369
35.16532
34.55908
33.04292
37.56442
36.48983
36.71308
36.22087
38.09524
33.8459
33.21399
34.35358
34.92455
31.7282
35.12747
37.10786
35.99195
34.2797
36.5422
38.74739
36.56127
42.27123
33.56339
31.59802
33.91726
37.59795
36.9186
35.84277
31.28557
39.56521
33.64491
36.87853
32.56185
36.50858
34.06954
33.54785
35.83105
30.26397
34.88572
37.94463
35.39045
37.55013
34.18755
38.95229
37.0983
38.31789
34.47434
35.58137
34.86747
32.1787
35.41299
35.25393
34.25659
33.90342
39.40231
32.41206
34.07471
35.07911
36.25338
38.01728
33.3246
29.9532
33.9849
34.09473
34.71813
35.35169
33.88772
33.77572
34.60337
37.212
29.12375
37.35087
35.61193
35.45464
36.37018
37.77371
31.26659
37.43865
34.18955
37.31107
40.5437
37.17479
37.84478
35.74896
34.93696
33.45634
35.31685
35.14834
38.20785
37.49475
32.30227
34.30514
39.09597
36.22688
33.65259
36.00317
38.48234
40.04049
34.25728
34.98594
35.66686
35.08111
37.45067
42.17008
35.1548
36.39944
35.3995
34.20001
37.17467
36.51097
43.79968
33.83409
34.25492
34.02189
31.47926
30.10059
34.30184
34.71965
34.02073
34.07533
33.24558
35.36633
33.90018
34.9479
35.7626
36.35739
37.6218
39.44302
32.60468
33.67866
35.01036
36.19352
35.7639
37.89577
34.3808
36.35274
34.51866
34.60112
34.12992
38.51622
39.13064
34.3104
36.75777
35.67648
38.63796
33.43048
32.11558
36.02975
35.1264
39.12271
32.64323
37.88288
34.78105
36.46002
36.64636
31.5693
35.50729
39.11254
32.22064
38.39615
35.64105
34.83703
40.32394
37.94845
31.71459
40.52742
41.17333
39.30745
30.23308
37.2732
38.88041
35.76298
36.21529
35.29887
33.75892
31.93305
36.04846
36.42561
34.46948
34.17723
32.77595
35.53215
36.21097
36.11255
36.88164
36.18799
41.18783
37.34704
33.75547
38.41941
33.3506
38.14446
31.37316
36.83443
31.80059
31.98035
32.79576
36.12557
36.56058
36.69089
34.19517
31.82063
33.30442
33.91773
35.51008
35.81277
36.48293
34.64623
36.70709
34.9428
36.02314
31.99316
36.03696
33.06992
34.98463
36.37013
33.24215
34.129
35.1768
33.5758
34.88373
38.92516
30.43615
36.54052
37.02016
39.96254
38.99161
32.16977
34.62771
37.52977
41.26558
34.81489
34.00154
39.24858
36.21774
34.03535
41.16091
37.89443
35.26113
37.10336
33.49769
36.33602
33.82426
30.81946
37.12255
37.11938
34.86081
36.19965
35.81495
34.24658
37.0247
37.2922
36.79485
31.51759
36.08968
30.98047
39.92556
37.18285
35.08678
33.4215
34.54646
39.72911
34.52552
40.64223
32.52409
33.41
36.70286
37.792
35.86752
34.15345
38.88843
36.94758
35.11786
31.98166
35.22388
35.7762
35.07212
39.47371
31.54961
38.94571
36.20801
37.0214
36.89276
37.29215
35.5718
32.78047
35.72351
31.58636
43.93424
35.02464
36.49524
35.42088
35.50672
37.91882
37.94617
37.23307
40.96519
38.78402
36.51981
35.58214
35.29234
33.85466
34.70422
36.21379
37.59347
34.94966
31.46125
38.65593
32.5507
38.60984
36.46836
31.79077
33.45071
34.28618
32.22264
35.84163
36.33572
34.8601
36.03461
39.21559
35.74104
34.61663
34.9279
33.08324
34.56557
36.49179
38.33794
36.43914
34.36535
35.85285
32.99415
32.56734
35.06036
33.29913
33.84138
31.20038
33.61695
36.36618
36.9905
36.39117
35.37743
36.15171
36.10243
34.57834
33.286
40.58847
35.87585
33.91519
38.15405
33.46105
34.23972
35.82112
34.95294
36.3997
29.87553
32.95315
36.27598
31.92706
34.4059
35.33104
36.19245
37.06742
38.36358
34.48595
38.06845
34.68479
34.59881
39.71295
31.55808
34.08697
30.94654
36.52338
36.92414
32.02801
32.09178
37.82698
34.49099
32.07837
35.01219
34.84067
35.22764
33.99537
36.99806
38.94664
32.40518
36.31512
33.68189
32.3874
36.64852
40.67784
35.23251
33.91508
36.41056
38.34617
33.66303
40.94407
37.00387
33.18919
37.94095
37.3851
37.92599
37.10202
36.52214
37.04012
32.58918
37.94857
33.81738
32.60419
38.83533
33.38517
37.02143
34.93197
33.67276
41.60299
36.01811
30.94772
33.79707
35.99196
30.5157
35.73107
37.49427
34.01674
32.56613
38.19225
33.85213
37.74592
35.98595
32.75133
34.91605
34.04843
35.366
37.93314
35.91142
37.45675
35.22381
32.18648
36.40122
39.43529
36.73988
33.39648
36.11337
37.06322
34.30597
36.01889
32.77436
36.82716
35.42397
37.01545
39.50214
33.77422
34.71882
38.54389
37.54822
37.52384
39.21929
36.21643
31.65324
36.38535
35.879
33.98961
36.52811
35.69267
37.77797
34.18481
32.70915
