317.0148
321.0877
326.2628
325.5498
323.5917
324.8631
320.5363
323.0004
326.5305
329.6056
329.1039
328.1044
330.4627
326.2503
326.2866
326.3984
320.4793
320.7347
323.6213
324.1158
324.8462
321.4068
325.1352
320.5128
319.8371
318.0398
314.6063
317.675
322.7634
322.841
321.0809
325.1057
326.1452
326.4343
330.1083
327.1701
328.3638
327.7328
327.6926
329.3518
327.2019
328.3506
326.4809
324.6395
326.633
320.4182
315.1444
316.052
321.1987
325.9612
323.012
321.1735
318.4286
323.2041
326.2998
325.8404
323.974
322.5063
323.8665
323.0142
324.5492
326.0479
330.5963
329.25
326.7818
324.1136
323.2182
322.3944
322.8669
322.9557
322.008
322.6518
324.1586
325.9838
326.8933
328.1295
329.5734
326.9603
328.0961
326.2618
325.9823
325.8614
327.4685
327.0905
325.648
328.2705
331.3266
332.4864
333.3061
334.4211
328.979
325.6489
320.3256
322.1945
319.5835
318.2142
317.1003
319.0265
320.9154
317.6998
317.3615
321.8543
323.8458
326.8188
325.7449
325.3515
324.1881
323.2354
322.6238
326.5495
325.6948
324.798
323.7796
328.4517
330.5053
330.1954
324.0145
325.4808
326.2077
324.4685
322.4163
315.0253
313.4714
316.9241
316.0897
319.534
318.7866
319.3907
325.4284
320.8491
320.1659
320.3853
316.0977
317.0434
314.5784
313.6791
316.2613
319.6508
320.7577
316.9819
315.2998
317.9223
317.5659
315.1654
315.6372
313.3677
316.8407
318.9913
320.1964
319.7309
317.1935
324.1943
322.8303
320.3465
321.3553
322.4518
324.8356
325.4107
328.9102
327.8887
322.2174
323.5503
322.4407
323.4688
325.7562
322.0913
320.3794
324.617
319.5532
318.7565
316.565
318.8821
314.6167
313.9597
315.4906
316.6287
321.0767
321.6921
321.1791
327.1804
323.3488
323.3568
323.5693
324.2973
323.7744
318.1976
315.9879
317.9342
318.7745
317.2208
319.7799
316.3319
315.3064
320.4248
314.9724
316.2041
316.5947
318.8802
322.1069
321.8337
323.6317
321.5123
323.6329
326.1445
329.9096
327.4328
321.1619
321.5931
323.5854
325.5155
323.7876
325.3495
324.6085
328.2008
331.8943
324.3677
327.074
323.8103
324.6129
326.3778
322.6068
323.1168
325.5776
330.2201
325.3794
321.0671
319.5681
317.958
324.5038
324.3201
323.3141
324.953
326.8034
331.0563
328.2738
328.5757
321.2947
320.131
320.6271
321.7049
317.1851
319.627
321.1053
322.2299
320.1013
320.8864
317.7496
319.8119
319.6227
321.2577
319.56
318.0646
315.7817
318.5524
320.5117
315.2929
312.9808
314.2363
317.5043
313.3741
319.7696
325.3013
326.9144
327.2069
329.5063
329.6591
331.7869
332.7491
330.9139
326.7186
328.4483
328.2016
327.6563
330.3882
325.4034
324.267
326.2236
327.5399
329.0436
328.9768
324.6565
323.5803
325.0662
324.3215
322.7587
320.4209
319.3658
318.3586
324.1394
313.8163
317.6935
320.4383
320.436
320.0694
314.6529
310.6751
314.4416
315.329
316.0094
321.0902
320.719
319.4548
316.8729
318.6207
319.5912
316.2797
321.0528
320.1218
321.366
320.0511
321.2489
320.2532
318.1984
319.0899
321.6872
319.197
313.8498
314.7777
315.8063
313.5699
315.7463
320.8467
322.5003
323.1475
322.8288
325.1689
326.7148
321.958
324.0175
318.3254
318.7118
325.0095
324.5394
319.2214
319.9923
317.886
315.0136
313.0679
317.3289
319.1644
316.387
313.4004
315.6976
317.8183
318.1542
316.4127
318.6434
317.4186
312.2603
313.7193
317.9048
315.4319
317.857
320.1787
324.1744
327.0936
324.6227
320.7918
322.0975
321.0158
321.4728
321.8081
322.1646
321.6899
324.121
323.9884
321.7819
320.9762
324.0992
325.2807
325.6373
323.1956
319.9821
324.4037
326.2946
321.9485
322.3955
320.599
318.4107
320.7996
325.0195
323.1045
326.152
320.8842
321.4724
320.665
326.1783
323.6218
324.9388
325.2492
324.9486
324.2842
320.0125
314.458
319.9744
326.0938
331.1807
331.2258
328.1889
331.7656
336.1376
333.4824
328.924
327.3591
330.1929
331.842
333.3032
333.2502
327.3571
325.2327
322.2748
322.5533
319.199
318.9866
313.6736
315.392
310.3378
311.2574
307.1607
313.1868
317.531
317.6559
320.5621
320.2978
318.6453
321.4041
321.4067
322.2654
323.9038
327.6425
324.4116
322.0364
320.6047
320.6661
324.0445
321.5757
323.1754
319.4252
312.7738
314.1556
317.611
317.002
317.8709
321.7835
323.0447
325.2169
327.0661
326.3404
328.2626
324.4314
319.7315
318.8668
316.8614
320.8508
320.0165
320.1032
322.7535
320.4335
317.0053
316.3813
317.0901
321.2507
321.9966
321.7256
320.7363
323.7767
325.9356
327.2318
322.2833
318.4263
318.9832
323.9171
322.9707
322.0426
323.1425
324.2164
327.5609
330.0628
335.125
331.8464
330.9207
329.4466
326.8812
325.3699
328.5128
326.2089
321.8266
318.5956
317.7422
315.1919
314.1097
315.1288
318.6997
319.156
316.4232
317.5341
316.4836
317.8626
320.5285
324.6945
322.61
323.6055
325.0586
326.4959
326.8808
327.3131
319.5947
316.5014
313.8054
316.1434
322.3341
322.5322
323.4437
315.485
312.9658
313.6338
312.9609
315.2418
315.027
314.5067
314.7487
317.4275
313.0658
316.4057
320.712
320.462
320.318
320.63
320.1186
321.4483
318.9616
324.8881
325.9268
323.6453
325.7985
321.6663
323.026
320.4307
317.7679
319.8329
316.983
317.2481
314.5429
316.5519
314.0492
315.7283
317.393
317.1873
318.572
322.6238
326.3165
328.7199
334.7767
331.8116
333.9622
330.5624
328.0365
324.9886
318.8679
322.3262
326.745
328.314
329.8281
331.8971
328.9838
327.6238
322.9811
319.2846
318.6836
318.9678
317.815
317.825
321.8877
320.2369
321.2258
321.7328
316.1635
319.0318
323.9384
322.9165
324.4072
322.4484
320.0372
322.2691
319.6589
313.1336
309.222
307.4666
310.296
315.3931
312.1689
311.9544
311.2993
313.0897
314.9052
316.8261
311.6563
315.5246
310.5086
306.2265
309.907
311.1786
315.5018
318.1429
318.3105
314.8715
313.9501
315.1795
317.7575
319.4524
318.739
322.94
328.6457
324.8643
318.9442
320.3927
321.1113
320.7874
317.9618
313.0459
315.395
315.4218
309.5962
313.774
317.3601
320.6853
320.9948
325.5636
321.0539
322.8409
326.4653
329.8309
333.1572
329.5527
330.1088
325.5484
323.2699
327.0324
325.4471
327.6717
329.5532
323.7539
327.091
329.0015
331.2792
325.7359
324.392
321.8325
321.8714
319.6863
319.1147
315.7471
318.3927
322.9708
322.1735
321.1807
322.4992
323.5203
322.0209
324.631
328.1889
328.4776
329.2301
331.8265
329.1239
324.1819
323.1276
324.7566
323.1309
323.8173
326.4566
322.9356
323.0596
318.1384
321.495
320.6777
322.9834
327.8906
325.7541
323.4818
320.1672
319.5538
318.0608
321.9864
323.7279
319.991
322.5684
325.5374
322.0423
325.3258
321.3587
319.5922
317.2372
320.7465
319.6561
316.6539
316.6164
316.0936
317.4029
320.8378
320.743
321.9052
321.4857
327.0452
320.251
316.631
318.4421
320.5131
327.5061
325.0958
326.4861
325.0417
317.8069
318.354
319.033
317.1184
317.6853
319.1142
319.2567
319.4597
323.159
325.6242
322.5027
320.5958
320.8958
321.3688
317.5504
311.6396
310.4563
309.4645
307.854
304.8929
302.1991
305.1012
306.7381
312.3298
314.6074
309.6325
313.7281
312.6492
315.9836
313.3867
312.7143
314.4287
318.3815
314.9603
313.5993
314.5986
312.9431
309.8621
308.4108
309.7955
311.4864
310.5119
310.1841
308.5877
306.7255
305.4629
302.6855
306.0649
307.6611
299.9337
302.2032
298.8432
303.9223
307.6589
308.1776
305.2143
303.9136
311.115
312.2718
312.3274
308.633
314.7796
318.4037
321.6261
319.4005
323.2829
318.5901
320.4706
323.1966
322.2256
320.9898
322.6629
322.6607
318.1169
318.2068
315.6617
311.4865
313.1833
318.7768
315.5055
319.9454
322.4138
323.5538
321.9172
322.5388
321.1291
321.1561
321.7057
319.2345
323.3096
320.8378
315.6531
316.487
314.2939
315.5954
319.1185
314.707
319.2826
319.6056
322.2438
318.0593
322.2954
325.0756
329.3562
329.9872
329.0678
326.9048
324.8336
325.4448
322.2857
313.8403
314.0529
317.7818
319.3627
318.2063
319.7063
318.1712
322.338
328.7936
328.2076
328.179
326.3541
320.9251
318.968
317.6249
315.7231
320.9535
322.1345
326.6836
327.0746
325.7331
323.1766
318.3123
317.0889
316.6315
315.0286
315.9744
316.065
318.3156
319.7998
325.3148
322.3703
323.6179
322.8809
323.1034
324.3428
324.0371
323.8753
326.2248
321.889
321.7259
320.1649
316.3733
313.3667
312.9883
317.7453
318.8131
318.0447
317.3984
314.8254
319.9234
317.6707
314.9036
322.0479
321.6812
322.9059
322.6354
320.1985
321.8859
317.9258
320.5157
320.3402
322.2991
320.6291
318.2289
319.0793
324.3537
326.1387
325.2558
327.5759
326.2215
331.6474
325.4329
328.4432
332.094
326.4107
322.4192
323.1391
317.761
317.4441
317.3962
314.3156
318.6893
315.5743
315.5415
319.2317
315.0391
316.3497
321.9203
325.1614
328.1392
326.3604
329.6347
335.5425
332.9019
332.6672
326.99
325.1635
325.3733
326.4062
325.9961
325.7485
326.0998
324.7602
325.5328
325.3544
324.7152
325.5773
331.5192
328.8595
332.3079
328.0475
328.953
318.1952
314.6266
319.0987
322.6047
325.7152
329.511
329.7936
332.7743
330.3269
328.3556
324.4519
325.3752
327.6491
327.5283
324.6835
326.5035
323.3967
323.2642
325.2457
331.3201
335.1885
336.6368
336.5408
333.921
331.103
329.1499
330.7064
328.6062
324.5867
323.0655
323.8519
324.5874
327.6731
327.441
326.422
324.0671
328.2066
326.6818
327.1323
327.1376
325.6863
327.6791
328.5034
323.0339
317.4958
318.8693
318.1318
319.0303
317.8942
322.2683
327.134
325.3401
322.7132
328.7584
328.8066
329.454
333.9093
335.9568
331.3208
331.0868
333.1013
333.0143
334.0097
331.799
326.4171
