115.7871
158.885
156.7791
194.92
202.4322
218.8041
175.4308
151.5832
174.2353
200.3087
213.5033
183.2441
192.3044
138.8922
160.7222
146.0615
193.602
156.8087
179.3929
230.1956
195.9138
182.5832
174.1768
135.1434
141.1659
189.0064
177.6414
193.0544
153.9017
172.1524
176.7157
178.2683
149.8213
191.1588
131.0563
161.4538
187.9365
144.2685
185.9462
222.7198
197.8077
209.6799
182.2612
205.6464
195.3238
155.4308
213.6717
190.4932
199.1662
174.2294
163.9251
196.206
150.5217
163.2377
132.2248
128.5047
164.759
172.2542
181.0677
140.8497
173.5717
182.5345
180.9142
149.4077
127.2838
122.6399
123.8267
159.4045
162.2741
189.1974
206.9018
216.5871
176.594
147.9356
155.3856
145.8869
169.0793
154.9194
186.1805
181.9883
174.3644
150.4385
170.2946
148.6215
177.7421
185.5841
222.7058
161.9
199.2841
170.0798
150.302
150.8653
155.228
161.4609
157.4168
204.1694
209.8042
138.6546
115.3069
156.1305
193.7087
194.1632
206.2606
200.5122
205.2099
207.5488
195.0446
200.2422
180.9884
219.4445
174.5052
189.2812
244.4974
224.2552
180.7937
177.1541
197.826
186.6195
217.8443
208.395
210.2485
214.5706
242.3163
257.7146
211.8249
213.7728
243.7024
215.2776
225.0441
184.7226
187.8071
166.5546
185.0283
155.6661
169.52
176.266
174.3633
245.6632
218.9111
210.5239
122.6594
209.6296
192.0719
220.4285
249.2036
194.0058
204.7582
214.2283
284.5267
185.1147
205.7942
227.7967
180.5351
144.1569
194.7395
211.907
207.831
253.6052
194.0754
183.9435
152.6833
165.5377
171.1002
160.9062
164.7098
200.2682
159.5186
158.0032
188.5144
238.1627
182.8273
186.4219
154.5745
214.1613
202.6204
186.9341
169.026
186.1269
186.6428
175.4587
189.2468
243.2841
173.9634
160.0652
149.3327
150.1405
134.1408
141.5562
163.6565
139.3273
139.4324
178.4362
156.1753
177.0552
157.9084
160.5098
141.4701
143.8168
168.6575
140.3591
181.0966
185.4127
188.8012
176.9065
202.0332
199.6629
199.35
147.6676
127.5106
201.1687
164.8627
216.8978
230.0229
216.4932
162.429
145.6418
159.2564
139.86
154.1828
138.2743
153.3517
142.1182
140.4861
150.5387
160.2495
168.6368
169.3612
139.2082
219.7754
201.0341
146.2219
152.1471
201.0121
175.4489
156.4397
150.4219
155.4335
165.142
192.2192
175.6741
143.4756
155.9835
134.2674
135.2548
168.6408
188.5398
201.3123
173.7476
245.301
210.4268
213.0404
204.0878
175.7675
187.9145
178.1292
140.1378
201.5175
235.4194
242.0992
245.4781
226.2412
215.9402
189.5114
191.0358
201.5076
184.7229
170.6313
183.8836
214.1623
209.8101
202.6786
160.9489
205.9324
242.1305
285.6935
194.7177
173.0946
174.6659
142.7742
139.3206
144.1277
197.0154
164.2961
154.4513
155.334
176.1902
157.3588
134.0724
131.8311
168.6213
211.6119
223.6362
173.8334
180.1277
198.0306
207.07
159.5695
181.1586
210.3093
173.8816
171.1846
167.9937
173.0631
207.5263
165.4069
157.7147
181.4407
206.092
193.5815
230.3475
214.1788
178.6044
196.3315
187.5444
151.1147
140.2648
152.3062
153.5117
215.2188
232.2434
136.4096
148.4868
147.63
184.3114
204.5262
205.9795
202.0926
195.5106
178.0004
207.148
268.7499
187.0537
315.6655
230.6739
255.6644
226.1687
219.7004
161.2196
124.5453
139.2484
175.7614
149.2209
195.0566
202.5336
182.0739
171.2272
170.0645
163.6581
126.2264
122.3911
166.1873
162.7113
131.4012
149.7578
204.8596
160.8338
170.7781
214.1265
196.0524
188.7518
175.9139
151.1866
158.3662
148.1695
146.0447
162.974
128.3584
183.9314
183.9449
216.6735
203.9117
238.3172
228.703
180.64
147.8735
155.4949
171.2158
144.6367
138.5516
151.2477
177.0855
167.6468
171.5774
170.3262
190.1805
227.2445
182.1555
236.6445
225.0685
174.6969
184.5571
172.0517
154.5598
112.4363
156.8362
140.6228
141.1846
138.8091
166.1369
192.924
157.8065
236.6745
235.757
193.3936
180.8929
239.3027
171.3746
204.8513
193.1385
170.2545
185.7608
215.9552
219.6367
176.4171
208.0885
187.6252
184.426
199.0051
217.7723
192.2289
171.5626
160.9943
163.9769
172.0746
239.6811
266.2356
203.4617
185.5639
214.795
177.6737
204.4796
227.2884
269.5309
211.0241
201.6518
172.408
153.2652
152.0803
176.7176
208.0799
213.271
235.341
212.4015
240.6637
225.3542
257.684
250.5433
164.5551
185.558
160.0074
146.0565
130.3122
150.8172
143.5761
156.5143
177.7973
156.5671
181.2358
215.8742
174.3089
205.9086
188.9341
147.0149
165.7565
143.3752
154.3124
163.7045
157.4003
188.4604
170.0533
183.9014
236.8597
201.0216
250.9048
222.9502
195.3107
197.2999
185.2703
198.587
181.1001
171.2469
203.9625
177.3559
220.9068
180.031
215.4388
150.976
160.0102
161.353
161.2358
144.6891
207.5182
179.6849
212.2777
213.8464
173.3714
182.0279
208.2541
214.4237
171.6029
185.2876
213.216
172.3468
168.7529
214.6226
217.234
222.2597
250.1418
183.9086
181.8119
198.7456
249.4303
197.429
192.5753
142.2707
119.106
126.9301
169.5982
209.5731
183.9168
204.1469
208.7535
221.2575
213.3226
207.806
160.015
170.2037
156.908
189.2189
210.7946
169.9303
193.4281
212.4419
167.8008
128.3339
203.3151
192.1998
209.9316
226.3768
202.0521
244.8917
268.0943
272.2228
257.6594
195.4031
235.9245
176.0209
189.0385
193.7899
207.5058
165.0416
143.5261
177.0494
144.0927
159.7716
173.597
193.5394
208.4269
156.9607
151.6266
164.0984
133.7121
145.1599
170.0452
167.6353
166.419
155.9291
157.5665
147.4818
127.3069
133.2441
157.1933
185.6302
181.8804
190.859
241.6266
236.6534
193.2376
192.6976
181.4761
180.9375
166.6964
193.2767
208.1021
216.2996
159.5555
152.2826
152.376
151.2621
199.064
177.9469
166.4561
179.2256
167.6289
171.7552
173.6083
214.0116
169.9115
207.3627
249.8205
207.3536
174.9106
210.5327
158.7864
193.6417
181.6619
187.0907
157.6883
155.5737
169.4282
202.1301
194.4154
192.5014
195.6626
185.4702
164.8983
173.6679
212.7016
219.1859
218.9143
215.5344
171.6383
206.9578
203.6312
159.6602
150.9725
177.1433
163.543
209.4481
211.9909
169.6981
212.1
169.3474
151.7845
187.162
163.1483
164.425
177.3247
163.5538
154.4047
177.3615
167.5715
178.5966
217.1418
176.2052
194.2176
219.2175
210.422
223.332
187.1868
135.4248
137.4399
167.9593
175.978
166.057
166.0458
181.0511
212.3066
166.3379
132.166
136.6977
164.0786
155.0293
203.4098
249.9027
269.8928
207.7975
206.3755
282.976
210.9207
166.8157
201.2542
272.4804
282.9582
195.1381
185.9745
168.442
182.2708
191.37
176.3476
178.0365
174.5227
136.5955
162.5577
144.1949
195.4156
222.5665
191.9355
203.1844
174.9067
236.174
205.9432
171.3664
182.1756
206.6942
168.1493
139.799
161.2146
191.6636
143.0371
223.8338
215.5389
205.0048
152.5954
202.2809
190.7801
229.623
262.7019
227.6258
304.4465
250.8011
266.5997
272.8004
234.9459
204.8661
188.034
177.3537
172.7172
253.0838
265.6633
274.203
220.1861
186.4152
192.875
156.8732
139.6303
182.1794
139.2892
165.869
188.7797
143.4375
178.7631
164.4612
154.4319
197.0252
202.9859
192.2775
172.8503
187.6297
192.3607
170.8122
222.912
189.5314
150.4187
200.5008
262.4929
248.2099
225.3399
168.2229
212.1418
231.2261
197.1756
219.9305
265.8726
212.281
250.4424
172.2302
177.0855
153.0506
171.1279
186.752
184.7637
232.9819
197.0983
187.9754
186.6353
151.8192
145.9586
153.9787
208.1484
189.1362
229.7562
206.1214
267.0353
285.4941
278.4107
236.4447
224.1111
180.8976
237.8705
241.3769
201.5612
158.7796
192.1423
183.0854
183.6819
184.5312
166.6245
166.7679
174.4022
205.7862
193.5547
175.1427
167.2761
195.8888
190.0992
193.1083
168.6582
143.5054
191.1651
198.219
119.5585
162.7989
160.0095
175.934
207.02
200.1443
163.7206
176.298
174.3809
205.765
214.5608
181.879
192.6847
199.6596
199.177
173.2109
143.0511
142.9616
161.7991
186.3917
170.3199
208.1953
175.6194
193.0365
193.2338
156.0717
162.0194
120.6871
135.372
153.9028
164.9752
168.649
150.1306
181.9084
169.1519
209.1813
191.9042
164.7261
180.2629
193.6503
240.6106
190.0712
209.6104
184.9772
184.7561
203.5913
175.4668
156.3444
168.6097
200.6904
207.9241
202.9145
193.339
198.6552
200.7103
206.2946
189.2624
151.5302
240.8557
165.227
148.8715
150.0235
207.5814
222.8093
212.9303
212.4436
147.0933
185.7024
240.5581
210.1254
165.7519
161.0538
176.5777
214.7472
178.3326
172.5312
167.9298
142.466
134.4915
136.0826
145.1468
164.5942
143.5188
184.2242
171.6959
169.2337
190.1095
166.6706
235.5224
192.9744
231.6901
287.6261
178.4738
194.0167
178.517
186.3023
174.2139
143.5149
141.2924
172.5348
157.7566
155.5553
178.8852
159.8571
205.8099
179.9876
141.9091
141.0873
153.9798
172.0259
169.9859
180.4013
182.7503
135.999
160.6562
132.1309
148.0776
179.1861
183.7291
161.85
183.1242
159.1584
181.1132
183.4305
186.9577
230.5756
160.0633
161.2038
157.3782
157.8926
178.2282
206.668
259.6772
187.2237
230.5862
257.1503
215.8323
214.2992
246.9485
217.2288
206.9893
199.6925
177.6205
222.7997
260.9683
243.6448
179.1537
218.7322
183.7295
182.7577
183.2825
213.2898
208.3772
206.5798
211.4102
184.7494
165.6133
143.9832
163.3575
174.9093
267.378
207.6935
199.2853
179.7808
205.0072
183.7633
184.5662
172.9954
193.9353
213.1531
163.8734
144.8043
191.7884
243.0895
218.6017
218.3594
219.3094
239.7327
233.5308
176.7238
181.78
158.6447
178.9704
167.7074
176.1643
165.1055
155.2025
159.479
135.9428
149.6928
153.7475
173.2896
138.7391
174.9785
234.5737
235.4772
202.818
188.5183
179.5129
