0.6363621
0.5945672
0.6191289
0.6209131
0.5975569
0.5571085
0.587688
0.5887547
0.5663955
0.5540118
0.5333997
0.5150836
0.5055046
0.4959702
0.4815947
0.4605737
0.4320443
0.435301
0.4510709
0.4555192
0.4628258
0.4497911
0.4490257
0.4603855
0.4249291
0.4426965
0.4410529
0.4430209
0.4334926
0.4250657
0.4333806
0.43242
0.4207454
0.4189546
0.4144077
0.4030621
0.4037115
0.3948443
0.3977641
0.4153088
0.4208872
0.4511582
0.4488415
0.436381
0.4393125
0.439349
0.4613525
0.4450627
0.4358937
0.4488007
0.4551897
0.4575188
0.4865323
0.4694771
0.4727982
0.5003034
0.4912124
0.4705536
0.4794401
0.4761831
0.4938479
0.4991059
0.4786372
0.4548889
0.4366478
0.4407535
0.4529459
0.4502402
0.4579421
0.4602128
0.465083
0.4261226
0.4123549
0.4506176
0.4431723
0.4733317
0.4639708
0.451936
0.4375834
0.4411825
0.4298514
0.4509762
0.4789464
0.4853341
0.4995143
0.5099335
0.4846593
0.4991087
0.5058123
0.5176883
0.5004085
0.5015245
0.5185009
0.5427599
0.5445462
0.5772079
0.5537553
0.5621544
0.5457617
0.5422619
0.5722894
0.552724
0.5464991
0.5715304
0.5979079
0.5941891
0.5697768
0.5503709
0.5707878
0.6215943
0.6212854
0.6019739
0.6192931
0.5844879
0.5807896
0.6244432
0.5836576
0.567589
0.5941725
0.5713804
0.5687823
0.5755132
0.5915669
0.5882249
0.6019251
0.6010657
0.5859203
0.5702267
0.5635773
0.5636882
0.5527644
0.5338046
0.5177128
0.4915705
0.4698805
0.4531188
0.4493855
0.457993
0.4807846
0.4604499
0.4460026
0.465604
0.4768401
0.4712926
0.4854731
0.4744506
0.4933297
0.4991301
0.494353
0.5094904
0.5394867
0.5379209
0.5509218
0.5689285
0.5678434
0.5783221
0.5589617
0.5406218
0.5529136
0.5390367
0.5352722
0.5180285
0.5429584
0.5137284
0.5211184
0.5190503
0.5238512
0.4970454
0.467378
0.4674607
0.4850026
0.4766427
0.4750413
0.4868255
0.4821552
0.491539
0.4827174
0.4923183
0.486945
0.4831499
0.4956361
0.4811258
0.4777293
0.4952267
0.4964515
0.4916524
0.511424
0.4762057
0.4891198
0.4871512
0.5375144
0.5231837
0.5023397
0.5103207
0.5166211
0.5460203
0.5401657
0.5419105
0.5289547
0.5111919
0.5156302
0.5087372
0.5178349
0.5462672
0.5422217
0.5124956
0.5043113
0.4878727
0.5025259
0.4752513
0.469884
0.4743807
0.4576926
0.4602616
0.468973
0.4708551
0.4765089
0.4639651
0.4531721
0.454156
0.4433005
0.4596637
0.5004334
0.483177
0.4644024
0.4930014
0.4923659
0.4869149
0.4674422
0.4978965
0.4972438
0.5028588
0.5080232
0.5216756
0.5130286
0.5332046
0.5157489
0.5048068
0.4899614
0.4914362
0.4838258
0.471464
0.4588472
0.4730418
0.4728904
0.4748963
0.454082
0.4802459
0.4882522
0.4952521
0.4587573
0.4545024
0.4727513
0.4798022
0.4667469
0.4512878
0.4709714
0.4830387
0.4771156
0.4862214
0.4877907
0.5095781
0.5151875
0.5358933
0.5124865
0.5334805
0.5071674
0.5298611
0.4726244
0.4593978
0.457579
0.4574197
0.447185
0.4179998
0.4201088
0.4121063
0.4268206
0.4246182
0.4334832
0.4413596
0.4198915
0.4217258
0.4050433
0.4079481
0.4296107
0.4632007
0.4734123
0.4751394
0.4741954
0.5094078
0.4811855
0.5026938
0.4924408
0.4924894
0.5011078
0.4936911
0.4789868
0.4855992
0.4802246
0.4644159
0.4544856
0.4700997
0.4757943
0.4889719
0.4716345
0.4651132
0.4375041
0.4644392
0.4884786
0.478367
0.4863805
0.4671657
0.4517642
0.4483005
0.4374043
0.4365577
0.4570276
0.490424
0.4831396
0.4778571
0.4970816
0.5148114
0.5390317
0.4954775
0.504409
0.5352946
0.5398379
0.5649726
0.5448867
0.5432334
0.5475391
0.5445912
0.5539517
0.5354342
0.5656297
0.5910625
0.5826081
0.5839917
0.5915933
0.5723746
0.5853483
0.5946086
0.5798938
0.6216206
0.6608782
0.6623684
0.7096602
0.6894207
0.7524877
0.7668512
0.7393344
0.7231865
0.7094316
0.6826777
0.6867957
0.6539996
0.6726729
0.6566991
0.6263673
0.6083212
0.6020885
0.6133986
0.6087815
0.6329471
0.6452603
0.6436221
0.6485472
0.6546892
0.6828548
0.6810047
0.6569169
0.6244046
0.6230977
0.6189469
0.5928055
0.5764737
0.5862918
0.598062
0.6323725
0.6418016
0.6511325
0.6603038
0.6559157
0.6492866
0.6259021
0.6189769
0.6109325
0.6019272
0.6083884
0.6205264
0.5886363
0.5836615
0.589593
0.6157066
0.6010503
0.5965642
0.6049597
0.5842377
0.6101935
0.6232558
0.6534899
0.6305568
0.6771129
0.6484492
0.6347098
0.6215789
0.6476608
0.647857
0.6128211
0.646534
0.6561581
0.704128
0.728506
0.7455533
0.7316921
0.7375856
0.693353
0.6953538
0.7208722
0.7215787
0.7280269
0.7765819
0.7621113
0.7350392
0.7237639
0.6943232
0.6842829
0.7308366
0.7284077
0.7249845
0.7599753
0.7865459
0.734416
0.7508057
0.7491618
0.7696503
0.7719777
0.801045
0.8439769
0.8202801
0.8151446
0.835176
0.805241
0.809675
0.8015241
0.7941514
0.785622
0.8285971
0.7905138
0.7452487
0.72755
0.7535405
0.7426309
0.7290709
0.7537001
0.7775039
0.7659916
0.7179211
0.7247705
0.7222358
0.7476247
0.7905286
0.7842778
0.744657
0.7405604
0.7230263
0.7146048
0.7661455
0.736876
0.7100999
0.7199147
0.7217541
0.7089011
0.6924145
0.7359348
0.6949652
0.6603713
0.634167
0.6230833
0.5961557
0.6142804
0.6153268
0.5975658
0.6316414
0.6232365
0.6064137
0.6263041
0.6147142
0.6194639
0.5893574
0.5956815
0.6058768
0.6385466
0.6059481
0.6263301
0.6085514
0.5676406
0.5703718
0.5567308
0.5401871
0.534533
0.5315711
0.5276448
0.5318634
0.5326542
0.5351267
0.5593734
0.5846903
0.6001616
0.6188578
0.6380807
0.6227341
0.6002158
0.569187
0.5563165
0.521407
0.5393527
0.5356828
0.5352968
0.502935
0.4886969
0.4869738
0.5142228
0.5024875
0.5128731
0.5013732
0.5103743
0.5126369
0.5337294
0.5393023
0.5263964
0.5650136
0.571953
0.5904933
0.5766601
0.566845
0.5749633
0.6080686
0.6162982
0.6000912
0.6275946
0.6452813
0.6489778
0.6750619
0.7172675
0.7522981
0.7768805
0.7822702
0.8039902
0.8593888
0.8409265
0.7867163
0.7689016
0.7630685
0.741285
0.7681191
0.7849981
0.8441667
0.8288233
0.8107408
0.8289765
0.8587217
0.8857057
0.8538251
0.8547888
0.8649961
0.8470875
0.8042844
0.8119741
0.8162222
0.8193839
0.8299247
0.8585137
0.8048092
0.7730587
0.7901047
0.7596134
0.7387021
0.7438693
0.7457284
0.8043055
0.8370498
0.8256585
0.7894231
0.7724618
0.7724853
0.8192695
0.8627146
0.8416857
0.8378885
0.8010908
0.7874942
0.7920859
0.8401593
0.8464854
0.8662905
0.8448393
0.8698445
0.870376
0.9334003
0.8828705
0.8695481
0.8995534
0.8580537
0.9029495
0.8494922
0.8343424
0.8490596
0.8605562
0.8010262
0.8610875
0.8716556
0.909978
0.9111611
0.8970977
0.922029
0.8859217
0.8729172
0.8966552
0.8676812
0.8543417
0.8233566
0.837119
0.8640656
0.899693
0.894746
0.9333207
0.875501
0.8764439
0.8871219
0.9209318
0.8977475
0.8752761
0.9038094
0.9153462
0.9252927
0.9132711
0.9553498
0.8958827
0.9012285
0.9170706
0.901834
0.8857491
0.9135892
0.8224366
0.8153986
0.8275227
0.8055167
0.7707105
0.7613161
0.7272412
0.727585
0.6852874
0.6695707
0.6975223
0.7077056
0.7078483
0.7310347
0.7224124
0.7465458
0.7216957
0.7394691
0.7740069
0.7593383
0.7443671
0.787354
0.7964171
0.7586647
0.7267319
0.7494294
0.7774295
0.761413
0.7934408
0.7804269
0.7485613
0.7359671
0.7259862
0.7658939
0.7381254
0.7612963
0.7394976
0.7336821
0.7071823
0.69868
0.6978951
0.7054873
0.7484723
0.7178425
0.7416729
0.7011111
0.7376239
0.7363504
0.7396777
0.7608957
0.7548922
0.7535322
0.7555562
0.7404382
0.7942081
0.8007826
0.7582163
0.7337697
0.7368395
0.7145769
0.7199518
0.7096211
0.734218
0.771549
0.738942
0.7388387
0.7392092
0.6894481
0.7186834
0.7234562
0.7301647
0.7331648
0.7663824
0.7325559
0.7488293
0.7588499
0.7321008
0.690371
0.7155222
0.7565879
0.7652848
0.7175396
0.7554219
0.7535258
0.7880084
0.7813125
0.7563605
0.7709709
0.7838205
0.7509776
0.724263
0.7053374
0.6976888
0.7116783
0.6968574
0.648655
0.6691414
0.6774057
0.6993124
0.7511723
0.770405
0.7824498
0.7569585
0.7354505
0.7666526
0.7987694
0.7914197
0.8136152
0.8288512
0.7845895
0.8271037
0.8046465
0.8087016
0.7988615
0.7952599
0.7373223
0.7489992
0.7525757
0.7524752
0.7807755
0.7710444
0.7649729
0.7134775
0.7230279
0.7190545
0.7006639
0.7058371
0.6808317
0.6687437
0.6679644
0.6818539
0.6636387
0.6147923
0.6180154
0.6362576
0.6434432
0.6101629
0.5952911
0.5980819
0.6100363
0.5896202
0.6138575
0.5819807
0.5651853
0.5606988
0.5232755
0.5395296
0.5566926
0.5570132
0.5395571
0.5476761
0.5338873
0.5059615
0.4992608
0.5220202
0.5319774
0.5203368
0.5607979
0.5253831
0.4966695
0.4841674
0.4883974
0.5159089
0.497581
0.5004375
0.4832614
0.4715008
0.4979191
0.5126041
0.5010568
0.5092982
0.5194649
0.510892
0.5086676
0.5379962
0.5494898
0.5555677
0.5329242
0.5537943
0.5365631
0.5301176
0.5209696
0.5305442
0.5409011
0.5325461
0.5570736
0.5767232
0.5507713
0.5464793
0.5521381
0.5414267
0.5327322
0.5238208
0.5096812
0.5031581
0.4906349
0.5134186
0.5434317
0.5409385
0.5142463
0.5209187
0.5272203
0.4969703
0.4901791
0.4756527
0.4839658
0.4619829
0.4679126
0.4519234
0.4252314
0.4548882
0.4288386
0.4240677
0.4344162
0.4225486
0.4368178
0.4375121
0.4684605
0.4656709
0.4635047
0.4685065
0.4753453
0.4496786
0.4421897
0.4322243
0.4367383
0.4494215
0.4797052
0.4907655
0.4918013
0.5366957
0.5187272
0.5267298
0.5198608
0.508236
0.5071024
0.5439323
0.5440512
0.5169972
0.5395543
0.524159
0.5197366
0.5423697
0.5291627
0.5474697
0.5250164
0.5035208
0.5383927
0.5534093
0.5638249
0.5856908
0.5783842
0.6065229
0.6177167
0.5951851
0.5826272
0.5871849
0.6105993
0.605745
0.6010858
0.6042201
0.5932187
0.6019627
0.6162083
0.6141062
0.689284
0.6891001
0.6550985
0.6130782
0.6177272
0.6241773
0.6096816
0.6083701
0.6071464
0.6007443
0.593323
0.6164584
0.6122334
0.6170781
0.6513744
0.6471993
0.6249908
0.6554926
0.6440881
0.632196
0.6662922
0.6265415
0.6138028
0.6279448
0.6641679
0.6862365
0.642457
0.6420715
0.6060299
0.6209725
0.6054934
0.6227726
0.6483074
0.6472487
0.6833367
0.6953903
0.7327654
0.7438446
0.7055289
0.6788496
0.6765812
0.6621421
0.6313864
0.633465
0.6360594
0.6481382
0.6589806
0.6989531
0.6923451
0.6704421
0.6535986
0.6729988
0.7048444
0.6903575
0.7495406
0.7188045
0.6929006
0.6547815
0.6855259
0.6859095
0.6858486
0.6886667
0.6840565
0.6294687
0.6532804
0.6684152
0.7157373
0.6990768
0.6664995
0.6308305
0.6198825
0.6066172
0.5924948
0.5997122
0.6053059
0.6321197
0.6566069
0.6122922
0.6520314
0.6347389
0.6540139
0.6338315
0.6586503
0.6914264
0.6545198
0.6586701
0.6871547
0.6707423
0.6790057
0.6626592
0.6592144
0.6696528
0.6860442
0.6700019
0.6734248
0.7033746
0.7212764
0.7201736
0.7401886
0.7366312
0.7498284
0.7380324
0.7453499
0.7246816
0.7111999
0.6856041
0.7113324
0.7368886
0.7421736
0.7337451
0.7488702
0.696402
0.7043158
0.7204168
0.6821818
0.6761258
0.6716054
0.6702656
0.6909173
0.7208245
0.705175
0.7272372
0.7329745
0.6972004
0.7317641
0.7373156
0.7247887
0.7490908
0.8143019
0.7910506
0.7871506
0.8126127
0.8314564
0.8193394
0.8412566
0.8443457
0.8103321
0.7775114
0.7969537
0.8140467
0.7488435
0.6947012
0.6958263
0.6889536
0.6734623
0.6729872
0.6399434
0.6105867
0.5902426
0.5766683
0.5907698
0.6093535
0.5892893
0.6000765
0.5868469
0.5772772
0.5972874
0.5859921
0.6008587
0.632359
0.6255448
0.624077
0.6476011
0.6784957
0.6684559
0.6533791
0.6547074
0.646754
0.6406086
0.6324191
0.6651327
0.6653877
0.6355082
0.6465879
0.6737158
0.7324828
0.7440948
0.7304284
0.7684289
0.7555735
0.8026918
0.7820259
0.7865186
0.8338495
0.8113847
0.7603816
0.7731661
0.7782177
0.7850286
0.7249712
0.668402
0.6799908
0.6745137
0.6776753
0.6856519
0.6782517
0.6572548
0.6803966
0.6570846
0.649493
0.6397785
0.6403916
0.6667126
0.6159479
0.6237398
0.586389
0.5840277
0.6062055
0.625913
0.6330036
0.6097237
0.5722755
0.5823075
0.5489508
0.6243773
0.6029408
0.5734692
0.5956477
0.5952286
0.6023564
0.6301999
0.6408793
0.6355851
0.6307281
0.6545726
0.6093006
0.57548
0.6020138
0.603711
0.593885
0.6012622
0.6404913
0.6521717
0.6535321
0.6649653
0.6722688
0.6755278
0.6879257
0.7051032
0.7145817
0.7083636
0.7014738
0.7469909
0.6907409
0.6712286
0.6962035
0.7131499
0.7262529
0.7135037
0.6883537
0.7231852
0.6731341
0.6747861
0.6818964
0.6913718
0.6640052
0.6862347
0.6395764
0.6900015
0.6946684
0.6960768
0.6739339
0.6677344
0.6637926
0.6746472
0.6461782
0.6590577
0.6864287
0.7256272
0.6987571
0.6789085
0.6624743
0.6980548
0.6778554
0.677399
0.6585806
0.6480873
0.6491617
0.6320519
0.6382166
0.6557652
0.632328
0.6031524
0.5726317
0.573876
0.5853375
0.6228164
0.6473571
0.6530914
0.6462641
0.6130669
0.6511528
0.6405963
0.6587567
0.6451313
0.672812
0.6722011
0.6737418
0.6491282
0.6710939
0.6828483
0.674868
0.6512538
0.6824509
0.6344578
0.5930528
0.6037644
0.6128216
0.590927
0.5773309
0.5775872
0.5831332
0.5832873
0.5877212
0.6245959
0.6974159
0.7245464
0.758165
0.7587251
0.7575874
0.7443629
0.7265778
0.7300489
0.7369488
0.7472021
0.771274
0.7874168
0.763349
0.7277886
0.7095255
0.6946154
0.6971941
0.6870665
0.6736846
0.6730008
0.6867938
0.7065118
0.6847744
0.7016956
0.6791395
0.6676154
0.674068
0.7086518
0.6734217
0.6601818
0.6751085
0.6478584
0.6403161
0.6194006
0.6401001
0.6724566
0.6715085
0.6517992
0.6103189
0.6401443
0.6331119
0.6313697
0.6553801
0.6666365
0.6245008
0.6477862
0.6504626
0.682799
0.6429362
0.6449448
0.6680132
0.6898755
0.6749133
0.6775977
0.6699771
0.6782045
0.6744574
0.6836016
0.6783695
0.6467314
0.6927492
0.6750405
0.6999268
0.6948926
0.7137981
0.7198279
0.7215424
0.7260303
0.7227597
0.7027226
0.7008971
0.7170058
0.7234295
0.7217162
0.7347998
0.7287487
0.7282947
0.7722622
0.7919445
0.8042817
0.7770062
0.7548032
0.7405902
0.7667302
0.7363979
0.7128031
0.7185665
0.7504349
0.7636718
0.7740811
0.7371669
0.6901427
0.6836993
0.672392
0.6560522
0.6436405
0.6304763
0.6163867
0.6580378
0.6220631
0.6058801
0.6269301
0.6602562
0.6487091
0.6310564
0.6198333
0.6066264
0.6233096
0.6292151
0.6299298
0.6060068
0.5678943
0.5899345
0.627009
0.6172687
0.586188
0.5828753
0.5948018
0.5958451
0.6028445
0.5673928
0.5564843
0.5535596
0.5717259
0.5383345
0.5826183
0.5922825
0.5541586
0.5576451
0.5225056
0.5154031
0.4934608
0.5207436
0.5434572
0.5395844
0.5402419
0.535798
0.5517137
0.552102
0.5255741
0.5113361
0.5321204
0.518224
0.5063153
0.5365393
0.5270077
0.5173359
0.4977688
0.5048869
0.5344109
0.5167334
0.5045977
0.505052
0.4916589
0.486411
0.4612686
0.4746921
0.4871985
0.4878096
0.507677
0.5460811
0.5491369
0.5613673
0.5485612
0.5320454
0.540942
0.5343625
0.5437067
0.5417315
0.5354396
0.522514
0.5112197
0.4964982
0.4681227
0.4723474
0.4975347
0.519075
0.5304743
0.5242672
0.5138749
0.4989911
0.5078218
0.5173396
0.5321919
0.5348648
0.5036793
0.5091573
0.522544
0.521672
0.5310232
0.5508888
0.5291752
0.5240534
0.5426275
0.5678816
0.5740874
0.5899558
0.5884241
0.6119743
0.5723561
0.5675024
0.5684249
0.5345974
0.5627911
0.5194628
0.5084232
0.5370386
0.5504141
0.5726251
0.568424
0.5337696
0.5283512
0.5044802
0.5223645
0.5178923
0.512131
0.4973078
0.5211925
0.5292459
0.5260451
0.5349783
0.5118306
0.5094171
0.4923441
0.4982296
0.5186723
0.5347203
0.5374303
0.4927133
0.5158167
0.5144779
0.5167559
0.4875136
0.473654
0.4632691
0.4915604
0.4575168
0.4498508
0.4534574
0.4439956
0.446006
0.4355876
0.4261732
0.4508179
0.4432654
0.4289061
0.4256544
0.4285533
0.4276706
0.4556952
0.4572844
0.4367393
0.4247596
0.4410785
0.4701891
0.4669191
0.4839648
0.4886286
0.4826696
0.5179659
0.5186579
0.5189826
0.5108691
0.4877935
0.5104963
0.522208
0.5081695
0.5022507
0.4983163
0.4774055
0.4763316
0.4797049
0.4765481
0.5033548
0.4900117
0.5139154
0.539378
0.5404828
0.5488387
0.5522649
0.5306009
0.5314939
0.5464079
0.5256369
0.5272991
0.4810853
0.532538
0.5305562
0.5315225
0.5185528
0.5167518
0.5232615
0.524078
0.5512036
0.5512046
0.5203258
0.5335426
0.551387
0.5325246
0.5140123
0.50684
0.514447
0.5117846
0.5060455
0.5342465
0.5289337
0.5089743
0.5178962
0.5359056
0.5530537
0.5647609
0.5802333
0.6092952
0.6222994
0.6127089
0.6321999
0.629375
0.6250771
0.6006148
0.6169209
0.6020598
0.5995107
0.6316627
0.6507933
0.6380579
0.624503
0.6150191
0.5914202
0.549956
0.5399162
0.5120208
0.5323878
0.5051863
0.5084717
0.5064809
0.5284539
0.499412
0.5210188
0.5167787
0.4921495
0.5156649
0.5090181
0.517269
0.4926894
0.5149744
0.5462141
0.5494409
0.5337793
0.535894
0.5489936
0.5262362
0.5644276
0.5759852
0.5746618
0.5891156
0.5714094
0.5959
0.5502338
0.5181142
0.5188935
0.5201719
0.5318164
0.5508064
0.5207539
0.4922575
0.5288067
0.5504924
0.5599851
0.5195778
0.526193
0.5176236
0.5206064
0.5020647
0.4971043
0.519761
0.5247805
0.5557644
0.6000449
0.6208517
0.6056245
0.6303715
0.662819
0.620284
0.6181397
0.6564191
0.6397569
0.6360385
0.6155817
0.6029405
0.5837737
0.5910054
0.6131927
0.62006
0.6234115
0.6296299
0.5958194
0.5949308
0.5813239
0.5563634
0.6017591
0.601777
0.62436
0.5808959
0.5659144
0.5921375
0.567101
0.5481619
0.5819446
0.5712919
0.5726942
0.5595191
0.5819243
0.6006666
0.6095032
0.5847747
0.6023785
0.5751959
0.5230113
0.5797958
0.5942617
0.6306477
0.6154215
0.607094
0.5993774
0.5951756
0.5787831
0.5777353
0.5606993
0.5708733
0.560662
0.5541309
0.5561315
0.5728448
0.6058064
0.6001993
0.578145
0.5539541
0.5754533
0.6107318
0.5920088
0.589761
0.5475081
