2990.568
2881.211
3172.504
3240.775
3226.222
2623.7
2686.809
2436.672
2460.839
2838.427
3269.186
3898.857
3430.849
3497.343
3774.477
3427.618
4022.608
2846.1
2485.55
2568.905
2516.319
2455.93
2635.59
2790.86
2840.117
2567.337
2388.181
2200.888
2261.454
2203.948
2205.176
2471.761
2763.191
2471.715
1900.962
1945.215
2146.955
2304.467
2674.576
2527.906
2594.834
1941.917
1614.191
1597.208
1507.092
1527.709
1487.682
1767.3
1886.089
2007.03
2117.026
2025.568
2230.082
2160.558
2616.063
2494.326
2415.55
2433.239
1829.766
1592.833
1683.008
1672.551
1601.754
1542.993
1250.332
1412.091
1189.268
1067.691
1080.946
1398.863
1502.25
1600.245
1728.736
1625.099
1730.903
1857.302
2048.712
1991.652
2031.496
1887.753
1885.976
1614.514
2015.532
1902.862
1988.905
1874.572
1916.204
1560.659
1441.919
1439.381
1457.001
1618.61
1668.126
1546.057
1711.322
1776.473
1870.688
1841.53
2153.182
2677.643
2378.235
2154.698
2576.698
2920.861
2551.969
2462.16
2184.928
2228.997
2312.329
2408.616
2583.044
2256.709
2439.552
2370.82
2717.04
2632.116
2763.429
2768.305
3209.446
3463.375
3206.143
3100.901
3404.271
3348.822
3090.926
2620.707
2863.426
2724.801
2406.98
2574.246
2797.775
2685.441
3217.7
3701.807
3203.116
2891.906
3988.571
3805.663
3284.45
3404.037
2898.56
2900.091
2793.735
2971.254
2925.765
2452.558
2421.344
2478.654
2309.009
2150.152
2356.646
2330.187
1796.875
1798.253
1541.797
1743.01
1573.613
1682.067
2021.822
1615.076
1881.468
2095.551
2539.93
2522.89
2525.032
2453.46
2059.494
2072.676
1911.214
1881.611
1959.451
1664.244
1740.663
2136.597
2288.596
2749.149
2680.641
2692.191
2908.71
3806.817
3343.003
3644.396
3872.775
3788.795
3413.187
3477.944
3304.824
3675.249
4223.286
4399.662
4385.167
3827.121
3866.018
4174.238
4620.759
3508.69
4312.754
3439.508
3294.899
3599.955
3768.629
4079.852
4791.711
4969.469
4720.252
3511.037
3342.793
3246.942
3314.788
3077.909
3410.516
3485.037
2928.995
2678.423
3136.359
3075.843
2767.774
3236.523
3596.352
3584.931
3228.875
3261.175
3335.739
2881.908
2433.683
2859.795
3078.88
3396.338
3466.654
3546.606
3164.138
2996.346
2913.289
2675.968
2996.192
2887.95
2682.816
2776.169
2804.101
3149.046
3425.642
3449.069
3396.055
3280.313
3239.429
3586.209
2955.085
3158.228
3099.582
3880.339
3995.849
3648.345
4003.375
4119.715
3997.175
4231.287
4537.074
3740.796
3477.782
2720.256
2787.883
2441.91
2020.54
1823.231
1691.603
2022.887
2148.773
2509.131
2129.05
2114.751
2318.982
2819.374
2525.875
2336.217
2252.19
2438.867
2644.986
2522.983
2936.979
2666.959
2730.515
2587.925
2388.91
2289.399
2164.966
2131.796
2353.645
2064.101
1899.376
1948.934
1807.856
1931.344
1808.626
1475.027
1500.463
1370.354
1470.264
1370.677
1498.187
1426.49
1379.743
1333.381
1220.452
1303.122
1479.347
1466.971
1344.17
1383.804
1502.6
1362.263
1382.388
1496.252
1368.772
1464.14
1420.587
1180.005
1157.303
1245.812
1290.595
1441.166
1427.171
1632.347
1389.269
1200.524
1356.244
1239.721
1231.268
1352.886
1477.85
1721.049
1512.084
1866.137
1789.922
1819.009
1803.185
1989.276
2529.691
2203.557
2471.452
2310.455
2582.6
2211.361
1898.675
1690.808
1726.231
1634.718
1888.794
2125.626
2440.259
2716.096
3174.632
2411.659
2546.587
2575.733
2398.19
2687.005
2234.87
2465.165
2683.49
2638.675
2619.47
2683.037
2490.969
2754.387
2499.077
2639.571
2865.841
2616.053
2388.146
2174.923
1902.886
1981.986
2135.188
2044.015
2175.893
2278.596
1938.867
1824.301
1688.678
1942.52
2358.555
1976.499
2293.653
2332.857
1740.101
1416.26
1610.807
1782.194
2218.769
1828.63
1815.08
2108.905
2250.823
2213.39
2297.714
2098.855
1768.174
1566.904
1700.725
1895.232
1865.903
1824.791
1769.151
1656.24
1582.645
1547.195
1456.576
1771.845
1717.812
1690.754
1705.277
2191.149
2209.54
1829.064
2018.408
2106.264
1891.47
2048.838
1857.04
1790.284
1767.855
1796.009
2193.28
2326.899
2658.701
2581.811
2471.309
2835.826
2374.239
2535.964
2261.347
2125.532
2289.59
2353.012
2475.111
2109.537
2365.332
2727.783
2576.433
2739.691
3110.426
3518.374
3595.913
3819.966
3521.055
3684.714
3200.979
2745.544
2621.256
2505.73
2356.969
2723.217
3371.069
3294.877
3336.242
3346.402
3374.177
3703.861
3282.499
3952.452
4027.732
3804.974
3634.085
3779.996
4392.133
3856.639
4318.878
4733.403
4671.753
5503.695
5045.853
4310
4442.508
4741.694
6054.35
5245.503
5414.043
4428.557
5108.866
5030.63
5313.628
4780.183
4536.112
4224.8
3958.586
3525.205
2672.72
3104.027
3722.051
4184.872
3808.178
3941.504
3316.61
4150.787
3927.614
3299.463
3584.74
3432.208
2975.388
2653.674
2627.694
2389.538
2316.583
2179.928
1919.778
2250.904
2420.729
2135.819
1784.844
2159.919
2332.664
2544.255
2687.99
2755.085
2303.656
2150.998
1975.8
1709.511
1785.882
1871.521
1899.076
1988.416
1975.128
2425.508
2636.143
2131.341
2206.897
2386.861
2187.131
2407.821
2526.864
2320.142
2168.965
2338.711
1942.852
1828.602
1767.319
2090.435
2063.408
2259.47
2216.194
2676.777
2572.134
2501.525
2191.798
2067.943
2179.811
2362.46
2060.66
2183.113
2345.186
1994.167
1968.397
2044.026
1950.168
2110.568
2290.373
2590.637
2110.217
2103.978
2002.153
2294.944
2252.086
2110.267
2148.534
1998.873
1801.416
2138.706
2578.796
2172.81
2328.827
2009.719
2053.266
1972.339
1721.536
1926.833
1741.887
1883.406
2534.049
2971.036
2567.791
2472.095
2882.975
3419.941
3361.789
3871.62
4126.099
4479.17
4114.235
4573.874
3580.265
3654.133
3194.558
3126.865
3241.472
3253.355
3603.929
3000.066
2907.976
2719
2907.067
2284.614
1988.421
1619.016
1648.034
1585.456
1552.117
1492.972
1603.459
1472.718
1482.822
1291.187
1296.504
1157.863
1200.849
1464.889
1649.268
1435.369
1410.099
1243.869
1272.455
1241.798
1437.079
1412.433
1435.508
1320.624
1608.338
1664.494
1933.485
1975.576
1957.397
1796.906
1723.242
1475.393
1292.987
1313.462
1256.354
1373.895
1417.689
1549.373
1750.836
2240.889
2125.09
2062.55
2119.985
1953.138
1648.643
1554.138
1481.211
1708.56
1834.774
2130.912
1913.969
2040.767
1826.618
1900.409
1591.721
1716.159
1468.829
1431.029
1466.193
1496.366
1464.688
1343.671
1493.205
1316.751
1170.422
1260.419
1267.981
1451.099
1328.921
1433.601
1629.298
1855.482
1985.507
2271.442
2903.173
3273.333
3144.729
2938.622
2789.164
2548.875
2180.51
2157.208
2084.074
1965.596
2186.518
2091.237
2021.935
2013.117
2423.087
2019.305
1661.826
1711.853
1853.792
1806.161
2073.408
2512.549
2241.772
2446.682
2816.984
2579.695
2755.165
2767.478
2896.842
3131.702
3156.602
2755.169
2793.951
3394.269
3059.084
2687.999
3125.781
2787.78
2798.621
3057.273
3161.222
3414.992
3369.484
2877.964
2688.785
2874.723
2763.066
2874.567
2626.854
2591.526
2112.835
2140.543
2169.45
1910.511
1735.194
1618.787
1913.069
2003.653
2301.966
2242.95
2203.018
1852.338
2165.903
2169.272
1861.385
2037.892
2514.333
2827.808
2856.461
2431.981
2089.513
2403.619
2205.314
2556.618
2994.936
3216.65
3431.279
2817.483
3120.143
3473.179
2996.978
3323.302
3199.044
2522.977
2241.126
2374.527
2106.171
2266.339
2512.04
3117.374
2850.73
2870.104
2809.349
2566.841
2761.351
2274.712
2684.721
2035.342
1904.62
1711.387
1773.815
1556.832
1486.261
1585.303
1480.025
1604.473
1630.956
1749.375
1618.743
1578.682
1384.215
1611.257
1504.063
1328.901
1374.288
1367.847
1503.428
1504.807
1507.448
1550.751
1667.641
1433.62
1247.903
1239.065
1434.007
1620.953
1898.918
1956.816
1987.205
1952.581
1811.608
1654.26
1460.894
1754.769
1707.586
1856.895
1628.017
1532.25
1803.601
1766.633
2086.668
2003.891
1950.86
1955.898
1909.995
2324.033
2336.083
3353.294
3311.888
3738.2
3290.214
2837.629
2916.853
2785.564
2824.814
2743.689
3315.318
3443.121
3606.416
2962.537
3195.571
3629.129
2821.436
2024.032
2023.095
1617.071
1475.762
1601.308
1695.674
1603.894
1753.306
2095.021
2355.527
2585.939
3339.748
2730.802
3323.31
3329.233
3033.559
2743.66
2197.98
2723.186
3188.519
3184.759
3429.502
3248.053
3530.798
3408.801
3386.445
2861.42
2531.386
2080.345
1875.818
1794.882
1660.026
1497.564
1493.358
1561.038
1654.241
1661.37
1544.275
1620.825
1789.817
1861.997
1746.799
1679.951
1552.631
1697.359
1705.239
2021.445
2481.224
2442.941
2184.961
2219.803
2047.092
1804.078
1537.592
1576.503
1679.937
1658.412
1915.849
2359.678
2593.834
3006.767
2862.198
2897.047
2869.838
3009.602
2834.03
2549.151
2149.497
2468.699
2395.86
2322.211
2374.82
2832.854
2914.47
2902.856
2742.094
2411.009
2746.028
2705.262
2975.527
3209.874
2806.5
3217.859
3720.548
3898.709
3699.037
3095.793
2665.622
3154.049
2716.239
2512.024
3234.97
3233.647
3986.02
3821.481
4541.356
4445.803
4745.516
3808.785
4095.429
3849.26
3346.285
3099.217
3450.626
3481.79
3478.273
3058.717
3131.281
3197.515
3372.176
3219.721
3573.035
3500.26
3403.531
3104.751
2867.79
2574.25
2461.255
2006.77
1769.852
1794.024
2114.281
1890.759
1717.64
1546.003
1545.989
1513.859
1611.836
1462.187
1369.85
1526.347
1383.205
1318.598
1375.261
1561.02
1715.094
1657.973
1695.507
1879.848
1818.257
2177.833
1754.889
1643.705
1436.584
1609.853
1771.562
1660.218
1726.509
1790.873
1675.235
1607.54
1980.946
1717.724
1932.296
1845.807
1898.884
2065.103
1947.683
1844.825
2150.749
2531.652
2585.016
2267.285
2341.673
2424.263
2408.142
2409.832
2640.199
2121.602
2253.257
2363.242
2470.343
2369.426
2377.183
2812.134
2874.263
3044.72
2400.728
1950.182
1964.78
2016.959
2180.12
2328.323
2620.785
2836.765
2577.963
2251.034
2304.293
2473.081
2111.042
1840.669
1934.528
2002.468
2306.251
2555.503
2362.903
2859.136
2452.824
2330.004
2306.359
2854.4
3018.388
2785.676
2959.658
2965.664
2988.809
2501.504
2946.605
2688.956
3979.559
3951.049
4195.202
4472.546
4068.66
3668.885
2850.597
3495.964
3102.584
2924.512
3208.638
2997.226
2953.696
3163.583
3475.697
3322.109
3532.014
3058.486
2816.029
2907.369
2663.285
2362.893
2550.795
2814.412
2825.17
2485.912
1986.499
1905.221
2157.885
1977.054
2197.832
2285.738
2416.078
2365.422
2371.094
2024.07
3001.893
2720.189
3433.611
2930.892
3152.149
2619.201
2324.609
2666.168
2940.701
3249.552
3969.205
3110.612
3483.45
3267.64
3238.266
3517.872
3230.081
3530.484
2996.094
2565.689
2712.002
2634.856
2614.316
2004.298
2114.098
2259.225
2297.939
2242.63
2930.657
3088.517
2980.526
3244.043
2930.335
3181.194
3367.595
3680.169
3452.434
3683.125
3856.348
3211.379
2640.176
2644.185
2167.346
2282.619
2772.227
2636.65
2841.339
2820.433
2300.287
2336.282
2418.537
2282.462
2523.971
2373.768
2549.516
2312.066
2482.694
2069.209
2024.472
1789.518
2238.233
2525.799
2452.881
2111.981
2197.067
2610.649
2471.768
2554.118
2898.349
2771.123
2057.45
2261.72
2441.315
2306.016
2005.531
1926.901
1891.76
2180.556
1607.721
1572.757
1676.835
1756.714
1901.808
1764.666
1631.974
1635.072
1544.404
1496.822
1524.319
1426.165
1383.019
1674.581
1705.082
1569.524
1729.699
1497.36
1847.53
2180.264
2231.458
2076.513
1681.384
1945.623
2019.914
1621.634
1235.356
1269.268
1278.351
1169.138
1221.306
1361.93
1683.084
1831.577
1989.454
2005.359
2026.76
2321.245
2415.419
2052.887
1722.444
1721.44
1922.837
1772.66
1915.383
1906.215
2226.939
2129.932
2261.77
2104.36
1952.674
2135.735
2331.105
2745.767
2611.476
2514.81
2573.512
2575.604
3529.73
3397.821
3416.887
3488.798
3590.828
3541.483
4078.555
4366.539
3878.437
3930.918
3396.718
3366.599
3107.827
3133.167
3149.687
3057.023
3465.403
3659.962
3848.874
4527.653
3743.839
2933.642
2680.895
2678.819
2682.561
2531.292
2410.59
2272.299
2327.962
2115.185
1764.237
1817.013
2105.351
2164.716
2258.268
2516.753
2546.334
2647.5
2538.08
2933.951
2526.259
1934.864
1828.471
2143.737
2072.103
2008.219
2368.479
2009.71
2145.385
2340.355
2076.109
2054.226
1724.208
1610.136
1601.171
1406.155
1300.408
1474.8
1793.442
1644.66
1509.953
1526.952
1610.471
1562.489
1834.653
1845.976
1675.424
1692.555
2034.69
2001.124
1879.602
1720.601
1820.239
1914.633
1799.307
1633.556
1797.652
1671.644
1649.795
1963.696
1689.191
1905.488
1812.318
1788.214
1746.828
1337.521
1580.259
1608.053
1626.663
1635.922
1605.26
1343.426
1521.57
1355.759
1668.905
1764.04
1511.833
1574.908
1515.467
1795.288
1723.575
1733.792
1651.623
1500.847
1845.116
1676.919
1844.557
2289.032
2235.849
2422.778
2440.304
2399.099
2158.146
2458.494
2597.529
2346.858
2072.276
2356.094
2292.552
2341.151
2228.167
2155.099
2420.951
2191.911
2367.079
2609.542
2723.239
3190.902
4166.96
3980.233
5150.812
4847.13
4400.251
4421.636
3685.738
3880.204
3759.337
3192.092
3117.697
3216.776
3176.623
3007.691
3228.983
2896.645
3288.21
3778.032
3787.071
3519.634
3595.175
3289.598
3586.707
3825.479
3631.153
3269.674
2821.572
2537.698
2816.255
2892.899
2391.839
2406.992
2145.139
2079.082
2200.559
2041.165
1791.28
1893.327
2043.581
2104.173
2258.544
1900.37
1997.711
2091.419
2509.886
2657.281
2507.06
2526.36
2711.497
2495.094
2447.897
2574.083
2474.743
2529.047
2731.346
3057.154
2735.428
3103.984
3203
2845.69
2933.519
3096.975
2827.989
2638.906
2506.608
2293.074
2068.386
2138.516
2367.582
2159.086
1950.114
2146.877
2150.689
2392.867
2100.398
1995.09
1893.551
2096.878
2043.112
2114.467
1768.736
1613.819
1607.058
1837.393
1520.663
1491.516
1503.471
1349.101
1314.305
1283.644
1519.879
1664.499
1719.852
2079.924
2005.269
1786.055
1835.466
1734.04
1801.541
1640.735
1598.926
1699.582
1547.674
1707.025
1754.255
1855.525
1928.239
1492.71
1264.747
1396.091
1409.945
1547.795
1861.227
2198.819
2159.895
2473.08
2393.525
2448.089
3212.436
3403.673
3883.779
3640.93
3747.484
3976.397
3229.055
3808.581
3894.592
3495.483
3198.176
3151.62
3174.178
3251.736
3732.948
3340.975
2918.566
2545.009
2251.863
2197.198
2064.832
2304.251
2269.022
2462.418
2336.759
2010.464
1693.837
1812.323
1731.924
1850.073
1534.088
1286.175
1145.265
1083.521
1245.125
1418.65
1391.604
1662.472
1788.984
1778.164
1730.301
1731.196
1912.564
2013.688
1914.974
1825.131
1710.85
1660.787
1445.45
1439.793
1667.009
1800.352
1743.04
1920.688
1787.661
1490.496
1219.013
1432.166
1336.031
1591.425
2013.026
2092.593
2197.237
2047.642
1817.206
1826.163
1740.025
1677.921
1712.825
1993.62
1735.101
1747.314
1889.77
1879.947
2337.368
2091.468
2224.494
2469.414
2929.052
3287.997
3430.589
3254.102
3069.773
3143.33
2605.583
2554.539
2470.851
2501.74
2664.527
3084.23
2403.741
2062.701
2459.316
2774.615
2449.721
2469.473
2082.472
1832.722
1530.389
1373.87
1395.906
1405.224
1366.305
1275.024
1102.818
1275.325
1610.258
1636.034
1783.1
2038.796
2083.828
2029.395
1698.697
1827.969
1798.572
1423.47
1608.898
1844.47
1631.822
1810.651
1935.28
1951.322
2091.208
2114.637
2009.4
1636.994
1702.574
1432.523
1362.713
1316.73
1372.976
1119.108
1438.128
1558.36
1530.003
1463.893
1205.461
1101.543
1072.837
953.8427
995.3466
1130.376
1132.303
1082.528
854.4357
888.2387
1094.721
1144.087
1307.303
1388.712
1485.52
1320.924
1550.599
1723.393
1738.153
1795.123
1992.77
1976.531
1841.016
1827.995
1969.325
1877.774
1822.951
2021.559
1930.478
2120.621
2478.568
2874.478
2960.057
2984.2
2520.554
2501.678
3119.755
3213.291
3118.916
2873.331
3011.119
2639.514
2521.308
2199.871
2027.793
1853.604
2149.081
2125.205
2109.781
2002.597
2282.572
1732.776
2232.032
1898.544
1900.355
1838.385
1941.305
1814.659
1806.424
1698.66
1530.417
1564.375
1945.414
2025.479
