2.567251
2.677145
2.470181
2.621365
2.914394
2.99924
2.878521
2.957222
2.740438
3.035616
3.190368
3.144996
3.165461
2.821037
3.184301
3.885044
3.774652
3.625827
3.442368
3.234881
2.827508
3.032353
2.823601
2.523066
2.585387
2.690349
2.772363
2.556597
2.277387
2.7042
2.847405
2.990752
2.975652
2.749693
2.858725
3.380153
3.223531
3.0092
2.844442
2.886547
2.998468
2.955838
2.811806
2.628819
3.104072
3.210334
3.464782
3.386609
3.708581
4.44923
4.308079
4.715427
4.901365
4.933506
4.62735
4.688307
4.877611
5.085516
4.496834
4.394672
4.604366
3.866739
4.072165
3.425182
3.146698
3.362279
3.027385
2.811653
3.120586
3.226322
3.381068
3.447012
3.233551
3.697484
3.983192
4.11822
4.1524
4.055878
3.548257
3.594732
3.465759
3.225992
3.297948
3.205366
3.441166
3.598823
3.474155
3.930486
3.690782
3.533423
3.610293
3.422078
3.696544
3.549209
3.985682
3.729849
3.479216
3.460838
3.341847
4.114779
4.425429
4.625338
4.428889
3.954525
3.818817
4.305516
3.806381
3.686873
3.947319
3.860448
3.812177
4.513557
4.36661
4.293925
4.291196
4.3851
3.940635
4.22718
4.377213
4.403148
4.353342
4.347852
4.113233
4.001231
3.641339
3.859408
3.497973
3.442869
3.278594
2.946903
2.717233
2.609215
2.820832
2.853258
2.744351
2.750493
2.576176
2.563647
2.804856
2.68117
2.355676
2.347761
2.117961
2.203022
2.277747
2.370443
2.154733
2.393262
2.606835
2.461368
2.43502
2.392048
2.58445
2.566087
2.863098
2.781389
3.097532
3.29286
3.393157
3.164579
2.980226
3.256945
3.333897
3.054186
3.010122
2.946366
3.076719
3.324265
3.106499
3.571443
3.240508
3.057892
2.955676
2.864951
2.989249
2.840471
3.193963
2.691043
2.98348
3.138154
3.434402
3.461715
3.134184
3.031979
2.952044
2.973193
2.837202
2.957047
3.136193
3.170909
3.161008
2.811263
2.706457
2.504733
2.711664
2.579831
2.448094
2.489383
2.502351
2.551448
2.952321
3.104361
2.877026
3.409862
3.555039
3.97361
3.604141
3.987202
3.826235
3.595942
3.578164
3.433099
3.828607
3.630806
3.390204
3.033899
3.309503
3.894619
3.950366
3.599436
4.291331
3.741553
4.005725
4.170236
3.978748
3.599664
3.744424
3.613387
3.46127
3.350964
3.405941
3.115538
3.7962
3.51712
3.630932
3.346224
3.471479
3.601667
3.457768
3.124862
3.069274
3.128913
3.077439
2.816394
2.680932
2.665725
2.603919
2.993303
2.686027
2.959314
2.815121
2.82233
2.749549
2.611734
2.773127
2.879982
2.657899
2.970405
2.848512
2.892644
2.766953
2.778303
3.002215
2.845628
2.897151
2.952101
3.214032
3.06621
3.285268
3.573944
3.160356
3.658952
3.595935
3.520873
3.624861
3.805328
3.999785
3.448379
3.200131
3.29287
3.498877
3.01917
3.425589
3.76315
4.936468
4.233198
4.198965
3.893033
3.824193
3.676881
3.437479
3.613812
4.076371
4.085433
4.226419
4.553599
4.330836
4.940064
4.39231
4.209839
4.561964
4.71264
4.123407
4.070589
3.901853
3.711212
3.929236
3.937892
4.362218
3.664477
3.876878
3.458753
3.510451
3.612298
4.046444
4.358687
4.53102
4.661418
5.12856
5.009727
4.867873
5.058719
4.478127
3.997409
4.158557
4.320391
3.804323
4.088717
4.315815
3.973999
3.842514
3.881841
4.311001
4.211386
3.645182
4.351615
4.613794
4.447121
4.658065
5.028861
4.681155
4.44981
4.385487
3.992152
4.001218
4.309541
3.579411
3.662125
4.040691
3.929659
3.5718
3.332235
3.451853
3.524364
3.472203
3.675806
3.728496
3.502564
3.51971
3.087398
2.960093
2.935222
2.871474
3.189244
2.945522
3.35828
3.579639
3.813845
3.774056
3.56375
3.345613
3.383427
3.689333
3.775359
4.043356
4.44862
4.181847
4.19717
3.990751
3.851519
3.948166
3.83776
4.550707
4.977744
4.911118
4.823028
4.962459
5.110531
4.868462
5.649073
4.858442
5.242396
5.23126
5.224171
4.848484
5.083542
4.780062
4.491921
5.247079
5.837731
5.36688
5.337576
5.532272
4.616879
4.097327
4.359623
4.043432
3.951834
4.017204
4.418643
4.755708
4.808179
4.763105
4.719862
4.892334
5.231566
5.617218
5.399927
5.811928
6.347312
5.938195
6.327361
6.559163
6.42307
6.15713
6.458195
6.392706
5.95545
5.910804
4.819633
3.97698
4.019904
3.864441
4.561372
4.68606
4.934832
4.933582
4.64483
4.363116
4.605955
4.510078
4.669748
5.056633
4.893843
4.403192
3.920285
3.856132
3.814674
3.748042
3.884368
3.951952
3.901707
3.726883
3.897633
3.815947
3.957714
3.815484
3.793171
3.715376
4.610753
4.402434
4.35459
4.369593
4.700915
4.651986
5.093923
5.1791
4.659565
4.684024
4.342429
3.956937
3.444286
3.567296
3.862486
3.983033
3.788475
3.907405
3.625913
3.263524
3.117722
3.404471
3.303528
3.019613
3.38386
3.286409
3.383697
3.495365
3.881713
4.262923
4.471507
5.12635
4.964458
4.205781
4.006185
3.969371
3.505344
2.96409
2.852962
2.817179
2.448523
2.477879
2.641818
2.896681
2.766802
2.870788
2.710002
2.88179
2.879371
3.218652
3.138285
2.752057
2.33554
2.338457
2.521215
2.258987
2.827665
2.676042
2.669089
2.933021
2.991744
3.076917
3.217025
2.772873
3.04063
3.216241
3.449865
3.264096
3.338049
3.758958
3.218382
3.04192
3.094094
3.234046
3.70765
3.855305
4.657119
4.439904
4.490862
4.240394
4.209877
4.300659
4.805163
5.248014
4.512524
4.023706
3.781699
4.212858
4.86079
4.489902
4.705613
4.966715
4.81069
4.431758
4.189302
4.0585
3.904404
4.0989
3.954199
3.689441
3.327196
3.101327
3.445172
3.253898
3.408498
3.467757
3.287528
3.445501
3.372527
3.480402
3.714031
3.1085
3.502816
3.686261
3.898972
3.698871
3.943571
3.987119
4.034841
4.180266
4.261439
3.545254
3.953788
4.43324
4.56905
4.328989
3.676968
4.104955
3.51287
3.323447
3.910433
3.961744
3.971495
3.86325
3.919246
3.979756
4.473982
4.974515
4.395971
5.132679
4.443678
4.819041
5.379464
5.529146
5.928015
6.229831
6.05245
5.377533
4.970972
5.208342
5.377615
5.394945
5.541203
5.823304
5.541507
5.49436
5.83241
5.736249
6.013134
6.361423
6.303179
6.433573
5.815605
5.812654
5.743701
5.897151
5.552526
5.561125
5.670399
5.310843
5.232892
5.741709
6.472622
5.725268
6.698572
6.221399
6.483598
6.803386
6.562128
6.767567
6.815224
6.322713
6.775761
6.444475
5.736597
5.639026
5.103666
6.185965
5.466712
5.245163
5.986267
5.677804
5.952881
5.83222
5.553649
6.161483
5.048166
5.446568
5.400207
5.063928
5.015308
4.665338
4.424922
4.143117
3.606151
3.69241
3.751936
3.49797
3.737059
3.55306
3.400633
3.422485
3.567629
3.626992
4.035983
3.501905
3.883267
3.614289
3.459887
4.018693
3.814274
3.823116
3.634904
4.102614
3.865516
4.012399
3.671582
3.901118
3.804831
3.908826
4.186092
4.272327
4.271087
3.691178
3.589051
3.408025
3.359757
3.138913
3.592987
3.9714
4.285523
4.28724
4.700516
4.675538
4.74283
4.44097
4.199557
4.033372
4.294482
4.459453
4.35936
4.533893
4.551329
4.781849
4.740495
4.361771
3.977657
3.844766
3.450642
3.687614
4.198389
4.362346
4.658574
4.960496
5.578248
5.294288
5.438879
4.862327
4.190865
4.613572
4.771929
4.703644
4.495013
4.555672
4.529541
4.926857
4.56022
4.717651
5.082508
5.108539
5.014484
5.190027
4.772176
5.263458
4.839035
5.010077
4.968991
4.690157
5.050627
4.669658
5.230019
5.516356
5.396289
5.545333
5.351362
5.525984
5.313278
5.269544
4.63408
4.198195
4.05
3.502856
3.716295
3.708141
3.937704
4.105741
3.926021
3.770394
3.4058
3.475825
3.042063
2.954655
3.390423
2.95015
3.213807
3.394618
3.98083
3.431636
3.276089
3.512179
3.301196
3.915379
4.230882
4.10433
3.71092
4.012177
3.802682
4.03168
3.921836
3.980461
3.803066
3.763829
3.226898
3.269359
3.232757
3.491102
3.603315
3.743008
4.147919
4.190394
4.532237
4.635607
4.744615
4.62073
4.807843
4.899737
4.45916
4.310193
4.61244
4.932742
5.084296
5.453357
4.732523
4.684219
4.497452
3.932994
3.735429
3.77202
3.761206
3.869375
3.644642
4.017295
4.06353
4.230742
3.403063
3.495674
3.684882
3.485337
3.525224
3.531218
4.01169
3.910791
4.046082
4.067077
3.766101
3.840793
3.631048
3.642633
3.758563
3.842079
3.765981
3.907226
4.567539
4.365478
4.295144
4.630536
4.416658
4.653992
4.954083
4.686045
4.577614
4.382634
4.915405
4.841083
4.849921
4.336012
4.247707
4.44888
4.417775
4.657814
5.092174
4.707623
5.185627
5.48885
5.526621
5.856333
4.959664
5.225494
4.706693
4.48422
3.948959
3.647658
3.636283
4.312555
4.141142
3.902471
3.877908
4.082355
4.137974
4.165706
4.29776
4.405392
4.674189
4.275701
4.623794
4.37929
4.927389
5.018916
5.066271
4.744595
4.513549
4.290613
4.693513
4.46065
4.213362
4.399454
4.74511
5.4394
4.845768
4.632969
4.737394
4.820385
5.716266
5.172362
4.973719
4.921035
4.713442
4.302709
4.065987
3.882839
4.361523
4.138602
4.418379
4.570624
4.946421
4.527272
4.352884
4.223674
4.785336
4.303177
4.1584
4.118723
4.200771
4.457563
4.886996
4.61186
4.832016
4.853854
4.260195
4.301392
4.049777
3.836356
3.457788
3.447243
3.800578
3.651697
3.297233
3.338663
3.190174
3.555957
3.542662
3.46241
4.000085
4.017537
4.221715
3.748289
3.772686
3.478288
3.398646
3.028355
3.033282
2.864916
3.006723
2.936702
3.201334
3.371701
3.223179
3.22983
3.295891
3.144388
3.448635
3.255861
3.355775
3.284201
3.175627
2.896286
2.923187
2.842201
2.815078
3.253047
3.242478
3.468657
3.669855
3.777766
3.983006
4.048337
3.790888
3.517177
3.437948
3.296761
2.800863
2.488143
3.008788
3.2508
3.43279
3.196785
3.624563
3.660483
3.456804
3.299477
3.550938
3.349969
3.235256
3.336922
3.806345
3.999297
3.727674
3.54755
3.594557
3.621197
3.700906
3.640243
3.608471
3.483174
3.612292
3.833945
3.803358
3.820563
3.28112
3.514882
3.197825
2.480682
2.493909
2.390209
2.07481
2.023479
2.109593
2.134908
2.168356
2.358588
1.969819
1.973797
1.999414
2.282774
2.390607
2.07227
2.061821
2.114315
2.264628
2.173923
2.094455
1.833832
2.099937
2.131528
2.266771
2.551586
2.234071
2.221109
2.076785
2.057144
2.072162
1.867275
1.941554
2.138469
2.202419
1.967411
2.081299
1.888102
2.031683
2.208082
2.551612
2.749413
2.764714
3.059536
3.332126
3.309427
3.479525
3.319776
3.473738
3.565744
3.368275
3.144241
3.283573
2.654759
2.836746
3.150501
2.761949
3.047117
3.690207
3.314012
3.408223
3.580379
3.705972
3.566526
3.688937
3.52612
3.573795
2.925812
2.71091
2.859165
3.092579
3.688974
3.620817
3.282104
3.445523
3.169988
3.037939
3.041404
2.975617
2.574343
2.723364
2.362567
2.224255
2.463731
2.649299
2.305265
2.334829
2.644894
2.569821
2.691654
2.383541
2.551542
2.565236
2.423922
2.597215
2.710118
2.553581
2.804626
2.739704
2.750215
2.837255
2.578019
2.441948
2.461194
2.642134
2.444354
2.524037
2.684866
2.414822
2.668521
2.626277
2.94899
2.89591
2.817638
2.733323
2.696028
2.843076
2.731124
2.527817
2.594866
2.819653
2.932108
3.359649
3.468555
3.373448
3.251686
3.565634
3.873111
3.821947
4.09237
3.985432
3.49243
3.307707
3.178888
3.423169
3.080098
3.009007
3.351818
3.41891
3.309688
3.261038
3.120705
3.436766
3.181651
3.521433
4.169083
3.772117
3.478611
3.386774
3.429728
3.621726
3.925021
3.911586
3.57846
3.811257
3.6055
3.108768
2.924772
3.565625
3.148107
2.938931
2.78869
2.980547
3.246736
3.247981
2.825564
3.104181
3.416844
3.643717
3.587378
3.683219
3.732373
3.856694
3.055556
3.032167
3.000701
2.67819
2.772894
2.75649
2.46136
2.269142
2.431708
2.659101
2.663859
2.970332
2.838026
2.906075
2.619835
2.701427
2.894949
3.117829
3.160836
2.997044
3.214908
3.082672
2.924916
2.939498
3.163837
3.110335
3.06425
2.861997
2.776118
3.132255
2.582945
2.518252
2.307756
2.326932
2.365195
2.897954
3.084957
3.157907
3.515351
3.912856
3.868031
4.36974
4.425774
4.178403
3.72506
3.878238
3.48063
3.372452
3.541149
2.895555
3.10084
3.409892
3.535283
3.513424
3.549198
3.977209
4.024595
4.07554
3.843236
3.951037
4.121326
4.354682
4.524547
4.491143
3.931621
3.769204
3.674364
3.944201
4.113991
4.496281
4.176636
4.188765
4.101202
3.983114
4.209891
3.556198
3.911985
4.07428
4.160174
4.120703
4.704457
4.462926
5.031534
4.878337
5.331534
5.753456
5.838512
6.537986
6.088303
6.097481
5.693949
5.809631
5.257073
5.510146
5.09685
5.01785
5.147083
4.495912
4.552308
4.53484
4.42372
4.49603
4.316046
4.642827
4.165742
4.288537
4.44895
4.671649
4.183385
3.951032
4.609019
4.299747
4.038093
3.817068
4.307017
4.350888
4.340965
4.403841
4.475024
4.141315
4.55516
4.896528
4.883688
5.099595
4.447197
4.445893
4.040027
4.366011
4.339726
4.02618
3.939455
4.332978
4.454687
4.118164
4.052279
3.486379
3.793717
3.723615
3.30351
2.988659
3.096863
2.974705
3.233454
3.233016
3.453944
2.959453
3.182031
3.074684
3.388343
3.11548
3.187367
3.018163
3.009387
2.914889
2.74433
2.976581
3.349338
3.319769
2.879271
2.855524
2.544587
2.507449
2.236436
2.2425
2.038364
2.071516
2.04675
1.944427
2.068478
2.254874
2.306852
2.357389
2.632601
2.289557
2.229953
2.17898
2.234667
2.199586
2.116416
2.069026
2.014542
2.041863
2.000529
2.009582
1.75826
1.784007
1.894101
1.867286
1.952847
1.999609
1.955919
2.261799
2.183879
2.118219
2.229624
2.657543
2.326928
2.351726
2.628069
2.836947
3.052942
3.194686
3.184549
3.097227
3.029776
3.01932
2.89401
2.618614
2.827594
2.765225
2.883711
2.944819
3.365348
2.920541
3.478085
3.92318
4.023193
3.780905
3.702399
4.21096
4.290543
4.225598
4.388159
4.216477
4.541686
5.512427
4.79149
4.556723
4.445156
4.154844
4.047995
3.988724
3.650978
3.859888
3.718378
3.669687
3.730978
4.318668
4.819819
4.910877
5.073927
4.800173
4.568643
5.077462
4.864702
4.460105
3.914612
3.900911
4.136194
4.464818
3.697748
3.790171
3.411835
3.228165
3.348927
3.468205
3.497268
3.739602
3.399268
3.711636
3.749659
3.791139
3.49963
4.029663
3.921013
3.732536
3.730327
3.885289
4.106898
3.630365
4.168358
4.057201
3.430989
3.291658
2.773883
2.83115
3.014426
2.959164
2.912303
2.716059
3.051522
2.845703
2.5816
2.675036
2.810123
3.077749
2.698246
2.678432
2.647773
2.618866
2.547746
2.792903
2.842323
3.077295
3.290491
3.077729
2.936756
3.236078
3.055265
3.087455
3.116293
3.488497
3.498339
3.483981
3.194786
2.991472
3.005523
2.882804
3.096194
2.992418
2.908218
2.751628
2.759566
2.487312
2.286756
2.65988
3.057993
2.669787
2.755967
2.793221
3.0284
3.10851
3.400807
3.488658
3.749044
3.395742
3.736451
3.643406
3.740044
3.54884
3.709032
3.524131
2.972304
2.976864
3.342457
3.266346
3.454784
3.62982
3.615502
4.27914
4.17136
4.447774
4.09153
3.6025
3.594939
3.520878
3.092868
2.998808
2.885032
3.297326
3.533018
3.770891
4.114006
3.64974
3.91103
3.944746
3.535467
3.864719
3.635232
4.003535
4.09756
4.198379
4.265877
4.834462
4.615937
4.195473
4.243761
4.519346
4.404158
4.852438
5.241763
5.144238
4.595295
3.867782
3.8497
3.42171
3.34457
3.44193
3.302867
3.045756
3.196993
2.72013
3.210737
3.333657
3.353297
3.753094
4.326856
3.916901
3.469885
3.460648
3.348363
3.937897
3.813579
4.126688
3.880468
3.739635
3.815415
4.183448
4.913808
4.628486
4.714671
4.335226
3.982728
4.249086
5.047827
5.113758
4.47489
4.512382
4.461925
4.007066
4.287953
4.698454
4.943856
4.289868
4.300662
4.580774
4.334446
3.974727
3.822292
3.714889
3.805082
3.443606
3.470673
3.303862
3.417071
3.523751
3.740129
3.643337
3.879824
3.677612
3.518847
3.372306
3.252236
3.766994
3.448324
3.387793
2.886307
3.103945
3.091936
3.227719
2.915555
3.029433
2.621793
2.761269
3.170783
3.430108
3.265535
3.250734
3.403333
4.151601
3.78792
3.639318
3.621532
3.328569
3.216179
3.86211
3.759329
4.128258
4.071597
4.046006
3.98816
4.118558
4.332794
4.153844
4.024233
4.18104
3.419443
3.516434
3.532648
3.595588
3.75345
3.559979
3.493079
3.596793
3.613563
3.455276
3.484874
3.415608
3.712372
3.709173
3.410107
3.130377
3.016635
2.730725
