164.3602
159.0306
171.5264
164.0323
165.8967
173.4563
178.2018
177.9128
175.7787
168.1245
144.8401
145.9676
128.2035
132.2657
120.9153
131.6373
122.0078
110.0631
117.9524
124.7064
120.9119
140.8221
150.6709
138.2494
123.5718
122.5188
148.932
150.5522
148.5019
142.1904
146.5643
148.0147
140.2619
133.3477
134.7376
135.9268
123.0687
118.2664
110.3485
118.5844
121.1714
106.1654
117.3535
135.8389
136.9291
145.7656
136.0604
131.8702
124.2655
124.6225
132.891
144.3414
146.3235
162.5904
167.6718
165.0949
164.4149
173.7358
178.6001
173.5027
176.7024
174.7734
171.6051
173.9201
182.9889
171.4309
163.7129
161.9569
151.7362
145.2615
128.3957
122.6078
117.9542
110.9112
120.2344
116.5412
135.0824
141.497
134.1808
140.5923
133.9825
136.1131
126.9569
117.5538
130.9111
120.2237
118.0078
127.8495
136.5465
134.3965
133.7225
140.9981
153.4755
157.9745
167.7051
173.5611
173.957
169.6976
155.8227
147.5984
127.4678
152.2642
147.2016
150.1191
139.4841
131.8056
127.0463
136.6507
127.2856
109.7979
119.225
135.4699
124.7534
116.6705
116.7596
119.4915
110.5261
115.4267
124.8186
116.1568
121.3937
130.381
129.5558
129.966
139.3629
153.1263
159.4513
145.6538
141.7125
120.3382
110.8569
114.6303
109.7377
106.8715
91.63616
91.81034
102.6053
89.37678
89.61516
88.76207
95.50668
87.52276
76.55609
72.88108
86.21196
93.33725
100.4742
96.58863
92.65059
110.4697
105.799
105.6789
110.5323
100.0574
111.4883
114.859
128.918
123.6729
113.4627
115.5889
115.3786
112.4813
120.739
125.2759
139.3236
127.4904
118.2158
103.4374
110.6023
109.3001
107.7542
115.2666
131.2355
141.6737
125.8055
150.7957
132.2949
137.4733
159.7832
137.5121
138.5386
132.9944
130.9234
127.435
124.8631
131.9677
142.7135
142.0883
152.9107
168.7078
158.0081
157.8535
153.2132
166.0773
164.9365
168.3821
152.8737
152.3953
138.7821
150.701
161.3666
182.5327
179.2563
173.4138
166.797
169.0268
176.0207
203.2269
195.1949
200.5261
189.9351
198.7716
189.4589
186.4805
189.3186
188.5068
174.7408
187.8726
213.5398
186.1959
192.3521
176.5425
185.3599
186.2797
180.0261
173.8642
181.2371
180.8471
170.9075
171.9645
161.7735
159.7387
158.6174
141.4716
156.702
145.2177
136.1842
126.6481
118.97
128.0528
125.8218
124.78
128.9531
110.5114
111.6115
111.5067
124.6878
109.6064
112.0207
113.9951
118.1572
107.0328
110.3312
112.4341
116.1203
106.7424
110.5966
97.82863
88.6137
106.9753
96.51811
104.5353
106.4155
112.6421
113.581
105.7696
105.5185
104.5713
97.84205
113.7173
114.2118
114.5363
98.38286
106.4854
97.13599
97.82797
101.6434
106.4129
92.85486
85.28249
94.77894
85.65466
77.53011
65.48072
56.5537
54.42917
49.66134
53.34378
61.5348
63.60391
69.35232
81.92657
78.56743
83.13746
89.44597
97.7579
104.9881
87.91525
71.51388
80.95716
66.97046
77.77269
74.54059
81.24322
81.55172
90.11499
81.82499
85.37485
89.51231
109.615
96.95982
94.67792
104.3399
107.4573
99.93985
95.20815
100.0561
89.43544
99.1118
102.8994
113.8378
118.3639
122.024
109.2908
96.58592
105.9031
89.85375
80.89569
61.58923
65.74939
66.3669
57.90092
60.7982
62.25782
63.65201
79.95268
88.41358
100.9039
88.2482
94.89325
105.7195
104.2153
111.8831
104.8859
112.6958
121.144
122.3352
126.2518
129.0684
111.8387
116.5765
118.1507
120.1224
114.5333
118.6887
123.1396
131.7223
117.033
114.2609
111.0873
121.6101
108.8594
118.6615
113.4504
102.3609
107.8798
114.4065
119.4034
123.4115
139.3929
137.5021
123.4786
129.2983
132.7019
129.159
127.2073
142.645
139.992
162.2216
168.6823
160.2328
162.8068
153.2766
143.8779
153.7644
143.6472
136.6854
142.2711
146.8603
151.4476
144.0463
138.3064
149.0252
136.9
146.0954
132.5786
123.7287
124.6454
110.2185
109.2015
122.3022
122.5144
116.843
108.7133
122.3505
130.7983
149.3419
158.2
174.2935
175.1599
167.6524
162.2754
166.9297
180.6704
197.7385
200.984
209.3177
198.2488
189.5756
185.3517
189.1689
176.3983
163.7823
151.5768
136.9757
139.7575
139.5921
139.7145
152.0103
142.2928
161.1224
154.7191
161.1141
162.5216
149.5827
166.3296
161.8414
163.3375
162.4907
156.3226
156.2106
162.6357
162.8998
166.9911
165.478
165.5926
162.9669
156.5529
156.6328
150.5338
137.3321
130.8233
120.6228
120.3552
107.8629
101.0187
115.7225
132.3604
140.3466
138.8605
142.1804
147.1639
134.3906
137.2689
147.2852
135.4164
152.6646
153.9796
148.9269
133.9775
119.2296
103.8406
94.196
99.8906
95.65112
93.90864
95.77279
97.5878
102.5769
97.234
99.1287
98.59041
97.69134
102.1798
89.29462
106.3118
108.0121
123.3445
132.4258
138.92
127.9459
129.8183
111.9996
116.94
132.1089
132.234
135.1448
144.0921
142.3896
146.0693
156.9242
157.9508
166.3002
167.486
163.1859
167.0728
171.1152
176.1975
175.2601
176.0569
164.4806
171.8836
164.1565
152.9617
161.9623
162.8128
163.2974
170.2408
185.9018
174.2692
180.7402
178.829
182.5936
185.3193
173.3138
158.6483
162.0891
153.4063
150.3032
146.536
141.3138
140.4737
156.7399
145.2542
148.5015
152.6247
156.6193
162.2424
128.3234
138.0546
144.2898
123.38
107.7219
113.186
106.4747
112.4558
113.1317
94.39866
98.21521
98.56061
85.39058
84.49218
94.77086
108.5298
94.02065
90.21789
100.1114
103.5764
82.57589
88.4209
57.28509
75.90276
77.34857
80.04572
63.25967
57.57127
52.58775
64.91869
57.76087
63.48108
72.25297
60.28294
73.66682
72.71759
64.75063
89.02737
101.0295
100.597
116.7047
114.729
118.5832
132.8176
124.7639
121.1631
124.8965
110.0939
112.7221
122.483
111.6716
100.7132
96.8275
93.4867
95.23711
91.52134
72.67171
79.91593
114.2668
130.0254
141.1406
130.0428
119.902
131.8127
133.2978
126.6869
134.0771
115.9849
131.9765
151.4592
146.3399
133.5205
147.8782
141.4055
152.0089
163.1576
158.9481
153.7108
153.5416
160.8463
156.2486
152.3122
143.5645
120.8947
121.9088
112.3125
124.5464
126.8273
114.1797
108.5131
107.6846
115.8635
114.2979
126.8774
107.9334
97.68082
97.06609
93.92942
86.84259
87.29025
100.8558
99.70123
107.8089
119.8949
115.4543
122.1075
121.0158
100.1871
101.8798
95.71978
94.52364
104.0264
119.0239
120.293
112.5224
110.5633
124.6865
122.7707
123.3654
97.8636
116.5291
120.7676
109.8942
118.6658
111.5174
123.9734
133.7163
131.3689
132.817
144.9634
150.738
151.5661
149.018
160.553
155.3271
153.7378
151.6126
149.2049
155.0672
143.4576
143.3787
146.6116
143.9609
138.165
148.4443
133.4926
143.4995
140.7862
116.3422
119.4918
127.3586
124.051
124.3452
107.796
109.2456
109.6949
115.2674
122.0087
121.6513
118.9279
130.2355
126.5336
128.031
141.8606
138.8251
136.1981
128.8614
120.723
115.7188
103.5044
107.5495
106.5802
102.5422
96.1612
83.02997
81.07763
72.55579
83.47696
92.41233
91.37439
106.8821
112.4134
113.1886
107.7633
118.5867
111.1582
107.8673
101.8103
101.3828
115.2621
104.1305
106.5018
119.6574
116.5848
118.0122
126.9493
121.4948
137.9798
144.8913
150.7142
146.032
156.1519
157.9191
157.6116
158.5211
165.161
148.9462
146.0306
155.7021
144.6127
141.8508
138.2273
133.8315
108.9179
119.8276
99.89306
101.2953
88.66033
101.4163
94.8812
105.4387
100.4869
104.4519
103.1284
83.91903
90.59346
89.21973
103.4394
106.8319
109.5649
101.1293
104.5315
100.8169
105.4619
106.213
98.99033
91.22572
72.17146
75.15359
76.79668
82.66793
71.78285
87.03975
91.66272
107.524
122.3679
119.6232
107.1322
98.33334
100.1752
98.13534
96.71452
88.41883
87.6331
96.18802
115.4121
125.8128
116.5498
112.3705
115.6521
103.656
101.4169
109.1228
107.3636
125.9071
128.4603
124.0859
116.6707
145.4628
138.2298
145.0169
155.8405
157.021
167.8972
171.3615
177.5606
191.1803
197.8608
209.4798
198.6161
192.9045
170.0063
158.621
155.1106
145.9308
138.7435
147.807
158.5807
168.0266
165.0912
167.897
172.5575
167.5041
176.6827
175.2026
164.634
190.3551
170.991
157.5486
151.5501
156.249
154.743
142.2437
143.0035
142.0902
157.2126
147.4319
136.5804
139.6663
146.1327
140.9394
140.228
145.705
135.5372
145.1316
123.297
116.4262
122.0037
124.1715
118.7624
115.337
116.3034
115.2847
107.3099
116.9516
123.9972
128.2098
127.3903
124.5159
149.3045
132.5083
145.5452
138.9369
119.7724
126.5625
127.7559
120.714
135.9149
121.4403
118.7174
116.6216
135.0659
133.09
116.4689
117.7035
107.7942
118.5987
127.6738
129.7843
134.0455
116.5874
120.7563
106.045
102.7608
101.5237
93.81326
96.82192
99.24998
101.2053
99.07489
91.53469
89.85354
81.69259
81.96692
64.15762
72.64063
57.78123
66.42805
73.63509
83.75409
79.4093
84.21272
103.9747
107.9193
109.1466
109.1041
104.2544
107.0113
106.2528
108.3963
119.3792
133.5357
140.1647
140.4929
130.2417
122.0942
132.8196
132.9391
124.8918
135.9584
143.1453
151.6274
162.6482
151.4804
170.0442
155.7941
150.1836
139.9756
144.5046
140.6126
126.3614
117.8072
134.7456
125.6116
131.6812
132.4089
135.7838
149.5596
128.7592
132.9347
134.729
136.1345
152.5223
155.4511
154.8056
141.187
136.7205
123.6019
130.1137
137.4232
124.814
110.8239
113.5102
113.4556
119.0247
128.9515
138.2118
142.4397
134.5655
136.5283
121.301
123.2916
119.1773
118.0398
118.1691
122.4825
126.258
121.4286
119.1184
122.3456
115.147
117.8023
124.4058
127.5332
121.5222
113.6483
127.1589
129.6885
120.9568
115.4837
102.4494
102.5251
105.2607
108.1517
101.2797
93.86838
85.53312
64.75453
62.56033
52.41056
49.20406
47.23465
