11.29918
10.45278
10.15075
9.87011
9.767179
9.681208
9.844867
9.167007
9.74795
9.517594
9.518064
9.744139
9.198383
9.791252
9.26245
8.904883
9.723362
9.791859
9.777041
9.45932
9.929295
10.08249
9.91276
10.39598
10.24173
10.5216
10.24658
10.08386
10.25579
9.895153
9.490118
8.918086
9.192937
8.915392
9.405251
8.873158
9.383438
9.553189
10.06146
10.18633
10.14019
9.894347
9.743
9.667451
9.530161
9.320998
9.274116
9.191509
9.247551
9.867923
9.632455
9.873286
9.948584
9.968493
9.826558
9.61951
9.250277
9.371304
9.609995
9.439928
9.864914
9.240664
8.795981
8.78726
8.783463
8.875735
8.975815
8.82958
9.156599
9.395986
9.144447
8.425732
8.509129
8.487418
8.912721
9.806328
9.92022
10.09047
9.775927
9.564037
10.08893
9.94342
11.07405
10.24142
10.61503
10.38801
9.951404
10.36996
10.15712
9.91518
10.46649
10.8387
10.90891
10.44373
11.10552
11.34619
11.76432
11.3742
11.46599
11.89187
11.79071
12.18853
12.0372
11.50344
11.78972
12.19179
12.02319
12.3174
12.45999
13.05684
12.21167
12.7978
12.72486
11.60613
12.05598
11.97318
12.09875
12.40308
12.01679
12.04791
11.65944
12.25298
11.92937
12.00796
11.79447
11.67044
11.97462
12.11429
12.06085
13.14005
13.12618
12.8663
12.78665
12.80077
12.52464
12.78158
12.63153
12.71967
12.86803
12.20597
12.58566
11.75219
12.66668
12.31312
12.09477
12.23577
11.89886
12.41406
12.18324
11.45353
11.31035
11.79819
11.96532
11.62646
12.1122
11.98222
11.51692
10.60977
10.88928
10.60629
10.15705
10.09997
10.67474
10.87027
11.3991
12.27826
12.15657
12.57057
12.32338
12.49666
12.9018
13.01053
13.37708
12.86734
12.89288
12.50081
12.83019
12.82598
12.15674
12.01073
11.59281
11.78695
11.77393
11.69424
12.02391
11.84475
12.05347
11.25535
11.40898
11.35913
11.25291
10.95723
11.32623
10.86753
11.45276
11.37757
11.38122
11.73573
11.72517
11.33353
11.31285
10.63872
10.65331
10.46217
10.94082
11.64706
11.06568
11.08514
11.36461
11.52199
11.32496
10.91164
10.39428
11.86901
11.77173
11.75178
11.12446
11.19118
11.78803
11.54537
11.323
12.29096
12.33229
12.41104
12.3453
11.97403
11.58173
11.34315
11.27356
11.2792
11.74645
11.77907
11.71373
11.93219
12.43352
12.35198
13.0871
12.50398
12.11351
12.4582
12.5101
12.41311
12.53234
12.46706
12.01141
12.52398
12.42627
12.68772
13.32864
13.04946
12.69128
12.67954
12.56255
12.54552
12.42599
12.6142
12.88146
13.24037
14.1259
14.12298
14.34407
14.32852
13.71611
13.71785
13.85016
13.88663
14.37285
13.32518
13.74206
14.92908
14.66585
14.16875
14.2717
15.13615
15.10876
15.14532
14.51369
14.23501
14.36223
14.19225
13.67292
13.33104
13.50959
12.40373
12.37981
12.31516
12.8329
12.78735
12.71414
12.04716
12.90302
14.06628
14.85431
14.70157
14.9538
15.42938
15.17483
15.12945
16.35642
16.47985
17.54426
18.22837
17.25422
16.63865
17.04789
16.47556
17.11898
16.33234
15.41258
15.99296
16.89085
15.99063
15.70191
15.37319
16.39761
16.4952
16.2527
15.92737
16.36469
17.01881
16.02658
15.62435
16.1617
16.2642
16.85464
16.49406
16.63819
17.02865
17.55581
17.6035
17.18689
16.69835
16.20087
15.90842
15.66027
15.14574
14.37917
15.04756
15.74706
16.54526
15.9374
15.40977
16.38659
16.58223
15.91626
15.14964
16.20539
15.30362
14.29145
13.83083
14.89931
15.01071
14.55279
15.30873
15.54386
16.11831
15.86383
15.49859
16.02839
15.65962
15.83922
16.44357
16.17822
16.27825
15.77372
15.07533
16.52313
15.04179
14.51577
15.2043
15.41302
15.08687
15.05742
14.00515
14.74655
15.63759
15.72343
15.64858
16.15851
15.43124
14.43927
14.66264
14.70219
14.43138
14.95722
14.00389
13.52541
14.54651
15.05675
14.85763
14.55842
15.28007
15.64966
16.14445
16.21003
16.36754
15.66333
15.26948
16.73419
15.45253
16.00773
16.09114
16.53799
16.28753
15.47758
14.91709
14.88283
14.6777
14.64791
15.47325
15.01224
14.78357
15.14745
15.51046
15.25997
14.51255
15.21739
14.76779
14.29036
14.72203
14.88653
15.93706
15.07852
14.51325
13.53416
13.7258
13.79734
13.77902
14.80765
15.15743
14.82206
14.90986
14.33672
14.45235
13.75096
13.61559
13.3785
13.00983
12.97017
13.36867
12.88931
12.66361
13.05204
12.54271
13.53136
13.57762
13.55039
13.16295
13.76991
13.45064
13.28905
14.36225
15.20009
14.95013
14.98262
14.72734
15.59821
15.24336
14.93046
14.65071
15.62403
15.1176
15.0488
15.06579
14.60679
14.87349
14.43928
14.54103
13.69437
12.88992
12.86648
12.44557
12.43895
12.99093
12.48276
12.87357
12.63922
12.90581
13.53623
13.32451
13.47144
13.24029
12.87847
13.34832
13.43473
12.7805
13.13128
13.66935
13.07594
13.34154
13.64054
14.14156
13.52372
14.10034
14.35357
13.66788
14.14983
13.55532
14.05331
13.63536
13.89835
13.93014
14.19038
13.30889
13.47425
13.91116
13.96263
14.5707
15.24105
14.0136
13.23889
13.75131
12.93902
13.02089
12.99346
13.51073
14.62567
14.49049
13.5772
13.84393
14.02447
14.53666
13.99958
13.94211
13.8245
13.60873
13.0888
12.61156
13.25209
13.92452
14.26141
13.87136
13.72087
13.74874
13.54753
12.85268
12.33223
12.57528
13.06719
12.97782
13.04895
12.52889
13.10336
13.16606
13.50563
13.8845
13.39931
13.21099
13.52107
12.70793
12.15172
12.56591
12.67554
13.45362
13.36671
13.2604
12.43073
12.4833
12.70342
12.09317
12.44923
12.28447
12.59069
12.99939
13.10228
13.08846
13.71829
13.92665
13.7974
13.91394
14.33856
15.2288
14.62059
13.82351
14.42474
14.3358
14.53896
14.07934
14.55345
15.0211
15.57655
14.11403
14.2421
15.20778
14.60727
14.48388
14.32446
14.04418
14.33353
14.64872
15.82821
16.66246
15.81433
16.21926
16.23935
16.12864
15.73887
16.29714
15.65949
15.77776
15.9078
16.09234
15.28633
15.60406
16.01757
15.06543
15.3969
15.21241
15.5361
16.03627
15.96187
15.82251
15.57818
16.1718
15.91115
15.97768
15.9238
16.09451
15.99102
16.20153
15.87886
15.38896
15.96131
15.39866
15.29221
15.37624
16.69775
15.63804
15.87987
15.75726
16.65349
15.23141
14.77852
15.50512
15.55131
15.51259
15.88696
15.48721
15.74315
16.3992
16.09629
16.2142
16.27083
15.63585
15.20347
14.93207
14.85447
14.78639
14.85122
14.63933
14.70867
14.49635
14.70093
14.54925
15.17828
14.61402
14.92997
14.86402
14.50126
14.73645
14.15748
14.4945
14.42269
14.27931
14.38862
15.12169
14.8026
14.92445
14.78699
14.39009
14.21128
14.35706
14.71218
14.20211
13.9243
14.51082
15.10807
15.36334
15.32949
15.01312
15.12359
15.70297
16.52037
15.84348
16.18784
15.44194
15.36069
15.59607
14.94423
15.54061
14.2057
14.55628
15.20746
14.9717
14.72227
14.14123
14.80981
14.87595
15.06845
15.25951
15.63246
15.72139
16.45106
16.89282
17.0325
17.14679
17.38654
16.21793
15.30906
14.91132
14.66961
14.00816
14.24506
14.85582
14.67578
14.86017
14.31983
14.38776
13.6678
14.35361
13.87619
13.7886
13.51373
14.15373
13.31494
12.41256
12.57039
12.50701
12.70138
12.96392
12.81207
12.72898
12.87167
12.27
12.83964
12.70782
13.05198
13.09842
13.02018
13.26455
13.20499
13.18692
12.8807
13.70363
13.73015
13.05491
13.10249
13.8185
13.57417
13.48386
13.63609
14.12908
14.35358
13.84105
13.82704
14.08211
13.815
13.13469
13.98142
14.35638
14.41768
14.59806
13.64694
13.97917
14.13826
14.03954
14.13264
13.55803
13.81943
13.77157
14.51708
15.2949
14.69598
15.58937
14.81282
14.57538
14.3166
13.95364
13.99695
14.01761
13.29146
13.22885
13.24156
13.46964
13.68881
13.18927
12.98967
13.05687
12.27593
12.62377
13.03785
13.24328
14.31024
14.35491
13.69909
14.67369
14.59553
14.67535
14.61725
14.89955
14.98796
14.30787
15.14986
14.85557
15.25408
15.24994
15.5224
15.44917
15.16533
15.47425
15.06623
15.69882
15.52807
15.33734
15.42368
14.98936
15.53019
16.46665
15.53948
15.09927
14.62798
14.58913
14.77989
14.4699
14.09572
14.10533
14.34702
14.71248
14.42789
14.52956
14.33001
13.86532
14.2487
14.03158
13.80062
13.74546
13.92633
13.53829
13.16765
12.91406
13.59665
13.81393
13.8245
13.55726
12.97152
12.80511
13.20065
13.38589
13.2039
13.40765
13.7372
12.84657
13.58346
12.59513
12.9953
12.50696
12.58496
12.64441
12.51252
12.45787
11.98248
11.83466
12.64696
13.15592
13.12367
13.26005
12.67191
12.40612
11.7159
11.60463
11.71509
12.37762
12.01173
11.96272
12.65944
12.78362
12.47553
12.47369
12.77081
12.59123
12.48948
12.04114
12.09576
12.56346
13.59658
14.13999
14.13947
13.96563
13.49565
13.67014
13.69294
13.22522
12.33345
12.44338
12.96922
12.71796
12.82929
12.3313
13.12208
12.64442
13.70718
13.23687
12.17302
12.31083
12.32228
12.73918
13.2094
12.65978
12.33878
13.00622
12.26314
11.94918
12.68638
12.70963
12.9167
12.61242
11.42257
11.15171
12.09296
11.78115
11.54262
10.95649
10.74236
11.59808
11.4274
12.134
11.86387
11.886
11.83629
12.42133
12.35255
12.63419
11.63792
12.52948
11.96323
12.06984
12.86213
13.32309
12.80763
13.10536
13.55302
12.9873
13.4372
13.51439
13.22441
13.38643
14.17212
13.84313
14.15651
13.1156
14.19354
14.08116
14.0789
13.60589
13.96647
14.08174
13.13211
12.54364
12.49582
12.57
12.72123
13.38993
13.53521
13.48842
13.3082
13.19827
13.25151
13.08692
12.24361
12.23694
11.84592
11.79201
11.75042
12.1977
11.91815
11.99592
12.53655
12.34946
11.0144
11.63262
11.50504
11.56546
11.69908
11.32964
10.79437
11.11164
11.19088
11.08475
11.79392
11.66051
12.07638
12.28848
12.64347
12.33397
11.89507
11.27645
11.37929
12.78063
12.46852
13.02702
12.90725
12.56913
12.14809
12.00915
12.05151
12.37512
12.28527
13.08265
13.06937
12.74846
12.43133
11.64026
12.23775
11.79651
11.78709
11.73666
11.47582
12.50557
12.00106
11.48309
11.66482
11.58551
12.07337
12.43741
11.49208
11.99834
12.05826
12.35907
12.37506
11.72437
11.91441
12.41003
11.59505
12.35309
12.75926
11.94742
12.03989
11.68073
11.31861
12.15462
11.8733
11.83314
12.49061
12.87538
12.75633
13.17708
13.21787
13.79083
13.36188
13.2175
13.015
13.34586
13.21715
12.1809
11.46938
11.45458
11.28749
11.51041
11.22913
11.14739
11.02926
11.468
11.52555
11.83472
11.42766
12.39687
12.51623
12.66065
11.18316
11.56558
11.1637
11.01553
11.11837
11.10058
10.93976
11.11741
11.2423
11.42559
11.43812
11.15385
11.37839
12.05034
12.86418
13.00403
12.73388
12.99827
13.79532
13.23798
13.19184
12.97629
13.0565
13.63119
14.15534
13.65518
13.80674
13.60637
13.46559
13.0643
13.1598
13.0576
13.11285
13.54284
13.12946
13.26585
13.24293
13.56867
13.82444
13.65803
14.12647
14.11703
13.87598
14.4094
14.07856
13.47213
13.78802
13.53214
13.84463
14.07093
14.30539
13.81257
13.46907
13.54475
13.78789
14.11982
13.95199
13.18255
13.43108
13.30573
14.38572
14.3956
14.53239
15.20728
14.9799
14.41256
13.78061
13.39511
13.79961
14.22158
13.04117
13.33168
14.45707
13.71299
14.3122
15.18774
14.62865
14.41965
14.22998
14.21536
13.33983
13.96835
13.03178
13.41375
12.77066
13.30956
12.43715
12.89698
12.98941
13.01306
13.39072
14.45371
13.73552
14.50719
14.04324
14.07036
13.3653
14.35157
14.42304
14.31943
14.51795
13.51597
13.08384
13.59095
13.53313
14.31804
13.42702
14.41274
15.04468
14.81839
15.07925
15.25265
16.17413
16.02236
16.56526
16.45588
16.38125
16.11472
15.58306
14.29102
14.39063
15.32594
14.76261
14.28468
14.92614
14.47506
14.3494
14.68269
15.2691
15.59767
15.65369
15.54778
14.98368
15.07468
15.1412
15.24342
15.45725
15.25619
15.26868
15.32048
14.89016
14.73298
14.85631
15.12638
15.53701
15.83162
14.05338
14.75561
15.42066
15.46509
15.03632
15.25127
15.11257
15.85463
16.15043
16.23987
15.61843
16.3521
16.58104
16.77426
15.98656
15.79816
15.8728
16.26204
16.21243
15.90689
15.69588
14.88632
14.78957
15.03082
13.98519
14.78686
14.33134
14.23994
14.63469
15.35289
15.55035
15.60093
14.93552
14.60887
14.27302
14.39893
15.04293
15.43777
14.48059
14.69633
14.59615
14.26268
14.00701
13.64494
14.23956
14.60379
14.19486
13.86424
13.94646
14.03877
14.59743
15.55511
15.23778
15.08158
15.18144
15.73318
15.65434
15.55074
14.70169
14.58592
14.43014
14.3168
14.05491
13.83112
14.4707
14.17548
14.44589
13.79409
13.52841
12.26415
12.30879
12.39803
12.22974
12.4962
12.23004
12.11161
12.13643
12.05773
12.71306
12.92069
13.31932
12.94764
13.01974
12.98207
13.5086
12.96839
12.51223
12.25607
11.93572
11.73543
12.22598
11.44414
12.13378
11.84688
11.62296
11.1981
11.90295
11.92838
12.43009
12.07074
12.09829
12.19719
11.89189
11.8915
12.0491
12.00632
12.076
12.13274
12.45335
12.74613
12.80678
12.62363
12.54326
12.801
12.4582
13.62354
13.90798
13.86199
13.52977
13.26727
12.25292
12.96153
12.83212
12.74146
12.68514
12.6953
12.16546
12.28218
12.29832
12.40894
11.75362
11.12391
11.05351
11.43141
11.00039
11.58821
12.01037
11.94145
11.73441
11.48011
11.52314
11.001
10.90352
10.47783
10.67752
9.855567
10.43717
10.40367
10.82333
11.56071
11.75568
11.92605
12.00419
11.5866
11.5318
11.0351
11.06777
11.01405
11.33982
11.53446
10.9232
10.54597
11.55474
11.89122
11.66106
12.18743
11.1102
12.06197
11.83703
11.81543
11.61557
11.64068
11.50032
10.79624
11.58471
11.34187
11.16006
10.34777
10.81707
11.27264
11.06841
10.92782
10.99588
11.24509
10.90046
10.50346
10.50573
10.3943
10.82913
10.77598
11.29928
12.48843
12.02562
11.64137
11.44448
11.32019
12.34568
12.73035
12.27931
12.87236
12.75746
12.70522
12.46923
12.24079
12.31062
11.93149
12.62771
13.68484
13.67827
12.62992
13.28831
13.7917
13.51055
13.68255
12.77778
12.83001
12.38591
11.9618
12.86552
12.60359
12.45831
12.27907
12.34549
12.34507
12.80485
11.53344
11.33814
11.963
12.14612
11.94225
11.86142
11.56976
11.72054
12.39781
12.74351
12.32662
12.23748
12.45944
12.92871
13.07549
13.55599
14.52218
14.71493
14.86617
14.00967
13.11824
13.18739
12.23315
12.25674
12.48567
12.77759
12.87582
13.10697
12.39429
12.14195
12.52469
12.22293
12.02167
11.76121
12.32508
13.54056
13.25477
13.04579
13.38452
13.5261
14.30736
13.92749
14.44105
14.56636
14.58402
14.24633
15.40892
14.79021
14.63664
14.97034
14.74059
14.50384
14.92097
15.08879
14.33958
14.71798
14.15612
14.23027
14.05095
13.82117
14.17074
14.91435
15.56641
16.53157
16.39897
16.1523
17.20035
16.14082
15.48543
14.83454
14.3244
13.63535
13.70585
13.82521
13.76822
13.54046
13.16614
13.12272
13.32905
13.54193
13.93994
13.45044
13.30704
13.46366
13.65259
13.98939
13.7573
14.91728
14.7287
13.66912
14.02977
14.42047
13.87787
13.62936
14.22591
14.80561
15.35354
16.26719
15.35864
15.22574
16.02159
15.68856
15.35782
15.49616
15.80914
15.99826
15.23821
14.11466
13.69982
13.30399
12.38077
13.37555
14.00385
14.20453
13.52364
13.44944
13.59714
13.33038
13.25205
13.24103
13.92591
14.0923
13.99562
13.63895
13.54258
13.92093
13.41388
13.82083
13.26733
13.93243
14.14033
14.28064
13.76079
13.8826
14.19357
14.13188
13.26555
13.01168
13.1364
12.90495
12.90155
12.88562
12.60917
12.62825
12.76154
12.40968
12.26238
12.92201
13.34831
13.18196
13.5088
13.74331
14.27571
14.6216
14.25439
14.01638
14.05893
14.2307
14.29402
14.72813
14.67363
13.72699
14.45832
13.86715
14.27416
13.84023
14.0408
14.02877
13.99139
14.0791
14.26438
14.43481
14.63114
14.47207
14.56987
14.11919
14.22294
13.72789
13.38587
14.03555
13.79715
12.20611
12.79862
13.14481
12.31084
12.19703
12.60539
12.32264
12.87622
13.37371
12.60771
13.69617
13.626
13.78556
14.3645
14.50024
14.15181
14.35527
14.58889
13.98425
14.14182
15.56851
15.17715
15.4651
15.12724
14.65433
15.27642
14.89687
15.38164
16.88929
17.37214
17.95778
17.41578
17.66597
16.37837
15.09261
15.94492
16.3505
15.00537
14.89858
14.6043
15.35026
15.4571
15.43096
15.02017
14.3879
14.15962
