probIn scale
0.07362712 224.28
0.08556809 230.0424
0.104462 255.7324
0.0925113 261.5871
0.1004953 276.63
0.08844571 281.9615
0.06584399 305.8365
0.08894668 298.1811
0.09287264 319.1808
0.08893944 337.2776
0.07338585 329.0098
0.09742524 319.6947
0.08855504 313.8867
0.09418245 298.8919
0.09041825 279.1215
0.09276507 273.6171
0.07394445 252.2203
0.09566965 265.3773
0.0759009 257.9617
0.07968351 266.3844
0.0820379 293.3611
0.08080285 317.4021
0.0943125 310.7902
0.08939147 271.063
0.09234717 283.3207
0.07463832 253.1079
0.09764444 232.347
0.11611 242.7046
0.0943439 204.2351
0.1061952 203.7546
0.09669141 218.2092
0.1004335 223.8276
0.1000715 226.7812
0.114975 227.3333
0.1195476 229.856
0.08915795 237.6331
0.110784 241.8114
0.1153233 255.7942
0.1085573 262.1658
0.1134232 279.1193
0.09659778 287.4095
0.08773423 285.8493
0.09999105 291.5918
0.08506439 304.305
0.08522622 308.3725
0.1036692 305.2631
0.1146418 325.9339
0.08646766 315.3168
0.0972281 318.9424
0.09886874 325.4378
0.1019623 340.999
0.1018281 399.4741
0.09710996 431.5269
0.09505975 408.6377
0.1025409 454.4486
0.08501723 440.616
0.101052 423.6303
0.1113973 415.2131
0.09646193 415.8417
0.108221 475.352
0.1123833 462.0902
0.1058784 504.9647
0.1045319 512.8514
0.09216937 535.8221
0.06779841 540.0064
0.07255199 541.4059
0.08434433 511.2529
0.08510793 534.0346
0.09264339 545.0966
0.0873592 530.9441
0.08750065 545.4579
0.09971169 494.942
0.09709366 473.7249
0.08217718 482.4619
0.09318281 527.6146
0.08090403 546.9423
0.08748019 565.4609
0.07200624 522.097
0.0819255 517.6368
0.07015499 447.7036
0.08944814 424.9336
0.1019677 434.9076
0.08637055 459.0854
0.09762913 396.8023
0.09508355 408.0557
0.09819712 393.9467
0.1144999 426.611
0.08935213 461.3017
0.1025516 455.2372
0.08755447 501.8939
0.08733481 484.5238
0.1041453 438.2786
0.09151972 414.0174
0.09266609 425.1709
0.08001753 402.2551
0.09726309 401.5003
0.09755926 395.9091
0.09867243 417.4061
0.09849647 421.4214
0.0979234 477.9984
0.1008134 511.8459
0.09587438 449.5884
0.09383452 446.4744
0.1047052 411.1557
0.09529793 433.3363
0.08565674 443.5487
0.08241519 431.2918
0.09103029 488.2493
0.08504993 511.7529
0.1015421 591.9672
0.08106114 592.7312
0.1066538 566.7603
0.09081569 531.4991
0.07977387 458.0852
0.09366294 462.4158
0.08549207 437.7761
0.1019185 413.2914
0.09514182 400.0775
0.09892761 377.1486
0.09587343 352.4333
0.09584616 356.4535
0.08984677 372.944
0.09088627 359.4629
0.09327835 347.6082
0.09859064 340.891
0.08374785 356.6923
0.09223913 379.3002
0.09300433 388.0437
0.08887007 404.278
0.08590969 448.0321
0.09424204 419.0437
0.1031263 428.8145
0.1085808 376.9651
0.07913362 393.7988
0.07807558 356.4002
0.06969819 354.0871
0.09299849 366.7329
0.08946159 382.6794
0.09415727 358.028
0.07703177 402.1394
0.09811989 445.3978
0.09640803 461.1937
0.07973425 464.1381
0.07330101 507.6436
0.0891177 515.1769
0.07932298 533.3142
0.07943503 496.6653
0.07983944 472.3519
0.06765198 498.338
0.07534641 491.6349
0.07047425 526.4586
0.08104608 460.9929
0.07086032 484.686
0.06916011 533.5434
0.06363885 572.373
0.06984643 504.1918
0.07384139 476.911
0.07504125 481.6044
0.07412752 509.1867
0.07281608 517.5242
0.07029699 499.3069
0.07438646 464.5768
0.07410931 439.9105
0.0709695 512.3114
0.07067031 503.1473
0.07928728 486.5726
0.07650945 472.1691
0.09552692 530.6811
0.08104181 545.0807
0.08349565 514.9417
0.08495401 514.4174
0.08264488 545.8458
0.08177473 500.421
0.08591363 526.1736
0.09782484 491.0729
0.09357441 540.5787
0.08264294 552.4216
0.08614086 521.5994
0.0784864 515.805
0.09997423 509.6101
0.08735179 511.3848
0.09201548 490.1997
0.07084442 468.0501
0.07670793 434.1134
0.08296801 414.3895
0.07844205 399.0189
0.06901212 387.0144
0.08494333 406.0087
0.08236051 424.786
0.08031055 454.1569
0.0837779 468.6693
0.07704392 480.4907
0.06479232 478.0063
0.08746448 454.6695
0.07133372 487.1766
0.08057688 509.1909
0.08426391 518.6928
0.09584143 455.9974
0.07352148 437.939
0.07738362 475.5049
0.08464694 485.6907
0.07651899 449.9392
0.07602612 432.7706
0.0777313 429.0476
0.07815624 450.3586
0.06796274 477.9806
0.08965976 455.9974
0.0716047 467.915
0.072846 489.4896
0.07665243 490.8976
0.07074967 542.8271
0.06919516 509.9955
0.07264202 531.1222
0.07956597 499.9435
0.07360165 459.5024
0.08102504 426.7375
0.06929343 403.7006
0.06529179 390.8105
0.0802826 410.4761
0.07060807 381.4295
0.0924468 354.0582
0.09319847 377.6477
0.09254196 375.3473
0.08406303 386.7671
0.06552088 408.4166
0.07360226 366.8075
0.07837036 388.6028
0.08133996 382.4317
0.08261641 371.2093
0.07428798 354.6767
0.06763507 357.9957
0.0928302 345.8552
0.06696269 353.037
0.0707242 368.7433
0.07823986 377.4599
0.06971948 397.9574
0.06548109 402.6185
0.07353766 438.2706
0.0659543 403.1844
0.07324116 396.5807
0.06328966 447.0169
0.07524778 421.7609
0.07502533 463.9425
0.08766351 470.2964
0.07680364 441.9768
0.08620997 413.5661
0.07509855 433.5293
0.07548277 444.7506
0.06812452 436.7819
0.07072772 444.0062
0.08086538 422.0156
0.06244242 440.2518
0.08253141 434.3576
0.07302689 450.7834
0.07849836 403.7947
0.08137254 426.5826
0.08239278 431.8875
0.08245434 406.3448
0.08822282 440.8843
0.0709331 483.4628
0.09045697 474.3742
0.0686784 470.0141
0.06617104 472.1494
0.06290051 488.6499
0.06759517 429.7562
0.07196253 478.762
0.07421703 479.268
0.0698493 538.8321
0.07394931 524.6914
0.07348232 520.1494
0.07159264 555.9645
0.07774576 515.5568
0.07239363 493.6941
0.07217683 508.0373
0.07471479 531.3283
0.07054482 525.4674
0.07706061 529.4177
0.07296064 551.4318
0.0849009 532.0112
0.07708748 482.0728
0.08746482 516.062
0.07328049 515.5689
0.07543309 531.8511
0.08958233 474.872
0.0735099 458.1786
0.08454186 434.9659
0.07536317 371.7834
0.06543355 353.998
0.08477793 347.9847
0.09934835 359.7294
0.07749276 340.3059
0.06683083 324.6462
0.07607911 347.5451
0.07488793 356.498
0.07072124 338.3818
0.08450809 333.9697
0.07085582 331.0511
0.09797345 335.532
0.09121875 334.8762
0.0797698 337.1018
0.09224041 363.8694
0.08539484 358.3254
0.07016216 352.2229
0.07317398 346.8537
0.07998177 335.4972
0.08505989 321.2609
0.07982817 360.8243
0.09352334 314.1374
0.08764934 349.6011
0.09490331 321.39
0.08314367 283.6649
0.08766164 274.5007
0.09664617 271.4668
0.1035461 268.4077
0.09398377 282.4458
0.08309027 301.3277
0.08856032 302.3565
0.08037374 288.8624
0.1042184 272.4358
0.09411314 284.0398
0.09116164 289.5881
0.08392013 282.1024
0.07840978 281.2795
0.07442736 310.3588
0.09598136 330.2338
0.08764284 361.7577
0.09660385 349.276
0.08393565 327.8517
0.09061029 329.1077
0.09253823 317.8412
0.09082684 305.0932
0.09016026 307.5267
0.08497344 303.4575
0.1038553 296.961
0.09632459 287.4424
0.1007072 302.5929
0.09351456 308.483
0.0960589 301.6974
0.1046479 304.6043
0.09381304 317.2686
0.08407928 281.4573
0.09070791 289.9743
0.1049568 275.7355
0.1112612 297.6697
0.07758179 333.2419
0.0834709 362.8192
0.09715827 364.2656
0.09484419 397.5454
0.08226043 366.4011
0.09413974 340.5622
0.09256892 322.7874
0.1051619 315.5561
0.09007114 321.0179
0.0877486 310.5715
0.08679648 324.7606
0.08899887 304.5266
0.07750434 334.7823
0.0808927 341.915
0.07875537 320.6345
0.09443976 339.0339
0.09425384 325.7421
0.1157251 336.0105
0.08650069 338.1804
0.08644872 368.157
0.08739959 364.5864
0.08445903 373.8854
0.0919232 385.845
0.08245088 399.864
0.08720276 404.8967
0.07431457 390.8207
0.06514632 424.0442
0.1004679 422.2255
0.06463667 435.1466
0.08476442 429.8729
0.07109645 478.0593
0.06364695 440.9669
0.07090535 452.9651
0.07839868 481.2952
0.07798526 439.3875
0.08265825 445.4707
0.083636 426.4901
0.0761482 422.0042
0.08766613 415.2479
0.07697677 416.4897
0.06845162 393.3633
0.0743677 400.4513
0.08033196 422.5644
0.07476526 394.148
0.0894894 353.4053
0.09044018 336.8339
0.08254229 364.6636
0.07747037 368.5711
0.09552091 358.4534
0.07756492 326.7483
0.09355902 303.0994
0.09365852 344.5406
0.07508329 354.1552
0.0933539 357.343
0.08206384 364.5795
0.07995501 360.0018
0.07908512 348.3334
0.08855015 369.4332
0.07641287 417.476
0.08957141 402.9864
0.08034604 433.4042
0.0974629 440.2897
0.08104834 531.8725
0.09179159 502.9911
0.07583839 494.4366
0.09730185 473.8902
0.1023413 504.0429
0.09682496 435.9549
0.1020893 434.6127
0.1125254 421.1543
0.09187939 384.4032
0.08597919 416.936
0.09715679 387.3453
0.09069488 387.82
0.08612867 397.6031
0.08139717 393.9488
0.1006677 379.3451
0.09641708 391.3893
0.09306409 381.9553
0.09589814 374.618
0.09125099 394.0228
0.07941343 373.6101
0.09877532 368.8031
0.0663779 380.337
0.07924991 354.003
0.08165762 376.9557
0.08569359 379.448
0.07568929 381.7727
0.07871216 360.2271
0.066837 338.0787
0.07702708 353.7776
0.09185348 366.0256
0.08671367 362.7148
0.07045192 345.33
0.08141223 326.0106
0.1040371 313.8548
0.07963248 322.0532
0.103474 347.049
0.09635575 302.2327
0.09889619 274.2531
0.07833223 272.0325
0.08288307 283.651
0.08974409 269.7252
0.09158897 266.8356
0.1009268 237.6628
0.09523068 210.8361
0.09570093 218.56
0.09002815 232.0469
0.08721678 238.513
0.1025266 219.3881
0.1177774 212.2858
0.1120425 200.6674
0.09614418 189.2155
0.1206566 196.966
0.1145539 195.0343
0.1347906 182.492
0.1145403 193.0937
0.1053394 186.2103
0.1002681 195.6671
0.08482629 213.7294
0.1028551 185.5655
0.1058082 216.3872
0.0983957 224.2637
0.0963809 227.3999
0.1031276 219.4096
0.09654696 226.9239
0.09630879 233.9483
0.1019874 234.3439
0.1008623 233.1102
0.09915111 215.7764
0.09468314 216.9858
0.1046707 231.0148
0.0988385 209.731
0.1035374 187.4016
0.09662005 220.2805
0.08790017 227.2783
0.09191047 268.7906
0.08656484 280.1307
0.08139406 315.3056
0.0779194 309.1861
0.08641436 309.5636
0.0792881 319.7561
0.073351 351.9257
0.09077337 359.2561
0.08679736 371.1672
0.08614009 410.0264
0.1019405 388.551
0.09149538 385.7689
0.08146503 393.4098
0.0813318 376.6665
0.09392689 391.1778
0.1157222 396.5825
0.09561271 369.8093
0.08855591 357.2524
0.08602592 361.7176
0.09020111 350.9726
