427.5693
338.3075
266.1925
237.1178
194.784
218.8534
226.6843
192.2411
214.5005
248.0041
241.0302
230.7177
196.9871
217.6331
233.2214
271.3675
236.4038
216.6633
251.0919
219.634
243.5382
231.773
226.1347
206.7695
209.2191
228.5981
210.718
214.4268
208.4679
236.162
241.2111
200.1091
214.7142
233.8242
234.0293
247.5078
220.3552
209.1555
225.749
208.2831
238.4322
230.9776
225.0527
266.8007
233.4612
234.499
223.5103
226.6118
210.3223
237.5361
236.1091
225.442
235.7767
229.2361
209.6516
226.081
231.1682
241.8545
232.8246
215.2752
263.5522
228.2867
236.4612
250.5101
239.7009
252.1074
214.0549
246.9032
277.6711
249.1595
246.1051
239.5803
232.1571
238.6785
227.087
242.1595
207.5379
203.7088
198.4058
219.1951
215.5011
225.8982
204.5946
199.2762
210.7679
202.5092
169.3013
236.6798
214.9558
212.5614
221.649
233.3152
213.3055
227.2874
249.2269
201.6837
243.276
230.0394
208.1416
256.7918
232.6931
217.8139
222.4701
228.652
218.9612
223.617
226.0094
210.3332
214.3671
224.2553
228.1521
207.6901
219.1139
211.7504
210.5322
205.2444
190.6848
227.4148
199.2966
214.3407
220.05
249.4696
204.8502
209.6117
240.8923
208.1803
216.5972
243.0803
214.0451
218.6554
193.0584
247.1136
192.2036
220.2475
222.9369
219.3737
214.4313
218.3259
233.2791
215.115
245.1075
229.3529
197.2441
220.1073
198.6233
193.9353
233.9725
223.13
201.7642
235.4244
230.4061
215.396
230.0042
229.593
204.5423
197.3247
211.3398
199.0861
178.0498
231.0849
204.7173
243.0654
222.1838
222.8216
247.1227
207.8894
228.9431
249.8732
225.9388
210.5776
252.6994
260.1691
205.0556
230.9018
274.2625
229.0123
240.2197
238.061
232.6083
226.8529
201.4728
236.2324
212.403
212.1754
227.342
248.4517
272.2882
254.3442
244.569
254.7626
224.0678
246.5053
225.8367
232.3301
203.0404
249.7869
248.2515
240.8666
252.0349
258.5206
232.6055
210.6873
255.0314
241.0986
222.5134
203.0657
211.7245
192.8865
235.3665
207.3321
194.9203
210.9742
210.3928
202.1026
222.19
246.7438
238.5373
223.7393
218.4201
241.7681
204.5633
205.1023
220.1114
211.0918
239.1493
228.7849
218.6522
212.4542
231.2335
245.6114
241.3404
240.3589
241.3875
238.4567
242.0057
237.3464
246.2811
219.4428
216.1824
222.1953
247.5015
216.4961
220.5743
244.5358
194.251
236.5452
220.272
220.7343
230.1422
236.9123
205.5944
214.7768
225.4331
229.1772
207.2003
226.295
246.0408
242.9453
201.0446
230.2743
246.599
213.2066
244.8222
235.1708
212.3549
228.2269
231.1584
235.2781
251.5114
257.9043
242.7554
242.2669
238.5076
238.7465
267.2442
255.4963
215.1969
240.7725
224.3824
238.2675
229.6687
212.9549
222.3869
204.2337
223.691
219.8094
178.6468
222.9481
239.1273
225.1496
219.9665
231.2462
213.5436
251.5358
240.8553
256.0866
239.5029
241.2916
227.0539
235.6417
230.0938
238.0535
237.0806
203.241
247.1573
257.5303
233.3094
192.6722
205.1232
224.5039
183.7183
214.5397
236.2204
232.8997
231.8372
232.8842
220.3854
211.6385
185.8345
202.0144
222.5925
222.3953
227.235
236.3232
190.4
242.195
205.413
237.2875
230.3988
234.8497
189.8942
222.9127
199.8749
210.7133
215.2033
218.427
256.6659
232.4634
214.7509
173.5312
178.027
212.6119
222.6676
224.4864
198.4752
192.7457
201.2853
215.0862
225.8801
236.3701
225.7409
205.2332
208.2615
198.4299
200.6939
212.1482
215.566
187.0996
217.2116
218.0978
208.825
253.8784
201.4822
200.4639
202.2741
243.145
204.3622
224.4142
223.8584
190.5376
209.7774
192.1653
225.4099
241.9209
213.7456
223.3191
217.8071
236.8603
211.7153
219.1075
234.1931
238.9419
248.9751
240.4468
258.0105
230.1578
209.0918
232.344
220.1204
213.1072
203.2461
208.4866
238.7791
219.7818
225.7994
259.3715
234.9251
245.4425
203.2382
199.9396
199.0024
231.2146
247.896
234.4582
208.6368
213.4941
201.1173
213.6119
181.1305
231.3021
201.6378
200.724
205.9576
212.8031
213.1764
242.8486
202.2808
214.681
212.0436
233.7667
209.3912
198.3833
240.0709
269.153
208.2182
213.4941
224.0451
234.7799
216.1255
237.7463
228.5765
214.9397
209.2922
234.7579
246.2498
221.0104
247.3117
253.3256
235.2433
242.7522
204.9213
210.1216
211.2452
249.6679
245.7222
260.804
226.3647
250.0154
282.9416
232.2091
231.2705
208.4248
235.0294
246.012
236.3633
220.1872
205.9448
258.8804
243.3733
241.5756
237.7533
236.4508
238.7476
219.9617
249.9265
208.9807
222.726
223.1475
226.7531
208.2861
234.4578
224.757
222.4987
246.0643
267.9311
236.5295
222.2224
231.7644
242.7965
245.8067
222.7673
238.3589
256.4225
223.6032
225.9207
196.6644
220.2277
225.0996
224.6465
235.7809
228.967
223.8027
217.7364
250.4182
241.0024
265.6586
233.8499
241.6854
240.1953
239.1654
203.83
214.3405
217.2538
232.8276
232.8707
231.7791
237.208
253.2186
227.8025
233.3943
211.5911
206.0326
227.03
232.3193
241.6962
221.5641
234.4595
253.4117
254.2473
258.8284
219.8009
242.0293
223.851
260.2416
249.3244
235.0622
226.3812
201.2665
184.9836
234.3001
236.3914
255.563
266.9919
264.0642
248.4499
251.8117
253.8513
253.0769
224.9437
244.3524
243.1926
240.187
221.8169
233.9091
241.7008
247.6316
254.5076
241.6828
240.7541
260.7775
252.0443
220.7859
217.8581
237.6544
221.6968
259.0765
195.0206
220.4361
205.7991
243.651
260.4702
227.0182
209.5779
237.0185
247.6546
227.8716
232.6631
240.7597
233.5186
240.5963
224.3583
224.7721
221.0566
200.1197
240.811
247.5577
224.9688
190.1048
221.1652
242.5589
248.0065
240.8414
220.058
252.0161
278.7736
255.8369
272.9837
258.3297
272.4108
238.801
241.7895
267.9064
246.823
235.3766
223.2475
218.2893
218.2597
210.4299
227.4419
219.9044
247.2433
231.4341
210.7564
260.3625
242.7738
221.5278
226.7172
228.7511
210.9197
219.9541
206.9446
219.872
201.8178
231.2485
199.955
232.2836
226.0919
229.4678
197.5793
201.7234
204.7712
207.2897
227.0331
244.7858
181.9394
226.1374
218.5044
197.4345
225.8193
221.4933
234.4853
233.3245
230.8748
236.7814
215.2721
216.949
215.6961
234.2193
226.0168
218.9284
207.8551
196.6929
256.9711
221.6536
231.548
210.4419
201.9806
253.9718
238.4605
234.897
213.635
244.2831
225.908
232.1933
252.836
248.4023
225.9217
254.9233
256.2865
207.0682
221.4259
222.422
214.4804
244.7116
245.2333
245.0749
253.7337
234.3925
230.2695
207.5792
240.2469
292.216
225.3557
257.1482
232.0208
224.5985
238.9698
222.3498
218.3909
227.8821
187.432
225.0665
220.3419
231.1426
214.6922
186.0471
240.6076
201.5042
214.3682
214.7124
241.6532
200.9658
215.2155
184.906
207.0569
227.3916
199.5014
206.5845
229.4029
231.6816
248.6844
262.871
220.865
225.6273
226.1029
240.7689
230.805
197.0694
224.5689
210.9728
242.4552
221.4013
222.0127
237.9799
218.4571
230.2749
243.3494
202.0002
225.6928
230.7163
243.2796
203.9982
218.3494
202.533
218.2692
229.5874
219.7742
231.2694
253.1487
222.9732
222.1261
236.4805
205.3379
215.3346
241.4847
242.1827
217.7561
246.3401
219.2549
219.3735
263.8561
228.5222
232.6531
235.3954
209.1347
217.4789
199.6244
220.0891
228.4749
209.6432
239.2443
228.3586
219.6612
210.7576
234.8237
238.0419
183.1068
197.671
210.4088
223.3482
218.8443
221.5265
222.6266
209.1139
226.1039
233.6695
224.3943
199.0897
253.2077
224.3287
229.1853
222.1817
205.4737
232.8896
215.7765
205.7982
202.3619
207.7735
207.4996
207.246
216.3029
257.1307
211.8139
240.858
270.6218
232.5492
203.8272
214.3764
183.7512
209.2891
235.1527
214.7456
209.1493
219.5083
243.4593
242.2579
204.1948
225.4499
206.22
200.5926
202.9849
210.5228
222.7257
256.2658
219.8357
222.3366
219.6656
236.3279
226.3334
195.4874
196.3973
212.7254
236.4292
236.9504
228.6054
213.6189
223.731
255.4667
239.9723
219.8742
265.3976
255.3931
243.401
195.3165
219.8092
221.6196
219.264
212.5651
220.5197
231.3988
206.867
193.5716
228.9811
187.5665
189.3448
192.6315
200.953
205.5189
211.2173
210.0347
214.2518
221.6853
203.6641
183.1543
191.2639
228.7762
195.3923
203.5074
195.7937
279.3837
196.8994
222.3111
234.5449
198.9015
215.697
207.2615
211.636
215.2949
199.5328
188.847
213.1829
213.6621
228.9108
211.2296
211.3303
268.9657
219.6915
227.0858
214.2691
232.135
255.2308
266.6717
229.9878
259.8604
257.0123
199.6708
236.4457
192.4483
206.9633
232.801
224.1689
233.695
231.2175
232.0661
207.1552
193.454
199.5492
237.117
220.2469
239.0167
235.3913
217.8064
266.5572
235.044
254.9141
212.5887
200.3385
202.7105
219.8548
266.0088
221.7478
221.8747
253.1078
208.5821
221.3771
289.7773
216.2266
203.5637
204.2133
244.7026
233.4222
243.6855
226.102
232.5111
231.7432
201.7635
245.3187
185.3148
231.0786
225.3335
235.3971
202.4691
247.1436
216.9226
228.2436
233.5503
244.775
253.9629
253.1082
230.2935
239.3949
208.6736
217.8173
217.0024
229.5526
265.5457
227.2395
221.9506
240.9982
242.8126
231.0097
249.6739
225.6254
217.2244
229.2025
249.5695
229.18
228.4111
237.8611
220.5623
249.4533
260.3246
205.7463
239.3688
197.302
188.0887
231.7025
212.28
178.6935
208.0921
259.3435
235.0244
231.1295
228.0894
212.6256
206.6653
231.9258
224.0239
222.6066
208.1293
211.4575
209.1903
237.6132
213.3309
235.9024
249.9606
215.3942
216.2787
219.1213
191.7958
219.4314
231.0223
236.9627
219.6388
198.994
236.4856
217.152
220.34
201.3018
195.6452
210.429
228.8904
248.1043
275.6723
246.2333
233.7015
236.0028
222.6204
225.0929
231.1258
203.9208
207.0528
267.5735
244.184
220.6714
250.1421
232.1494
233.8585
224.6281
240.8187
248.2929
234.9237
241.0514
239.5237
239.9448
233.0475
274.2114
277.4421
208.5789
213.4764
240.3686
191.5876
231.4566
224.206
229.5713
199.1858
231.7829
220.6828
235.7894
237.6215
203.6951
249.0988
249.5984
232.3445
240.2234
223.1639
292.9711
236.3501
224.8079
223.2235
262.3853
230.4877
214.945
213.8307
209.4393
230.3197
242.3232
235.6001
212.049
218.3044
209.9379
230.4828
224.3716
221.1774
218.5499
235.9037
232.4814
243.8411
210.3797
239.6951
231.488
226.8486
209.7878
214.3577
244.9828
229.0609
223.5642
258.3123
259.5955
242.7117
225.1495
230.3912
217.8584
217.8802
225.7766
230.5987
209.4824
230.2729
248.437
242.2537
242.3673
227.6562
257.2989
228.8876
224.8134
234.4719
232.9925
217.1701
200.1664
182.6809
211.4886
230.0986
223.6365
223.9354
226.7694
207.1379
213.1423
232.198
194.5686
224.3377
219.4731
208.4113
240.6667
230.6438
212.3164
198.1273
223.7248
213.5388
216.5277
207.6382
222.219
244.4362
204.5172
186.0245
220.4208
217.8564
206.075
220.5666
229.9138
238.6153
212.8098
223.8937
223.583
276.8972
261.9569
210.7095
226.0723
226.5816
253.1841
239.4977
238.1133
260.4912
213.5742
240.0164
217.4443
225.2029
214.4331
229.6157
221.2804
247.2216
222.074
239.964
231.3329
253.4421
228.1324
218.5314
199.0178
169.4754
234.8991
196.4604
207.4423
231.7606
224.1427
250.1324
264.8844
218.7369
263.2601
240.4566
231.3426
208.7039
206.7102
240.3245
258.8843
220.7299
187.5172
224.6312
211.5705
188.432
227.0663
190.5573
218.5634
232.2464
222.7326
230.5777
223.0999
188.3815
198.4405
271.6191
202.7336
252.0282
232.0796
204.6726
226.4222
220.2594
220.2319
216.2692
231.6859
226.2153
241.5213
234.2818
211.223
213.6487
214.3875
235.1618
222.5538
205.0499
240.3988
208.1922
195.7797
202.4242
188.3165
197.5173
204.301
216.3814
201.3749
209.6662
199.3962
223.3564
206.5973
212.1907
200.5914
216.2183
218.9663
229.2211
208.532
210.9178
232.0625
205.8719
192.55
236.8113
237.9
226.5277
243.2658
216.6717
223.9977
230.1981
219.9489
230.2581
215.516
229.1105
214.8778
258.5538
203.0858
216.2901
230.0898
209.0444
198.2379
213.377
209.9434
217.5862
208.1899
232.3795
228.0765
227.3912
238.0445
224.6857
238.5499
213.615
219.9853
215.1142
218.8208
261.8514
200.0167
226.4404
211.491
179.6668
234.5405
242.225
222.8594
231.0158
210.1823
216.289
196.1444
195.5496
200.6036
239.5515
212.8051
222.9584
215.6496
200.5285
197.4942
219.7969
212.624
228.2951
210.9534
236.0296
234.3928
236.3164
218.5676
198.2338
251.165
245.3378
223.2447
197.3411
193.8878
197.2047
189.5924
207.5915
204.7919
217.6933
186.6827
230.0011
218.8671
222.0132
223.7743
229.809
242.2103
218.4767
230.1543
231.5796
199.2999
195.8497
223.192
221.4079
205.845
239.5565
235.1469
198.3173
234.7302
198.2571
237.8815
200.8017
244.184
251.9493
186.6682
211.3458
239.0722
226.7261
240.5212
236.3581
253.6138
251.4065
247.2289
230.0742
222.5756
242.361
233.9967
222.7807
225.7049
214.7898
243.9579
216.9131
209.0051
264.8966
212.2114
229.4171
233.8585
229.7317
213.9346
251.4952
260.4082
249.4739
232.6718
230.2397
229.8839
271.1872
200.128
200.4684
242.1824
225.3097
229.4807
207.6029
197.3926
246.8687
190.1768
202.6609
193.9752
207.6469
199.8431
196.4501
219.653
212.514
221.0731
212.9692
240.4668
230.3921
217.143
255.4649
240.7697
217.5134
235.5711
225.4427
237.6897
225.5028
228.3109
237.5767
223.1344
218.7797
243.1344
220.8826
249.7908
229.3139
256.8112
269.7799
243.7897
286.2574
252.7607
240.2606
222.7285
230.3393
253.3714
230.3489
218.7365
265.9583
224.4245
236.34
247.5328
211.7123
240.9198
230.1956
208.0537
213.3948
202.0442
228.6751
266.2329
215.0295
207.2169
247.1192
235.569
244.5997
242.7749
250.3929
229.404
240.4378
227.0803
235.0087
232.7265
247.6002
265.3061
227.7531
254.4571
241.1696
237.5987
280.326
231.6756
240.2096
227.456
223.5457
242.4443
227.102
201.093
195.4062
205.1047
223.6804
198.7014
223.1725
209.3095
232.4618
232.1538
240.4165
212.1332
237.0097
228.5278
240.0692
216.6621
216.3021
221.2501
219.4355
222.1174
238.1527
208.5903
199.4663
171.9872
271.0242
231.1635
243.0325
227.3095
220.757
220.1878
222.9183
235.6645
221.6873
222.156
236.4445
233.5504
228.2431
248.1307
222.0167
229.3736
223.7943
237.3133
238.5383
231.0836
222.3576
213.308
233.2702
220.0657
225.2914
244.3828
226.2786
212.3103
226.3272
217.2809
214.0246
220.2913
218.9029
216.5611
227.5527
198.3825
223.3434
216.5988
227.6178
217.3994
258.7428
278.9375
257.2669
226.3011
201.9773
229.6147
223.8291
249.6678
248.2451
242.8653
233.6418
241.1794
233.557
224.6739
225.1851
257.0799
252.5282
221.827
249.7712
222.0319
220.4446
235.5736
229.6789
199.9323
235.003
241.0113
244.5856
222.9186
218.3376
246.1002
220.7672
206.7749
252.7793
257.3611
248.56
248.3279
263.4403
238.4668
230.33
194.7273
255.4517
239.0305
223.4072
251.2395
234.9855
204.5821
260.1953
221.152
219.9174
220.5022
265.7342
264.1503
248.1859
213.255
241.5331
227.6657
186.0926
232.3098
177.9826
193.2512
197.9384
206.6487
235.3979
204.1135
216.8697
206.7952
258.6561
228.0639
246.0927
192.0225
231.7264
260.4991
243.5801
243.7635
247.0033
234.6535
247.5894
246.2177
218.4538
236.2088
264.4766
229.5291
223.2731
252.7097
249.81
198.7702
229.7852
237.4933
228.3356
212.3603
211.7078
212.117
223.6614
249.466
232.7787
222.3986
218.3923
214.3136
213.7668
215.7861
187.2529
211.8943
213.8601
232.8486
194.0651
209.5835
244.0314
233.6228
233.116
242.2733
248.2763
236.6006
269.3348
233.5473
256.9277
244.1276
242.0658
207.8343
212.6586
194.7881
206.1801
233.3626
232.6208
204.632
204.8547
209.2317
243.1386
244.7055
245.2586
205.9748
196.4418
203.5283
206.9826
211.4698
188.7952
193.9772
251.2918
211.7268
217.1087
206.89
215.2333
219.976
222.5164
173.1883
203.3816
214.7211
192.1201
221.522
215.5663
222.7274
236.0251
278.2434
215.1958
247.0691
253.1995
222.1146
226.9301
208.7645
226.2147
205.0835
218.8543
215.5824
231.4118
197.1193
208.5151
218.9512
211.9082
202.2199
184.2376
228.3601
224.1638
239.0057
211.0862
