probIn scale
0.02339419 32.57297
0.01727206 31.66119
0.02037021 36.23507
0.02346747 41.04525
0.01989918 47.11213
0.01480072 53.509
0.006632294 51.47626
0.01905041 52.03723
0.01323366 49.96722
0.02060725 47.38942
0.01308092 40.92745
0.01388358 42.24487
0.0158303 45.05151
0.01376102 41.68561
0.01750539 40.60096
0.01646484 37.18855
0.02731983 34.96431
0.0176771 38.69178
0.02428036 36.57388
0.02163954 34.45783
0.02592797 34.14191
0.02751499 36.28668
0.02730432 37.20287
0.02592968 38.76647
0.03787138 37.91158
0.02081699 35.83186
0.04788391 36.31708
0.03252882 38.96223
0.023641 44.96722
0.02782524 46.96248
0.02290389 49.73615
0.01432673 49.31541
0.02621055 50.13101
0.02265856 44.89235
0.02096779 45.8112
0.01773937 50.94863
0.02864889 50.86382
0.02929275 45.67572
0.03281493 46.66005
0.03428602 54.39032
0.03261258 58.10831
0.0371228 60.65913
0.04020278 59.90393
0.0346507 60.81067
0.03124256 56.81022
0.0315231 63.35105
0.02811765 59.88237
0.03126759 55.91987
0.02307029 53.91623
0.02337261 56.98087
0.02389507 59.22156
0.02575256 57.04171
0.03502705 55.04934
0.01721373 56.27104
0.01900817 50.31618
0.01945794 52.35455
0.02189381 51.8353
0.01417168 49.92709
0.01758632 46.47489
0.01616119 45.73824
0.01166812 45.60493
0.01437181 40.43806
0.01329608 36.94716
0.01675382 37.72921
0.0194742 33.36138
0.03113956 33.9975
0.03170889 33.0533
0.02676486 31.53392
0.02097236 32.08492
0.01692901 31.18503
0.02786398 29.76066
0.02078189 29.58103
0.01837426 30.17983
0.02632557 31.48055
0.0198683 30.71185
0.02661485 30.45394
0.01641049 34.41158
0.01189305 36.05586
0.01265552 37.43324
0.0125668 34.28548
0.01882406 34.55771
0.01958577 35.12881
0.01543001 38.37734
0.02289475 38.0888
0.01533391 36.16173
0.01937066 34.7074
0.0213699 36.43124
0.01685001 39.02756
0.01880004 36.6785
0.0241787 33.77292
0.02836568 34.60329
0.02277604 34.64906
0.03244607 32.12996
0.03381215 28.88025
0.02333796 30.53553
0.02486299 34.27797
0.01357388 35.10442
0.03567176 33.64593
0.03193701 33.52627
0.03147107 36.83851
0.02916865 37.72428
0.01574786 36.61391
0.01140425 36.82926
0.009323232 38.24191
0.01098363 37.11112
0.01612988 34.86829
0.01121125 36.30013
0.01614803 35.79688
0.01541193 35.71081
0.02460457 34.44053
0.03300555 35.50407
0.02548096 37.29331
0.03330548 39.16369
0.05624312 38.88776
0.03348363 38.56966
0.0172489 33.41579
0.02596279 33.44781
0.03121415 34.7254
0.01977563 31.72784
0.0307118 29.65539
0.02538644 30.90242
0.02259875 27.02172
0.03470796 27.25858
0.03502687 28.74035
0.02988481 28.73493
0.02145268 28.3647
0.02429105 27.01223
0.01932127 30.15684
0.02243831 30.44582
0.02977819 32.25656
0.02703617 32.65878
0.0354323 32.8802
0.03384878 30.55945
0.03147674 29.44233
0.04302552 31.26922
0.04877407 32.98054
0.04739042 31.38018
0.0357855 26.85082
0.02976552 27.40557
0.01745397 28.3069
0.01725482 29.71463
0.02119795 29.51569
0.02359329 30.6531
0.01884377 28.57626
0.02296119 28.3924
0.01794485 31.88916
0.02924321 32.68409
0.02132349 33.68322
0.0470942 33.69332
0.03027038 32.6451
0.03101419 34.95658
0.03752512 35.57694
0.03150801 36.51375
0.03538024 34.39257
0.03635962 33.16713
0.03281004 34.92718
0.0305598 31.73979
0.0304875 34.43756
0.02886692 33.2435
0.04297991 34.97782
0.03810134 30.72928
0.04521423 31.60854
0.03193749 33.86098
0.02371653 35.12844
0.03015971 30.71162
0.02774396 30.76917
0.04315029 29.04421
0.0426087 32.1346
0.03755245 32.19581
0.05051849 31.11335
0.02656995 31.47045
0.03213858 32.41393
0.02876927 33.75662
0.02423241 33.3393
0.02743954 31.92487
0.02199755 31.02416
0.02947238 32.86191
0.03276383 32.91067
0.02596951 31.22741
0.03162036 30.71979
0.03525246 32.81318
0.02520626 32.04656
0.03384989 34.11747
0.01693236 36.89599
0.02271032 39.25685
0.04087165 37.37852
0.02425959 39.15626
0.02456239 34.28065
0.03011548 33.14582
0.03291001 32.59069
0.04414679 34.90768
0.03718251 34.92316
0.03127062 32.18789
0.03597559 27.67733
0.02517527 25.92788
0.04148212 28.47852
0.02913753 29.59968
0.01766495 26.74849
0.01166909 26.58251
0.021355 27.40451
0.01882615 26.92851
0.02350065 26.37589
0.03425011 24.91818
0.02509658 24.75905
0.02822198 22.80579
0.03167194 22.63076
0.02658496 23.00379
0.02253603 24.90078
0.02601919 24.99544
0.05113956 23.43875
0.0530987 23.88209
0.0671197 24.55434
0.05179502 24.568
0.03070174 25.80802
0.04604937 28.15417
0.04715405 29.15385
0.04332007 30.87864
0.02956067 31.44996
0.0255367 32.35054
0.03134277 31.42719
0.01975328 30.29908
0.03165931 31.28721
0.03060047 32.43658
0.01654898 29.67663
0.02094087 31.06314
0.0196126 30.11906
0.01156555 29.77602
0.02020522 28.39884
0.01963567 30.86466
0.03474627 30.51024
0.04369375 29.03625
0.02773948 29.14948
0.02939586 29.14982
0.01230931 31.94505
0.01728066 32.63077
0.02316254 31.10235
0.03591349 35.78055
0.0262928 38.27005
0.0412749 40.33939
0.02935517 32.45864
0.0371607 33.11428
0.02726207 32.83121
0.04035014 28.66069
0.0325465 27.96437
0.04282812 31.27677
0.02443192 28.9494
0.0293609 28.65804
0.02193714 27.97407
0.02078135 26.24775
0.02225186 24.91371
0.03429138 25.54995
0.03380951 26.56127
0.03403769 26.04942
0.03169832 28.8543
0.03141602 32.21027
0.0343282 27.38362
0.0423303 26.79697
0.02487336 25.2176
0.03253097 24.32114
0.04499423 24.2466
0.02920413 23.44705
0.04273543 24.01321
0.04853338 23.67922
0.04123811 24.01449
0.06024205 22.86667
0.05056086 21.90509
0.03104751 20.44972
0.02324845 21.63448
0.02737227 21.70938
0.02704097 21.26867
0.04292779 17.78047
0.03541783 18.60089
0.02895736 18.53191
0.03425188 18.0357
0.04108112 18.47603
0.03116626 17.34623
0.0294301 17.88922
0.02619956 16.73992
0.02405785 16.77851
0.05661925 16.32663
0.05109291 18.16495
0.04760796 17.15829
0.0331375 15.21667
0.04182491 15.95804
0.03451976 15.35291
0.03269287 16.30454
0.04470107 16.18431
0.03611495 15.33122
0.03397777 15.01227
0.04326681 16.28321
0.04677561 15.99923
0.05018208 17.17358
0.04158568 15.70278
0.02790521 13.78699
0.02450845 14.43685
0.02807917 14.35091
0.0384686 15.88573
0.03189101 14.46292
0.05157891 14.76619
0.04966536 14.17899
0.03695554 12.54245
0.06414266 12.58726
0.04855885 12.64753
0.02837939 11.66581
0.04119301 11.43019
0.03049446 11.38589
0.0342342 12.52345
0.04269842 12.15039
0.03290275 12.91096
0.06195933 14.45842
0.04034776 15.96407
0.04179695 15.84793
0.03563082 15.11074
0.03507216 15.78782
0.04555215 15.48133
0.03096553 15.21474
0.04656237 15.9451
0.03437263 15.00761
0.04311771 14.99939
0.02732031 16.17033
0.03390999 16.45257
0.02239527 16.95295
0.02776033 16.90853
0.0470252 17.75285
0.03748051 17.08367
0.04007107 16.25575
0.03884706 16.44164
0.04153649 15.80481
0.05199712 16.60277
0.05148189 16.52655
0.05829181 16.95151
0.05849979 16.8046
0.05787767 16.0244
0.05549543 15.43712
0.06304038 15.63227
0.03757523 15.37766
0.04088178 14.69946
0.03846753 13.57306
0.05341592 13.10446
0.04627343 12.65662
0.06510802 12.89192
0.06189836 11.51328
0.04751613 11.30783
0.04557494 10.97342
0.06384893 10.03573
0.04810929 9.77848
0.03762865 10.32826
0.0460854 9.873138
0.04239476 9.47536
0.04716336 9.95041
0.0634286 10.85778
0.04018613 12.80843
0.06735869 12.65093
0.05096037 12.09814
0.07157941 11.44792
0.06714513 12.26607
0.05716149 13.59712
0.04637963 12.9168
0.03528886 11.82913
0.05586399 11.11272
0.08183936 11.48795
0.08447476 12.04327
0.07208502 12.73631
0.06010224 13.47399
0.09171039 13.96812
0.09917544 12.96973
0.0839454 11.42702
0.05068593 11.53279
0.08779724 10.28892
0.09855079 10.44649
0.07566272 10.75156
0.09326943 10.90732
0.1103974 12.14727
0.0823626 12.29808
0.09189684 13.53206
0.07380312 13.21487
0.09242923 13.61944
0.1072021 13.62971
0.08635422 14.46231
0.09503202 15.39363
0.05157203 14.78535
0.06755552 15.26529
0.08009399 16.68078
0.06913802 17.18863
0.07633747 16.21759
0.04832898 16.5907
0.07165903 17.19164
0.05428173 17.7966
0.04328151 16.61438
0.05811147 16.83206
0.05945833 18.04758
0.03614654 17.21247
0.04563383 18.05517
0.05148322 16.14021
0.06991883 16.73559
0.06693605 16.21547
0.06921738 20.02533
0.07213465 18.39773
0.07746247 16.09648
0.07353627 16.49282
0.06446515 16.89641
0.04556697 17.63679
0.03433809 19.45068
0.0309485 17.63816
0.01972287 17.83618
0.03066965 17.4517
0.0271482 18.4018
0.03171293 18.56462
0.02133341 16.25026
0.02482117 15.32551
0.03348242 14.76554
0.04116408 14.66073
0.02720648 13.31915
0.0384088 13.34607
0.03769916 13.80675
0.03258071 13.69695
0.05619681 13.38884
0.0432164 13.30646
0.04495756 14.47232
0.05285368 13.20025
0.05302345 14.87602
0.07789946 16.2701
0.08199336 16.56757
0.07157738 17.82462
0.06543777 16.41303
0.08317782 14.84696
0.0796423 17.27892
0.06410172 16.77257
0.06609112 18.43865
0.05317687 19.16287
0.05379834 19.59221
0.05363448 19.21359
0.05179935 17.94666
0.04858563 21.38008
0.04325916 23.20507
0.03782282 25.15124
0.03521632 29.57173
0.05097814 28.18836
0.0489218 28.25033
0.04442963 28.81148
0.0526366 27.95092
0.04675447 29.09992
0.04200795 30.30185
0.03292041 32.65546
0.04514764 31.80506
0.04681581 33.68397
0.02870039 33.96321
0.03739753 35.26953
0.05316608 33.13173
0.04369564 35.0444
0.03341277 37.22981
0.03331506 34.08396
0.0315723 38.99606
0.03547951 35.5693
0.0294996 37.46046
0.02985441 38.12221
0.01853422 40.86496
0.0217996 35.96573
0.007601794 36.19557
0.02422332 38.89607
0.02148538 35.0109
0.01195725 32.59189
0.04759773 31.23746
0.01968976 31.93178
0.02252202 33.35273
0.02187486 30.83959
0.02793272 29.91775
0.03059261 31.46453
0.04275613 29.38726
0.02983706 28.6295
0.02390011 30.88312
0.03565021 36.91363
0.0402503 39.07232
0.02780267 37.602
0.02994516 41.06799
0.01655417 42.99891
0.02459607 44.31354
0.01096184 38.37728
0.01306218 36.94268
0.009962004 34.87823
0.008687403 36.71051
0.02753868 41.04378
0.01517831 39.49152
0.02383944 41.01503
0.01799869 41.9455
0.01742308 48.59334
0.01160704 43.36225
0.02240139 46.27824
0.02584726 49.81947
0.01474769 48.01636
0.01824381 42.84987
0.02341918 42.85686
0.01374575 41.84046
0.01965475 41.86338
0.02246397 43.52455
0.0220115 46.09097
0.02581421 46.15228
0.03010586 47.64224
0.0237825 52.40484
0.02406966 47.82883
