101.8386
85.87594
82.4397
77.77499
74.70557
85.77049
95.71434
88.51579
91.43284
77.2683
93.08443
86.83744
96.64373
89.22417
89.62474
92.70541
109.6678
96.37928
107.3621
97.86235
93.31117
83.26761
77.32604
76.73927
75.25539
70.04559
80.65764
66.36897
64.28626
70.43035
71.76838
80.44189
85.79129
92.98206
102.6071
88.22004
91.81681
90.25343
98.0317
90.51126
109.5241
108.4533
107.7403
113.2486
113.0123
111.3269
95.71327
82.95737
80.67412
88.04745
101.9129
86.19812
115.0508
118.6527
121.0413
136.2011
127.7984
126.3903
118.7313
122.5871
116.2434
134.6987
142.2903
138.3776
149.6561
145.4159
150.4403
144.5886
146.3512
141.0563
129.8274
109.2802
99.66517
89.59321
107.5019
112.3555
121.4612
120.2382
88.16471
100.2458
117.6954
112.7875
101.2737
97.99019
116.0534
106.7929
101.5923
84.99333
78.62884
89.9662
96.36108
78.46938
81.80958
91.15069
92.84923
103.4265
115.1043
135.027
118.3346
128.8778
148.8275
140.6261
141.1485
127.8768
127.6372
131.5288
126.995
147.1495
139.3646
120.3995
115.408
110.7944
99.24678
89.30126
84.04958
78.23496
75.24223
79.71418
79.85538
69.3776
73.31319
76.22615
79.82688
97.85018
107.6767
96.98094
107.331
107.4246
103.7204
127.62
141.5441
131.3839
140.7633
126.4879
113.6592
98.90605
103.4377
122.6231
125.9708
111.8796
105.1464
104.0372
127.6434
124.9557
122.4759
148.3064
126.9931
142.9461
117.514
87.75939
89.90113
103.1846
87.50303
90.28299
95.11832
93.2933
114.5926
123.6633
122.7689
123.6533
144.1797
148.9671
141.1899
129.7681
104.963
109.0808
102.2062
103.2089
119.4334
125.4988
108.562
88.47726
109.5591
103.1324
102.3496
116.0969
101.5716
102.6458
98.82494
118.0848
94.38776
92.88273
98.16253
91.229
70.84013
64.85459
72.03543
67.03331
73.54174
77.29691
69.18586
73.6887
70.97758
68.08353
80.53567
84.16281
92.60319
77.20125
74.08811
86.20944
84.79412
80.66803
70.93927
72.10984
68.72475
72.70119
76.63362
76.45528
77.16664
77.57566
72.52608
80.64994
89.93055
79.49415
93.89272
99.07432
85.56326
71.1756
73.06673
85.5392
68.40048
68.65696
75.49426
67.26332
82.75412
88.07862
91.60736
105.5871
117.9408
103.9757
90.37114
82.6998
74.18073
77.03844
70.99457
63.87331
66.65124
67.18687
65.9961
55.40196
53.28163
55.2823
51.14806
47.63124
55.99598
63.71955
75.70384
74.67916
84.07426
72.51598
73.58306
78.34426
86.91453
83.58431
77.04634
67.31251
77.62618
68.96534
60.56266
62.29503
72.94332
71.20303
75.77601
81.77774
82.38186
91.03064
98.28705
69.23277
87.74908
73.15554
70.19334
75.97295
66.76193
59.84025
57.55549
63.96813
55.97085
48.05998
59.45995
58.99423
74.15797
70.48168
71.65792
67.69613
67.46739
62.2505
62.12254
67.73714
83.87101
84.17772
82.54601
75.25732
75.5272
73.41405
72.56437
75.46446
81.67553
74.58902
83.48172
93.74258
83.24363
86.90472
86.09013
91.48683
89.62339
76.56123
71.55636
87.08634
80.22434
80.63624
69.23328
67.85094
60.23315
66.94888
63.39773
55.88784
56.11081
60.25494
48.14635
46.78146
45.43213
42.71683
46.03446
44.76259
44.18751
45.04526
39.41229
51.24184
62.55317
64.49973
66.76281
60.16844
59.18854
71.91941
57.09886
59.29041
65.34687
71.0335
74.55989
63.52785
60.26294
58.46491
60.29333
59.0999
60.33712
54.10431
57.43769
53.08699
65.30983
66.23044
71.05701
77.6166
88.31815
101.6152
108.1006
106.6228
107.4009
107.2133
116.3466
103.3822
101.2811
73.77806
70.38297
61.55878
78.71835
107.0723
103.4719
113.9083
100.2344
97.32634
90.29626
69.82497
88.56214
86.32053
87.07598
69.70282
72.78052
59.40795
77.16744
71.21142
68.62119
62.54555
51.56899
59.39443
60.51476
57.12926
53.80981
54.81259
65.18503
67.8966
73.51579
91.26616
88.43646
87.3629
104.1806
122.7547
122.7957
110.6399
115.377
120.0363
117.4866
105.834
101.9323
122.5085
118.1762
122.1322
154.3639
154.3296
163.2808
168.4995
150.9937
131.4698
131.5464
146.4785
193.2672
182.5294
199.0969
199.0889
243.3129
222.0266
213.6164
168.8081
161.2644
199.0759
154.3386
136.0798
132.3167
134.5688
138.0584
154.7831
158.4326
151.7475
149.3704
106.6863
90.26929
87.69532
97.88402
100.8748
115.9447
127.4784
126.8598
141.3356
152.0417
138.0381
146.2168
139.1077
141.0614
111.7448
117.4325
122.3206
103.1275
103.5502
102.9521
95.94231
103.3135
105.6708
130.1208
127.5156
116.0439
98.65786
96.72089
99.6635
80.89214
71.50384
70.51446
71.5672
80.54492
97.27013
98.28895
83.50648
76.07871
86.08649
88.92604
84.95501
82.13428
80.10138
73.35641
79.79007
83.46198
82.72667
75.3826
83.11593
92.60253
100.8788
107.4993
117.8264
113.6487
121.9601
131.3323
118.3814
109.8409
93.49921
88.33359
83.38048
81.75699
65.35551
65.56808
78.37976
66.224
70.18495
79.41093
67.53639
61.61329
82.58745
85.2956
100.7167
102.4648
112.1692
100.256
98.70432
86.88966
82.58009
83.25508
77.1252
87.26257
78.93168
87.24067
103.6398
95.20424
98.07758
92.12679
110.8765
104.2665
104.4283
106.2246
82.49789
85.20759
76.91257
79.12631
96.50462
83.56785
88.82605
111.5867
113.5684
99.32915
98.18744
76.96247
72.28289
72.81149
82.47984
65.05626
68.68777
62.58773
64.99426
56.61274
55.36088
63.63119
64.93242
63.5091
61.47755
65.8049
69.77067
63.3764
67.90738
61.8965
64.6804
70.04168
67.41672
76.80966
75.48676
76.3512
80.16534
74.53552
71.58211
77.09316
60.74785
61.23269
53.34139
79.17608
71.47479
80.66944
96.21239
126.523
97.13634
129.87
114.3385
111.4661
134.7728
132.3173
118.6789
108.2919
107.0741
96.9688
91.36647
107.976
117.5732
117.1438
133.0714
131.4742
134.5543
184.432
182.3987
159.6078
146.3763
120.0486
109.9137
109.1378
111.5882
124.2454
121.1521
110.9769
117.2676
95.50405
98.17588
88.86306
83.70474
88.82657
85.40102
89.1846
96.69713
89.73399
105.212
109.0746
111.048
100.9764
94.67483
90.65848
84.70176
103.0796
95.69622
89.5521
84.77063
81.1258
74.99329
88.14818
98.95385
98.91694
113.8829
126.4178
116.6748
100.5717
95.38795
98.68095
91.15057
104.2895
102.1824
98.95537
109.7061
97.19037
95.03601
73.99639
73.36481
73.28101
65.67468
61.92582
62.37519
63.32777
64.90649
68.87509
68.29694
69.22036
67.26924
74.3917
65.02857
59.629
48.87384
39.91193
46.0986
44.12998
49.7551
44.79406
51.03264
50.41204
43.74031
49.56678
47.01403
44.2591
54.27746
55.51191
50.5116
49.05988
56.2833
57.75171
58.85391
66.04724
63.71899
63.52648
53.18308
59.69523
62.19869
56.39285
66.78662
78.9518
73.48552
65.98266
62.63353
54.99873
67.60987
74.05557
84.3409
88.67636
88.84516
86.48245
90.98311
77.06347
77.44681
82.6807
100.8533
111.4497
98.67829
80.76296
78.84825
83.38177
76.31415
65.738
72.12898
73.11748
90.80287
84.79642
69.59269
72.30223
83.25807
78.8313
70.80322
78.9254
70.44921
69.38355
66.10895
69.80934
62.2419
64.54032
56.60913
61.93914
58.21737
55.303
66.37012
64.10329
69.84359
72.71833
72.55742
73.09729
71.96822
74.46587
94.25659
114.1102
107.4309
123.2094
104.842
90.8502
85.33983
95.55851
104.3911
89.69826
96.70235
102.5211
100.2347
85.86537
80.10575
69.45895
63.97307
68.99124
65.76513
64.50166
74.23957
68.19315
62.44244
58.22256
73.33942
59.37145
57.70337
55.08884
61.283
58.52018
57.28934
64.01483
68.71399
69.34916
62.76339
73.07621
76.2247
84.20694
74.05396
79.1853
81.18112
71.33547
80.36836
70.29092
79.84117
107.5451
103.094
103.0651
121.0324
107.3118
110.9369
98.75569
106.8766
110.9606
127.6051
126.3975
132.7788
131.633
162.7632
191.0841
184.8754
213.4558
228.2302
227.1558
192.8326
176.6506
168.2181
145.7582
124.8988
120.4714
123.6387
89.6312
79.48194
91.97829
96.17881
89.75453
90.65619
95.71065
100.9773
106.7476
103.3952
112.3866
119.8964
114.4815
117.4563
134.8483
140.3418
124.6026
145.3611
116.0239
110.0486
119.6603
130.5681
118.1771
110.4823
108.1141
92.71457
96.66543
89.01765
92.9703
81.37211
77.29356
62.63203
60.30876
60.06468
52.04226
51.4024
45.94096
44.3802
39.44123
38.31735
37.11864
38.98898
37.49068
39.65461
42.17223
43.42958
46.81332
45.99819
50.32181
63.41119
58.88113
63.96034
68.91949
73.10599
84.13721
82.33411
79.024
97.65122
105.5991
111.9441
113.6021
100.0774
113.0735
114.0654
124.4968
112.9911
101.1459
106.6262
103.7176
90.53552
74.75438
69.55719
63.89073
72.76053
81.19254
96.26941
80.79147
89.68703
91.86603
90.954
88.97995
73.79204
87.04826
88.24665
73.60398
68.64823
54.25476
57.1896
52.42462
56.41658
54.51227
51.51642
55.52858
57.01582
56.78827
59.7386
73.87854
57.96241
57.72937
56.55285
59.70992
66.71624
73.63826
88.33482
75.29934
75.07708
68.14384
64.30501
68.01765
57.35314
61.55541
73.36027
58.96743
58.70436
57.62348
61.04464
53.42442
57.34088
53.9659
55.68735
58.60461
61.58137
62.36791
64.12808
59.52752
69.86197
70.50662
85.80141
103.4093
104.7898
92.42134
100.4903
111.0764
112.6367
98.5733
111.4162
125.2991
103.364
111.2134
118.5404
115.7431
103.4228
100.8167
106.0566
84.25716
88.25602
80.08872
74.16951
69.48103
88.86023
81.64476
91.00846
93.70295
103.1573
117.401
104.8544
104.2854
96.55746
107.3035
134.5809
120.2452
120.1776
92.26607
85.10515
75.78391
73.68073
61.47999
70.65044
69.64876
76.46476
89.62713
84.43815
75.21062
72.88003
78.77697
82.67336
78.402
77.92552
78.70368
72.47532
63.13548
74.11482
79.04829
74.14842
72.12059
72.25883
80.94899
72.46677
67.10317
66.05189
67.02424
79.73765
79.37119
73.47924
72.25925
71.64988
71.81391
69.40919
64.39176
77.88548
76.27396
79.92641
92.3346
87.47006
83.51632
118.6993
110.4843
83.98458
98.85773
90.25876
95.02979
72.21844
82.51603
79.24875
72.55492
71.35968
77.04738
84.70975
77.64974
101.943
96.49953
102.2836
87.2734
76.61978
79.02286
85.75098
92.03127
96.31853
90.57499
100.2981
91.56603
81.12409
87.07567
83.50357
78.56145
88.36847
83.51808
76.56963
86.91603
87.55368
89.75707
79.43871
67.2155
70.67428
70.94601
67.32394
63.45009
61.20132
62.39938
58.78329
58.25041
69.24735
77.86302
72.11182
73.26636
71.67877
76.98811
69.324
57.38294
59.19783
55.87839
58.73385
40.95574
44.32492
42.70383
45.67192
47.24268
42.09826
50.5215
54.14583
61.38097
73.63171
61.82583
65.60401
66.47943
71.91803
69.42693
66.29394
71.65234
71.43701
65.24864
63.9812
70.44057
61.23152
64.58037
79.68944
78.56901
89.04877
97.90041
97.51922
96.783
94.68167
92.41995
99.81777
92.90039
108.1401
109.5818
103.7469
100.9869
100.6686
94.16411
98.59897
100.6265
87.68362
96.48455
85.44134
88.19279
77.37835
79.18653
84.52802
85.93821
84.38588
86.42781
108.6861
107.329
131.3363
143.0915
171.7864
180.167
163.4309
133.2758
129.3962
160.8913
148.1608
151.7322
166.6805
127.8261
129.1986
116.9024
132.174
159.3789
161.2305
171.7709
148.7612
169.9888
199.183
196.4202
182.4114
183.6966
197.3578
173.2294
152.1692
133.7862
120.0586
152.3715
174.4564
172.8944
153.1587
150.8177
144.7093
150.9988
154.9061
134.8571
120.3286
150.8845
149.5991
141.0293
135.0782
127.232
148.5279
146.0497
141.6903
137.4011
123.1606
122.3085
93.79895
91.11038
99.74281
80.12002
87.51614
67.00105
54.20856
53.44964
54.28579
55.91069
53.40326
51.35996
64.00811
73.08669
70.76036
62.73446
57.3529
55.11162
57.999
51.08536
54.7558
46.83223
45.25394
41.59086
58.21433
71.00243
70.35583
63.85479
62.12388
66.22635
74.22237
86.27645
92.02947
94.09898
82.53301
89.81064
102.1521
118.6014
140.2813
119.3623
143.3982
155.1448
147.9481
181.845
202.9941
191.7865
200.7914
145.1474
132.9134
160.2517
158.8022
151.1966
130.6815
102.8368
107.7933
112.0329
122.017
111.1049
109.1771
107.6207
95.26883
102.6971
92.41602
87.20588
74.82192
65.87649
67.05542
59.14141
67.5554
78.16786
83.88246
86.06008
74.31549
72.67774
75.24142
67.28797
66.75542
68.48399
59.80497
58.09777
55.65116
57.09363
51.32768
40.46081
42.05691
46.00139
49.93925
53.45886
56.76921
53.37495
56.865
57.68931
56.41347
58.85445
69.02037
82.63837
86.63393
102.9921
124.9034
178.2747
169.4319
202.9351
147.0532
129.0153
112.2082
111.3193
109.327
116.399
117.3161
93.87951
84.75156
88.19573
93.16189
61.77374
75.03671
70.18141
73.89805
85.53238
97.8711
91.78553
108.5076
94.71644
83.18952
87.69182
89.74229
69.20872
74.52195
77.49148
71.8202
83.78166
97.42243
93.48432
91.65481
98.04351
90.6607
90.58591
101.1298
95.34164
80.74998
82.69296
69.27414
74.3176
75.05756
88.39704
87.98081
85.93218
84.86246
103.674
105.2251
92.17889
84.81901
74.52033
61.89246
62.78407
54.58062
67.04958
63.95477
73.05187
85.11605
87.88006
77.12004
102.1884
121.2497
130.8842
138.9992
143.4605
138.3699
104.6902
106.9879
112.2542
128.9264
120.3817
144.6616
129.3156
144.0185
153.5489
150.8866
153.8138
152.4678
148.9012
150.2096
144.788
161.6816
137.8809
132.3773
136.2671
120.671
132.071
134.9346
129.9153
143.9103
152.3536
138.3414
131.9097
152.2589
121.3613
109.6054
120.5728
135.8012
125.9524
140.9497
140.9037
126.4761
124.5305
146.6713
152.4973
154.4035
140.9329
132.2774
110.106
112.6589
128.5108
137.6332
144.8234
135.1049
123.7449
123.6354
152.7944
171.3251
157.6929
136.3718
149.4634
151.1112
129.0601
132.5782
130.5223
128.1087
122.3457
158.5676
206.3094
233.8818
212.493
225.3802
217.9065
202.9906
168.555
133.7577
125.0759
111.347
118.2907
110.5355
114.5489
107.3151
101.4369
98.47802
107.0649
92.92813
80.1548
82.11136
84.24736
87.05225
82.59494
69.67379
56.49165
56.4692
51.79751
46.53274
46.74547
52.77535
48.93867
48.38337
54.19257
58.98883
54.62025
59.04496
56.07885
54.78197
64.32899
62.17123
65.69034
60.85475
56.18352
62.30224
66.62813
65.07223
63.93467
70.69458
71.51939
70.82288
69.78211
66.36667
66.83194
70.49268
71.94216
65.53341
72.29964
69.60637
63.50792
67.33672
59.97414
59.04234
65.3238
70.86257
77.13574
80.31773
89.32218
90.59499
100.0825
97.50881
93.85835
94.52804
103.1303
98.26497
111.8758
118.9236
109.4255
131.8087
142.3156
146.3147
149.1947
163.6947
195.5442
195.3818
168.3977
172.4429
166.1681
144.4838
128.5965
106.3522
114.4029
110.044
122.6378
102.9923
102.5923
93.77628
81.17807
67.99057
70.97122
60.43645
70.15348
75.9428
76.05243
89.65959
98.31019
98.81987
97.01406
97.61429
87.01167
95.19711
95.69537
86.40149
88.94376
94.84972
100.5927
104.0438
116.7893
102.2085
93.31671
86.13274
88.33987
85.26747
88.72466
91.03082
100.8051
100.2567
105.5841
94.74047
101.05
112.005
114.3587
90.9712
74.50429
75.29472
72.87454
79.82051
71.77554
89.44516
101.4683
89.73415
91.40025
82.18505
82.16468
79.79991
73.9272
73.2431
75.11372
63.77503
62.04742
77.50869
84.99275
78.47144
85.3755
94.1998
95.87897
93.36285
104.7079
105.3148
115.86
123.4512
133.9011
130.3599
171.6334
175.0979
174.2833
153.2742
140.5511
122.436
153.094
142.1923
155.4075
139.4186
137.1008
135.9298
133.3199
124.862
111.2311
103.5793
108.0179
130.8782
121.8073
123.3557
118.9688
129.7612
104.049
87.89312
89.71634
91.89909
100.1208
108.2246
114.2528
98.61086
84.96262
83.13446
80.30896
79.0255
81.98327
84.8891
73.46243
63.45411
74.16686
72.08524
87.62247
89.44497
88.71051
74.34796
73.08106
69.54817
69.9027
63.09685
58.88523
57.45516
52.23084
47.12227
48.05714
45.78992
46.67868
46.8691
43.66184
48.23298
53.77916
52.13821
52.96304
56.36711
46.88603
43.28113
45.06356
46.72225
51.17279
56.52322
53.27917
54.86806
58.00984
57.55579
56.32293
61.16026
57.70514
55.35987
69.78336
73.66743
66.87981
63.32916
69.42879
56.54226
60.10849
55.66134
51.79568
69.06941
85.88575
86.5165
83.80815
91.89256
97.13556
83.06015
91.89397
96.61341
97.13181
89.19546
107.571
121.3594
107.3917
117.5571
112.1143
109.5132
102.7314
93.23713
96.79693
94.78332
