0.0801218
0.08440971
0.07710555
0.07722499
0.07776142
0.06328322
0.05691886
0.0541515
0.04945678
0.04377879
0.04934199
0.04985277
0.04825711
0.0532223
0.0563522
0.05872948
0.06635212
0.0721391
0.06515121
0.07259146
0.06932456
0.06884536
0.0705376
0.07549122
0.08249887
0.07219431
0.07529773
0.08209188
0.07942536
0.08125411
0.07889961
0.07690834
0.07438856
0.06750041
0.0585387
0.05809988
0.06897162
0.0722252
0.0709261
0.07530833
0.07317155
0.07771056
0.0860143
0.09267705
0.09503379
0.09917109
0.0948444
0.08685527
0.095383
0.08655802
0.08781189
0.07964509
0.07762194
0.07024989
0.0684543
0.06425151
0.06241241
0.06117402
0.05594279
0.05504449
0.06177538
0.06447555
0.06089475
0.06751402
0.06524121
0.0704877
0.06924516
0.0609266
0.06852252
0.06371441
0.06085562
0.06177702
0.06892477
0.07033143
0.07803496
0.07262363
0.05985344
0.06562987
0.07043582
0.07311486
0.08100535
0.08096046
0.08489832
0.07435231
0.06622167
0.081637
0.091217
0.09367242
0.09679226
0.09788273
0.09317677
0.1097532
0.1110681
0.1066097
0.1007207
0.101353
0.09633942
0.1007435
0.09366589
0.1104176
0.09739672
0.09404355
0.1040198
0.1138215
0.1245849
0.1265019
0.1227804
0.1165705
0.1023132
0.09702679
0.1026968
0.0962512
0.09891374
0.09934498
0.1100646
0.1162557
0.1097239
0.1131738
0.1261951
0.1135888
0.1158575
0.1146932
0.1125128
0.1132966
0.1056124
0.09419674
0.09917696
0.09995544
0.1013552
0.1097816
0.1024521
0.09728347
0.1107248
0.1096278
0.1181005
0.1086681
0.109376
0.1051618
0.08483668
0.08719967
0.09913234
0.09538811
0.09478023
0.1086268
0.1095013
0.1044536
0.104471
0.08658496
0.0998909
0.09995817
0.0862284
0.08937216
0.08663454
0.09830115
0.101312
0.08502691
0.08692369
0.08227754
0.09215531
0.09096688
0.09026785
0.08108502
0.08384855
0.08592254
0.08018672
0.07241354
0.07159796
0.06598945
0.07108487
0.06966199
0.06847819
0.05997544
0.06077446
0.05649232
0.06035127
0.05771759
0.05880061
0.05480498
0.06214379
0.05921377
0.07048652
0.06866505
0.06974604
0.06248717
0.05883778
0.06328816
0.07562464
0.06944123
0.07286158
0.07792855
0.08033433
0.06804373
0.07088061
0.06353904
0.05932699
0.06154956
0.06971886
0.06223027
0.05932574
0.05225162
0.06001482
0.05304365
0.0540819
0.05079692
0.05774544
0.05746168
0.05453023
0.06447635
0.07022546
0.08008154
0.08132424
0.08837917
0.09280532
0.09178105
0.09089117
0.09036652
0.07993953
0.07309001
0.0677292
0.06645865
0.06233221
0.06378846
0.06890659
0.07535268
0.07797157
0.07218086
0.07359215
0.07541983
0.0799784
0.07631511
0.0800798
0.08249062
0.08828516
0.09463034
0.09348531
0.0952944
0.09836877
0.1120015
0.1031564
0.1080643
0.09631075
0.09611586
0.0909215
0.09339576
0.09567926
0.112765
0.09635454
0.0910331
0.09342849
0.08478323
0.07756147
0.06102132
0.06846583
0.0776139
0.07921625
0.07940132
0.07997664
0.07670279
0.084993
0.08419822
0.09555834
0.09983228
0.08836243
0.09610207
0.08709329
0.0797717
0.08576103
0.08087784
0.09574069
0.0991359
0.09823898
0.11146
0.1176739
0.1350151
0.1377663
0.1229629
0.123184
0.1102399
0.1030258
0.1012803
0.08388573
0.07751471
0.07680935
0.07018708
0.06685914
0.07156391
0.08422957
0.07334443
0.07363669
0.07399454
0.07824961
0.06798989
0.07400318
0.0754231
0.06397339
0.0725251
0.06929542
0.06682645
0.07262489
0.06784488
0.07165697
0.07032143
0.08121405
0.08689734
0.09338101
0.09059207
0.09980803
0.09908492
0.1158398
0.1176231
0.105335
0.1023397
0.1085713
0.1123755
0.1287507
0.1165799
0.1150666
0.1170156
0.1195822
0.1119695
0.1059816
0.1061055
0.1056287
0.1039839
0.09574862
0.08524558
0.08822511
0.09609937
0.08696617
0.09033135
0.07723959
0.07930745
0.07329623
0.08721877
0.07593838
0.06837024
0.07115674
0.06937616
0.06456311
0.06641119
0.06921551
0.07377345
0.07409733
0.07635021
0.09056243
0.09679088
0.1039961
0.1051888
0.1023305
0.1009858
0.09495496
0.09398804
0.08638507
0.08209696
0.07923462
0.07716276
0.08479666
0.08681507
0.1016263
0.09522704
0.1023256
0.1006583
0.09078233
0.09383764
0.08851646
0.08516668
0.09049362
0.08651126
0.08244537
0.07575043
0.07242702
0.06968352
0.06708973
0.06885303
0.07114299
0.066279
0.06002798
0.07177206
0.07923427
0.07543877
0.08390315
0.08663704
0.08505681
0.08894734
0.07840619
0.06763132
0.05600094
0.05975219
0.06905261
0.06841448
0.06886808
0.06473237
0.06934063
0.0705898
0.06792539
0.06791993
0.07738312
0.07546078
0.07682218
0.06891808
0.08065488
0.08410398
0.09538092
0.08493458
0.07966621
0.08390679
0.07215695
0.07637588
0.09331365
0.09401875
0.08924377
0.08378893
0.07987765
0.07433338
0.07476631
0.07828622
0.08438095
0.08164267
0.07133764
0.07381642
0.09146946
0.08198936
0.07781934
0.08530674
0.09858414
0.09715001
0.09892365
0.09526608
0.0928116
0.09862326
0.1064524
0.103039
0.1023459
0.1015457
0.1046867
0.09704397
0.09382769
0.08875227
0.09338834
0.09748659
0.09184281
0.09169832
0.08740804
0.08008869
0.08579032
0.08482762
0.07573636
0.09862482
0.09871958
0.09050463
0.1071765
0.1123852
0.1120537
0.1083672
0.1283836
0.1251262
0.1455903
0.1508042
0.1396827
0.1501078
0.1404461
0.1499868
0.1536191
0.1338289
0.1536441
0.1351072
0.1395574
0.1463831
0.1581472
0.1505294
0.1846069
0.1737302
0.1682285
0.1603808
0.1460157
0.1454762
0.1488256
0.1299699
0.1283852
0.1312375
0.1217929
0.1355045
0.1330787
0.1277866
0.1381668
0.1278223
0.1297756
0.1113527
0.1267191
0.133722
0.1437407
0.1379723
0.1354753
0.1391755
0.1372824
0.1349359
0.1291261
0.1424924
0.1294339
0.1260351
0.1201388
0.1106556
0.1071342
0.110676
0.1206764
0.1154755
0.1053417
0.122289
0.1227594
0.1292821
0.1258135
0.1271373
0.1115221
0.09813584
0.09986136
0.1167126
0.1258215
0.1141081
0.1148101
0.1172349
0.1120591
0.1146383
0.1134823
0.1000224
0.09226569
0.08276162
0.08283409
0.09174143
0.1029137
0.09870659
0.09526894
0.1086781
0.1133632
0.1105171
0.1116065
0.1149274
0.1208652
0.1105142
0.106888
0.1041027
0.1030667
0.1028384
0.09523251
0.1019845
0.09661803
0.08515309
0.0915759
0.09358295
0.09575453
0.09696721
0.0780765
0.07718591
0.08169509
0.07889374
0.08266829
0.07867691
0.08376636
0.07707366
0.06843595
0.06452459
0.0719383
0.07539861
0.07668149
0.08320721
0.09485358
0.08929418
0.1008603
0.1014055
0.1041399
0.1063978
0.1039829
0.09788204
0.09521236
0.1039746
0.1060061
0.1006694
0.1043436
0.09355442
0.09478168
0.107469
0.0904958
0.09174072
0.09460211
0.09089477
0.1005392
0.1048365
0.09065356
0.1044654
0.09057226
0.1042802
0.09009412
0.09510671
0.09457197
0.09011595
0.09314238
0.09345371
0.09539483
0.09303357
0.1008894
0.104671
0.0973254
0.0966486
0.08750358
0.08129666
0.0800126
0.08716343
0.07624764
0.08439332
0.07712515
0.08072722
0.07308828
0.07563509
0.08400455
0.09373852
0.0922023
0.08716617
0.09740255
0.09550394
0.0899521
0.0800302
0.08861756
0.0854629
0.1044569
0.1083961
0.1070202
0.1131152
0.1220471
0.1442053
0.1408373
0.1541617
0.1680691
0.1607116
0.1653091
0.1872146
0.2052941
0.1982216
0.1907647
0.1682249
0.1627787
0.1671208
0.172377
0.1721686
0.1667339
0.1634789
0.1447035
0.1328847
0.1461542
0.1371627
0.1231451
0.1235315
0.1276732
0.1217144
0.1200948
0.1146767
0.1119805
0.1271467
0.1432467
0.1354677
0.1305948
0.115336
0.1172708
0.1183423
0.1218246
0.1254323
0.1090975
0.1166299
0.1212016
0.1056441
0.09483202
0.09629379
0.09954611
0.116693
0.1154507
0.1006384
0.1111087
0.1119329
0.1114542
0.1154296
0.1299468
0.1328845
0.1217469
0.121318
0.1145766
0.1321497
0.1085246
0.1212949
0.1106057
0.09807476
0.09169028
0.08961044
0.102159
0.1144696
0.1124017
0.1010582
0.1027302
0.1016534
0.1057035
0.107413
0.0970366
0.101335
0.09905891
0.1077238
0.09781671
0.09980652
0.100748
0.0976182
0.08967511
0.1008234
0.0913416
0.08774581
0.08701285
0.08649511
0.08845192
0.09031674
0.08117104
0.08071969
0.08096818
0.07025835
0.06931313
0.07824217
0.07504927
0.08143644
0.08970761
0.08820836
0.0818977
0.06542419
0.06936616
0.07573131
0.06427499
0.07329815
0.07161589
0.07095601
0.0686517
0.06713279
0.06231352
0.07287017
0.07995061
0.07856556
0.07497187
0.06671851
0.07146314
0.06912402
0.06626512
0.07748219
0.07064549
0.07296864
0.07741142
0.07756804
0.07721139
0.09781925
0.1053706
0.09297411
0.09615085
0.08971979
0.08865519
0.08207402
0.08867225
0.09573597
0.1069827
0.1129732
0.1303323
0.1292544
0.146769
0.1258443
0.1183357
0.1367237
0.1363198
0.1247542
0.1194964
0.1263882
0.1160045
0.1162913
0.1076734
0.1056883
0.104483
0.1064935
0.09975926
0.08877176
0.08877036
0.1014045
0.1008422
0.08792023
0.08785111
0.1093385
0.1172935
0.1207924
0.1200988
0.1212074
0.1298097
0.1188733
0.1205538
0.1186069
0.1096108
0.1210294
0.1263481
0.1202821
0.1205024
0.1161026
0.1172229
0.1095605
0.1143997
0.1301124
0.1353658
0.1289311
0.1364413
0.1456681
0.1435261
0.1401955
0.1503831
0.1324269
0.1295213
0.1470977
0.1531745
0.1596381
0.1531409
0.1576772
0.1439069
0.1237649
0.1326362
0.1222109
0.1101701
0.1216102
0.114302
0.1172574
0.1276819
0.1327356
0.1419925
0.1611674
0.149866
0.1661741
0.1661228
0.1645599
0.1588939
0.1563901
0.1450893
0.142594
0.1468838
0.1485437
0.1346566
0.1241403
0.1334967
0.1473746
0.1444789
0.1795843
0.1632867
0.1508016
0.1508298
0.1294377
0.1456786
0.1396776
0.1345976
0.138005
0.1381536
0.1354973
0.1408415
0.1422703
0.1509738
0.1403537
0.1320882
0.1384158
0.1443153
0.139508
0.1577588
0.1403194
0.1300335
0.1301337
0.130485
0.12838
0.1204232
0.1221113
0.1276119
0.1065607
0.1237171
0.140535
0.1393931
0.1340281
0.1329806
0.1385493
0.1429426
0.1540434
0.144832
0.1333619
0.127728
0.1158056
0.1371133
0.1521343
0.1563231
0.1536281
0.1634
0.1816707
0.1620239
0.1719455
0.1553021
0.1464321
0.1754106
0.190586
0.1973619
0.201946
0.1807055
0.1645485
0.1835055
0.1927894
0.179864
0.1824262
0.1910704
0.1549282
0.1468695
0.1530741
0.1588711
0.156071
0.1445348
0.1506079
0.1687296
0.1688292
0.1829202
0.1886759
0.1892031
0.1802438
0.1772029
0.1600822
0.1613099
0.1633614
0.1719731
0.1695493
0.1760873
0.1751097
0.1651881
0.1672471
0.1689603
0.1779214
0.1715434
0.1901013
0.1925565
0.1959018
0.1780826
0.1617659
0.1615533
0.1619223
0.1716879
0.1804508
0.231401
0.2127432
0.2160434
0.2024831
0.1951679
0.1903394
0.1965719
0.2071597
0.2011382
0.1892061
0.1935054
0.2162113
0.2047742
0.1923898
0.1870091
0.1743504
0.1710258
0.1659316
0.160849
0.1704527
0.1648939
0.1490844
0.1183829
0.1241748
0.1242082
0.1226414
0.12317
0.1275497
0.1235443
0.1258363
0.1204419
0.1228265
0.1218842
0.1172702
0.1191938
0.1261945
0.1276774
0.1400029
0.1436111
0.129982
0.1302544
0.108693
0.1221013
0.1241993
0.1200396
0.1335192
0.1247347
0.1053345
0.1069747
0.1126869
0.1112286
0.1195895
0.1146478
0.1185366
0.1035938
0.113906
0.09617735
0.1042255
0.1032292
0.1060247
0.09303248
0.09384767
0.08786886
0.08874999
0.08075284
0.08769797
0.07671476
0.07579688
0.06929989
0.06595898
0.07275939
0.08097307
0.08056207
0.07875824
0.08596325
0.09179659
0.08691832
0.09302369
0.09706462
0.1012197
0.1076994
0.1130916
0.1091098
0.09933002
0.09107207
0.1057602
0.1035961
0.09774014
0.09297243
0.0879475
0.0781809
0.0756023
0.07391871
0.07441391
0.07232212
0.0770909
0.08538204
0.08059099
0.08633965
0.08437822
0.09930282
0.09817043
0.100515
0.0879557
0.08959489
0.07379626
0.07266255
0.07545309
0.0845599
0.08899583
0.0858884
0.09435037
0.1035573
0.1018528
0.1006133
0.1009079
0.09740184
0.1015711
0.09341832
0.09745886
0.1067025
0.09527806
0.09006787
0.08329206
0.07818257
0.07004961
0.06665088
0.06751249
0.0688595
0.06836112
0.07193996
0.068975
0.07469444
0.07393259
0.07669823
0.08281185
0.08515013
0.1027007
0.1096453
0.115943
0.1258114
0.136834
0.1174647
0.1081368
0.09482468
0.08217771
0.07636716
0.07323111
0.08231543
0.07403634
0.07927422
0.08324792
0.08260908
0.09786472
0.08863045
0.1018021
0.1028312
0.1020928
0.09295901
0.09694561
0.09350642
0.09255535
0.0885355
0.07597429
0.08087401
0.08326734
0.08591962
0.0756628
0.07635811
0.07339516
0.08176588
0.08675179
0.08175274
0.0843159
0.07685561
0.07096463
0.06651383
0.06187911
0.0681702
0.05813249
0.0586931
0.0619909
0.06058863
0.06385073
0.05854258
0.05916429
0.05366488
0.05739297
0.05840294
0.0593196
0.06128097
0.06458852
0.06925979
0.06984192
0.07179449
0.0679093
0.05830593
0.06038489
0.05378548
0.04612461
0.04871693
0.05329781
0.05599161
0.06518389
0.0599854
0.05105332
0.05681077
0.07002654
0.07783631
0.08228397
0.07640064
0.07933213
0.07963514
0.09386309
0.09937086
0.09584631
0.09222772
0.08373918
0.08622987
0.09495194
0.08571013
0.07705559
0.06586845
0.070832
0.0663234
0.0752387
0.07694405
0.06883847
0.07077402
0.07254439
0.08003017
0.07624166
0.07457479
0.06891704
0.06677824
0.07378712
0.08583932
0.08102248
0.0779824
0.07477672
0.07538388
0.07177633
0.076818
0.0750751
0.06409853
0.06351217
0.06246614
0.06676432
0.0682468
0.07326145
0.07610098
0.08170383
0.09626211
0.09911605
0.08901436
0.102969
0.107661
0.1189587
0.1099146
0.1047276
0.1084997
0.1094206
0.1073511
0.1151835
0.1096876
0.1153415
0.1051147
0.1133883
0.1264106
0.1378435
0.1304966
0.1231366
0.1210611
0.1097784
0.1009998
0.08676505
0.0964945
0.09716849
0.1030333
0.1110129
0.1090335
0.09596717
0.09818327
0.1061494
0.1288145
0.1356097
0.1486534
0.138007
0.144908
0.1570198
0.1592036
0.1554783
0.1609231
0.1547073
0.1539567
0.1587001
0.151757
0.1350255
0.1244642
0.1169686
0.1066555
0.1004719
0.1027749
0.09856641
0.103668
0.09491499
0.09524838
0.08313967
0.07965769
0.08746564
0.09096953
0.0868197
0.1095891
0.105268
0.09604683
0.111741
0.1111588
0.1213357
0.1175584
0.1164034
0.1203095
0.111201
0.1091777
0.1162523
0.1217063
0.1313338
0.1151928
0.1074049
0.1092134
0.1090543
0.1032078
0.09649881
0.09996532
0.09852803
0.1119602
0.1114334
0.1132978
0.1099666
0.1190074
0.128698
0.1166605
0.1170114
0.1317666
0.1315091
0.1346307
0.140078
0.1184937
0.1101217
0.1038564
0.1061876
0.1047854
0.09534203
0.08754714
0.0848936
0.09647228
0.1042195
0.1007928
0.09771115
0.09384076
0.09277052
0.09271691
0.08292396
0.08425203
0.08714639
0.092539
0.09645046
0.109571
0.103895
0.1131085
0.114127
0.1235288
0.1084286
0.1496606
0.1385274
0.1329435
0.11117
0.1199486
0.1287685
0.1332238
0.1217963
0.1223898
0.133419
0.1543946
0.1522335
0.1438371
0.1371002
0.1466154
0.1488235
0.1643152
0.1329794
0.1236568
0.1248499
0.1204977
0.1289233
0.1118441
0.1027791
0.1035623
0.1045774
0.09340917
0.08459219
0.08644716
0.08025543
0.08312556
0.08998535
0.1005795
0.09438467
0.08877562
0.0923112
0.08963202
0.09009521
0.08328041
0.08944959
0.07792942
0.08365024
0.09833632
0.1046117
0.1110081
0.1109207
0.1041333
0.1090124
0.1214694
0.1324816
0.1451864
0.1561768
0.1563944
0.1422005
0.137701
0.1345941
0.1323496
0.1262688
0.1203413
0.1302622
0.1266483
0.1227533
0.1130795
0.111271
0.1091962
0.1103987
0.1136466
0.1113035
0.1032135
0.1023763
0.1028022
0.1082367
0.1180629
0.1119409
0.1096969
0.1067051
0.1039455
0.1026724
0.09762725
0.0905914
0.09186626
0.07459782
0.07200104
0.06151507
0.05858029
0.06447467
0.05923181
0.06254253
0.06972101
0.07146699
0.08182689
0.09048816
0.08704838
0.0850974
0.07950303
0.09572523
0.09486145
0.1054747
0.1142853
0.1164437
0.112336
0.124927
0.1270851
0.1025043
0.1015527
0.08840997
0.08618931
0.08138803
0.08784794
0.08766757
0.07853912
0.07425616
0.08454742
0.0978702
0.1053393
0.1088305
0.1090655
0.1285147
0.11772
0.1329681
0.129139
0.1377592
0.1310138
0.1422129
0.1512204
0.154101
0.1506631
0.1432206
0.1587511
0.1666111
0.1572441
0.1458775
0.1437393
0.150571
0.1330059
0.158272
0.1473163
0.143919
0.1555673
0.1476996
0.1482133
0.1492639
0.1505468
0.1211842
0.1236957
0.133076
0.1350227
0.1327985
0.1284005
0.1209732
0.1224296
0.1317723
0.1254903
0.1426469
0.1568343
0.1421539
0.1328793
0.1399391
0.1289426
0.1263348
0.1251879
0.1241828
0.1183274
0.110097
0.1217713
0.1070676
0.1074395
0.1136175
0.1166224
0.0983664
0.1061104
0.1065322
0.1025742
0.09778081
0.1052075
0.09674184
0.1040971
0.1041253
0.1039321
0.1126865
0.1086104
0.1116625
0.1110989
0.104473
0.1197035
0.1149244
0.1258
0.1249703
0.1315941
0.1268092
0.1208001
0.1376975
0.1456053
0.1198965
0.1388512
0.1261827
0.1273368
0.1336756
0.1401657
0.1449887
0.1697415
0.162207
0.1552487
0.1674374
0.167657
0.1717599
0.1700973
0.1717746
0.1825104
0.1813352
0.1717125
0.1631278
0.1609968
0.1716977
0.1843999
0.1857153
0.1832631
0.1810043
0.1778045
0.1681357
0.158296
0.1553641
0.1492731
0.1389876
0.1503355
0.152054
0.1471779
0.1436564
0.13703
0.1277846
0.1319286
0.1486092
0.1265509
0.1259209
0.1160045
0.118118
0.1215086
0.1247785
0.1152458
0.1309764
0.131812
0.1406596
0.1409531
0.1446467
0.1424455
0.1244922
0.1344606
0.1319151
0.1230942
0.127371
0.1252591
0.1125099
0.1217418
0.1162443
0.09894283
0.1076206
0.1046991
0.1120356
0.1133373
0.1211365
0.1109302
0.0973906
0.09320288
0.08435347
0.09436463
0.09822503
0.09198988
0.1012455
0.1161768
0.1107133
0.107155
0.1010237
0.1004025
0.09942195
0.09871751
0.09779566
0.1001388
0.104961
0.09957941
0.09198559
0.09651853
0.09958372
0.111403
0.1070293
0.1082102
0.1091195
0.1190483
0.1268918
0.138615
0.1294812
0.1414199
0.1489197
0.1607715
0.1603672
0.1472006
0.147887
0.1516629
0.1736439
0.1655753
0.1571562
0.1523917
0.1413597
0.1368101
0.1519076
0.1364799
0.1278681
0.1121125
0.09995617
0.1198197
0.1086728
0.1145497
0.1177809
0.104601
0.1189064
0.1201822
0.1017021
0.1137929
0.1121704
0.1104781
0.1045225
0.1126807
0.1127503
0.101545
0.08862165
0.08260666
0.08745566
0.08605222
0.09317606
0.1001766
0.1024793
0.112605
0.1045641
0.1086077
0.1065156
0.09931088
0.1076241
0.112635
0.119134
0.1083642
0.1208541
0.1121852
0.120001
0.1176528
0.1162214
0.1132869
0.1083783
0.1170599
0.1115796
0.1043792
0.09202143
0.09165415
0.09611246
0.09841209
0.08391236
