1.395991
1.301293
1.234473
1.22375
1.176695
1.191137
1.268038
1.312047
1.314201
1.264216
1.234933
1.08281
1.122159
1.085771
1.069994
1.104101
1.132498
1.083402
1.045717
1.055582
1.021015
0.990227
1.01026
1.041196
1.018915
1.088842
1.105779
1.085489
1.108925
1.071783
1.033003
1.054407
1.021009
0.9877201
1.053517
1.055276
1.097088
1.106261
1.078895
1.057634
1.032173
1.045363
1.027527
1.024605
1.036191
1.072386
1.007893
1.002912
0.9721852
0.9350665
0.9479299
0.9189361
0.9879466
1.002871
0.9427844
0.9579622
0.9428356
0.956672
0.9433352
0.8957453
0.9115898
0.9338431
0.8590998
0.830608
0.8246431
0.7958624
0.7698745
0.7695697
0.7641779
0.7598598
0.7792752
0.7527837
0.7745238
0.7450425
0.7512768
0.7292019
0.7762589
0.8078688
0.7878514
0.7878034
0.7764182
0.7770028
0.8203169
0.799085
0.7733075
0.7775046
0.8107787
0.8241519
0.8457043
0.8442414
0.8690054
0.7991198
0.755922
0.7244631
0.7046434
0.6989814
0.6930373
0.6891527
0.6604101
0.680128
0.6486592
0.6235317
0.5959621
0.5769575
0.5809889
0.575193
0.5747259
0.5485332
0.5310409
0.4939313
0.4972964
0.505834
0.4797758
0.4711156
0.4472026
0.4765667
0.483805
0.4750518
0.4688936
0.4773103
0.4607848
0.4416471
0.4454618
0.4470404
0.4587969
0.4594171
0.429675
0.4493946
0.4510019
0.4528154
0.4581772
0.4921727
0.5059284
0.5210442
0.5105301
0.5279967
0.5231667
0.5342818
0.526401
0.5256011
0.5255652
0.5093848
0.5297587
0.5482435
0.5691381
0.5516089
0.5657442
0.589341
0.5766429
0.5590652
0.5725464
0.5726654
0.5499838
0.5694387
0.5412275
0.5799561
0.6088834
0.5968377
0.6232524
0.6017257
0.6220585
0.6325488
0.6196186
0.6155395
0.5957467
0.5824193
0.5941593
0.6305509
0.5860373
0.6254129
0.6107376
0.6442815
0.6564131
0.6501522
0.6413228
0.6090473
0.5941454
0.60444
0.609566
0.6571933
0.6589639
0.643966
0.6252803
0.6430867
0.6027678
0.6345636
0.6221315
0.5629174
0.5759278
0.5724817
0.5512516
0.5802088
0.5765115
0.6037439
0.5629082
0.6075631
0.611206
0.606272
0.610017
0.5674656
0.5831541
0.5896795
0.5429016
0.5202933
0.521886
0.4946456
0.5280404
0.5240645
0.5398938
0.4985235
0.5102029
0.4858578
0.4590344
0.4612092
0.4367891
0.4333709
0.4283209
0.427682
0.4301511
0.4605505
0.4568734
0.4525553
0.4752419
0.4804094
0.496033
0.4888993
0.4707469
0.4685692
0.4788464
0.4735405
0.4652606
0.4607342
0.44744
0.4474927
0.4202696
0.4084388
0.4159715
0.4249243
0.4276068
0.4306441
0.4209666
0.4217724
0.4186394
0.4213046
0.415159
0.4049018
0.3808885
0.3862306
0.3780945
0.352964
0.3490356
0.3461745
0.3431338
0.3283524
0.3222066
0.3036517
0.2976523
0.3035147
0.2830377
0.2806662
0.2846744
0.2933016
0.3068932
0.2997128
0.2955554
0.3100841
0.3200282
0.3145989
0.3110405
0.3142768
0.3220546
0.3371949
0.3352914
0.3358244
0.3488798
0.3470198
0.3331655
0.3456039
0.3575342
0.3483003
0.3463736
0.3335089
0.3251734
0.316942
0.3116322
0.3015903
0.3004552
0.2960519
0.2872193
0.2732724
0.2890149
0.2746162
0.2756248
0.2801955
0.2673527
0.2603702
0.2529988
0.2412576
0.2468712
0.2359914
0.2325074
0.2312225
0.2452335
0.2435942
0.241397
0.2413811
0.2378735
0.2325727
0.2206797
0.2223352
0.2169316
0.2036445
0.1949959
0.1954102
0.2089011
0.2109865
0.2027551
0.2004776
0.2130785
0.2296137
0.2251089
0.2089519
0.1955743
0.1996424
0.1977194
0.2071965
0.1992623
0.1932437
0.1977542
0.202894
0.2138756
0.2053666
0.2107158
0.2137829
0.2018167
0.206319
0.2033819
0.2117989
0.2117642
0.2063938
0.2111666
0.207739
0.2139674
0.2200157
0.226087
0.2127626
0.2125665
0.2211586
0.2183985
0.2097481
0.2293991
0.2175974
0.2166747
0.1964004
0.1881891
0.1908622
0.1963315
0.1985195
0.2120722
0.2169879
0.2187651
0.2206988
0.2139346
0.2205763
0.2208235
0.2114668
0.2065748
0.2051208
0.2099343
0.2189068
0.2267656
0.209853
0.2050562
0.2103432
0.2118686
0.208436
0.2119509
0.2113386
0.2087699
0.2027148
0.1893957
0.1870763
0.2047043
0.2040442
0.2160638
0.2168646
0.2160245
0.2209151
0.2308627
0.2346097
0.2498186
0.2635083
0.2768837
0.2679015
0.2710041
0.2689736
0.273128
0.2590593
0.2497192
0.2645197
0.2550216
0.2653325
0.2716243
0.2820791
0.2801767
0.2901099
0.2941606
0.2779358
0.2719409
0.2775825
0.2873324
0.2790886
0.266545
0.2745942
0.2887451
0.3088992
0.2911053
0.2968693
0.2742169
0.2705478
0.2790362
0.28689
0.2723727
0.2671816
0.2561497
0.2563385
0.2498203
0.2560591
0.2574164
0.2746896
0.2816948
0.2702411
0.2967752
0.2762144
0.2740514
0.2545146
0.2594921
0.2478383
0.2480462
0.2610026
0.2602425
0.271191
0.2735648
0.278619
0.2897186
0.2881327
0.2998832
0.3111218
0.3068874
0.3134628
0.2950044
0.3126997
0.3086843
0.3215076
0.3169414
0.3206674
0.3089508
0.2940489
0.2891241
0.295673
0.2870165
0.2832847
0.2720581
0.2683978
0.288754
0.2913102
0.2987095
0.2931393
0.2918868
0.2864367
0.2856899
0.292993
0.3054085
0.3055814
0.3027534
0.318575
0.3110896
0.3016696
0.3053412
0.3155916
0.3170542
0.3100825
0.3068997
0.3016449
0.30581
0.3121217
0.312282
0.3281372
0.3394648
0.3223247
0.3299654
0.3342599
0.3317846
0.3270528
0.3414073
0.3342042
0.3729225
0.3862631
0.3943978
0.3834224
0.3821444
0.3716494
0.3962403
0.3871035
0.3754838
0.3894455
0.3706325
0.3760046
0.3794404
0.3761507
0.3809521
0.3642246
0.3720772
0.3827999
0.3801569
0.3977838
0.4217434
0.4154702
0.4032636
0.3833296
0.3836889
0.4064647
0.399337
0.3923561
0.37357
0.3824293
0.4168356
0.4094794
0.4085676
0.4178442
0.4195935
0.4208762
0.4197214
0.424579
0.4342374
0.457542
0.4623997
0.4462463
0.4367592
0.4474476
0.4446985
0.4337299
0.4474987
0.470296
0.479486
0.4658131
0.4780997
0.4646725
0.4469895
0.429002
0.4177912
0.4397577
0.4335881
0.4422607
0.425041
0.4422559
0.4423736
0.4576124
0.4563504
0.4690921
0.4575723
0.4607607
0.4656963
0.4692323
0.4500104
0.4440448
0.415927
0.4331017
0.4238148
0.4136421
0.4007241
0.4208861
0.4476494
0.4482901
0.4739608
0.4543443
0.4447058
0.441826
0.4298174
0.4171997
0.4234907
0.4581122
0.4572707
0.4710193
0.4754978
0.4837426
0.4753271
0.4444754
0.4437035
0.452046
0.4522383
0.4648306
0.4534258
0.4275851
0.409713
0.3999679
0.4217232
0.4261645
0.4130644
0.4202314
0.4432836
0.4376484
0.4001561
0.4091968
0.397238
0.4034125
0.4119365
0.4064526
0.4148039
0.4187614
0.406977
0.4232605
0.3954878
0.3646026
0.3671432
0.3586223
0.3647713
0.369739
0.3507468
0.3584176
0.3547732
0.3510473
0.3743935
0.3837658
0.4133849
0.4260311
0.4303418
0.4113154
0.4097732
0.4132714
0.4095719
0.4176111
0.4355927
0.40172
0.3774681
0.3765985
0.3715175
0.3944859
0.3929746
0.3947901
0.3853894
0.3967324
0.3944143
0.3807095
0.38945
0.3589409
0.3468055
0.338776
0.3421614
0.3295148
0.3317407
0.3424692
0.3417464
0.3481039
0.3373054
0.3237314
0.3351366
0.3195211
0.3280194
0.3354958
0.3343111
0.3415573
0.3282122
0.3322484
0.3408231
0.3395637
0.329672
0.3351996
0.3523569
0.3526808
0.3309575
0.3151961
0.3238301
0.3256157
0.3418406
0.348557
0.3568964
0.3655417
0.3840693
0.4149362
0.4149447
0.4125926
0.4080621
0.4095774
0.3893179
0.3943337
0.3959653
0.3763561
0.3780608
0.3593809
0.3791535
0.364476
0.3714508
0.3756174
0.388739
0.3636358
0.383037
0.379792
0.3811612
0.3679769
0.35889
0.3534271
0.3678308
0.37815
0.3689847
0.3708693
0.3373829
0.34644
0.3394142
0.3370255
0.3528609
0.3532503
0.3737627
0.3596234
0.3769144
0.3839702
0.4101267
0.407625
0.4203579
0.3947726
0.3792689
0.386517
0.390159
0.4165312
0.4022912
0.4086609
0.4285088
0.4444608
0.398861
0.3955907
0.393137
0.388759
0.3872627
0.3812333
0.3911738
0.3734011
0.389849
0.4001851
0.3873647
0.3841144
0.4201481
0.4268588
0.4371425
0.4205051
0.4349561
0.4052134
0.4041661
0.3959155
0.3972637
0.4014313
0.3958978
0.407978
0.4195647
0.3977499
0.3961914
0.4192741
0.4406852
0.4339133
0.4523364
0.448947
0.4897614
0.4916244
0.481765
0.4459116
0.4572048
0.4566158
0.450764
0.4466833
0.4517412
0.472554
0.4794108
0.4678783
0.4947227
0.4891533
0.4666888
0.4479684
0.4646174
0.4460785
0.4403785
0.4396723
0.4180463
0.4110258
0.4005356
0.4093253
0.4287115
0.4221611
0.4244718
0.4304306
0.4060073
0.4062874
0.4140946
0.422411
0.4123056
0.420106
0.4156779
0.4154702
0.4181493
0.4055336
0.397895
0.4174498
0.4394402
0.4459859
0.4286772
0.4352976
0.4348854
0.4407179
0.4403004
0.4131884
0.4272789
0.4407789
0.4302567
0.4382102
0.4485232
0.4803802
0.4909634
0.5050075
0.5056137
0.511022
0.5073262
0.4902792
0.4959371
0.5009531
0.4972891
0.5227762
0.5254352
0.5425926
0.5059831
0.4707147
0.4584881
0.4723836
0.4676861
0.4717555
0.4318592
0.4273863
0.4261689
0.4187097
0.4287274
0.4551086
0.4258073
0.3924417
0.3883727
0.3785431
0.3795266
0.3648675
0.3644323
0.3565446
0.3609854
0.393092
0.387057
0.4002936
0.4090609
0.4151212
0.3815816
0.4089522
0.413865
0.414462
0.4386151
0.4725052
0.4689872
0.4809321
0.4779787
0.448409
0.4196064
0.4274821
0.4226931
0.4089071
0.4319004
0.4392071
0.4305488
0.4044836
0.3988436
0.3876271
0.3966432
0.4001799
0.3972102
0.400716
0.398907
0.3883868
0.3917154
0.3995905
0.4101671
0.4016403
0.3918232
0.385725
0.3966471
0.3906375
0.3832911
0.3625077
0.3645408
0.3697584
0.3833584
0.3760147
0.3835553
0.3841017
0.3718606
0.3628222
0.3862043
0.3778425
0.3764774
0.380484
0.369274
0.3679031
0.3688251
0.3835995
0.3784431
0.3782083
0.3693941
0.3580009
0.3701183
0.3590979
0.3606414
0.3815387
0.3785886
0.3784965
0.3861113
0.3872846
0.392765
0.4187301
0.4220266
0.4202475
0.4400582
0.4599203
0.4546622
0.4722226
0.4845835
0.4856375
0.4849154
0.5192128
0.5313673
0.5363096
0.5492389
0.5455777
0.5299207
0.5773272
0.6080404
0.5814326
0.5837065
0.6259817
0.609405
0.5799
0.6081725
0.604767
0.5929052
0.5948827
0.6026746
0.5893403
0.5931689
0.5801425
0.56156
0.5720632
0.5556305
0.5388259
0.5333086
0.5222619
0.5113924
0.5358051
0.5256471
0.5298872
0.4760559
0.4602723
0.4726086
0.490547
0.5132498
0.5168849
0.4944075
0.4787717
0.4891132
0.53229
0.542565
0.5429692
0.5317812
0.525863
0.5002086
0.4906884
0.4743625
0.4429285
0.4344089
0.4488609
0.4608791
0.4636462
0.4489951
0.4517739
0.4407569
0.4510896
0.457701
0.4549196
0.4929591
0.5204016
0.4903871
0.4920447
0.4813799
0.4947816
0.4896289
0.4678153
0.4460207
0.4454566
0.4521356
0.4462435
0.4496804
0.4466048
0.4382716
0.431508
0.4033341
0.4116186
0.4001807
0.4163826
0.4296895
0.4365605
0.4367208
0.4088616
0.4428908
0.4471589
0.449958
0.4547063
0.4485167
0.4446393
0.4452881
0.4406329
0.4225145
0.4171099
0.4073126
0.3723243
0.3773016
0.4072084
0.3896411
0.3609433
0.3693302
0.3621883
0.3729524
0.3699529
0.3672644
0.3583576
0.343758
0.3345291
0.3487468
0.347511
0.3718354
0.3687956
0.3784521
0.3703542
0.3750776
0.3866787
0.405144
0.3914047
0.3935032
0.3831469
0.4005482
0.4316542
0.4364408
0.3996307
0.3990088
0.4137323
0.4069727
0.3999816
0.380395
0.3827328
0.368319
0.3769458
0.3761844
0.3689462
0.3765386
0.3721084
0.3740973
0.3888637
0.4234433
0.4187738
0.4271734
0.4505289
0.449113
0.4424751
0.4212705
0.4155299
0.4168204
0.409022
0.41703
0.437616
0.4561882
0.460693
0.4683198
0.4628643
0.4708917
0.4591403
0.484757
0.4604806
0.5095127
0.5571094
0.5535721
0.5357014
0.5433359
0.5345588
0.5119437
0.5020325
0.4953321
0.481356
0.4900275
0.5316137
0.5365236
0.5246256
0.5183557
0.4897652
0.4879267
0.5343656
0.5138165
0.5520071
0.5415514
0.5133155
0.510358
0.4931659
0.5386218
0.5476944
0.5435664
0.5337361
0.5238409
0.4872659
0.4903476
0.4967649
0.5184203
0.5246841
0.5185512
0.4747659
0.5130615
0.4905781
0.5033226
0.5509458
0.5628387
0.5734714
0.5422988
0.5615848
0.5461351
0.5410211
0.5623288
0.5641199
0.5481724
0.5590011
0.5448422
0.5667751
0.5681153
0.5616523
0.5801466
0.6021251
0.6159408
0.6057052
0.5963101
0.5956634
0.5719278
0.5795543
0.53726
0.5375955
0.5236544
0.5126103
0.5177316
0.4808063
0.4737671
0.4672818
0.4859232
0.5115623
0.4857293
0.4900585
0.5111802
0.5109177
0.4900725
0.4979958
0.5217401
0.5439902
0.5148924
0.5017915
0.5055652
0.4975005
0.5284167
0.5123904
0.493561
0.4763008
0.4766299
0.4827041
0.4949863
0.4727033
0.4930501
0.4694278
0.457354
0.4370226
0.4419089
0.4421821
0.4576115
0.4799579
0.4836506
0.4921138
0.4817109
0.4732018
0.4475355
0.4645137
0.4502306
0.4385955
0.4402624
0.4496083
0.4479573
0.480839
0.4920626
0.5011644
0.5150974
0.5134829
0.5082341
0.4718646
0.4971599
0.4907356
0.4636739
0.459595
0.4643746
0.4605444
0.4543572
0.452225
0.4568167
0.4505429
0.4402578
0.4687872
0.4747682
0.4806147
0.4772831
0.4921005
0.5097139
0.4880066
0.4926024
0.4776755
0.481925
0.4956019
0.494841
0.5084314
0.4951102
0.5051082
0.536572
0.5231276
0.523591
0.5391135
0.5334913
0.5316017
0.5202005
0.5111349
0.5160257
0.5186794
0.5098206
0.5481702
0.5629374
0.5555203
0.5362897
0.5335054
0.5146331
0.5234498
0.5270252
0.5376642
0.4995181
0.509577
0.5142241
0.5206976
0.5179406
0.5503439
0.5867628
0.5706845
0.5666281
0.5269015
0.4958661
0.4983046
0.4957649
0.5044858
0.4840432
0.4649138
0.4553705
0.4474718
0.4698588
0.450736
0.4629555
0.4592738
0.4560153
0.4628031
0.4709974
0.4718922
0.4595507
0.4387643
0.4471403
0.4563611
0.4517397
0.4293891
0.4260291
0.4508841
0.4596496
0.4807256
0.4838403
0.4855363
0.5055126
0.5128482
0.5115795
0.5105639
0.5133804
0.5017267
0.4961743
0.4937563
0.4978294
0.4865061
0.4894209
0.5153738
0.5052947
0.4999209
0.4861274
0.4662186
0.4765364
0.4673564
0.469697
0.456842
0.4429334
0.4323286
0.4296127
0.4031841
0.4394933
0.4306546
0.4026715
0.3951776
0.4249661
0.4322507
0.4277243
0.4188516
0.412789
0.415155
0.4192619
0.4238093
0.4105691
0.4086992
0.4015626
0.3935968
0.3717182
0.3841156
0.3877189
0.3750214
0.3669958
0.3677736
0.3514347
0.3539334
0.3438131
0.3377669
0.3267522
0.3295495
0.3427875
0.3428577
0.3246425
0.3458035
0.3127064
0.3072179
0.306166
0.3312106
0.3328953
0.3249598
0.3188622
0.3168407
0.3046434
0.3005397
0.3053967
0.2962318
0.2914935
0.2818574
0.2602595
0.2483055
0.2729118
0.2640479
0.2792455
0.2969526
0.2969543
0.3162534
0.3141318
0.3212824
0.3360622
0.33721
0.3302158
0.3333419
0.3302028
0.3054668
0.3131
0.3281777
0.3116121
0.3205249
0.349256
0.2980064
0.3102385
0.3157068
0.3292614
0.3207882
0.3151719
0.2908306
0.3036357
0.2960265
0.3020947
0.2966749
0.2922944
0.2856995
0.2812324
0.2771849
0.286367
0.313714
0.3186271
0.333198
0.3265222
0.3192313
0.3130323
0.3019193
0.303855
0.2842264
0.2819765
0.2816412
0.2776698
0.304972
0.2895859
0.2889852
0.2885133
0.2685418
0.278454
0.2867451
0.2915459
0.2940682
0.3153974
0.3139126
0.2959168
0.3095007
0.3204558
0.3484309
0.3457978
0.331612
0.3254222
0.3138716
0.3190186
0.3312934
0.3472509
0.3411347
0.3483736
0.375152
0.3912613
0.372681
0.404986
0.4085135
0.3940934
0.4067896
0.4056938
0.3912156
0.3744345
0.3632057
0.3541658
0.3566906
0.33388
0.3626705
0.3474077
0.3496023
0.34842
0.341759
0.3635693
0.3528547
0.3552985
0.3442843
0.3421712
0.3200263
0.3324931
0.3428984
0.3496212
0.3473426
0.3357601
0.3474374
0.3345527
0.3449523
0.3596091
0.3505053
0.3313399
0.308492
0.3028341
0.2995578
0.3122261
0.3255696
0.3315346
0.3066208
0.3186984
0.3334629
0.3418065
0.3456875
0.3298534
0.3234309
0.3231381
0.3194963
0.3323142
0.3545779
0.355078
0.3444506
0.3335887
0.3168599
0.3231968
0.3257497
0.3065264
0.3022653
0.3364601
0.3520256
0.3428908
0.3580727
0.3910537
0.4049993
0.3890479
0.3896686
0.3643359
0.3803656
0.3975026
0.4011707
0.4057513
0.4243204
0.3901015
0.369088
0.3725206
0.3600272
0.3672294
0.379247
0.3851909
0.3852817
0.3759906
0.403273
0.4129693
0.4171343
0.4017536
0.4430539
0.4441194
0.4508245
0.4705994
0.4462872
0.4486461
0.4744889
0.4273906
0.4171847
0.4158738
0.4146704
0.4313124
0.4524922
0.4345691
0.4276151
0.4221595
0.4167754
0.4019011
0.4282141
0.4491669
0.4353803
0.4477699
0.4681721
0.4697221
0.4763679
0.4696575
0.4690811
0.4567254
0.4529319
0.4682876
0.4551706
0.4617851
0.4818337
0.4902368
0.4762517
0.4985859
0.5043344
0.5043756
0.5052523
0.523517
0.5084329
0.5241078
0.5160221
0.5030829
0.4988413
0.5013746
0.5025872
0.5101385
0.5028186
0.4906367
0.5213341
0.5223856
0.539844
0.532356
0.4898244
0.4938191
0.4843614
0.472293
0.4633901
0.4184374
0.4101875
0.40713
0.3904372
0.4073237
0.3968903
0.3651773
0.3802269
0.3630424
0.3689182
0.3679953
0.3640263
0.3581697
0.3613927
0.3657154
0.3672845
0.364667
0.3768184
0.3935149
0.3895034
0.3911116
0.3983959
0.3953646
0.3890982
0.3973075
0.3589156
0.3392291
0.3633813
0.3686265
0.3689876
0.3488428
0.3192691
0.3014017
0.2926691
0.2908926
0.284647
0.2727785
0.2899453
0.2887572
0.2843998
0.2857575
0.2907985
0.2957731
0.2945745
0.2845215
0.2905501
0.2872222
0.2784788
0.2765325
0.2708708
0.2879581
0.2872872
0.2754238
0.2814646
0.2940204
0.2794775
0.2985073
0.2799345
0.2725847
0.2699005
0.2669624
0.2584978
0.25611
0.2669858
0.2927472
0.2784063
0.2641047
0.2654008
0.2587434
0.266961
0.2670946
0.2847889
0.2912595
0.2860189
0.3041945
0.3000102
0.2956721
0.3162495
0.318499
0.3313691
0.3313446
0.3325809
0.3398482
0.3369697
0.3388294
0.3457005
0.3416657
0.3637669
0.3670874
0.3684873
