66.35317
65.21512
64.13688
62.25579
62.75352
62.52173
62.73436
61.73151
57.78143
56.74713
57.57396
53.791
54.08284
53.78896
51.43294
47.85835
44.66598
44.19873
46.06705
43.74824
43.7199
46.33636
46.35691
47.61663
49.38587
50.50403
49.12096
49.41069
49.59568
49.50768
50.7433
51.36405
51.82294
51.82839
51.42139
54.55754
54.07496
55.99913
57.53023
56.60396
56.27606
55.03925
54.56191
56.26749
57.76771
57.85549
60.98288
60.44209
60.64907
59.93904
62.52413
61.38669
61.17693
61.61226
61.58535
62.22625
60.7531
61.5942
62.89433
61.88891
60.60466
57.95728
59.5791
61.95184
60.95055
60.74877
61.51481
62.0653
63.14301
63.62429
61.76607
60.84786
63.13096
64.72928
64.88063
65.0458
64.52403
63.74347
64.74351
62.75606
59.55211
59.71198
59.63867
57.29814
57.69394
56.06706
57.73919
56.20655
53.71028
53.56973
52.08012
50.81028
48.71116
49.04586
50.44057
48.94758
46.74177
45.34516
45.20054
46.3663
48.41846
49.36623
46.49006
46.69151
48.63343
48.15508
50.75049
50.81641
51.03361
52.44186
53.38363
55.77089
55.14574
56.79008
56.21882
57.04458
55.80233
59.81563
59.86573
59.58158
57.52623
58.94685
61.05059
60.7135
61.13428
61.2431
56.94165
55.67909
58.62813
60.89391
60.88577
60.28007
60.76427
58.50685
59.92232
59.34884
63.20997
63.69715
64.93752
66.39267
63.66691
61.5022
61.02955
59.30462
59.96099
57.14019
54.86721
54.55856
54.98965
51.72265
51.43078
49.90396
52.25323
52.76456
52.85986
53.6464
55.39266
53.6025
54.27155
53.87814
52.98257
53.92565
55.8658
54.77797
55.00025
58.05739
60.75709
59.29104
59.40672
59.95851
60.5402
58.44353
58.28134
58.0695
58.24871
58.93322
57.61044
55.79825
54.9002
54.02871
51.57908
50.32512
46.96505
48.69051
48.41105
49.96046
52.24179
53.49749
54.02417
53.08065
51.42423
53.07386
53.62966
56.14602
58.06877
58.46153
61.18792
60.63902
61.47072
60.76357
58.02793
57.18761
55.41562
54.6786
52.70811
51.16868
56.15629
54.03907
53.69471
53.43169
51.68408
52.37901
54.59777
53.22954
50.00985
51.32083
48.53288
46.88416
44.98333
47.64016
47.37252
45.32134
42.90983
46.51555
44.32927
44.82181
43.37546
45.20302
47.6253
48.62761
48.57537
51.54346
49.44413
51.43232
52.8901
54.43349
57.16328
58.42945
59.21466
60.87459
63.55155
64.3431
63.11759
64.65593
60.6873
59.90465
60.63628
60.48502
56.78627
54.98504
54.85472
54.60669
54.24052
49.5987
49.68276
48.30609
49.6848
48.09953
48.34824
46.26388
47.57363
47.18572
47.85034
49.10777
44.31333
44.02606
46.05301
46.38113
48.52255
49.64683
48.51137
46.84024
46.27118
45.69406
45.24993
42.43689
44.04053
45.36275
47.25609
45.26469
43.9943
48.1259
50.34391
50.1049
51.07635
51.21759
52.4837
51.65472
50.59033
50.91164
51.13618
53.73675
54.07667
55.32965
55.62266
52.60728
50.24806
50.48511
48.60659
50.67825
51.51924
51.43355
51.45441
52.63783
54.74609
55.78349
57.10922
58.9375
58.94656
60.33664
60.1372
59.56813
60.41573
59.53426
58.65961
57.64801
59.21104
59.03143
58.86231
59.96321
59.9343
59.09206
59.15469
59.30527
56.39116
56.38534
58.995
61.77409
61.95057
63.42166
61.6469
59.26401
63.67321
62.54238
65.49069
63.72478
64.33506
65.62085
62.43453
61.55212
60.74983
61.97531
64.28049
63.67606
62.28788
61.44565
61.30536
62.26328
65.53128
65.03447
67.01194
67.51674
65.48768
68.89454
65.93088
65.44191
65.95629
64.05767
61.71772
61.89743
62.6907
63.12855
60.75192
65.58562
63.72977
65.72338
63.25221
64.39397
67.16412
68.45023
69.69199
68.11067
66.96012
63.593
62.51155
62.95371
64.52661
63.85658
61.32642
60.07849
59.04883
60.62508
60.58187
61.96911
63.57149
64.94456
64.63936
64.54222
63.58094
62.67006
60.32874
60.72685
60.64725
59.68775
60.8752
57.80517
60.33148
58.34373
60.13616
61.26728
62.05454
65.80521
65.4862
65.98171
66.17292
62.90752
63.405
58.76361
58.52449
57.34833
56.1902
57.21665
55.10704
54.55377
54.72948
55.17719
52.72913
53.48047
55.17658
53.54874
52.17322
51.46383
51.84472
51.63186
52.17768
48.68874
50.71916
51.84925
53.5223
55.84808
57.37672
58.20506
54.99568
54.73374
54.53792
53.62939
51.69098
55.06623
60.18872
60.08779
60.07365
61.0697
62.23812
62.50774
62.79771
62.49303
64.00585
63.71126
62.92446
61.62257
61.18211
61.9049
63.00229
60.43007
61.10934
56.83714
55.18812
56.52453
55.30259
54.5175
52.38759
52.80771
54.27733
57.29399
56.97372
57.46188
59.99622
62.28896
61.36032
58.15054
57.83438
60.29723
60.04933
61.59633
60.6214
63.38802
62.82505
62.24106
62.14333
61.34285
65.60554
65.89029
61.66603
60.33207
58.90937
59.92106
55.07323
56.39135
59.08325
59.42421
58.10277
60.23148
59.46307
60.71444
61.63887
60.88184
61.24567
60.70817
60.36199
62.81104
62.60933
61.26485
61.50494
61.85166
61.6627
63.93758
62.2732
62.80856
61.74713
62.44796
63.46086
64.92299
64.3616
66.1514
67.02184
68.43113
67.34102
66.96683
65.87191
65.28442
64.50806
65.0058
62.87332
64.9452
64.2049
60.14627
60.72032
58.82102
59.90437
57.52763
58.3993
57.17512
57.84948
54.60661
53.65165
52.03622
51.06307
54.94955
54.93074
52.53209
49.64283
48.66898
50.27318
49.7356
48.58552
50.79717
51.17549
53.25037
55.47528
53.42182
52.91296
52.79649
50.9146
51.89471
51.36248
53.97776
52.56325
54.04445
54.14328
54.36639
55.04348
55.42813
55.11208
53.56491
53.83923
52.34629
53.16879
54.8294
53.02792
55.59197
56.54861
58.93358
63.2973
62.55952
62.74738
63.91812
62.16574
64.59753
64.76553
63.60972
61.41896
61.52692
61.13118
61.49227
59.31474
58.16773
59.34773
59.57709
61.22116
61.00458
62.92317
60.37483
58.93826
59.73141
61.08347
58.67821
58.90386
57.93873
54.71303
57.98979
59.47754
59.28592
61.68496
62.29565
62.96778
64.58624
63.70746
62.90857
62.98307
64.7786
65.6385
67.4945
64.58945
63.08196
63.72957
63.82565
62.94478
60.92683
61.2741
60.0662
60.8846
60.01131
60.02035
61.58269
59.00342
58.91882
54.99345
51.8224
54.79913
55.8957
57.39348
57.99951
59.74524
61.60597
59.43076
61.7664
58.44859
56.43733
54.96516
55.2654
56.19314
56.63951
58.79677
59.37192
58.16822
58.48209
61.17898
61.94308
62.3843
62.89885
58.29848
58.07967
57.92791
55.52455
56.78221
59.08615
59.80646
58.93293
58.49771
58.2976
54.42909
52.73539
51.89541
54.29208
54.26947
53.42034
52.25812
51.89399
53.60494
50.25268
50.7196
51.83919
52.22435
51.83342
49.83843
49.86583
50.30625
54.27995
54.13638
56.16829
56.61335
60.2277
57.20245
57.80783
58.07375
59.59939
62.19319
63.30952
65.58643
63.08622
61.40026
59.57545
57.31287
57.21124
60.02827
60.18579
59.31221
60.09946
62.28749
64.39823
65.71065
65.89705
68.49957
69.09614
70.25727
70.61456
70.65971
67.99784
71.51435
69.22849
70.57423
71.49291
72.75842
76.29636
75.29944
75.24799
76.56515
76.89819
74.57358
75.80248
76.6193
76.70613
77.77597
77.09816
76.85358
75.50648
75.05936
74.3188
73.97441
75.04652
74.93601
73.5238
73.72063
76.44673
73.31634
71.36103
69.38165
67.86895
68.36526
66.02686
67.38467
68.77531
68.03008
67.75232
67.88543
68.81553
70.10592
67.51663
68.47701
70.94902
71.45834
73.6646
71.92891
68.56821
66.85197
64.09217
63.23098
62.83724
64.00684
62.4448
64.56473
67.0406
70.65871
67.82964
67.74949
67.09099
68.48996
68.71122
70.66662
68.8678
69.90357
68.71772
69.49527
70.3768
69.74558
67.09594
65.7755
64.78327
67.76099
65.99923
64.04963
66.19528
64.44532
61.54418
58.86799
59.33911
61.45757
60.32494
60.14495
60.00154
61.57447
62.14833
63.37138
62.94439
63.12063
65.10159
64.04219
67.00051
70.37532
70.18675
66.84466
66.40577
66.57914
65.07506
63.44678
61.06363
60.08632
61.42073
62.69877
62.95264
65.43569
62.8853
62.13912
63.25347
60.58024
58.40774
63.22605
60.45161
61.12524
59.56946
56.44399
54.58428
56.53974
55.27824
56.81483
56.52856
57.37953
58.08849
57.61436
55.70399
53.96059
56.18899
56.78184
57.20287
60.06458
59.39875
59.99915
60.98367
63.74768
63.3679
64.66079
64.31099
62.16538
61.80566
56.99837
58.45665
60.25102
59.1899
58.8004
60.18774
58.11596
59.24306
58.59263
61.18661
62.14338
62.95264
62.79408
63.67367
62.47499
64.73223
65.51233
65.26713
64.02753
65.67515
64.60554
63.61115
59.31403
61.82915
59.36431
61.54533
59.05664
59.87202
57.3298
59.57239
60.6217
60.65707
61.49381
60.37877
61.31802
64.79657
65.30921
66.4873
66.12368
66.4258
67.89415
66.39927
64.58735
63.70407
67.81423
68.38256
67.54533
65.87517
65.8661
65.1744
67.96011
67.30793
67.56425
69.05484
67.17758
67.17649
65.38034
63.22834
62.74861
62.43565
64.36219
64.28611
66.72082
68.42251
67.86426
67.1335
66.51829
68.1744
67.25014
68.52285
69.06929
66.01497
67.23321
66.72784
66.71233
66.3422
67.17447
68.35214
69.6909
67.80308
69.11476
68.81705
66.69895
68.13247
66.26735
65.97208
68.687
67.07756
67.39517
65.75321
67.62444
67.63167
69.83663
71.21095
71.54757
71.48844
72.59425
73.12271
71.21279
72.06946
70.23713
72.68356
70.3085
68.06262
67.06605
65.66359
64.2401
63.57219
64.79834
64.44046
63.90754
63.62102
66.19491
68.49018
68.27231
67.06936
70.3747
72.23389
68.81905
68.93819
68.16453
68.2747
70.16358
71.96671
68.99209
69.38886
67.33805
67.91209
66.12671
68.12812
66.5433
63.45907
60.47754
58.9143
59.72933
58.65117
58.74248
56.52607
53.85354
54.13356
54.92416
52.81144
55.05618
56.74351
57.54599
59.01746
58.30954
55.61038
55.4967
56.6356
57.04806
57.15241
59.16324
63.994
67.29222
65.80352
