236.8229
245.015
245.3049
247.1707
258.9273
253.1188
252.3276
271.2709
237.1764
208.9997
253.344
229.2447
269.246
262.3832
245.5439
261.882
230.2263
257.7778
255.9842
255.8342
216.9339
237.3773
266.9308
252.2951
255.03
228.6498
223.2513
284.2483
250.9021
220.5813
278.4427
259.5798
240.6006
231.2414
264.7243
267.4975
272.3996
268.892
268.296
245.7971
259.7611
242.144
223.7403
288.0876
310.045
247.8178
226.9383
261.024
254.476
245.265
309.886
257.4335
298.0886
263.1825
278.6425
225.3444
256.2274
308.7295
288.6226
229.3069
250.1938
262.6393
295.3214
220.1602
235.8191
236.7538
226.9469
229.3262
252.6115
279.5802
310.9651
264.6863
276.0247
261.5839
248.4262
262.3127
249.6606
257.9775
255.2749
215.5907
274.5102
257.8207
252.4537
240.941
230.1223
266.9492
235.4222
246.3035
274.7595
236.6668
223.3806
222.7336
241.606
236.2839
244.3893
295.6599
241.2537
229.361
308.7323
253.7908
245.0234
254.1915
266.9917
301.0395
327.224
272.4558
258.7138
254.3257
281.0078
273.7921
234.1059
255.053
262.4601
241.4315
260.0527
247.1136
249.0855
242.8429
240.0019
248.8337
256.0512
286.4328
278.446
271.8563
239.2079
261.3725
246.5908
238.5474
275.2881
288.7889
285.7207
234.0857
257.0722
253.3393
245.9619
242.312
266.0625
248.5693
261.5222
270.4778
243.2973
272.8434
276.9449
258.8539
262.3633
229.2816
259.9781
279.6581
284.011
269.9898
261.5872
283.6299
261.2826
229.1032
273.871
238.86
253.1619
267.4307
251.1274
264.6914
233.9326
253.9943
236.4923
234.2467
218.3778
239.6289
254.0853
246.3676
230.3136
251.4738
235.1951
261.3401
269.5301
243.2419
262.0906
243.9883
218.4475
246.7298
274.4084
288.0579
285.0421
256.1115
219.4615
249.7739
227.466
237.4384
231.832
258.7567
224.0374
249.8281
215.5923
242.5965
238.0868
252.0474
283.4018
266.2687
284.7617
249.1247
259.1715
276.1329
262.1012
292.9669
246.8965
281.2334
268.5378
232.1885
231.7108
252.9099
229.4168
286.8483
238.7236
237.1936
241.5318
221.6343
242.6486
204.986
222.494
254.5399
242.3111
249.6299
220.5912
252.5242
241.2602
224.6267
246.0152
217.4157
229.0627
278.7937
223.3393
260.2273
288.959
269.1539
223.5418
240.4089
224.8653
232.8763
234.2759
229.6352
230.3693
239.6205
250.9128
243.059
235.5742
280.3943
297.3267
239.95
236.1268
256.1663
278.403
263.09
252.3657
264.0962
236.2002
268.6405
243.5273
226.7866
271.7257
268.8186
280.8343
242.6616
251.5036
246.2674
255.3823
255.0256
234.3076
223.1851
251.6432
241.4517
242.8963
265.5527
242.789
257.7375
222.1651
244.8845
241.2552
283.8652
288.7226
250.7535
260.9837
263.3509
249.513
254.502
234.992
250.9324
263.0143
270.3542
228.1692
245.8152
250.7237
261.5186
279.224
254.4072
237.1764
270.4662
257.1014
255.5718
284.2406
287.7653
275.9273
239.9425
254.4829
243.5414
272.0533
283.8811
253.4493
238.7923
253.049
267.0911
249.0319
261.1289
233.7915
250.2848
244.7517
262.7353
260.6815
285.4738
228.2429
253.7418
271.3584
232.6536
222.9898
245.5802
226.5176
283.5882
234.2625
236.0526
251.7608
242.7438
234.5073
239.4248
267.877
296.0685
260.8881
245.9984
259.2782
227.9586
265.2467
262.4674
280.075
296.3695
249.5006
254.2388
252.2239
272.6593
247.5817
253.3903
258.0793
262.8537
209.2798
265.6184
254.5388
259.8166
244.5373
244.1851
262.9129
255.3261
251.8044
261.9108
263.6747
277.9366
243.1809
260.007
310.0839
323.1975
263.1866
241.7585
288.0522
267.966
264.8727
297.5182
270.9423
247.7615
224.4781
271.6128
271.8689
219.2838
222.3972
265.4274
254.6643
244.0215
259.6563
245.3999
242.2469
259.5939
247.6027
256.4759
294.101
299.2033
247.4638
237.4234
240.3178
265.6325
244.5941
248.9537
243.3745
230.2279
282.4563
284.3207
225.1355
248.4906
269.7928
221.2933
265.0749
244.6914
258.3639
233.9283
261.2759
233.9496
263.754
255.0322
259.4693
248.5503
261.4154
257.6177
284.7256
262.6184
229.1678
254.668
266.2218
241.4033
267.9308
249.7738
236.9645
252.9485
239.9849
272.814
245.5265
243.1686
283.5373
221.1422
262.0534
228.2503
254.3946
254.2967
225.5796
264.7098
301.7395
211.4189
227.2371
209.4857
241.7013
251.0418
279.919
246.511
278.7585
248.1592
269.989
256.102
264.3705
253.4974
268.5364
257.4671
257.5372
261.5475
245.7565
274.5603
236.2858
222.8135
236.9713
253.8369
229.475
265.082
243.8903
232.7952
259.683
262.0069
245.8827
240.7548
240.2878
249.719
268.2636
259.1076
243.3004
225.164
266.2407
259.8356
255.6759
269.2746
282.5546
286.4165
286.8582
284.625
243.2495
278.3578
261.6158
273.1976
260.5772
254.6378
275.6242
293.4542
270.1996
309.9265
282.1145
264.4304
279.1459
292.5848
254.7401
256.0484
304.2527
261.0671
246.4586
281.2188
259.3397
284.886
294.6815
273.4991
291.5342
275.7235
301.2256
293.2901
268.2042
290.3245
258.3434
255.4322
234.7339
270.0192
254.7201
244.404
265.6223
255.0449
227.9003
282.2497
283.6424
238.3262
247.5462
281.7742
246.1789
220.0293
266.7573
241.7916
235.4255
241.7918
288.5403
248.4703
258.7792
249.2507
264.1379
277.3366
241.3282
238.9945
255.1561
281.731
261.4501
254.1473
229.5974
276.4331
257.7195
242.2487
231.0493
247.1657
254.1336
224.1839
254.2954
252.4062
261.6392
243.3565
260.8431
257.9868
238.7587
268.2921
275.0865
300.8106
266.988
258.2341
234.8531
249.4939
242.3086
250.5454
246.1576
258.8644
296.803
261.3771
256.524
248.4656
241.0863
242.8912
217.8034
242.288
222.8069
243.4505
269.6633
227.8874
260.2736
280.6947
262.2562
273.2846
269.5306
235.2946
251.4185
251.7965
282.8815
265.6595
234.2206
288.1225
284.0844
238.3431
270.0842
275.7454
257.3901
243.7125
242.6636
274.7303
278.8893
210.6421
237.0884
235.5457
197.8253
259.4056
259.5249
258.0327
255.9304
277.8194
249.1271
273.386
278.2603
278.2092
250.9994
286.0646
227.9068
271.9141
246.1004
263.4963
230.9534
275.2122
245.6102
253.5423
251.603
237.249
255.5705
263.9746
254.2142
258.7271
249.2857
273.7936
236.3158
249.4977
249.3373
263.115
239.9668
256.5452
256.8347
203.4652
220.7727
247.2217
243.488
244.8933
250.2052
261.0995
235.1329
230.2384
245.3106
250.3117
229.549
233.4129
250.5401
234.2445
251.8585
237.9099
242.0529
226.7512
239.2103
224.0292
276.3448
222.6038
218.6204
261.6375
267.2506
246.6488
262.6467
255.6579
256.2327
241.277
229.9335
247.0285
241.3149
201.6321
262.9319
280.1815
273.4194
236.9528
250.7337
236.9615
245.8568
224.428
260.8801
251.2551
261.4773
292.0809
224.7194
253.0979
248.3396
245.9398
249.0887
248.9726
271.2315
245.3574
252.5707
267.734
266.1805
271.093
240.8462
248.7906
263.8813
227.6082
240.3409
239.6055
283.1893
275.2896
261.6376
229.1451
257.7835
236.3352
260.0683
263.8783
260.175
237.5828
240.7215
241.1763
230.3782
266.582
283.1104
237.6103
250.0361
273.7603
215.8734
224.0358
229.1328
235.5629
238.5302
265.9048
255.3394
245.0227
244.0294
295.3769
228.3727
215.3788
255.4073
251.1626
247.1737
226.8906
252.6787
281.3351
228.4502
245.9996
258.7189
249.7422
244.8492
232.8172
237.6499
253.5746
233.842
253.2947
276.4353
261.5992
238.573
265.5039
243.9427
236.2096
251.2202
262.9137
275.9604
306.1033
233.8068
268.7514
230.1263
238.8853
226.5187
231.9337
268.8529
236.2587
281.5174
257.2941
237.2791
243.6643
245.9766
251.639
238.0045
267.7933
234.3833
244.5243
240.9527
228.6619
244.9018
250.9004
230.8132
240.1943
218.595
272.3455
262.5413
217.1312
216.7521
253.1787
232.5459
265.3353
238.0005
268.5992
266.7787
246.5834
294.7378
288.5974
310.9594
255.6944
267.0692
256.4778
263.9012
263.252
274.0504
298.7646
254.4329
263.2315
268.623
256.8556
258.3546
266.428
288.3971
247.335
238.5194
213.2818
292.7449
226.954
253.8236
265.0321
269.223
259.3317
244.7168
247.8623
244.3361
279.4108
273.7335
222.5828
232.7287
234.4438
228.9825
249.9533
236.1616
248.6838
240.3521
228.8062
240.7098
235.6735
259.2309
236.9635
266.3361
287.7958
295.2613
224.6282
256.0197
279.9615
277.5561
227.3
238.622
264.4848
275.1747
239.6775
252.1458
261.8768
289.9568
277.4087
229.4366
278.5444
251.571
232.6809
263.4087
282.6825
266.8474
296.3967
304.8706
237.1678
252.2489
248.7199
262.6659
222.3174
213.3821
269.3116
240.9902
243.5025
249.0617
261.8864
250.4667
244.7881
276.2903
252.7392
250.7506
275.5739
264.6825
265.6183
226.4018
225.136
251.4384
266.2071
215.1936
226.0805
233.5788
229.1449
257.2804
277.4052
218.3114
262.5237
256.4856
278.2142
257.4432
249.5567
250.1744
237.8961
265.4844
263.6039
257.4435
249.3509
279.6985
231.1836
260.3874
272.2853
258.987
274.9694
290.3989
241.3464
246.3264
271.281
278.1946
223.3287
273.7749
242.3506
256.1393
264.2616
264.9846
248.9886
253.4595
226.3001
235.4082
247.152
270.5611
275.12
272.8173
256.1214
228.7298
255.7276
270.5648
250.4622
277.096
250.3855
256.3774
231.8311
268.4861
269.4312
242.4642
250.2008
250.6313
231.749
283.4613
260.1155
260.1742
273.0383
275.623
294.8906
271.1745
253.0439
260.0948
261.4049
270.7657
289.6141
289.3666
336.8893
260.1538
260.7384
257.1911
254.1227
273.8283
229.6431
243.2327
236.2429
270.1682
225.0545
252.4161
261.8389
276.5658
232.9429
254.1871
242.6849
268.5425
251.3774
258.4495
286.7949
267.9412
244.8722
229.5013
227.5247
243.6466
242.2728
282.4319
278.1536
240.8595
254.8729
262.4492
252.9252
263.1696
254.0386
302.502
260.7288
280.8128
213.725
