76.48702
89.8718
90.55427
96.36657
106.9889
91.87909
75.72902
82.47395
87.65506
76.19618
68.02747
70.99635
65.96868
59.34741
51.59635
66.14832
62.88534
64.92031
56.73479
51.69042
60.7432
77.73694
77.01823
84.91533
106.4287
91.27454
98.20517
95.68988
94.9547
99.18131
92.27751
92.8375
99.56901
79.22293
78.24383
74.23984
75.22773
71.50247
82.63355
88.20109
85.4401
80.68669
87.11493
93.85873
95.68677
86.99224
78.52275
89.64037
77.40662
88.77315
116.586
101.1934
104.7149
94.27536
100.891
104.8303
121.6601
102.9803
95.62861
92.30448
90.50552
93.62449
92.89538
103.3144
144.668
148.9197
115.9143
106.2766
106.8924
93.189
92.60871
69.60469
83.70788
80.0753
83.23202
80.28561
72.63371
82.30542
78.59346
74.38653
87.33107
88.86496
81.35591
81.66092
81.85543
76.3815
75.66147
95.23214
79.02799
86.32397
101.1698
122.0341
119.9431
132.2312
101.4333
118.1281
104.2353
106.2836
105.5214
137.3029
126.1785
137.49
132.0986
127.4635
105.7624
93.84943
106.0931
108.6374
128.0174
125.6633
140.3915
125.7317
102.6895
99.50645
109.4099
97.53081
86.52393
92.52263
99.26318
106.1245
90.08821
97.98493
94.70149
100.6149
129.9921
172.8913
162.4554
150.0983
144.2137
135.0701
107.0012
106.9676
91.24215
99.44656
107.353
95.11879
91.77039
102.0936
116.2975
115.8676
124.8797
112.7626
113.3325
94.8818
93.46742
100.3253
120.0835
103.4702
89.67325
78.85133
93.32054
83.38668
78.47964
79.02305
77.67892
86.08285
73.59798
70.4787
73.62747
80.905
100.7217
83.87863
76.33633
111.5976
108.2242
107.8972
95.30667
87.7877
88.66573
82.79177
75.14703
81.67697
86.72957
82.55979
82.4531
71.62094
74.16679
83.19843
74.98804
76.14219
78.27835
60.33695
68.41252
74.22727
77.11499
76.12566
71.14846
77.86589
74.84576
68.05115
71.8169
78.93912
71.68992
64.40417
73.53344
73.30312
82.06047
84.55929
69.06568
81.69539
87.01562
84.1272
88.1357
83.37597
75.19072
65.29302
60.51532
51.18401
45.06015
48.16069
45.99297
50.65666
45.26452
36.50551
40.15564
37.07528
35.10551
32.45336
34.02248
29.31153
32.53661
44.38955
41.43543
42.17413
42.35123
39.44479
44.82577
45.09326
46.30806
48.44009
47.90227
44.28677
42.97036
38.54218
35.17503
37.06358
33.36683
36.95102
36.36557
43.55316
42.42059
37.21951
33.12371
32.50129
32.2804
31.85485
33.41558
36.15235
36.49297
32.17921
31.74829
33.90884
33.53557
40.19217
39.77809
38.68985
37.78318
36.73223
37.51957
37.10547
38.57091
47.12793
45.96516
48.94458
47.68864
44.54588
56.74783
57.62947
56.83774
41.01851
36.85248
41.39013
42.32461
47.29514
56.64873
51.49616
61.16753
68.44409
69.65161
79.53086
111.5317
114.4133
124.7146
129.134
124.2902
102.072
99.06204
87.69766
89.32341
80.34056
68.20484
54.38516
62.48059
74.28093
82.768
79.79618
68.12905
75.0568
64.01552
56.32168
66.94263
53.74701
53.19738
51.12121
53.46998
52.26559
57.26488
65.85621
66.09845
73.52911
67.94311
76.53732
73.11561
67.18581
60.36399
53.50598
55.19898
49.32796
55.96617
50.07071
46.23104
51.97593
43.01065
44.859
65.30287
67.59986
60.42725
48.17452
50.18737
49.53366
65.97145
74.07678
63.07408
66.09213
60.9803
64.0705
55.00289
52.1586
52.20667
55.36636
70.3412
72.22978
72.37323
80.55057
65.80911
63.62932
59.7631
50.25005
46.79967
45.02968
42.92225
40.95381
45.5318
52.86018
53.72407
62.11653
52.95845
50.70711
46.96736
37.57667
29.10522
31.38204
31.89414
32.92565
35.31759
31.14009
30.38442
31.36188
29.17133
28.23236
24.68558
29.65885
33.56905
29.36617
25.8503
31.18364
33.25563
34.41344
40.89122
49.10453
36.43626
32.84701
28.79351
32.13162
38.13685
42.09523
37.77493
37.60921
37.51353
42.67532
45.66962
44.47878
53.05429
43.05031
50.41273
47.1836
40.85577
35.03506
36.49565
34.36429
34.58987
43.29661
39.82677
40.47909
39.49316
41.23042
40.95018
35.30605
39.19511
35.03039
45.31169
48.5559
48.89145
48.12586
43.38597
44.76421
39.00851
38.35893
42.64347
41.32972
43.66788
47.30971
47.11757
47.59928
47.32172
46.1363
36.27196
39.09643
48.00249
41.25281
42.61278
39.29048
31.85301
41.34091
40.03241
34.94641
37.29946
35.17324
38.44605
40.88942
37.80026
40.09627
43.5776
39.07052
37.99693
32.07022
32.39972
32.18547
32.69553
38.97536
34.63563
32.54722
38.25638
42.04298
43.40292
53.31162
43.12305
56.19671
63.41507
67.51509
64.5158
78.63883
59.56447
58.27247
61.04568
59.22424
63.13921
81.68517
74.96631
61.27427
60.87871
55.28586
51.60171
51.97887
50.6191
54.63008
56.71285
49.30032
49.61003
55.33925
58.77668
56.19678
46.80691
47.60467
51.72437
57.52407
59.19215
51.67466
48.88725
49.75648
62.32861
55.31775
58.5856
65.65292
59.71154
59.80789
64.19987
67.15282
57.54536
51.04553
53.35481
54.41455
60.60995
59.3907
76.90979
75.23831
66.53524
65.42856
74.42238
79.15695
70.29911
53.04443
52.43431
47.82771
48.41768
52.95034
53.02751
59.07888
53.5758
49.07871
56.90701
50.96013
50.26937
41.23138
46.47031
45.63322
47.08007
48.08027
40.631
34.45955
36.90759
41.01091
41.26867
50.36269
53.95112
54.22336
58.94088
50.86902
51.14861
58.28502
59.09894
56.11497
59.85962
51.97327
57.25849
53.64161
54.12251
56.69053
47.7331
41.35463
44.07809
41.88902
38.48951
48.44067
38.40283
37.23441
40.0019
36.31751
36.83343
43.02239
39.18922
35.36647
36.53921
46.51737
41.70548
40.03259
44.90016
47.51719
50.34506
48.11189
52.86019
51.68234
43.86602
44.03276
40.04791
39.48548
38.68134
35.85374
40.33656
34.4517
29.00166
34.9563
30.52821
33.68052
31.46436
28.5685
24.35822
25.96481
20.79109
20.78602
21.0582
23.97998
21.21828
23.31768
22.7054
24.20896
28.90601
33.35198
35.62755
38.65809
42.9686
43.0776
45.6515
44.78527
45.49701
54.53446
52.31616
49.80804
44.56939
51.19177
49.99715
45.63291
43.57262
48.94448
45.35445
50.82861
54.79362
50.59136
52.59877
51.9081
45.65119
57.21734
45.41304
50.80278
51.291
56.41612
51.71983
53.16908
45.64442
48.76993
48.0478
50.25677
49.85125
43.9823
48.94547
45.57371
54.59039
52.75474
49.18935
56.87364
61.34543
60.04941
55.53565
54.50574
64.59807
65.42977
54.10071
69.89794
64.57468
60.40929
45.8535
41.23068
38.38919
35.46729
32.15663
32.51404
37.071
36.18682
38.10885
39.59086
44.52428
37.1038
34.52017
40.15329
41.17884
44.55651
48.78393
48.43176
50.07567
42.28641
49.18856
47.11905
45.69985
49.68896
44.53794
58.80889
60.46407
61.26222
59.07506
62.14167
68.79308
69.09208
55.54188
48.42282
42.46225
42.32102
44.66781
37.94162
57.43138
51.39206
47.07045
45.1723
46.56711
55.13152
55.09963
61.76868
69.1469
56.64875
45.43546
46.77726
39.56136
38.03775
40.07373
40.14558
41.6881
42.70592
45.71193
40.05318
36.34868
31.78107
30.95184
33.9456
40.55372
36.56304
46.70488
44.68944
43.55896
43.0685
42.99907
37.64897
38.54648
33.16757
35.27041
31.59343
36.91567
44.32824
38.31169
43.98443
43.39791
35.81409
43.39818
35.18038
34.49823
30.44035
39.01988
40.73818
36.06064
28.34813
33.11988
29.55593
32.36066
35.92238
37.14328
31.62178
32.58465
31.39707
35.87693
36.68611
30.88884
30.72143
32.15865
32.69616
36.86275
42.55988
46.49013
53.45744
49.43379
50.46733
47.01865
47.53491
51.1985
52.08251
53.29741
59.78776
54.63468
61.02057
58.67046
58.14745
51.46856
40.52456
38.86501
34.81566
36.13382
43.22828
41.00647
40.13253
35.75771
33.40916
30.05731
24.22129
24.30102
28.82736
27.92388
27.79764
27.43711
26.99348
28.51705
25.61172
26.68185
24.91552
24.80036
26.15662
23.87684
23.56007
25.95835
28.40844
27.8942
27.12825
31.04804
31.16855
28.48107
24.28019
21.33805
20.99169
19.88301
19.07205
23.37687
20.79369
21.78074
23.06321
26.91027
23.69276
32.46247
31.12108
32.18771
36.16285
37.19896
30.1694
27.92017
31.15614
34.83701
42.33839
43.08052
42.73491
49.01053
46.20849
41.5768
41.2561
39.15303
34.65631
29.88724
31.09521
34.48559
31.14791
30.40595
34.68164
31.30239
30.34987
24.92069
29.72685
29.13803
29.81391
38.36939
35.07559
30.65204
30.08601
37.0173
41.18099
36.80956
39.52452
38.68272
43.24501
46.59058
50.94131
48.83227
48.67938
47.25576
44.39906
42.38854
42.49679
42.58345
43.72902
51.58299
53.14112
56.66063
64.19897
54.90872
60.58568
53.57834
48.43616
40.45413
41.59057
44.41921
46.10351
41.72195
47.94087
47.26139
44.05374
39.91583
45.26827
40.63973
42.63633
53.45626
61.71738
59.82125
66.12208
61.78202
56.44336
52.19782
60.99545
61.94653
56.42744
58.42754
53.7854
49.19597
51.77998
58.07889
60.13267
63.58944
70.6571
60.21556
74.50579
89.9154
100.6439
107.3353
105.2282
112.719
111.7272
108.0777
92.55507
83.84628
76.15812
66.40941
63.72485
60.24303
56.20188
63.4805
57.40272
60.3909
77.19192
62.01309
55.85234
59.88819
53.36503
56.49402
45.0541
42.91962
35.91566
48.25383
59.20657
54.50969
52.00964
47.93695
44.02787
39.40309
39.41468
38.02552
37.48497
33.62174
31.26478
33.06418
32.02015
35.63238
40.88129
35.79521
36.57048
31.9277
31.61977
34.76718
40.26513
43.7225
42.70319
39.43946
42.23916
36.38588
42.54219
38.71206
42.77093
44.38624
47.54376
50.10726
54.57123
61.65387
67.50783
75.43104
58.98037
53.2946
55.3691
49.99459
41.00091
42.00439
42.46052
44.27966
48.53646
51.34734
55.0755
56.54355
58.57411
52.9761
47.84133
50.23686
50.24658
53.43114
56.13374
64.04042
66.48274
69.43245
68.84107
55.95594
65.36988
54.79421
51.96837
50.37247
64.65588
76.05391
79.86764
75.65923
80.11497
69.1748
54.33226
48.71742
52.98906
54.33365
66.48201
65.44495
68.33222
62.05162
56.44725
45.84626
37.84418
42.09697
47.60607
51.16373
51.45785
42.29489
39.66332
40.20159
34.26473
43.75335
45.54969
47.6973
52.0858
47.75602
43.83748
43.48967
42.2788
41.53991
48.51216
41.22368
35.85954
34.70575
36.74869
32.14259
33.02323
38.34726
44.15907
39.08556
39.8083
40.28281
39.03132
40.99078
46.67999
40.09379
34.19512
29.96052
30.06979
31.67724
30.28409
34.77847
33.8419
30.3636
30.68626
34.16107
33.60599
31.85719
32.64451
34.28412
32.7241
25.50557
22.21968
31.1504
34.51798
41.16819
42.78865
47.07193
47.22056
43.5757
45.25131
46.30874
40.31227
39.45848
37.78117
38.11588
39.88522
41.24071
40.06495
39.03058
40.2494
50.92561
43.58883
42.73611
57.63225
44.88815
45.35984
50.7604
42.79239
44.72828
46.36831
44.2897
45.57523
42.33419
46.1365
38.58574
30.95273
30.0841
40.14122
34.14956
31.40786
31.02727
29.633
29.27663
34.3982
34.10078
32.67095
33.77695
38.29488
40.47533
35.34349
32.17223
33.08922
33.96838
39.87052
37.00718
36.74701
36.77116
34.67958
26.89036
28.53477
30.85123
24.74451
29.57443
29.47329
36.41684
46.34528
45.90952
48.71795
41.79136
53.51394
50.61901
49.83812
51.48708
43.73583
51.41386
57.11311
52.10845
53.21251
65.15292
60.74018
65.3947
73.93524
66.42262
72.2671
61.47277
57.31944
53.68901
52.3239
51.5044
49.14669
56.49645
66.9679
65.83888
70.26023
65.72244
64.32854
62.94738
59.24622
67.72167
64.93284
62.0553
65.83548
69.92191
64.73663
70.87492
68.07534
63.02252
70.36178
71.73488
62.69983
51.15254
44.94424
42.58327
44.29136
54.31728
54.44351
53.3739
49.72507
53.00535
52.38895
53.58234
63.93936
61.53612
59.81513
61.07746
69.48816
71.71692
67.00499
73.04784
64.42217
63.56817
66.94667
71.4264
64.89712
73.09553
66.5921
68.11502
68.58205
78.71475
95.96451
92.50162
104.0744
92.8336
80.10173
91.42843
74.72556
67.75369
65.96065
72.06696
73.62658
76.9932
84.03868
83.31411
67.92553
67.10864
72.36441
65.66045
58.76841
65.83341
66.71694
60.95029
57.00813
71.8646
69.29583
58.00742
55.50511
59.13501
62.98726
57.34889
59.26184
72.97248
88.1859
84.37645
86.44261
76.67268
67.78791
63.20712
56.94164
65.65582
62.24087
53.24795
49.68777
37.44507
45.4347
55.03897
51.88191
53.60901
57.95966
45.17919
44.84525
48.82066
56.87765
75.49539
68.6715
65.66444
57.66712
43.35728
35.96913
38.09185
39.83952
36.04017
39.85186
37.95306
37.45259
35.1951
33.06586
32.12001
30.65763
27.61982
26.16008
25.03249
25.04699
27.61235
31.46828
30.39867
27.37432
34.57748
32.58042
41.74648
42.89038
51.91769
49.15857
37.78901
32.99997
31.86811
32.74265
31.77566
37.74096
33.30611
35.5249
36.63048
39.05487
34.55112
35.85681
35.72699
42.68198
47.6932
46.33261
40.11083
45.07254
42.38
38.57409
32.02786
31.62027
34.7007
30.35561
30.08727
34.17684
26.67501
26.95182
30.30286
30.30437
29.87152
30.091
33.76445
36.39185
35.79242
34.56936
29.63576
32.55863
33.47673
32.63577
30.22073
28.37011
32.71691
32.67899
31.4809
33.96973
36.54843
38.32836
41.17431
37.79138
42.96623
51.49221
51.99554
45.55068
47.7707
59.27782
61.30361
63.40564
66.54327
59.02808
54.9538
50.06525
48.57456
45.37943
42.76384
45.19883
49.88969
45.07232
45.81943
48.8668
60.67918
63.9412
60.10878
66.37185
66.64255
63.43154
60.65392
56.97329
65.6958
56.16867
63.79199
78.92026
74.89517
72.28379
66.31898
64.42355
58.77488
69.08662
82.2835
74.00834
71.26363
77.85633
80.62536
62.85366
42.84034
46.98091
46.25416
45.99221
40.00641
37.06236
36.13827
42.0426
35.35697
31.92298
30.50666
35.82702
39.12336
40.73943
42.05375
46.88773
51.92587
54.26244
53.87693
59.06688
57.9095
54.95743
49.65203
57.05931
54.2618
52.06548
40.0705
42.16377
44.23554
35.46498
34.01273
35.97767
37.38977
40.15102
45.1598
39.39601
44.16411
48.88718
44.94972
46.3358
46.02741
51.2658
45.30202
38.64973
43.14163
44.03724
48.94145
43.1343
46.83796
43.46849
47.59771
47.74698
44.44616
45.43636
42.48145
33.21274
31.25516
33.54647
32.62192
35.27548
33.05674
31.90809
33.24653
29.86893
28.60967
31.43778
33.82254
37.35491
37.53478
47.41006
55.0838
45.62426
36.33717
41.39453
48.66666
51.6667
52.98556
62.93297
62.45914
66.81845
54.35238
47.69222
49.44768
67.09122
60.28798
48.22265
50.81216
51.19348
52.36909
53.95247
53.92842
62.23643
53.31592
62.35605
73.60379
68.80621
75.73674
79.95947
80.49625
78.79261
71.61054
67.01136
64.88268
69.60449
66.4772
67.63752
70.12048
50.59379
57.15026
61.16591
69.21133
59.24729
58.4258
69.78822
85.67395
81.94425
86.34233
79.54866
79.21476
93.64793
70.37867
64.77792
59.11862
66.20686
74.65085
66.95435
64.69399
71.51577
67.07597
59.57346
79.49738
64.69666
67.99067
77.00016
75.39808
64.18749
61.92535
57.19471
66.10555
71.25153
84.71031
72.09942
73.41604
59.69092
66.76334
78.44583
74.60847
73.26949
76.2058
95.63752
81.9072
81.68734
81.91061
64.56437
71.83877
70.32589
64.52999
73.43118
87.77083
81.3932
80.69658
71.37771
65.4014
62.88291
53.12554
55.92952
56.56803
55.61474
48.43545
47.41237
47.22766
50.47214
57.83442
58.62976
55.75416
54.19517
66.55436
61.63698
60.74443
49.24471
46.19669
43.17257
43.13213
36.61456
41.48774
42.58685
41.68681
48.26032
43.51813
44.83818
47.27731
46.29904
45.98457
39.9313
41.00018
40.6156
38.95
43.19053
44.6182
47.67282
43.62301
42.51096
37.9909
29.70998
33.29812
33.38069
36.27226
41.74873
31.86578
37.17814
36.8007
34.90581
30.81698
30.95578
30.11217
29.13577
27.7996
24.02702
24.03003
29.36973
33.38045
35.85311
43.88435
33.27718
30.85369
35.38936
40.53123
41.20266
41.5189
40.29577
33.6527
30.47385
33.81053
28.94738
34.19921
30.53859
35.27823
37.18829
41.62384
48.98815
45.46276
47.14297
40.62212
37.17249
35.8264
38.94522
36.50958
33.60702
31.91961
33.93043
35.05897
28.26173
33.48072
36.03349
34.30513
26.77384
23.705
27.10521
28.17326
31.93882
30.26724
26.60487
26.08391
28.67173
26.14713
28.78846
38.8362
35.89178
40.1552
39.64024
40.65475
42.12312
43.00123
43.35339
55.89464
49.38669
47.33973
52.46485
56.95263
63.79799
67.44095
65.58435
66.12245
71.50853
64.2508
62.56835
60.35105
50.30372
41.27388
33.74896
30.01408
30.51886
