107.5775
140.1112
127.97
142.4405
155.0118
173.7136
151.5612
196.258
162.6553
151.0731
141.9158
126.368
189.8356
203.696
206.1204
143.9072
124.9296
131.6212
162.5956
148.1666
135.0193
128.6667
149.1654
206.1436
185.7815
159.7347
154.1238
155.7721
204.0378
197.6962
162.3921
154.8468
130.9488
169.7849
140.407
165.3912
167.5161
154.0126
153.8255
154.4518
129.8681
129.6397
101.7842
96.30046
122.7765
136.1265
168.106
130.4276
139.832
181.1879
154.673
149.9168
167.3017
172.2151
183.5288
183.8565
134.8039
145.0536
142.4851
140.3624
139.3647
154.4942
151.5696
126.1422
170.5455
169.5054
139.4261
124.5645
116.3333
132.9373
152.5107
178.9844
160.8313
174.3542
189.9083
134.3264
187.2171
147.0496
169.567
211.8043
135.2723
139.6982
130.7416
146.7963
171.4503
182.7697
154.8492
159.9597
165.0735
194.3852
158.6183
168.3221
153.5231
170.7219
135.3652
184.2772
133.7845
134.1983
143.0442
111.7383
130.738
138.1407
162.5
151.8909
166.8645
157.9575
171.0838
151.2545
144.8959
171.9724
173.3687
161.4711
159.6512
142.8296
147.0136
137.9271
190.1411
159.5356
228.2677
191.9658
184.5506
133.4862
112.427
155.8678
175.7051
127.1584
154.1505
139.5249
169.2396
158.6892
160.4799
146.3047
141.242
138.5596
133.8101
157.4682
146.8133
186.7672
176.879
173.4196
132.3234
148.8432
147.7526
133.338
164.6198
165.706
130.3143
146.7499
137.0073
113.7905
113.5406
120.3762
119.9631
144.3667
142.8235
125.2343
172.7148
177.898
212.2879
238.4048
155.506
153.7929
141.2288
116.8536
163.208
135.3617
145.8152
163.6666
237.7607
198.8375
224.0352
178.4786
215.4829
233.8545
202.7952
174.9283
154.789
140.8783
131.8118
171.4736
197.513
177.9894
186.5575
189.263
195.1746
243.621
227.1783
184.5207
169.0564
209.514
190.3305
193.5322
153.3634
152.8123
169.3956
159.1706
167.3242
184.239
214.9137
159.4057
169.7525
172.4128
168.822
189.3215
183.5271
155.3145
139.2392
149.1098
124.775
171.4495
237.6443
196.2122
134.9047
164.383
176.9491
237.0797
189.1287
167.0406
181.7081
174.5484
160.5934
144.4929
216.6089
211.3356
253.356
199.8437
239.3439
210.4127
161.183
136.2321
163.5697
179.7405
176.6062
177.2551
178.9473
150.9029
119.6759
128.6086
136.4755
148.776
169.1197
125.0297
154.2542
152.5102
128.1888
146.5718
137.5345
116.9134
124.2433
119.1271
143.9412
123.4404
118.6337
152.1633
168.6894
189.3989
225.2713
226.9252
177.866
160.9262
150.1934
158.874
172.0948
134.2704
177.8229
138.3629
132.5309
160.8884
172.8091
198.1981
171.5052
158.3674
140.7804
170.3472
210.3498
188.5595
132.718
118.9969
117.8066
156.318
186.3701
180.0042
166.4408
178.8058
196.9412
164.5932
141.4489
116.542
131.9193
171.8475
211.6518
188.0925
191.403
158.6306
167.3488
140.2877
164.7027
134.1734
162.0823
127.9784
129.1612
102.7635
123.3852
124.176
142.8553
164.029
156.4032
171.4307
156.0373
153.9326
120.8815
142.4044
204.9485
230.6403
191.4367
188.1717
201.4577
158.9086
159.247
156.7582
131.8299
156.6368
154.379
156.5344
144.3455
180.8343
168.7934
200.5568
197.9841
166.6975
176.8349
229.7036
163.4012
172.9946
148.2022
133.5581
212.9575
213.4941
189.9984
127.3984
170.576
179.0196
189.0938
171.5994
169.8963
182.0567
140.3448
138.5298
119.9357
137.9562
147.597
165.369
163.1788
174.1494
221.8138
180.8177
149.5399
145.4949
149.8443
137.0145
158.5688
171.9984
145.3292
157.31
199.4615
170.9506
192.3859
176.9407
161.195
170.1568
143.5437
129.5649
158.7083
213.3077
160.7523
134.1686
157.3193
132.4427
166.5645
158.7044
118.4842
158.6731
132.2603
135.5079
126.4952
118.5024
141.5661
154.3306
187.5898
176.1579
217.6754
224.045
208.8253
211.6327
197.7951
169.6273
176.1662
209.8901
154.5858
194.0723
200.5821
183.2641
138.2559
131.8658
128.5278
124.3856
131.5505
116.7153
158.8518
159.8584
191.8491
200.3142
228.1405
209.9397
238.835
141.132
177.6847
180.6244
182.4494
184.9529
147.0313
172.8535
136.3845
141.4192
148.8061
144.2149
148.7979
160.5838
143.5878
126.4061
125.9457
118.6923
162.9805
157.2328
150.9299
111.456
107.1645
169.8235
174.2269
194.7837
175.3334
156.0911
153.567
133.1865
164.2387
131.7914
129.0944
112.8095
137.0126
152.8358
164.0293
181.3618
216.3514
212.6454
199.7675
189.263
209.7032
169.3926
179.8004
192.3197
157.3337
125.0784
157.5311
137.7081
158.9349
147.191
138.2999
128.35
110.6772
141.0966
144.2575
149.5141
152.2903
163.3983
206.7006
169.2885
152.3834
159.5278
150.1427
115.9981
169.3778
192.6158
178.3884
158.316
207.7323
161.0314
137.8176
125.6562
152.563
181.5211
185.0091
158.2828
151.2859
137.5161
161.3995
180.8172
155.7962
189.1875
172.9826
192.4912
170.5284
179.7313
140.3087
136.083
169.6152
210.2174
181.3107
169.3069
143.1972
173.922
169.292
155.6928
127.7486
151.7627
191.0397
188.3641
164.6761
137.4012
137.6872
116.664
164.479
143.6178
164.2692
175.8231
158.8664
135.4893
147.7649
151.0441
136.8209
115.649
112.5615
127.9994
155.0221
155.9244
159.8735
165.0026
138.3517
150.0828
146.1573
156.7209
136.2095
193.9126
178.661
234.9674
204.6749
197.8649
208.7914
173.3592
145.855
159.4003
157.6026
124.2367
141.9106
118.1898
107.8611
146.538
179.7001
213.1641
174.2257
210.6403
186.5982
173.7798
131.7228
142.1506
132.1795
137.1445
136.2865
140.215
113.5053
126.224
144.7043
159.1367
201.9316
162.5212
146.7378
153.6076
173.7807
160.9575
223.8903
197.5536
180.7161
204.2352
203.6783
266.0622
220.6416
173.0114
170.016
208.9661
224.5332
149.7683
191.3616
139.7624
184.0743
156.8757
158.3647
144.2728
138.7658
152.74
158.2665
170.0582
182.0784
160.5359
120.461
136.3963
136.158
140.9439
133.0376
156.1846
175.3622
226.1731
242.884
220.4187
166.1182
128.8195
178.4969
140.401
157.1689
133.5263
150.8081
188.3736
158.5413
132.8369
179.7911
176.9318
177.3617
204.6977
226.5594
172.0043
229.0498
138.5975
156.2693
144.7728
140.2663
137.7468
150.0583
141.5762
172.5597
163.9144
172.2748
157.9369
140.5345
118.4755
128.7608
187.9895
203.2133
146.511
174.3841
124.6603
168.9528
176.2885
245.4359
151.7853
178.3255
188.1496
173.5394
163.3401
148.1428
133.8673
129.6963
162.4301
208.4596
179.6435
146.3156
186.7482
170.4441
240.4991
210.8501
226.7665
177.7462
175.2735
121.681
110.586
107.4431
107.5758
126.9523
127.7015
161.2381
148.3834
123.8649
164.9732
159.9589
153.3735
198.5272
249.5639
190.9699
165.8693
155.2662
173.4426
166.1329
144.7376
143.323
160.6099
158.102
134.6982
144.1591
147.3584
149.2461
155.0216
157.1946
167.6436
133.0446
141.096
196.9121
131.4334
160.2648
189.9064
184.2237
184.2603
221.3074
188.3719
170.7769
124.9682
107.9179
107.1847
157.9078
154.9307
138.5766
142.5106
156.4056
147.5056
141.0878
143.3669
132.7305
142.3729
120.604
157.0288
139.6624
132.8537
121.6024
122.0418
124.1649
154.22
141.8196
122.011
108.1156
123.4711
124.1611
149.9562
163.7436
189.4676
197.6991
183.1176
142.0888
136.11
164.7808
133.724
124.8027
138.9322
137.6906
147.8764
146.7304
189.6767
203.3008
178.9151
121.2739
140.1533
149.9675
138.1886
158.7271
200.1927
175.9473
187.1752
208.62
210.1183
173.1322
160.8567
163.5922
165.4017
155.6238
176.1696
170.5247
199.9326
147.1214
112.1742
101.9274
122.2869
132.7888
141.7587
139.7118
148.0933
129.3274
147.418
126.6288
125.8369
161.6057
164.1884
202.3208
222.653
175.8404
181.4106
200.5179
211.5487
171.0267
159.4663
213.2128
187.6934
140.7022
145.4939
168.2473
228.3652
193.5512
154.6126
193.4857
161.45
167.3489
146.6748
193.2588
176.0224
143.4971
150.3437
185.0963
203.9181
167.6696
116.6847
113.0857
155.6741
167.13
152.5266
183.1359
189.8599
216.8417
209.7679
198.5511
178.1171
144.1719
176
156.7366
153.6923
111.5528
137.1668
206.4862
189.2198
194.4691
151.6978
123.9012
141.4836
159.4642
195.1665
206.7496
198.444
179.1934
149.4956
152.5881
139.4312
184.1673
180.3677
209.2128
174.5952
252.9072
264.8897
176.8001
174.3344
205.864
201.7753
227.603
195.1988
142.7177
116.3509
135.789
192.1824
172.0888
157.4022
172.9259
185.9462
199.728
177.6953
154.2716
144.3084
139.5383
157.6394
184.2488
182.9315
159.2599
130.5868
158.2105
162.3105
127.2157
143.3646
167.0164
156.2606
186.1896
154.5628
152.2845
151.8096
152.5703
175.0711
163.7806
145.5923
164.0048
168.6934
160.7454
157.1945
132.2395
179.2391
168.4666
144.2477
171.139
155.7006
197.096
224.3911
178.995
168.5859
167.5745
174.2421
229.7251
174.1665
180.3132
169.0235
171.8879
203.3757
232.4137
190.6599
174.4324
166.8073
147.0527
135.6935
100.5113
125.8518
126.0477
157.4277
119.1979
117.1588
157.6182
163.0555
143.1998
150.3548
172.4492
176.4933
168.2107
148.8522
135.1894
137.0921
193.9561
180.6768
171.2968
156.3091
170.1233
137.3464
206.2051
150.0265
137.8231
135.2776
137.5252
120.2565
108.4953
133.3265
127.4498
135.0356
132.409
140.1948
96.55425
121.8531
125.8695
131.5621
124.8207
114.9131
131.756
163.7057
143.2828
163.7308
175.5385
217.0425
168.2403
135.2903
147.5045
123.2557
139.1668
133.5907
122.8991
182.5932
211.7227
177.6304
231.0226
237.1598
181.4706
130.603
218.0443
232.4943
186.4478
150.5342
171.0926
202.9894
159.124
140.08
151.8688
168.3938
140.2187
172.8738
152.7088
121.2819
180.9822
182.576
170.8401
170.883
144.1821
141.1301
134.1315
157.4624
157.27
141.4973
