0.397372 0.497705
0.2938245 0.4482118
0.2604625 0.4697575
0.2775711 0.4320676
0.276676 0.4458912
0.3357305 0.3940566
0.3310065 0.3904735
0.3192665 0.3459248
0.3062922 0.3363775
0.3329005 0.3220708
0.3333971 0.2909395
0.3083563 0.2658244
0.2689563 0.2909491
0.315247 0.2955471
0.2876148 0.3244269
0.2993584 0.3382974
0.2678753 0.4036877
0.2437284 0.3964817
0.2401115 0.4199917
0.2663449 0.4207895
0.2329479 0.4076874
0.2572296 0.3853734
0.2618249 0.3774185
0.255061 0.4163433
0.2270529 0.4149339
0.2448234 0.4158302
0.2124199 0.3897512
0.2098727 0.4115067
0.2084855 0.4523065
0.2303481 0.4742703
0.1831297 0.4717192
0.1921625 0.4625144
0.2289016 0.4747926
0.1853918 0.4839475
0.1941661 0.5178928
0.1995289 0.4916078
0.1984755 0.429876
0.2443782 0.4751445
0.228112 0.4630721
0.2083115 0.5010095
0.2517787 0.498695
0.2611758 0.4986762
0.2469413 0.4644479
0.2126768 0.440376
0.2535134 0.4410809
0.2215405 0.405638
0.2174245 0.440979
0.221989 0.4489667
0.193341 0.4914362
0.2041238 0.4429152
0.2116796 0.4349962
0.2300953 0.4446432
0.2339608 0.5282893
0.2545651 0.4560422
0.276962 0.459028
0.2556196 0.4540645
0.2092585 0.4461088
0.2237636 0.4713717
0.2348973 0.5302355
0.2105014 0.4885987
0.2444841 0.5485413
0.250886 0.4860965
0.2629483 0.4323881
0.2873618 0.5114702
0.2673915 0.4698549
0.2845824 0.4566038
0.2930487 0.4293868
0.2941484 0.5020805
0.2776235 0.5685617
0.3040553 0.5431595
0.2942946 0.5391828
0.3156221 0.5489687
0.3153934 0.4639685
0.2901264 0.4815212
0.2543596 0.5576255
0.2695603 0.4592921
0.292576 0.4384338
0.2698142 0.4717648
0.2826852 0.485362
0.2718033 0.4296343
0.2532476 0.4257992
0.259335 0.3981015
0.2715364 0.4013648
0.2652168 0.4085973
0.251552 0.4483325
0.2707209 0.4575508
0.2791211 0.4684061
0.2301834 0.441988
0.2391775 0.4409738
0.2159175 0.5457666
0.2063634 0.5180416
0.2346202 0.5006885
0.2453931 0.5089723
0.2651718 0.4421253
0.2541227 0.4295022
0.2494419 0.3642548
0.275882 0.4078086
0.2397268 0.425255
0.2716533 0.4077737
0.247924 0.3295727
0.2488861 0.3738555
0.2543424 0.3493001
0.2701542 0.3279131
0.3104659 0.3161416
0.2603552 0.3173491
0.2431604 0.2841406
0.2535396 0.2988007
0.2611177 0.3523178
0.295288 0.3166114
0.2711193 0.3233662
0.2817072 0.3348736
0.2518235 0.3027982
0.2758301 0.3693914
0.2891305 0.3585515
0.2692379 0.3880505
0.2523386 0.3541932
0.2380282 0.3774121
0.2625915 0.4075171
0.2794644 0.4318711
0.2692626 0.4615804
0.258864 0.4429465
0.2715196 0.4636662
0.2272297 0.5227549
0.2591903 0.5044224
0.2111521 0.4980674
0.2013734 0.5341187
0.2239209 0.511585
0.2522102 0.5122798
0.2271558 0.5115024
0.2125915 0.4898625
0.2318521 0.4610712
0.2578607 0.5255076
0.2441597 0.4733169
0.2564878 0.4646743
0.2425893 0.4368561
0.2428445 0.4180642
0.2641128 0.4357028
0.2408423 0.4317293
0.2152687 0.3936865
0.2502327 0.4230553
0.2022322 0.4789192
0.213809 0.4281386
0.2243852 0.4221314
0.2423924 0.3881153
0.2302067 0.4192166
0.2499367 0.4836892
0.2382142 0.4891185
0.2860379 0.4621508
0.2614033 0.5181996
0.2229459 0.5155805
0.1909768 0.5427232
0.1864899 0.6365017
0.1884789 0.6317268
0.175562 0.6552112
0.1857991 0.7786109
0.1773164 0.8170301
0.2121722 0.8047669
0.1577452 0.8024122
0.1886414 0.7786491
0.186953 0.7641192
0.2015958 0.7312275
0.2053181 0.7671702
0.1936786 0.7855279
0.2047227 0.7175018
0.2026338 0.6315604
0.2106898 0.6437087
0.2458822 0.6566848
0.2511324 0.6716479
0.2335426 0.8038981
0.1919266 0.775982
0.1788183 0.8562565
0.2024087 0.8957588
0.1794394 0.7681932
0.1770068 0.7693766
0.1881976 0.6914092
0.222658 0.6356851
0.2238561 0.7014084
0.2169343 0.6615595
0.1940885 0.6965635
0.2148685 0.6858563
0.1978056 0.6685589
0.2507014 0.6829152
0.2216187 0.776133
0.2395043 0.7776469
0.2136838 0.6395901
0.2252297 0.7260982
0.201635 0.65508
0.2042516 0.6802785
0.2453679 0.7088869
0.2272349 0.6351332
0.2357225 0.6562474
0.2453252 0.6323045
0.2412612 0.6245473
0.2514102 0.6211256
0.2400103 0.6263071
0.2535122 0.6965821
0.2361191 0.6702032
0.2297019 0.706154
0.2486766 0.7092642
0.2352151 0.7530214
0.218313 0.7955891
0.2398943 0.7127387
0.2485673 0.7147927
0.2694164 0.7608626
0.2396401 0.7543031
0.2082117 0.7673187
0.2197943 0.7686687
0.2075819 0.7401052
0.2168961 0.8447585
0.2414004 0.8542284
0.224514 0.8316264
0.2070302 0.7943879
0.2201942 0.708583
0.2399504 0.6229879
0.2367822 0.6102098
0.2236561 0.5885748
0.2204334 0.58692
0.2206328 0.6050714
0.2148051 0.5734823
0.2299845 0.5705429
0.236353 0.6042075
0.2262308 0.6238498
0.2017922 0.6104286
0.2252926 0.527204
0.1819925 0.4375524
0.2093884 0.4195266
0.202275 0.4373617
0.219853 0.415355
0.230711 0.4019766
0.2526992 0.3895922
0.2763441 0.415406
0.2824577 0.4244361
0.2893034 0.4499611
0.2730895 0.4224595
0.2798394 0.4663597
0.3041142 0.4197505
0.3128812 0.4139807
0.300199 0.4327379
0.2872408 0.413067
0.3236421 0.4082502
0.3090169 0.4634573
0.2898402 0.4987457
0.2459136 0.4955052
0.2655174 0.4387098
0.2889763 0.4238622
0.2906987 0.4257605
0.3140054 0.4128897
0.2870322 0.4378926
0.2975713 0.3997584
0.309062 0.4087217
0.2930436 0.4074791
0.3106707 0.4044894
0.3173332 0.3536145
0.3104182 0.3463468
0.3539539 0.3567368
0.3291812 0.364505
0.3556335 0.3547602
0.3388373 0.3670175
0.382059 0.3500974
0.3675789 0.3190016
0.3669592 0.3073701
0.3575206 0.3043969
0.3409092 0.3243963
0.319615 0.3233822
0.3284947 0.3107149
0.2910001 0.3237046
0.3152684 0.3714695
0.2630309 0.3490581
0.2924562 0.3917982
0.2950894 0.3333571
0.3241917 0.3478858
0.3150197 0.3106513
0.333151 0.3384879
0.3775648 0.3084853
0.3880642 0.3467235
0.3653807 0.3690032
0.3788387 0.3851615
0.3951761 0.3608779
0.4022156 0.3733746
0.3835166 0.3525648
0.3643373 0.3568653
0.3729829 0.3617261
0.3627903 0.3528306
0.3532394 0.3447928
0.359904 0.3361664
0.4086012 0.3246913
0.3990329 0.3447
0.3914563 0.3508042
0.3801349 0.3562933
0.3924069 0.4003922
0.3655892 0.4085819
0.3488749 0.3792138
0.3105018 0.3750142
0.334534 0.359683
0.3272177 0.3459223
0.2856536 0.3573575
0.3136165 0.3831808
0.3298213 0.3611846
0.3480831 0.3557782
0.3496604 0.3579723
0.3101905 0.356574
0.2897243 0.3707579
0.3121623 0.3649376
0.3252226 0.3891847
0.330326 0.3137068
0.3142266 0.3697567
0.3287006 0.4026093
0.3448455 0.3546631
0.3574274 0.3288387
0.3471608 0.3309829
0.3741054 0.3203795
0.3767941 0.3084539
0.3485305 0.3020596
0.3816731 0.3110247
0.3926218 0.3317315
0.4120852 0.3294847
0.3922925 0.3215288
0.434233 0.3210618
0.4257488 0.3135436
0.459751 0.2894762
0.4816456 0.2625296
0.4837202 0.2667604
0.4865664 0.2530944
0.4743585 0.2680086
0.5101219 0.3133767
0.4820812 0.3124198
0.4896654 0.2950155
0.4397372 0.3106981
0.4388346 0.3691921
0.4356489 0.367237
0.4230597 0.3749484
0.4030716 0.3569952
0.411588 0.3342401
0.4109133 0.2893867
0.4051563 0.3379421
0.416135 0.3274068
0.3631634 0.3816383
0.393909 0.3450478
0.3920933 0.3814531
0.3722235 0.3555829
0.3918984 0.3920414
0.4093953 0.3584526
0.3996817 0.3967075
0.4013181 0.4002777
0.3834201 0.4018508
0.374771 0.4275624
0.3593539 0.4113421
0.3791312 0.4367919
0.3740326 0.4457195
0.3802587 0.4520315
0.3690046 0.4447835
0.3659079 0.4509746
0.3379581 0.4240303
0.3314799 0.4717089
0.3377916 0.4331911
0.3439557 0.4580602
0.377701 0.4645453
0.3824366 0.4402197
0.3606452 0.4439798
0.4038556 0.4087347
0.3666338 0.4425559
0.3844594 0.4524554
0.3566236 0.410708
0.3249666 0.4392938
0.3538008 0.4762826
0.3034227 0.4293968
0.3094881 0.497343
0.3081139 0.5225762
0.3275307 0.591698
0.319073 0.5366803
0.3049069 0.41921
0.3132487 0.4322195
0.3303039 0.410392
0.3734484 0.4495224
0.3496755 0.3695198
0.380913 0.3804835
0.3569677 0.3658014
0.3480607 0.4212401
0.3285249 0.4775842
0.3289839 0.4803197
0.31365 0.4608883
0.3131191 0.4094597
0.3429997 0.4450292
0.3449029 0.4713477
0.3325486 0.491
0.3541247 0.4809904
0.329251 0.5055788
0.3301259 0.5109422
0.333178 0.4975767
0.3337907 0.5167453
0.2938984 0.5141216
0.2853547 0.5172102
0.3384004 0.5138864
0.3202578 0.5202756
0.3239292 0.5616504
0.3268656 0.5433302
0.3284826 0.5192956
0.3504602 0.5412098
0.3504222 0.5961681
0.3493424 0.5676951
0.3003671 0.5051434
0.3331648 0.4832745
0.3071375 0.5140758
0.3009704 0.4669576
0.3137318 0.4527767
0.2904104 0.435369
0.3070511 0.4327999
0.2630584 0.4612587
0.2744766 0.4498676
0.2988729 0.4779989
0.2756218 0.4822236
0.2755557 0.471407
0.2511511 0.5154685
0.2821703 0.5007232
0.2469714 0.4579781
0.275368 0.4552287
0.2872735 0.4527253
0.305152 0.3647324
0.2844239 0.3596863
0.300084 0.3784023
0.2892391 0.4166384
0.3105504 0.3829911
0.3245056 0.379983
0.3391287 0.3694188
0.3233446 0.4211596
0.3059993 0.4356272
0.251795 0.4788328
0.2723681 0.476359
0.3150852 0.4469888
0.3484883 0.4441658
0.3362977 0.4041622
0.3233352 0.4073437
0.3524741 0.3748824
0.3682691 0.3738665
0.3826915 0.3937216
0.3431568 0.372717
0.3391398 0.36285
0.3357592 0.3641319
0.3410869 0.3627834
0.3788495 0.3696094
0.3732115 0.377689
0.3367203 0.3754777
0.3482445 0.3548842
0.3673651 0.3409127
0.3465785 0.3717138
0.3449069 0.347111
0.356283 0.348273
0.3614822 0.3278432
0.3569966 0.2793071
0.3979808 0.3056378
0.387649 0.2592697
0.3807037 0.2578004
0.4092024 0.2442147
0.3704124 0.2653159
0.4013837 0.251792
0.4079778 0.2235647
0.4418804 0.2045245
0.4403846 0.2240431
0.4557039 0.2180902
0.4893567 0.232791
0.5133188 0.260304
0.5481338 0.2625537
0.5265845 0.2923038
0.5769358 0.2794241
0.5494453 0.2514172
0.5362033 0.2534512
0.5905025 0.2446036
0.6178832 0.2081801
0.5828828 0.2234904
0.5891216 0.2212516
0.5908199 0.2171976
0.6101163 0.2279273
0.5915052 0.2432386
0.5525789 0.2300115
0.5293858 0.2286903
0.4699501 0.2457455
0.4890729 0.2729649
0.4840961 0.3196756
0.4640202 0.3183483
0.457058 0.326896
0.4587302 0.3661946
0.4191335 0.372679
0.4511907 0.3480757
0.4843477 0.3477014
0.4866788 0.365182
0.4966585 0.343556
0.4464806 0.3725219
0.4500701 0.3667989
0.4536542 0.4041595
0.49681 0.4006373
0.4568215 0.4166138
0.4739105 0.3592739
0.4414851 0.3420193
0.4276401 0.3519108
0.4665073 0.3371958
0.4643391 0.3333906
0.463851 0.3290041
0.4931363 0.3362463
0.448319 0.2935102
0.5153199 0.3051934
0.5146037 0.3098927
0.4804213 0.3179792
0.4552556 0.3121389
0.4848649 0.3006283
0.5061962 0.3180231
0.5076283 0.3179558
0.4846133 0.2722729
0.5152513 0.3248212
0.5298988 0.283862
0.5311633 0.2681811
0.5431788 0.2847837
0.5217286 0.2475754
0.5008031 0.2467971
0.5221414 0.2639116
0.5683115 0.2658176
0.5227456 0.2440759
0.4883949 0.2389165
0.5104994 0.2295358
0.5242543 0.2236749
0.5333263 0.2434281
0.5210273 0.2347731
0.5340846 0.2366425
0.5149648 0.2154495
0.5307805 0.2359734
0.5295992 0.2201385
0.531113 0.260824
0.483064 0.2170917
0.4708893 0.2042927
0.4515611 0.2270557
0.4420675 0.2413881
0.4038152 0.2454647
0.398936 0.2779951
0.4012583 0.3080805
0.3605015 0.2842264
0.4107843 0.2827245
0.3770564 0.2702142
0.3911999 0.2889626
0.371104 0.2754612
0.426022 0.233415
0.4303444 0.275093
0.4366138 0.2576797
0.4412722 0.2638402
0.4342688 0.2740001
0.4094059 0.2549056
0.430715 0.2640042
0.4275654 0.273694
0.4396161 0.2579133
0.4879517 0.3115191
0.4874671 0.2804052
0.4910104 0.3019436
0.5290444 0.2854508
0.5219768 0.2683868
0.5321436 0.2518654
0.5123164 0.2504766
0.5241109 0.2442186
0.5409762 0.2425146
0.5373761 0.2582268
0.5187575 0.254506
0.4898242 0.2658261
0.4988467 0.2413062
0.4997835 0.2480842
0.492113 0.2258803
0.4903145 0.2200019
0.5343859 0.2151716
0.5369406 0.2372448
0.5419062 0.224523
0.5565986 0.1887401
0.5789692 0.2006946
0.5503257 0.1891819
0.5588897 0.1765981
0.5397986 0.1972727
0.5531852 0.2064885
0.5525353 0.2114688
0.543346 0.2085947
0.5627212 0.2142217
0.5446052 0.2140107
0.5153844 0.2335629
0.5197251 0.2338654
0.5190529 0.2533026
0.5569954 0.2660347
0.5770568 0.2662519
0.5880851 0.2506874
0.5590394 0.2196637
0.5829509 0.2382552
0.588128 0.2331011
0.5534767 0.2415076
0.5910188 0.2337592
0.5569914 0.2431646
0.5742814 0.2184642
0.5881045 0.1989636
0.5696164 0.2160282
0.5472059 0.2177496
0.5728366 0.2151601
0.5740089 0.2218652
0.5795473 0.2329543
0.5957742 0.2328497
0.604003 0.2050329
0.5879917 0.2389905
0.5718012 0.2327573
0.5717683 0.2193393
0.5310705 0.2170912
0.5737983 0.1942432
0.5415792 0.1782896
0.535947 0.178907
0.4936805 0.1992367
0.516527 0.2269174
0.5111396 0.204063
0.4787562 0.1955
0.492574 0.2101147
0.5143493 0.195692
0.4663597 0.2083669
0.4761126 0.21193
0.4875585 0.2147422
0.4545375 0.1978829
0.4973209 0.2161893
0.5061257 0.2106134
0.448577 0.2592448
0.4538654 0.249776
0.500252 0.2827995
0.5220777 0.2679711
0.4751661 0.2764316
0.4694631 0.2656059
0.4596525 0.2669742
0.4013722 0.2517625
0.4393221 0.2533623
0.4382176 0.2272803
0.4429833 0.2018946
0.4307789 0.232307
0.4385168 0.2092979
0.4531607 0.2040557
0.5032638 0.2082773
0.5148389 0.1930475
0.520041 0.1922503
0.5883454 0.1861523
0.5697146 0.192167
0.5206927 0.1800996
0.514795 0.1796101
0.5471953 0.1768604
0.5198802 0.1822543
0.5150933 0.1737083
0.5091003 0.1549343
0.5271915 0.1594328
0.5546123 0.1584804
0.5048702 0.1872399
0.5056413 0.2000259
0.4732354 0.2118193
0.4861054 0.2297755
0.4446176 0.2454782
0.4570544 0.2417319
0.4544575 0.2618204
0.4383006 0.2786948
0.440003 0.2705584
0.4512462 0.2749302
0.4416799 0.279469
0.4317323 0.3147721
0.4071952 0.3397848
0.4099988 0.358586
0.4014816 0.3514857
0.4216791 0.3688416
0.4603694 0.3972301
0.4269321 0.4222908
0.3966749 0.4236234
0.3632916 0.4336207
0.3478156 0.4073294
0.3353485 0.4043253
0.3198795 0.399158
0.2725761 0.3841338
0.3058981 0.3750573
0.3199757 0.3887231
0.3468993 0.3675836
0.3040801 0.4155701
0.3599102 0.3815107
0.347494 0.3811175
0.3393357 0.4028885
0.3648156 0.4255133
0.3616629 0.3828661
0.3785129 0.4013021
0.3329944 0.3718761
0.4063567 0.4199362
0.3514948 0.4636973
0.3402615 0.4704953
0.3299991 0.4090574
0.3084184 0.4325671
0.3281384 0.4008675
0.337572 0.377753
0.2857685 0.3636293
0.2800403 0.3663968
0.2938783 0.3626862
0.3060436 0.3509745
0.3425347 0.3812684
0.3343683 0.4178225
0.3603564 0.4505365
0.3225906 0.438358
0.2935884 0.417511
0.3034871 0.3927253
0.2934331 0.446897
0.3055125 0.4292107
0.3044922 0.4375802
0.3032428 0.4372112
0.347204 0.4897866
0.3544186 0.4615164
0.3489569 0.4269048
0.3467461 0.4796979
0.3296866 0.4704907
0.3434621 0.4345934
0.3484617 0.498119
0.3188983 0.5277987
0.3278243 0.5032951
0.3536184 0.4948623
0.326773 0.4944929
0.3469653 0.4551398
0.3560426 0.3914764
0.3566589 0.3368261
0.3713951 0.3343796
0.3838554 0.331442
0.3900818 0.3628386
0.3569603 0.3526105
0.3717149 0.3446249
0.3881778 0.3508171
0.3841751 0.3809917
0.3767819 0.4027034
0.3526943 0.4369703
0.3646971 0.3978754
0.3978488 0.4477204
0.3980217 0.4595369
0.3586416 0.4281472
0.3447197 0.4450344
0.3163519 0.4221035
0.350631 0.4067692
0.3645938 0.4252117
0.3713993 0.4204132
0.3437343 0.4510054
0.3594573 0.441812
0.3747967 0.4822845
0.3541272 0.4795505
0.3351793 0.5353764
0.3537923 0.4937886
0.3386225 0.5194573
0.3674019 0.5053392
0.3577823 0.4800807
0.3289845 0.4955728
0.3411118 0.4706479
0.347305 0.4725585
0.334253 0.4223045
0.3394279 0.4472011
0.3398187 0.4381924
0.3626227 0.4159754
0.3672947 0.3876516
0.3718111 0.4485975
0.3861059 0.3957912
0.4229034 0.3919473
0.4171526 0.3886608
0.4339212 0.3544325
0.4386318 0.33883
0.4637078 0.3297662
0.4347756 0.3186239
0.4523404 0.337485
0.4621792 0.3398239
0.4265012 0.3574512
0.4301348 0.3597534
0.3941935 0.3766521
0.4062488 0.43439
0.4214778 0.3756438
0.4144718 0.3590405
0.3882812 0.4030831
0.384554 0.360488
0.3997403 0.373566
0.4257912 0.3431481
0.4682946 0.3175678
0.447863 0.3704572
0.4265987 0.3723427
0.4453062 0.3491425
0.4484395 0.3162953
0.4650322 0.2977185
0.4210735 0.3231958
0.453135 0.3540884
0.4386785 0.3432428
0.4540518 0.3806003
0.4525842 0.3956492
0.4321816 0.3631033
0.4598085 0.3676774
0.5126703 0.3881061
0.5006204 0.3700596
0.4691793 0.3674176
0.472762 0.3841775
0.4253747 0.3662322
0.4461635 0.3752701
0.4811051 0.3275177
0.4916241 0.2882728
0.4961382 0.2819767
0.4665159 0.2930288
0.439443 0.2781975
0.4377143 0.3157499
0.4593674 0.3299028
0.4906121 0.3392632
0.4496665 0.30677
0.4710979 0.3026667
0.4600945 0.3399853
0.4713266 0.3069321
0.4917128 0.2751386
0.4827182 0.2910224
0.5165414 0.2855261
0.4876475 0.2624788
0.5027243 0.2834693
0.5147657 0.2546432
0.5556426 0.2559667
0.5541786 0.2411139
0.5600086 0.234773
0.5766468 0.2123449
0.5652796 0.2454347
0.5474382 0.2353005
0.5532127 0.2666368
0.5077277 0.2370351
0.4898241 0.2230748
0.5081058 0.2643761
0.5413962 0.2261312
0.5164427 0.2399505
0.5049801 0.2553049
0.4978573 0.2226716
0.4844437 0.2137544
0.4891806 0.2328019
0.4899829 0.2718823
0.4768346 0.2652354
0.4610468 0.2760041
0.4439537 0.2921977
0.4246471 0.3233421
0.4559655 0.3063324
0.4754501 0.2789522
0.4942115 0.2949928
0.4654051 0.2988732
0.5169812 0.2756848
0.5073358 0.2410601
0.5019016 0.2776112
0.4525921 0.2566496
0.4630965 0.2445256
0.4954784 0.2482258
0.5089816 0.2362897
0.498241 0.252401
0.4553968 0.2368939
0.4412237 0.2623657
0.444858 0.2722323
0.4376325 0.2420339
0.4620168 0.2567103
0.4689081 0.2668007
0.4640287 0.2718981
0.4642143 0.2422961
0.5058743 0.2280279
0.4985581 0.2305961
0.5144164 0.2585033
0.5004926 0.2384795
0.4696642 0.2199998
0.4488687 0.2214453
0.5032441 0.2347199
0.4874924 0.2346559
0.4451855 0.2370663
0.4573207 0.2623804
0.4716548 0.2571924
0.5411098 0.2391327
0.5026636 0.2552879
0.4991431 0.2219737
0.5432738 0.2341981
0.5211159 0.2271825
0.463436 0.2341647
0.4908751 0.2526861
0.5007029 0.2803715
0.4705149 0.265047
0.448186 0.2978909
0.459716 0.2680371
0.4490517 0.2643006
0.4444741 0.2597428
0.406348 0.2793585
0.4074765 0.2686495
0.4189687 0.2846977
0.4075533 0.2532632
0.383907 0.2669798
0.389013 0.2555439
0.4201068 0.2834983
0.4523787 0.2663414
0.4826636 0.2374352
0.4863752 0.2460177
0.4387703 0.2376815
0.4340166 0.2268875
0.4319864 0.2653209
0.4190684 0.2539436
0.4508828 0.2645939
0.3936792 0.2417363
0.3985187 0.2239636
0.4219333 0.2210945
0.4183192 0.2084834
0.4309712 0.2293016
0.436866 0.2449615
0.4249827 0.2340735
0.4043383 0.2020852
0.4554562 0.2286175
0.4777137 0.2025965
0.4714316 0.1783912
0.4473182 0.1849345
0.4527843 0.1829703
0.4556374 0.1903224
0.4500204 0.1907741
0.4503255 0.2052468
0.4668574 0.211122
0.4726818 0.2197759
0.4414888 0.2498996
0.466981 0.2522976
0.4784619 0.225398
0.4630241 0.2223586
0.4888243 0.2205273
0.521035 0.1986232
0.482773 0.2110411
0.4953137 0.236148
0.5124036 0.2325226
0.5102019 0.2508525
0.5209329 0.251575
0.4787546 0.2147957
0.4737774 0.2446814
0.4225793 0.2403416
0.4598846 0.2672165
0.4716448 0.2299706
0.4362523 0.2107454
0.4510838 0.2052264
0.461652 0.2036785
0.4832611 0.1980745
0.4741399 0.1824006
0.5034119 0.1856141
0.5092247 0.177105
0.5026576 0.1881622
0.5315522 0.1807375
0.5139752 0.1713887
0.5135161 0.1943556
0.5470843 0.1891839
0.5296556 0.1892714
0.5263717 0.1826738
0.5223889 0.1850293
0.5549753 0.1642187
0.5462286 0.180996
0.5518461 0.1972052
0.54996 0.1675402
0.5192283 0.1880228
0.5605673 0.1981161
0.5720346 0.1957189
0.605212 0.2037036
0.5958607 0.2090801
0.643041 0.2016196
0.6589666 0.1885564
0.6407178 0.1754073
0.6194309 0.187392
0.6388582 0.1760371
0.606873 0.1990564
0.6281318 0.1903602
0.6150795 0.1683911
0.6690341 0.1606719
0.6960967 0.1611657
0.675514 0.1761141
0.6276244 0.1809339
0.6530325 0.1831428
0.622181 0.1734721
0.6348873 0.1617809
0.6809734 0.1537298
0.6587066 0.166407
0.647903 0.1667167
0.6537539 0.1698501
0.6779287 0.1722146
0.7020152 0.175539
0.6892319 0.1540834
0.6805111 0.1759458
0.6791281 0.1692172
0.7038468 0.2048021
0.7065928 0.1762851
0.7167697 0.1625183
0.7222025 0.157359
0.7353893 0.1763583
0.7514024 0.1720786
0.7198204 0.1715826
0.7106597 0.1660316
0.7155678 0.1684026
0.7207979 0.1591072
0.724083 0.1641345
0.6810607 0.1589133
0.7160095 0.173101
0.7302667 0.1610593
0.727153 0.1646841
0.7007316 0.1597662
0.7246753 0.167619
0.7331009 0.1765272
0.7524319 0.1631935
0.7353075 0.1679965
0.7799342 0.1698117
0.7997168 0.1948793
0.7803937 0.2031596
0.766324 0.1896612
0.7680621 0.1861706
0.77483 0.1884975
0.7766551 0.1874985
0.7702087 0.1804329
0.7997439 0.1591936
0.793641 0.1548964
0.8086697 0.1477065
0.7563277 0.1620416
0.7451501 0.1721308
0.7351318 0.1896797
0.7328628 0.1668451
0.6986525 0.1605598
0.6706901 0.1453325
0.681306 0.1697277
0.6625025 0.1810278
0.7010571 0.1755523
0.6940683 0.1944506
0.7254698 0.1872981
0.7007895 0.198738
0.6789677 0.1993321
0.6869811 0.1985508
0.6691767 0.2109994
0.7193916 0.2077764
0.7168012 0.2090691
0.7119922 0.2250141
0.6606549 0.2085976
0.679251 0.2241857
0.6569384 0.2226883
0.6849408 0.224162
0.6657354 0.2196583
0.6721624 0.218893
0.6975978 0.2075735
0.6574573 0.2161441
0.593788 0.2290819
0.5821021 0.22169
0.5872593 0.2438881
0.5571504 0.2530577
0.5197862 0.291969
0.5519136 0.29924
0.5788046 0.3191949
0.5512813 0.3206274
0.56155 0.2706105
0.5838071 0.3123622
0.558158 0.2851997
0.5376825 0.3080097
0.5375276 0.298374
0.54915 0.2859478
0.5577328 0.2810281
0.5474472 0.2992349
0.5219205 0.2698048
0.5502832 0.3030592
0.5480672 0.2933087
0.5813912 0.272324
0.5835026 0.3256
0.541006 0.3178903
0.5058496 0.3223564
0.5241781 0.307676
0.5502832 0.3069851
0.5145177 0.2805808
0.5059013 0.3112204
0.4641634 0.2913499
0.4921307 0.2724471
0.5324059 0.2699925
0.52931 0.2663587
0.573589 0.2791282
0.5755459 0.2565526
0.5759623 0.2592278
0.5808718 0.2600605
0.5818864 0.2720262
0.5680353 0.3017853
0.5836153 0.2937383
0.5562191 0.2965381
0.5643391 0.2885997
0.5844176 0.3035371
0.5804639 0.2942582
0.5386741 0.3171181
0.5762108 0.2819672
0.5639047 0.2817978
0.5861283 0.2527377
0.5833198 0.2296064
0.5915412 0.2073827
0.5975035 0.2104207
0.59355 0.2540629
0.5810515 0.2796379
0.5868247 0.2523904
0.5732083 0.2455215
0.6136571 0.2326863
0.5969694 0.2218339
0.6477348 0.2433889
0.6162601 0.2303359
0.6157518 0.2358458
0.635298 0.254351
0.6462967 0.2591325
0.6449124 0.2783796
0.6183945 0.2679794
0.6105908 0.2296422
0.6192083 0.2250089
0.6002189 0.2493522
0.6241773 0.2349649
0.6405932 0.2277603
0.612858 0.2314452
0.6021011 0.2195356
0.6184594 0.2188642
0.5706202 0.2386917
0.5695422 0.2501594
0.5510818 0.2547386
0.538764 0.2295826
0.5648425 0.250961
0.5479818 0.2684816
0.5043675 0.299514
0.524487 0.2988754
0.5656579 0.2769211
0.567802 0.3003916
0.5742505 0.3223505
0.5730165 0.3183505
0.599328 0.3103556
0.5848181 0.3073053
0.5557081 0.3181953
0.5602846 0.2776747
0.5156086 0.2878111
0.5314035 0.2487692
0.5137149 0.2403347
0.4998141 0.2652716
0.4498997 0.2839767
0.4896661 0.3017575
0.4671497 0.3279327
0.5037802 0.3103929
0.5013341 0.3075322
0.480591 0.3718036
0.4734496 0.3628163
0.4631273 0.3302221
0.4092184 0.3217158
0.4230451 0.3495967
0.3834647 0.371545
0.3971325 0.3679816
0.3758689 0.3632484
0.4233836 0.3783891
0.4068737 0.3913246
0.3990592 0.3624645
0.3963424 0.3799652
0.3703976 0.3900397
0.3593457 0.4112825
0.359973 0.3837969
0.3816537 0.4026528
0.3767844 0.3941577
0.4116516 0.3824769
0.39516 0.3688118
0.4172476 0.3616275
0.4433349 0.3556556
0.4088868 0.3249125
0.3535178 0.3340388
0.3576978 0.3725326
0.3783132 0.3934203
0.369663 0.336125
0.3915083 0.3105275
0.3746745 0.293707
0.3765609 0.2836755
0.3523882 0.2789642
0.3855472 0.2538005
0.3653208 0.2611963
0.3409804 0.2888464
0.3394384 0.2940508
0.3289869 0.3466486
0.3212782 0.3494946
0.3778668 0.395421
0.3203264 0.3589721
0.3008669 0.3322348
0.3099988 0.3334375
0.3708489 0.343759
0.3315721 0.3397204
0.3250516 0.3347851
0.3369997 0.3554638
0.3395002 0.3223972
0.3379737 0.3381454
0.331248 0.3423013
0.3531329 0.3508269
0.3505637 0.3552024
0.3337122 0.3330932
0.3444503 0.3567107
0.3023386 0.3821298
0.3074345 0.3747631
0.3363966 0.3415664
0.303805 0.348335
0.3108528 0.3813827
0.3237212 0.3833622
0.288899 0.3417338
0.2830688 0.3476527
0.3132487 0.3560879
0.3311732 0.3640531
0.2813865 0.350902
0.296963 0.4107866
0.2861543 0.4498707
0.2359684 0.4268142
0.2723302 0.4116734
0.2250493 0.4073681
0.2392038 0.4517342
0.2391314 0.404106
0.2498731 0.4058846
0.2703623 0.4312717
0.2425699 0.4133313
0.2798398 0.4031948
0.2669509 0.4865646
0.2819411 0.5130074
0.2854253 0.5105582
0.2812481 0.499265
0.232453 0.5697124
0.2119749 0.5554685
0.2413079 0.5050907
0.2526602 0.4751181
0.2395369 0.4171738
0.2431868 0.380051
0.2325653 0.4073263
0.259082 0.4437403
0.2622556 0.4252517
0.2839946 0.4046332
0.2409945 0.4019256
0.2160701 0.3964969
0.2432605 0.4225697
0.2565335 0.4011845
0.284474 0.3995598
0.2548081 0.4360918
0.2537655 0.4251677
0.2650604 0.3781185
0.2770312 0.3909233
0.2662008 0.4809739
0.2699243 0.4400718
0.2659292 0.4014325
0.2945626 0.459633
0.2845659 0.4900523
0.2459518 0.5119082
0.2073498 0.5522963
0.2216373 0.5280652
0.2480662 0.5044526
0.2274326 0.4580893
0.2268183 0.4656087
0.2495053 0.4484983
0.275418 0.4475362
0.2572546 0.4660724
0.2446603 0.4513197
0.2453057 0.4957368
0.2753333 0.5267978
0.254589 0.5800198
0.2465331 0.6299529
0.2209278 0.6358738
0.2452575 0.5952975
0.2471214 0.601535
0.2129792 0.5728442
0.2312534 0.5847677
0.2449165 0.6377516
0.2250053 0.5781785
0.2151789 0.5538838
0.2201149 0.518899
0.2028114 0.5063023
0.2187596 0.4959454
0.2230857 0.4697962
0.220335 0.4675644
0.2030788 0.5105679
0.2199023 0.5275566
0.2356939 0.6011079
0.2245786 0.602593
0.232509 0.6269648
0.243826 0.5811214
0.2179146 0.614769
0.2521486 0.5852429
0.2615733 0.5722319
0.2596187 0.5814581
0.2530242 0.6198074
0.2243147 0.5672226
0.2269189 0.6420904
0.2382909 0.6476038
0.2504466 0.5099778
0.2325882 0.5798801
0.2269874 0.5652257
0.2531745 0.5254586
0.2288781 0.5604293
0.2086605 0.5135531
0.214409 0.6047342
0.2187943 0.5758189
0.2208129 0.5968269
0.2148592 0.653661
0.2117679 0.6787986
0.2320753 0.6540989
0.2118004 0.6141356
0.2294904 0.5874391
0.2469171 0.533146
0.2660124 0.6442164
0.2903894 0.6384491
0.2768006 0.7309561
0.2421571 0.6709632
0.271116 0.6790823
0.2631979 0.6449309
0.2766112 0.690543
0.2446951 0.6085415
0.2930917 0.5904886
0.2740476 0.6326809
0.2819795 0.5810814
0.2858486 0.6208178
0.3279516 0.5222701
0.2944495 0.5603111
0.3213685 0.5092368
0.2934631 0.5138161
0.2863378 0.5285825
0.2628984 0.5985869
0.2885092 0.6010014
0.287942 0.5586365
0.2807237 0.5387218
0.2744575 0.5313132
0.2924024 0.4519523
0.2695092 0.4706886
0.2927603 0.5018694
0.2873716 0.4829855
0.2255713 0.4066873
0.2509911 0.4698253
0.2154076 0.52576
0.2303585 0.5146697
0.2084729 0.5415238
0.2259244 0.5776584
0.21309 0.5420713
0.2097836 0.5517499
0.2107097 0.547397
0.1837301 0.4996585
0.1914764 0.5528054
0.1798803 0.5071862
0.1837448 0.5115109
0.1879906 0.608477
0.1723206 0.623242
0.1790401 0.6208465
0.2036135 0.6076741
0.1988144 0.5745528
0.2041288 0.5567788
0.2097564 0.5230339
0.1991923 0.6377284
0.1921993 0.6494729
0.2242188 0.6381273
0.2258571 0.6127259
0.1981722 0.6832546
0.2071793 0.6755522
0.2262997 0.6897376
0.2011989 0.6579007
0.2319401 0.6182101
0.2389981 0.5485273
0.2225248 0.52605
0.2425731 0.4986099
0.2847355 0.5077407
0.2952095 0.4772154
0.265818 0.4876753
0.2718478 0.4986604
0.3030252 0.4710697
0.2675887 0.484361
0.2763736 0.4197362
0.2974751 0.4415007
0.3110903 0.4060087
0.3043783 0.3974425
0.2907659 0.3984684
0.2727126 0.4275002
0.2787863 0.3979468
0.2599627 0.416933
0.2889595 0.4751437
0.2620277 0.4117551
0.2683852 0.3850033
0.2757865 0.3931805
0.287667 0.3511822
0.2630994 0.4133322
0.2970229 0.4142769
0.2584876 0.4297228
0.3295474 0.4008776
0.3107524 0.3815576
0.3194482 0.3911036
0.3180193 0.3828375
0.3364961 0.313732
0.380044 0.2993718
0.3555312 0.2879372
0.3526534 0.300454
0.3560081 0.2770393
0.3581533 0.2596951
0.3898985 0.2325132
0.3761018 0.2643318
0.4223478 0.253034
0.3988118 0.2190414
0.4087358 0.2508033
0.4207002 0.2980005
0.4163364 0.3250065
0.3867701 0.2946186
0.3962137 0.2766612
0.4187891 0.2969358
0.3936019 0.3255189
0.3572771 0.3060038
0.3736031 0.3244516
0.4137363 0.3240214
0.4559834 0.2888536
0.4471727 0.305559
0.474509 0.307838
0.4429486 0.3149523
0.4518373 0.3119755
0.4266641 0.3279958
0.44841 0.3105102
0.4778927 0.3073559
0.4861697 0.3113033
0.4702758 0.3184451
0.4657046 0.3125874
0.4269339 0.3032788
0.4184651 0.2684281
0.4469734 0.2807021
0.4650801 0.2698468
0.467834 0.2686726
0.5149106 0.222641
0.519658 0.2524465
0.5373132 0.2424373
0.5596698 0.2397649
0.5347058 0.2286116
0.529804 0.2353916
0.5408977 0.270048
0.5437068 0.2469352
0.5110968 0.2553738
0.4953299 0.2574857
0.521324 0.2417621
0.4903165 0.2654965
0.4867108 0.241433
0.5318884 0.2713251
0.5369561 0.2861872
0.5235186 0.3049105
0.4427839 0.3058075
0.4183894 0.3522346
0.3726919 0.3695048
0.39065 0.3857851
0.3870014 0.3302793
0.431963 0.3435881
0.3821712 0.3527918
0.3934105 0.3468294
0.3781405 0.3507328
0.3456032 0.3286722
0.3600976 0.3155431
0.3359196 0.3142984
0.3968388 0.3079909
0.4136182 0.2955036
0.4169296 0.2992419
0.4110589 0.3245774
0.424333 0.3303981
0.4146104 0.307169
0.4364445 0.3159958
0.4475231 0.3274323
0.4647608 0.305688
0.4391065 0.3067928
0.4577587 0.3214972
0.4230395 0.3427339
0.3921839 0.3692958
0.4431473 0.3455508
0.4719601 0.3123738
0.4922199 0.2670536
0.4584424 0.2823068
0.4840873 0.2711027
0.4968035 0.2366029
0.4951742 0.2735415
0.5365638 0.2446021
0.5479049 0.2649008
0.5147671 0.2372167
0.4977696 0.2454279
0.4709053 0.2752827
0.4729174 0.2601247
0.4914752 0.2608798
0.4767092 0.2645884
0.4277123 0.2675472
0.4253047 0.2391293
0.4524977 0.23327
0.4954335 0.2188534
0.5156415 0.2397995
0.5430879 0.2232794
0.5521032 0.2003383
0.5580154 0.1971983
0.5547834 0.1828309
0.5403306 0.1878058
0.4976196 0.1908253
0.5313517 0.1942787
0.5085629 0.1900389
0.5329237 0.2063145
0.5239466 0.2051431
0.5482128 0.2083498
0.532227 0.1865634
0.5041887 0.1976905
0.4832652 0.1959992
0.4664218 0.1947367
0.4410793 0.2084046
0.4627058 0.2234636
0.4444742 0.2163986
0.4571687 0.2053458
0.4909449 0.2282417
0.4495522 0.2114521
0.4143688 0.2157708
0.4205553 0.2218549
0.449578 0.2249923
0.4567411 0.2372874
0.4894143 0.2446666
0.5329189 0.2466786
0.5928564 0.2309848
0.5695807 0.2301013
0.5648328 0.2057182
0.5455481 0.2149087
0.6020503 0.1875951
0.5859098 0.1865258
0.5989345 0.1847871
0.5619749 0.1822061
0.5513517 0.180719
0.5510721 0.1648079
0.5626041 0.1650202
0.5465068 0.1568574
0.5518823 0.1740788
0.4830754 0.1782058
0.4716237 0.2093439
0.4947708 0.2112878
0.5236183 0.2010266
0.5034791 0.2137559
0.4780233 0.1871913
0.529139 0.1968366
0.4978462 0.2088066
0.5302186 0.1852195
0.475084 0.1906309
0.4726838 0.1653426
0.4777208 0.1849369
0.4877893 0.1674522
0.4695526 0.1886163
0.4452202 0.1752923
0.4491048 0.1782196
0.46302 0.169438
0.4575681 0.1692073
0.4776141 0.1709351
0.4950904 0.1766447
0.4898955 0.1798988
0.477239 0.1775119
0.4489676 0.1775253
0.471878 0.171391
0.4891556 0.1730924
0.5131726 0.1736722
0.5623129 0.1851726
0.5616574 0.1835716
0.509627 0.180312
0.5243903 0.2132849
0.5283537 0.2194056
0.5173131 0.207166
0.4905308 0.2119178
0.4742651 0.2091151
0.4958027 0.199553
0.4528109 0.2188156
0.4370866 0.2095926
0.4394142 0.19418
0.4134728 0.204838
0.3979624 0.2184094
0.3619276 0.1951425
0.4173544 0.2036765
0.4333345 0.2151214
0.3788378 0.1950404
0.4013779 0.2266579
0.3842209 0.2205182
0.401789 0.213345
0.4569976 0.1935418
0.4443343 0.1825173
0.4904101 0.2083884
0.5004846 0.1939867
0.4921075 0.2137068
0.4934757 0.1892224
0.5108873 0.2057266
0.4987652 0.2068099
0.5162693 0.1896259
0.4988237 0.1816253
0.5330296 0.1700456
0.5560139 0.1782196
0.5671099 0.1873583
0.5435106 0.1811393
0.5466993 0.1900787
0.560321 0.2001135
0.5925193 0.2205752
0.5608952 0.2159806
0.5935532 0.2075108
0.5981272 0.2016938
0.6262198 0.2006056
0.6160468 0.1838054
0.6207091 0.1813761
0.6117843 0.1705013
0.6178909 0.2013579
0.6610023 0.2075276
0.6970146 0.1824363
0.6926133 0.1867066
0.729018 0.1927816
0.7404076 0.1930663
0.7116038 0.1861974
0.7092874 0.2024112
0.7224504 0.1839643
0.7516063 0.1762806
0.7755193 0.175926
0.7654433 0.1815032
0.7146517 0.1657051
0.7368791 0.1765867
0.7399604 0.1825488
0.7564165 0.1744653
0.7567658 0.1760929
0.7482866 0.1858049
0.7083914 0.1890026
0.6860076 0.2069169
0.7051806 0.2039635
0.7252093 0.195269
0.7214569 0.1899872
0.7440068 0.1893284
0.7818908 0.1885438
0.764329 0.1783937
0.7522278 0.1642922
0.7381038 0.194133
0.7480294 0.2049554
0.7611859 0.1837537
0.7571712 0.202121
0.7371238 0.2090845
0.7792969 0.2083297
0.7676808 0.1914623
0.7787527 0.1740208
0.7758794 0.1809595
0.7944074 0.1906689
0.8046619 0.1703294
0.8255282 0.1699853
0.8186618 0.1709235
0.7710173 0.1711875
0.7365168 0.1570103
0.7478216 0.1549006
0.713783 0.1524812
0.698982 0.1616049
0.7134675 0.1729228
0.7057187 0.1699955
0.7190623 0.1606678
0.7492365 0.1470822
0.7622818 0.1487121
0.763377 0.1441602
0.7270968 0.1496535
0.7214525 0.1658098
0.6959042 0.1656324
0.6729886 0.1596639
0.7064228 0.1605683
0.7229538 0.1725276
0.6939909 0.1525767
0.7007124 0.1477977
0.6764872 0.1661577
0.6839467 0.1692607
0.6897664 0.1750675
0.6630459 0.1735991
0.6992246 0.1757029
0.7181624 0.1548268
0.7301942 0.1599422
0.6630716 0.1520284
0.6924281 0.1460422
0.7181931 0.1416978
0.7067878 0.1629737
0.6923012 0.1693875
0.7383618 0.1820223
0.7007992 0.1852355
0.685874 0.1830039
0.6156368 0.202071
0.6234607 0.1887563
0.6417015 0.1869769
0.6146841 0.1756719
0.6511724 0.1866799
0.6652724 0.2030303
0.6608702 0.1905947
0.6762262 0.1954789
0.7063108 0.1789809
0.7525365 0.1755033
0.7328872 0.1755479
0.7067055 0.1715473
0.7310777 0.1968953
0.7262685 0.1808586
0.6858994 0.1808857
0.6783535 0.2049369
0.6926795 0.192534
0.7234194 0.1738866
0.6846728 0.1747172
0.6794216 0.1688436
0.6936206 0.188617
0.6875292 0.171996
0.6726604 0.1944237
0.6629047 0.1908263
