44.45455
45.67143
45.47554
45.34164
45.87666
44.88472
44.42676
45.48533
45.26723
45.6941
44.65949
43.87936
42.04878
43.19604
45.59846
44.46407
44.9753
45.36078
44.19528
44.73027
43.53756
44.39124
44.36168
44.57019
43.67122
41.98084
42.809
43.46688
43.90815
45.27281
43.47262
43.4577
42.93418
44.73991
44.69141
45.4089
46.4827
47.3368
47.48527
46.79801
47.48269
44.80256
43.45412
42.81666
41.98387
40.88206
41.28612
42.54732
42.56442
41.99761
40.86738
40.48224
40.02191
40.38686
40.36484
39.84139
40.78472
40.7878
40.65741
39.74628
40.10777
40.78233
39.84061
40.25269
40.37625
40.35562
40.36471
41.90037
42.28291
42.42162
41.85496
41.24026
39.94643
42.43116
43.4733
43.10943
42.87896
41.30468
41.09584
40.93992
40.4606
40.39296
40.92424
40.38759
40.3073
40.53675
41.02884
40.76667
41.22277
40.86965
41.06057
42.88482
44.26158
44.36951
45.19472
46.09392
46.48156
44.75752
45.94007
45.55966
44.33004
42.36652
42.06373
41.21511
41.3364
41.47394
40.55054
42.14256
44.37784
43.78351
45.35781
44.81434
45.67217
46.83124
45.5451
43.73747
44.60966
44.14763
44.61633
44.00931
44.64499
43.89957
43.99282
44.1578
43.54876
43.84779
43.98075
44.3755
43.50214
42.55306
42.44117
41.89906
43.43803
43.93268
46.74078
47.00337
45.88113
46.05406
45.7325
46.55915
46.48159
45.18497
43.68785
42.14046
43.75098
45.5545
47.39238
47.00164
47.33366
47.20382
47.9584
49.03184
48.87029
48.72555
47.48472
46.96753
45.88773
46.81506
48.14446
46.96732
46.97004
47.5062
48.20808
49.99973
49.93474
50.33144
49.08482
47.91726
46.39625
47.18551
47.67424
48.60488
48.55817
47.34492
45.15343
44.12255
45.36322
45.51835
46.99815
47.15082
46.83932
46.12573
44.3518
43.21332
42.8654
42.44642
43.41742
44.45707
44.39154
44.32649
46.10795
44.65095
44.85677
45.21437
46.79161
48.10501
47.17506
47.16668
48.885
47.93844
48.14225
49.85468
48.13497
49.38646
48.94857
47.30954
45.98661
45.57317
45.12809
44.59344
42.75698
43.1876
43.27359
43.65576
43.00659
42.85099
42.21154
43.79048
44.85943
45.50533
45.6934
47.26259
48.5464
48.0117
47.19194
47.84498
47.56619
49.06859
50.00502
51.74071
50.98107
51.32816
51.94647
50.95897
49.98434
49.0997
49.51224
50.28898
48.23918
48.90911
48.81532
47.79256
48.64342
48.80298
49.92861
48.14112
46.88891
47.46734
47.37477
47.77474
47.51987
47.1504
46.39183
47.22836
46.96808
46.62398
47.08742
48.50479
49.93472
48.2212
47.34174
47.19499
46.52226
47.22301
48.98574
49.62001
51.12034
50.64221
48.72183
50.11262
50.88507
48.83338
50.00345
50.56377
48.8755
48.99131
49.4782
46.47752
48.39519
46.48025
46.88012
47.10838
46.95147
47.06448
47.56813
47.15897
47.21568
47.81612
47.91416
48.57247
48.86519
48.68184
50.12246
50.72479
51.98574
51.075
50.5838
52.27727
52.61431
52.30177
52.31749
52.71518
51.11658
51.66132
52.18076
52.79218
52.61046
50.84491
50.32089
49.74008
49.8363
48.94011
48.84194
49.181
48.95988
49.52805
48.78306
49.31983
49.80849
48.70777
45.93592
46.17457
44.81088
45.36961
44.98542
45.75688
46.36915
46.52851
47.68197
46.65749
47.34564
46.63606
47.68268
47.33332
48.57711
48.96148
46.22105
46.30151
47.23723
47.12907
47.69179
48.43495
47.62417
48.39688
48.41029
48.45373
47.35303
47.09172
47.00104
45.41874
47.43891
47.36823
47.35724
47.35139
47.13382
47.72075
47.78557
46.8208
47.94576
47.3396
47.86533
47.01035
47.66667
46.05877
46.42015
46.72356
47.03506
45.30018
46.07575
47.81309
47.42147
46.86403
45.94271
45.36637
45.07649
44.321
45.74233
44.31345
45.48538
45.93536
46.86242
46.45709
45.32937
45.11138
45.39423
44.94858
45.00031
46.02649
46.871
45.25063
44.72383
46.33245
45.85742
45.40964
45.43226
46.19212
45.80587
46.44675
47.42471
47.11815
47.211
47.90825
46.82855
46.37522
48.06811
47.35021
47.77098
48.62487
49.28694
48.86829
48.38823
48.77786
47.61739
47.64007
48.84176
49.02417
49.9591
49.80732
49.40958
50.07833
49.70162
49.288
47.13314
47.69221
47.61877
48.01702
49.40658
47.30061
46.90305
48.43753
49.45803
49.34211
50.20689
50.08012
49.67796
49.43409
49.42517
49.765
49.63538
49.88065
47.99264
49.97043
50.76189
51.665
51.32504
51.38977
52.06545
51.84749
52.87527
53.88391
53.73652
54.45656
54.71651
54.31415
55.31467
56.22099
56.33913
56.42941
56.39709
55.55632
54.66186
53.20011
53.75987
53.08735
52.98224
51.11094
50.84397
51.61585
52.52188
52.72864
52.32389
50.59648
50.62447
50.35151
52.09173
52.51095
52.9863
53.97773
54.25673
55.30967
56.31694
58.6454
59.34917
59.99449
61.86283
61.85067
63.82027
64.47546
64.49637
62.29304
61.55077
61.16451
61.3095
60.62285
61.40315
61.35641
59.87487
59.16044
59.02068
59.15558
58.07807
57.51515
56.89707
56.58308
56.46692
56.59477
55.96213
55.60626
56.93464
55.70203
56.61956
57.37519
57.37898
57.83985
57.47781
55.58195
56.05355
57.49175
56.68096
56.05449
55.93842
55.03571
54.62494
56.03825
58.11331
56.97995
56.30049
56.40997
57.18221
57.40718
55.87305
55.54946
57.13141
57.78083
57.44189
56.56234
57.46302
58.27849
59.08624
59.00015
60.41033
62.52867
62.48109
62.70211
62.78444
63.00973
62.6659
63.05804
62.13116
60.61059
59.61239
59.06317
58.30788
57.83113
56.0635
56.70121
56.71491
54.31275
54.41316
55.31131
56.50714
55.98693
56.11176
56.03171
56.86827
56.4213
56.24597
56.78118
56.51835
56.63267
56.18991
56.61539
56.64426
56.62569
57.15109
56.88052
56.93324
58.70495
59.14236
59.32481
61.22182
61.99964
60.43819
60.17585
59.4594
59.41786
59.5002
58.39073
57.7008
56.26885
55.70994
56.80843
55.94637
57.0422
54.61954
56.06439
55.23685
55.01549
55.56494
55.35325
55.13244
55.19235
56.58859
55.40814
55.63113
54.88756
54.2466
55.04524
55.24822
54.9232
57.30089
56.30634
56.12446
56.33181
54.54817
56.06121
56.30069
55.08561
55.27899
53.594
52.77681
52.2621
53.51027
52.51967
52.30307
51.61799
51.3736
50.58846
51.49127
51.46762
51.63505
51.75149
52.02375
51.88772
52.36255
52.15239
52.53126
52.02831
50.89395
50.82039
51.25249
52.04627
52.13351
52.1813
51.06993
49.25242
48.01945
48.94065
48.90989
47.83697
47.82688
47.57742
46.95707
47.39045
46.04243
46.33115
47.03907
47.09724
47.57209
48.40222
49.80811
49.57073
48.77653
48.45425
48.89833
49.28388
50.26734
52.28268
53.8588
54.64967
52.99952
53.85695
53.51177
52.95425
52.54751
50.24127
51.78712
53.2075
53.80891
53.79571
54.27468
54.39639
53.37513
51.28079
50.8809
51.27562
51.68204
50.67997
49.19836
48.32866
48.02576
48.90166
49.72232
50.07404
49.30501
49.57194
51.31711
50.02394
51.25393
51.06013
53.03257
55.43154
54.91009
55.0206
54.72761
53.32305
54.55562
55.28167
53.18934
53.8816
54.30425
53.08051
53.18775
52.949
53.29015
52.68955
51.5425
50.87742
49.98715
50.10512
49.59743
50.87126
51.78497
50.81904
50.26568
51.09549
51.64488
51.34444
51.6369
51.89862
51.54955
50.98746
51.50881
52.57549
54.48417
55.02813
54.35681
52.95774
53.0757
53.39931
51.15563
51.6133
50.82682
51.35104
51.33976
52.19016
52.95123
53.14324
53.45145
53.21316
52.99632
52.24782
52.16263
52.90876
52.82109
53.47359
52.38872
54.04443
53.08964
54.21676
54.55484
53.65939
53.57851
54.38653
53.88832
54.28319
55.2066
54.62297
54.3911
54.51075
54.62825
53.88419
54.40175
55.17482
54.94191
54.257
54.17903
56.03734
55.80026
55.07336
53.53429
53.35307
52.78275
51.09544
51.438
51.65976
49.76209
51.63576
52.76375
51.38267
51.52543
50.82552
50.5181
50.64018
50.13515
51.47292
50.76917
51.97657
52.38251
52.86725
52.42161
52.36806
50.62893
50.91437
50.73267
50.44239
50.3193
50.69528
51.84903
50.93454
52.61003
54.38838
55.46893
55.0092
55.38407
56.26149
56.65895
56.96026
56.36829
56.77596
56.64502
58.33754
58.27568
57.06194
57.15881
56.13772
58.04053
58.60514
59.43003
59.71127
59.6634
60.78758
61.4604
61.11508
60.21731
59.44715
60.29993
58.8658
58.54589
58.99504
60.45059
60.88921
61.02801
60.46233
60.6218
61.86762
61.33738
60.08101
59.3192
58.30333
58.1716
58.46864
56.90994
55.3793
54.90517
53.53278
55.10293
53.80061
54.57542
53.43365
52.5466
52.41431
50.96757
51.56075
51.19352
51.8418
52.00181
50.7151
50.77394
50.35129
50.46783
52.01382
53.74083
54.53932
54.62125
54.19027
53.69713
54.73407
54.75548
53.84708
54.44973
53.08991
55.23192
55.28275
54.79172
54.90151
54.55817
55.12162
54.02792
54.32101
53.72902
53.71298
53.5894
54.56373
55.21837
55.66107
56.70128
56.59959
56.01109
55.31729
54.50292
53.53161
53.90996
53.23052
53.21611
50.82661
50.90759
50.57822
50.23835
49.99399
49.98609
50.37443
51.204
52.55777
52.57954
52.60506
52.06957
51.30722
52.713
52.01871
53.45478
55.01199
55.59743
56.09622
55.49536
56.48836
55.54809
53.6921
53.81537
52.66764
52.41623
54.11948
53.96057
51.88665
51.87647
51.50544
51.38227
51.54826
51.0004
51.45876
50.5857
49.05353
49.53174
50.12374
50.71618
51.0222
51.93084
51.31225
52.41474
51.81107
51.85935
52.63566
51.47344
54.1979
54.28637
54.60068
54.24332
53.71792
53.2817
54.63555
56.23179
56.03377
54.32587
55.65474
55.03595
54.77641
53.57273
52.80439
54.75598
55.06672
55.23471
54.63438
52.41693
54.10088
54.02475
53.70811
53.80842
54.18319
54.03687
53.56963
53.82317
55.068
54.46523
57.10767
55.18477
56.0144
55.60056
54.84918
54.25092
55.49206
54.50841
53.97094
55.61345
57.67345
57.96029
58.14367
59.70006
60.55742
61.15063
61.57804
