65.40056
65.54573
66.36502
65.46892
66.09462
65.45279
64.38841
63.12759
62.84719
63.34124
62.84757
63.99584
66.50104
66.15901
65.94373
68.76712
68.66318
67.44807
67.70204
66.67286
65.49648
63.5719
60.38816
59.29278
59.46638
59.54124
60.29745
59.6923
58.10342
57.90783
62.72589
62.90458
63.01803
63.43036
64.04317
63.68879
67.82114
67.91658
66.97348
66.09866
66.80695
68.26707
70.29634
72.0758
69.62722
67.16352
67.57589
67.48089
67.43246
67.10684
67.25641
67.50335
68.13335
70.91443
74.10824
72.77939
73.23998
72.22014
70.64249
74.52326
74.10019
76.68304
76.49936
74.24707
74.25106
74.82565
76.30737
75.13605
76.46212
76.65043
76.25374
76.53487
77.69595
76.4486
75.8608
75.835
71.43798
68.56159
72.82914
71.71475
71.82854
73.25558
75.33336
76.53618
79.90229
78.41534
78.9088
76.93428
74.55383
71.94538
72.28585
71.23034
70.3156
71.25845
74.41026
73.32716
71.13103
70.21621
69.36904
69.636
68.13752
68.9556
67.51759
68.09933
67.19877
66.55957
65.7402
66.6997
71.75509
70.89483
70.4549
70.96396
70.08674
71.17212
71.23546
70.50234
70.97602
70.66798
72.07442
73.27433
70.79165
69.90627
69.91379
69.98411
69.10854
69.7889
69.99622
70.43901
70.35609
69.95515
69.01834
68.34842
70.86084
69.22357
69.41101
69.18699
67.51951
72.30379
70.77249
70.39859
68.91119
70.06037
73.32012
75.28757
74.37945
70.23885
70.88553
70.85736
71.96478
72.26327
71.21339
70.22929
69.93007
70.33211
71.29927
68.18108
64.85047
65.21441
61.68914
64.07848
65.45873
62.36628
61.55695
60.55939
61.73531
63.61959
63.0201
62.79097
62.99878
64.15425
64.49337
64.43471
64.46908
62.95951
66.50668
67.24148
66.76515
64.24046
64.95885
66.49112
67.41862
70.0501
68.36525
69.21352
71.06516
71.20296
73.46694
74.02087
72.97713
72.46694
71.02294
69.38525
69.54188
68.57536
68.05414
70.11342
71.38347
69.29284
70.53023
71.38981
72.16265
71.29165
73.26303
72.82129
73.67018
73.08328
73.33707
73.81568
72.40569
71.80595
72.23514
74.52408
74.21998
71.29802
70.83399
70.63199
71.37842
70.34543
72.39125
74.31407
75.26704
74.36642
75.54813
76.3916
80.07754
80.56018
80.95629
81.37086
83.33887
85.71598
84.98698
84.62717
85.56809
87.56257
87.81362
84.13993
82.72222
83.7032
86.36297
85.49063
86.62078
86.67979
84.88971
85.11552
90.60816
90.39312
89.66194
88.9251
90.66046
88.64374
87.58118
88.58253
89.56906
87.16413
89.79256
90.90098
91.85035
92.51577
90.51092
90.12045
90.20429
89.34755
86.10222
86.91264
85.14595
86.39375
83.69032
83.42701
83.44705
82.02329
82.20801
80.5493
86.22847
88.24635
89.49307
89.40847
88.67918
88.69076
89.99037
91.95827
91.55421
92.64167
95.06925
94.63563
93.71065
94.26702
94.9811
96.03631
94.14637
94.31243
93.98744
94.11843
95.07158
94.86542
94.66168
95.81907
94.56903
93.13449
89.42194
88.50722
89.6922
87.76991
87.54358
84.87505
85.50236
85.18558
87.97256
86.9369
86.3236
85.93733
82.66045
82.35193
80.69563
81.11965
79.89261
80.17082
79.37333
78.76292
77.24011
80.00182
79.72456
77.16705
76.85659
76.69732
77.64089
78.27896
78.5237
77.32927
78.60428
80.37776
78.63778
78.43381
80.77648
81.84327
81.12224
83.50486
79.6668
78.1918
75.5581
74.79258
76.21599
77.25797
77.882
79.8646
81.42293
83.28207
85.82937
85.95686
85.34371
84.97006
84.30421
83.95301
82.44684
80.40779
82.40211
80.17541
80.48683
78.38524
78.82208
76.20932
73.69009
75.26241
76.86661
77.26801
78.74773
78.58233
80.86769
83.03026
86.76409
86.11616
86.73578
87.94663
88.68546
90.10386
87.2974
83.95533
84.75916
86.25623
87.61738
85.92579
82.24384
85.43877
85.66489
83.85294
82.37335
81.49075
81.38097
82.31634
84.3307
83.72603
81.64955
85.5939
86.12042
86.87944
88.90944
87.18271
88.29804
88.19627
86.68783
86.61622
84.91978
87.47201
90.31309
88.86888
86.28052
88.77959
86.73125
86.58068
84.80878
84.79795
87.80653
87.49162
88.72623
87.58588
88.74638
88.25751
88.51027
89.1448
86.3666
88.02745
88.32739
88.28914
88.01206
88.74588
86.87911
88.89932
89.64926
89.44283
89.88324
90.2441
86.79221
82.95908
80.36166
82.32038
82.05416
80.98848
82.2438
80.1254
78.62463
77.60242
75.74146
78.62618
74.98692
74.40521
76.8843
78.78431
77.76627
76.27527
76.44065
75.70679
75.48585
78.70212
77.52946
78.33242
78.07555
77.29456
75.86479
75.23309
72.92144
73.37805
73.76591
72.9891
72.56982
71.76095
71.99338
71.80405
72.28809
74.15168
76.5588
76.53317
77.62312
76.54726
78.00587
78.17477
79.78763
80.00308
77.97714
76.28351
75.40078
74.23645
73.40022
72.33337
76.29551
77.74883
79.21105
77.66873
76.92007
77.33344
76.93908
78.16323
77.71023
79.36901
81.37136
81.62407
79.61779
80.37378
79.45027
79.35054
78.93427
79.20149
78.89621
75.50752
71.66811
72.09483
70.51531
71.529
70.3126
68.92784
68.71444
67.70962
66.6109
65.69145
65.30899
66.727
67.58859
68.59414
66.97984
67.53338
69.21038
68.30107
67.25261
68.40071
69.60647
69.18864
66.42891
63.66748
64.33483
62.84774
59.82437
57.82337
61.00171
60.1634
60.19005
59.17022
59.48272
59.22611
60.81311
61.60686
62.60155
63.49865
60.83624
60.78746
60.45807
61.53612
62.26386
61.70592
60.72584
63.49401
62.95921
62.57181
62.0869
60.74815
62.48367
63.86515
61.31753
61.72288
63.22424
61.5654
61.35215
62.35326
61.22057
62.33323
61.29363
60.37436
61.11018
61.43339
60.05729
59.96191
60.96827
63.22494
63.3071
62.49022
62.30631
63.38798
63.23448
62.14791
59.90838
61.55623
63.06943
64.27071
63.80854
62.50605
61.13861
60.82187
58.27937
60.14658
60.11519
62.51372
62.3451
61.9457
62.03376
65.81877
64.65934
68.53941
69.08311
69.33439
71.75453
72.82467
73.75661
76.16594
76.12144
77.91144
78.47321
75.17793
74.53191
75.65897
74.37152
73.07194
73.95461
73.70893
74.72974
75.35194
73.50471
74.49162
74.07597
75.1606
74.43016
73.98423
71.68504
73.83468
72.89899
72.55481
74.29188
74.51738
75.12566
74.93078
77.20807
76.75813
75.72906
71.41001
73.19118
74.07363
75.2737
75.37041
76.72174
76.84938
77.46078
78.09911
77.45911
78.3378
77.40359
76.67729
79.15917
81.32904
84.35967
83.0247
83.00904
80.38775
81.05188
79.19178
79.19845
79.75332
81.02
80.416
81.43937
83.67597
83.14677
82.17881
81.92494
79.22749
77.47446
75.22403
72.33733
69.87286
66.0851
66.94241
67.53259
70.22134
74.34954
74.71305
75.26153
74.73327
74.7768
73.63608
74.90465
73.34734
75.68847
75.17897
75.88458
76.69807
74.73075
74.6387
77.09825
77.21663
76.15445
75.44517
73.86468
74.58959
74.35984
72.95989
73.95616
73.53482
73.69367
72.89389
71.69332
73.14725
74.74234
73.09151
73.76367
72.03693
71.79699
73.2068
73.90787
71.88967
72.10127
71.29501
70.75976
71.15001
72.47033
76.0862
75.61222
76.53118
75.54363
72.75476
72.60197
71.65641
70.25591
71.98669
72.93779
72.64841
72.73573
72.1296
73.99089
73.02252
73.7857
76.70677
77.03735
76.52073
74.52485
75.51756
78.89672
82.12215
81.60385
79.68709
81.8872
81.6224
81.19115
81.22839
83.29509
84.25167
85.81913
88.29793
87.51592
87.22371
86.88637
86.10782
86.18309
86.602
84.89809
85.84397
86.24466
87.43338
86.53969
86.98512
87.0969
86.92916
86.1964
85.87613
85.50875
85.37319
84.66822
87.6569
84.78003
83.33041
83.68374
84.22386
81.54134
83.52407
84.91761
84.93688
86.054
85.89826
87.26724
88.48569
89.04416
87.96808
87.23019
86.85759
86.61152
88.43055
86.94981
84.80091
83.54621
83.79202
84.49502
79.78132
78.48761
78.91071
77.20329
76.83152
78.01561
80.41022
83.14253
81.62629
81.58146
80.88277
77.9696
76.9771
77.18655
77.36467
75.83438
71.94373
71.37953
70.61354
69.76889
67.31742
67.24792
68.15901
68.09641
67.9716
70.02082
69.02697
69.68114
67.92242
67.71531
64.93109
64.60535
63.48894
62.78999
65.83637
64.57523
63.32825
61.14437
61.94177
59.86403
58.13624
58.50993
59.97253
61.20858
60.984
64.68499
62.81084
60.59002
59.84925
60.91111
63.09326
61.46024
63.49138
61.06843
62.52329
62.35496
64.42773
63.0654
63.39328
65.45545
62.1194
61.36424
61.90967
59.5811
60.00482
61.85425
61.86898
61.28697
62.36601
63.85707
66.30883
68.82565
68.21771
67.01563
67.87721
65.05325
64.65596
62.97883
62.78641
66.09298
70.58816
72.55026
71.89316
73.11918
72.68451
75.97136
73.37374
74.23154
71.19994
70.16401
72.02059
70.70207
74.31711
72.45643
72.88588
74.40632
72.21645
72.96582
75.47394
74.53275
73.30614
69.81369
68.91183
66.54554
67.25954
64.58356
63.4485
61.66902
61.85599
62.6293
64.33566
63.8952
64.60257
63.72372
63.4158
64.4701
62.80635
64.96175
62.78466
57.94488
56.63565
57.59286
57.10664
58.95432
60.9945
62.92168
60.55217
60.08842
57.70536
58.82853
57.89303
59.16472
59.33379
59.35649
61.43025
61.65232
64.45245
62.85423
61.62661
60.63507
60.72489
58.28141
57.26946
60.26096
61.58736
60.28384
60.66065
60.28153
61.93641
60.65371
58.66097
61.6156
60.79449
62.34769
63.59157
66.10727
66.26545
70.48404
71.06378
70.10063
70.78056
68.58423
65.45397
65.77728
64.76392
64.08006
62.6164
60.90288
60.68975
61.3999
62.68488
61.09879
62.32409
60.37934
59.60591
58.86521
59.69432
61.24062
62.81985
59.77208
62.21629
61.28432
59.20463
56.8783
55.88106
55.60329
56.19111
56.05253
53.35887
53.04875
50.10816
52.25761
54.68904
56.05086
55.0748
57.68488
62.87676
62.55799
62.45265
55.93236
56.0731
55.48278
57.12962
56.16184
55.28818
55.69498
56.24561
57.22708
57.94506
59.26355
59.86796
61.65245
62.39561
61.3469
63.02866
64.50349
62.81549
63.05039
64.59419
64.37498
61.20159
58.9304
58.3967
56.83163
58.43203
58.64478
57.96397
58.56156
58.05809
57.60913
57.91377
57.5425
57.83752
56.97275
58.4423
57.44482
55.32479
56.40353
55.82893
53.41655
54.99567
53.45153
53.366
49.37431
47.43124
44.84793
44.12707
44.40558
43.84049
42.66905
46.06185
47.76566
49.74449
49.17745
51.79218
50.83808
51.50892
49.3902
46.60851
44.53328
42.76478
41.47151
43.58405
44.2896
51.47426
53.80134
54.51978
53.01926
51.72041
54.56967
53.50469
54.95057
56.0433
55.82534
56.04523
58.06989
58.71279
60.76176
61.32982
62.18205
63.79816
59.06895
61.6655
62.53946
60.92746
60.01715
59.27391
56.85776
58.83337
59.52927
61.19323
61.58525
62.67021
65.49596
65.59639
65.78497
61.52001
61.85288
61.45933
58.74025
59.34514
59.19009
57.87546
58.34059
54.97419
52.83783
54.13031
54.15249
55.26741
56.69028
59.10468
59.69143
60.59721
58.91528
59.1174
56.413
57.51387
57.45062
57.54698
56.70829
57.81351
55.31774
56.44467
54.47731
54.52808
54.242
53.2411
53.37972
56.6427
58.21507
56.15435
56.03023
53.70363
52.93684
53.94779
54.39511
54.85703
55.36429
56.0606
54.29944
53.12532
52.09817
53.88342
53.43031
54.41352
53.53047
56.35586
54.26512
51.14935
53.10802
50.46602
47.61802
47.84705
45.17278
44.9133
47.79143
46.61472
46.56111
46.28105
46.03019
44.15021
43.7341
41.71323
41.78115
44.63651
43.32691
43.76226
44.75551
44.21508
44.94248
45.08306
44.83348
45.14236
48.21849
50.29407
51.41507
49.11006
49.80492
50.6268
50.4399
50.00975
50.53334
50.83185
49.30918
52.25843
50.98829
50.73985
50.02885
50.7331
52.92639
52.4992
51.00794
50.42916
49.19572
51.19873
48.37213
50.94895
51.22545
52.3402
50.62587
51.2195
52.92535
53.91563
52.18684
51.7907
52.65474
53.60057
51.35639
50.69274
51.08778
49.20262
52.25625
50.4115
52.65882
52.49147
54.00929
55.20545
53.82252
53.23866
53.38119
53.46769
54.09368
55.6899
56.50175
56.22907
59.21849
61.13541
62.94057
62.76528
64.48677
65.08249
65.76489
63.00446
60.48806
60.54167
62.51692
65.08469
67.2416
68.3188
67.34167
66.53278
68.8877
68.95609
70.59142
69.50805
71.23188
72.70118
70.44526
71.22964
71.35632
70.50177
70.75439
69.71244
71.45281
68.92271
67.40427
65.94236
62.49047
58.28281
56.01653
56.71885
58.06723
59.49701
59.51901
59.45709
58.78315
56.78509
60.048
62.22591
63.61549
64.57242
66.68722
67.03982
66.34895
65.72198
63.37395
63.0913
63.46609
65.03731
63.54238
61.63414
64.84711
62.98734
61.08845
60.00311
58.347
60.82466
61.40231
59.85176
61.38958
64.19087
64.76817
67.11516
66.93843
64.67394
65.0211
66.1857
66.18387
68.28841
69.42301
67.65389
67.94329
68.92302
69.51996
71.25683
71.35733
73.87089
75.32694
76.86188
74.50441
73.55458
70.82248
73.54136
73.63191
77.42751
77.84407
78.77075
79.8888
79.28724
79.56618
82.33081
81.87867
79.90714
79.25774
78.5403
78.32392
79.5765
79.19612
79.64454
78.27234
79.00046
80.09336
81.88819
81.06384
81.20199
77.37363
78.85767
79.71065
82.35893
82.35144
84.24427
83.12
83.6739
81.35096
79.89023
82.93047
82.2811
84.82078
78.49625
79.50852
80.88006
78.83039
77.67798
77.07256
79.05835
82.12414
82.41856
82.37154
82.81984
82.81021
82.31778
84.20298
85.15312
84.88125
84.30473
82.6266
85.11736
86.46366
83.75235
84.23083
84.52377
84.43185
85.56219
86.1636
84.77364
85.28719
82.73064
79.42084
77.7481
81.69519
81.0326
80.82452
82.27043
82.31092
83.79644
83.70077
80.32744
82.27908
82.27659
84.86245
85.94665
85.00992
84.17206
85.68707
88.92954
88.58995
85.70424
86.21677
87.66951
84.01451
82.59074
83.4951
83.06812
83.80934
86.57345
86.3668
86.65919
84.90136
87.80509
87.12642
86.13473
86.77643
89.11045
85.52316
85.64865
86.23363
86.81047
87.98669
90.32742
89.84552
88.79792
89.16096
87.48895
89.66377
88.74633
91.0043
91.93147
93.35673
90.7615
88.42222
90.20827
90.17893
93.58315
91.25335
92.98062
91.02235
90.54025
90.62301
92.15866
93.5255
94.65867
95.53886
97.83408
96.75228
93.87918
94.45268
95.39972
93.68855
93.43217
92.30252
93.49319
93.15853
92.66272
95.70951
97.12764
96.98029
97.96168
95.32317
98.34668
96.98645
96.53173
101.9393
101.5245
102.5186
100.2492
97.61713
99.19741
99.61703
99.42671
100.2221
98.61599
98.86387
98.54
99.82568
101.5221
100.8567
98.68968
100.2668
99.24747
96.47903
97.64693
95.74796
96.89253
95.48135
94.59008
99.71494
98.23464
97.94238
98.23144
99.24559
97.5639
96.00793
93.81141
95.21527
91.99537
89.67796
90.69931
89.23337
87.32531
86.13226
85.16505
86.13658
84.50592
87.04586
86.05851
86.66255
86.4454
86.253
86.18706
82.9849
84.04019
83.33291
83.51389
81.38416
79.71792
79.23481
81.4452
85.35662
84.99816
85.68069
84.28547
83.2249
84.80928
84.80476
83.919
78.24876
75.54199
73.64786
73.00449
74.48158
76.524
76.44008
75.81966
74.69811
73.92499
74.91003
74.91897
74.72037
74.601
74.50187
74.63747
75.05293
75.57827
74.74947
75.94943
74.90793
76.56002
75.83623
76.14698
73.99622
73.17929
74.48578
72.87551
70.89812
70.40872
69.80008
70.53636
71.82075
74.61606
76.31854
75.22033
75.11009
75.01307
73.24868
72.66834
72.94221
72.39322
72.18651
69.81378
71.17401
72.00446
71.99724
70.60557
71.72997
71.93263
72.77044
68.82735
67.92042
68.77292
68.97328
67.93218
66.78289
64.00467
64.17793
63.25045
63.04458
64.98592
63.90177
60.53104
61.42353
63.66024
60.82337
59.7412
58.55702
58.03577
57.8153
55.70305
55.39287
53.33019
54.18637
50.25886
49.26877
49.3895
50.86178
50.47316
50.74442
51.3513
51.93238
52.33201
52.20165
51.25581
50.50339
49.70766
48.35823
47.41065
46.45357
45.49519
42.13752
42.03145
40.28939
38.77554
38.88861
39.33635
39.09352
40.1861
41.53495
40.97687
41.83547
41.62649
40.81926
36.61524
37.51384
37.8201
36.57665
36.04188
36.6436
36.14815
36.4893
37.1577
35.76749
35.21148
32.44125
33.60561
32.75984
31.79331
30.99188
30.48072
31.18604
34.01136
32.39065
33.72286
33.02549
32.53074
34.66196
33.26973
30.10921
28.40122
29.8007
29.47677
29.3063
29.13275
26.61212
26.84556
26.97378
26.51198
23.80422
23.81617
24.52847
23.39806
23.92723
25.36228
25.78469
24.97557
24.72453
24.65671
23.05053
22.26034
19.00472
16.38259
18.35914
17.32219
