218.722
214.8005
235.3853
274.4227
253.6544
253.9622
247.9133
223.7474
251.8699
257.2061
242.5682
288.9861
265.8472
268.7252
221.4407
257.0672
239.68
269.8092
233.9852
231.4496
263.1522
236.8124
243.4872
233.5995
233.4096
260.6136
233.549
243.2851
271.6888
258.9082
278.3025
235.9981
269.786
264.1869
261.8639
233.193
317.7345
285.1166
329.0327
256.8757
249.8793
240.7665
236.9926
254.2533
273.4617
280.0567
253.4543
237.5697
301.7636
241.4293
225.1784
235.8946
306.5389
232.4213
253.7927
254.5167
280.2813
274.5477
243.981
246.1211
237.1192
212.151
264.122
235.2239
229.8017
250.7136
252.4572
252.8744
260.0211
249.7816
243.3014
264.7212
240.6735
241.6249
237.872
261.1598
261.1495
249.6943
234.8858
262.9846
247.1656
243.9041
224.8004
252.5397
257.248
301.4945
232.1769
228.3491
232.8861
252.1281
258.31
232.2059
240.9426
282.5014
246.3788
233.7016
251.6385
210.0392
244.3258
224.4899
208.0654
243.4636
242.3636
245.9003
250.5505
267.8484
288.7674
264.9622
243.5879
258.8681
235.3365
239.9651
226.9109
227.4326
259.6387
243.6524
250.8953
224.1658
231.6493
241.8127
259.433
295.5794
235.2265
248.8959
299.4792
249.6379
262.8778
258.195
207.8308
255.7342
260.1438
268.1001
252.0521
242.1598
202.6661
239.5029
243.6417
298.6299
257.1134
248.0567
243.0248
254.746
263.4115
253.7163
238.3662
231.5081
291.077
237.8434
230.5934
260.9642
243.2405
281.5993
245.9614
256.7912
262.4759
263.1677
252.8508
274.7757
204.4484
272.404
271.2772
270.531
241.0052
270.8078
279.676
248.7503
271.1359
265.2827
262.4224
271.8496
213.582
219.3684
273.1208
258.8646
275.8245
263.9206
262.9523
246.7005
240.8309
266.195
241.6087
299.5001
269.6596
220.9422
274.4396
258.4382
277.3184
239.0812
252.2975
241.3785
262.7847
261.6995
237.616
231.8738
267.049
263.1909
252.6091
263.5904
266.3037
272.3586
235.2571
258.8646
250.2225
277.0951
217.2985
271.8216
270.6676
288.4631
265.0295
235.563
258.4647
264.4085
247.3021
231.2933
297.671
244.3997
238.6787
233.4723
246.2009
230.8284
241.172
269.2434
262.7217
250.8363
256.8282
233.4479
234.347
222.2918
230.118
243.7663
268.0554
236.0751
243.6955
290.3744
254.1219
232.874
268.3093
276.6835
227.4502
219.579
236.5416
315.4353
222.403
260.1545
243.2866
252.7686
223.0072
250.2619
264.527
235.7946
239.0355
260.382
265.1666
233.682
264.2925
264.6488
251.6306
230.6769
234.9221
286.3404
225.1355
255.9768
230.0445
258.7732
248.9653
262.6572
260.0795
263.8705
256.2945
248.2819
238.5967
258.8039
232.6364
250.4609
275.4387
253.9424
214.5475
258.4629
243.1186
253.7429
267.1263
256.7509
251.4541
219.3484
237.9112
291.9523
263.47
227.3882
250.967
241.9675
233.7217
257.3832
300.121
269.2265
250.4436
283.179
248.8008
274.0072
275.0756
225.5377
245.3412
238.6583
232.3992
251.0125
227.3181
236.8586
233.4163
260.6158
264.9339
234.8121
248.5325
272.5905
264.5419
262.6029
259.6085
261.595
220.7423
231.4374
226.3779
237.4362
274.7852
255.9832
244.3303
248.1318
266.7807
234.9755
242.9858
248.6763
240.4951
229.9324
241.8838
253.7536
266.301
263.4919
226.2739
271.5437
234.4574
244.9926
284.5984
254.3844
263.4553
261.2156
270.5349
238.0648
254.2159
242.8181
255.1723
271.3094
244.5068
270.8045
227.7551
256.9971
239.9625
245.7186
280.5064
242.4084
238.4707
261.3883
237.9583
255.6032
224.7201
253.2633
251.3188
224.3718
236.4204
252.2462
294.7882
255.2584
240.325
245.4865
245.3879
239.963
254.1241
275.524
268.9734
262.216
229.9354
276.5202
270.5636
271.7333
250.195
247.413
236.8947
245.4863
261.5274
256.0925
237.0116
278.9838
241.0644
272.4893
263.9055
255.7588
236.6393
248.8055
258.9557
257.4384
212.4676
225.1229
238.0794
263.1859
243.8062
243.4943
243.8987
257.7244
213.1471
273.0368
223.0125
259.4455
285.6811
243.0583
230.0026
227.0748
232.1413
248.9814
260.7636
249.7818
247.9928
243.0156
260.7637
243.0375
265.3842
265.7694
247.8056
280.1536
220.7198
279.7916
264.757
241.7804
241.5648
249.9889
229.7546
266.0511
278.5307
231.0094
250.7796
269.4221
219.771
257.2072
249.275
225.1847
277.2456
258.4961
259.8637
267.9626
284.6476
271.1455
298.0102
259.9003
267.0725
281.6425
237.4936
245.7316
267.0752
271.1243
264.8599
244.3346
268.1422
257.1782
235.7868
270.3092
255.6146
272.5624
264.4957
265.3475
269.9362
277.1588
235.8309
263.9619
251.5697
236.5609
242.0261
250.6453
245.4599
226.99
251.6796
283.9761
274.505
268.021
266.5456
272.7122
264.6431
253.3763
269.6217
267.0431
217.9067
221.721
299.0414
258.9604
241.1135
263.9957
252.6939
267.1557
254.1333
238.9752
246.3659
246.3585
242.9376
254.001
257.3126
257.5105
253.3361
266.8355
231.8647
280.54
268.4397
246.7007
263.3141
229.5856
220.0471
229.2847
269.3681
241.2817
267.818
262.5276
251.647
226.3043
239.5723
243.7927
282.4133
238.8634
247.4977
239.4552
254.1704
238.9177
280.5637
281.1655
271.6404
268.2652
243.7283
252.3967
225.0836
260.1316
243.9212
266.8681
272.4859
254.9927
252.1581
294.639
260.5121
246.8925
287.3486
223.1197
271.2018
271.3653
242.7251
252.6737
246.1325
259.5846
272.0319
270.197
292.6992
289.8113
277.1888
281.0906
227.7488
253.1084
284.2801
224.6823
246.473
281.1365
257.1354
253.0415
290.4795
232.5124
244.367
237.6606
256.9133
231.8511
293.3401
294.2083
227.8806
256.1446
260.4582
213.9624
200.143
238.9185
263.738
252.7605
229.0737
243.546
254.6778
247.0803
273.0914
259.0252
214.0658
240.9633
283.5593
253.5934
252.2734
256.1859
277.4658
277.1906
244.3623
271.676
267.8483
243.9968
232.4628
271.9266
254.4354
289.2427
236.8812
232.8757
274.3365
290.9699
250.5555
241.5824
224.7986
233.1623
303.7152
221.7847
257.8474
241.7515
234.716
265.2001
236.703
268.0677
282.3291
254.9791
217.7706
252.2184
235.8075
246.0084
256.4042
262.7782
271.0506
246.619
250.7409
263.0454
226.5516
271.4301
244.1178
245.5334
261.6594
257.8452
246.0141
219.5327
234.0155
253.8691
263.5256
233.9742
233.0631
240.4887
270.6934
229.1593
271.5388
266.2213
276.2885
276.1507
262.039
295.9963
221.5686
248.5584
263.2006
250.4761
236.6415
256.524
270.656
274.4687
263.805
253.4087
270.3862
248.2729
254.3594
234.7598
257.6457
244.3544
259.3894
275.1963
280.4684
269.0563
284.9168
230.3913
281.3529
256.798
234.852
233.7754
251.8
237.8527
242.4725
299.931
229.3805
261.3849
257.2231
258.9944
252.5573
252.1713
239.259
252.0914
229.0858
261.2719
266.1219
289.7927
271.9092
267.2502
261.1635
228.5112
259.5807
260.1978
307.5232
250.3374
268.3643
267.0665
266.8852
239.402
270.1634
288.9514
234.1173
257.3839
289.9152
290.7007
253.2401
294.9737
227.8733
244.8941
277.0626
244.8344
244.8088
230.6194
252.6152
242.1299
253.8017
299.7046
246.4635
252.6932
247.5051
294.0575
286.0274
240.8085
256.5828
236.9043
252.0711
246.6895
267.4663
240.1462
248.3591
255.0258
286.0919
250.4153
248.0145
260.2391
240.7377
237.4593
266.2684
238.6854
255.5777
255.398
255.1556
299.5713
244.986
265.9383
231.7865
262.3749
272.3131
244.8983
227.7041
288.5632
271.5545
265.5132
239.2607
234.2984
247.9342
244.7003
311.3753
250.197
243.2246
306.9531
263.2875
262.0189
253.3863
298.4886
275.1705
269.7276
242.9601
265.538
248.6031
283.6454
245.6443
254.4238
251.2929
299.2318
261.8676
238.6156
256.9801
276.2549
249.9622
261.8058
251.9995
304.3143
239.0189
266.4039
245.6771
243.2555
258.8819
283.7592
230.1954
258.1085
253.1109
270.8998
273.5264
276.4543
261.4285
258.4029
254.719
233.1652
260.5121
253.3824
291.9238
292.6717
249.5714
284.3633
291.7984
254.8665
319.8173
291.7767
256.685
259.3399
249.2187
258.4333
253.1505
233.6785
266.5294
276.0521
250.5348
271.4947
277.6196
286.7246
300.3892
238.927
229.6058
294.0367
260.6451
273.0163
255.1835
248.657
291.4545
248.4995
251.0181
228.6775
214.308
295.4667
269.737
262.5727
248.7459
263.9969
255.5877
244.1107
257.3891
305.2998
259.9123
274.1769
226.0829
305.7542
259.8244
251.4195
277.3281
264.9984
269.2251
271.9385
281.8955
254.6984
305.1787
270.4996
273.1489
279.1534
262.4341
257.5909
296.3685
267.3107
276.4048
244.1763
264.0395
251.5021
261.5678
266.4277
291.1102
272.0434
276.0204
263.7999
258.2145
313.4763
250.6245
274.651
262.608
247.0354
250.1932
258.9867
247.621
303.5345
264.8386
295.1825
261.9453
272.0603
246.7352
227.547
276.4952
292.5966
302.8206
293.2629
252.4609
243.4982
266.2505
280.1376
263.8371
270.0534
254.5353
237.317
232.4933
248.7736
250.8779
240.1562
278.054
253.2343
244.3703
246.6439
284.0378
275.6867
265.9569
227.1212
261.1258
316.5249
260.2285
274.1484
258.7238
259.9718
243.638
251.1368
245.6948
261.5544
278.0446
266.7907
236.6898
253.3854
315.9291
271.4543
246.5911
271.5396
267.6952
273.7158
253.716
311.215
241.1905
270.9249
239.8868
272.3803
300.9139
260.4175
274.6712
281.7815
242.6524
253.7425
247.5176
255.7372
244.981
256.0921
223.1004
238.2926
266.866
285.7402
266.602
258.1518
295.3606
274.1465
227.8429
264.6644
314.9991
290.9847
296.7073
265.3645
258.8353
267.5905
282.9611
293.46
259.0352
269.5929
264.4413
264.5993
263.9469
262.7854
267.3105
267.4662
272.289
237.9436
270.0696
274.9879
251.0167
228.1006
258.8783
276.2057
258.5323
258.7793
301.6269
233.3193
284.0493
284.5433
276.3281
292.9811
297.7997
271.5044
248.0923
259.0239
293.8177
256.1047
242.8337
307.6054
270.7734
248.7248
282.2397
274.5222
259.5897
279.9098
279.4703
237.6093
266.0574
275.8661
254.2888
269.4907
270.1388
251.6744
255.1257
247.6672
230.5398
263.1733
263.218
264.1725
266.2158
260.8903
277.4429
245.5878
259.1617
224.3747
235.3248
266.9619
250.0703
258.3422
306.637
288.8503
266.2953
267.5898
265.0389
238.6025
256.9857
249.6731
246.7902
269.2464
258.1088
273.2209
287.6323
293.2932
288.5363
258.4987
253.1642
268.6863
254.2523
288.7649
223.9718
242.1982
218.4528
297.3928
275.7443
285.3842
256.221
269.1367
240.1351
227.3623
253.6325
219.0114
233.1824
265.6996
238.3996
269.1143
218.5299
250.0435
296.4579
243.8328
279.1615
251.5707
248.9137
235.4959
295.8636
234.6747
233.4276
228.6886
266.5105
287.3569
259.1815
261.5105
247.7021
246.3221
262.5449
268.3794
256.5572
237.8891
315.8511
301.3065
254.2922
271.6425
266.0851
254.5213
240.9476
251.4418
250.7559
233.084
272.8202
273.0219
251.3671
254.2451
275.3211
243.4966
240.8463
272.6786
236.5698
280.25
275.9499
248.0423
270.3268
241.119
243.3144
229.6866
318.0967
235.5468
249.931
244.4558
238.8205
243.4087
249.6801
237.2174
248.9652
254.9221
254.6137
274.8164
256.7499
252.4696
274.3794
247.4018
263.4235
226.9707
261.3419
260.4753
222.8907
253.8021
270.6432
259.1903
245.0577
226.2583
246.691
272.7224
262.0485
238.0778
226.9769
244.1355
236.6602
262.2146
239.9351
224.3189
278.8493
258.7092
239.5776
277.9085
267.8273
229.8084
259.5238
223.6297
234.0831
289.4909
221.8397
236.8755
246.1734
235.4384
250.7364
231.9247
253.1631
256.9993
249.1406
250.3054
244.5875
229.8185
262.9512
259.877
272.7619
270.0535
279.5462
252.8422
268.5077
234.0534
244.343
285.6636
245.1714
274.0065
279.859
222.1969
224.4061
214.7998
256.2343
258.6597
261.3982
289.3646
258.9428
239.3096
274.2622
278.7018
283.7799
310.8415
269.4222
227.1683
239.2751
274.1447
268.577
243.302
250.5536
239.711
279.2317
237.4138
238.717
246.5036
220.155
269.048
227.1996
221.036
238.852
294.4977
287.5841
264.3714
272.7835
289.2353
262.4005
251.728
240.9995
218.7312
249.8791
223.5489
245.5633
223.5731
239.1596
261.4227
277.3362
275.9713
285.5579
244.4825
267.9296
241.8466
264.6473
290.1128
216.007
272.4429
248.3877
239.9003
227.6717
239.4804
303.6023
263.6495
263.5526
272.2315
219.1855
249.4486
272.2293
224.5211
274.7822
253.613
278.6392
262.7569
244.8373
234.0727
275.3309
259.8865
252.5266
256.1446
278.7884
271.808
315.6279
252.8169
304.2342
239.786
251.8681
235.1525
247.5736
237.3357
235.993
256.9208
265.8176
243.9777
240.9454
270.2401
271.9898
256.522
271.7355
229.671
255.9593
291.2241
274.4295
287.653
270.6863
289.5996
241.1887
264.6188
267.0237
244.541
262.9297
244.0325
272.9042
218.4243
236.5375
247.0327
229.2098
234.8921
234.6872
246.4927
285.234
226.6166
244.1318
270.4052
242.5594
266.7604
239.515
264.115
218.8543
235.0891
254.7915
253.1562
259.7072
238.4709
268.1011
236.9922
258.6239
234.4359
285.383
265.3158
257.3228
252.475
259.9329
298.1347
265.7261
235.0305
269.5575
232.4217
232.3724
269.0908
263.7666
232.1411
242.5637
251.1311
255.6808
269.2173
226.6244
264.6065
238.8831
259.3044
256.9919
239.2158
258.5686
262.8941
262.2337
252.2988
260.5374
253.2992
271.6261
247.4018
249.3918
273.7869
253.2032
244.7125
263.9921
245.4145
306.4489
253.0445
261.8221
268.6076
247.5837
245.3836
239.2258
258.4128
243.6872
275.9309
272.5536
230.9399
269.7022
253.0965
244.5176
258.984
269.7904
254.6252
242.9044
228.75
251.1749
277.6961
284.795
262.8433
264.8839
246.6228
271.8096
261.0441
265.5927
281.1934
264.7713
283.1334
261.2721
244.1424
269.0986
225.8774
283.6657
286.6276
273.664
244.1852
252.2859
280.3864
296.3703
235.3122
268.8618
244.2768
250.4839
241.3758
244.882
260.467
300.3349
280.0037
288.0957
220.2004
252.9398
257.0522
258.8745
261.234
263.2842
228.0512
263.9982
243.2912
260.1961
238.9473
239.1948
266.107
300.8201
244.2759
251.9331
245.4339
254.6786
266.817
263.5503
242.3826
243.4104
267.6119
244.0668
247.7573
244.4732
262.343
257.2436
266.0359
259.8985
282.3579
253.3089
231.9566
247.1642
259.3135
290.8852
265.2738
271.1598
245.5174
264.9023
242.5992
260.7575
238.0392
255.1195
257.2124
235.5871
259.6005
261.6984
248.8493
235.8394
257.4738
284.5022
261.9618
251.6339
266.7098
249.6729
239.1865
256.355
260.1373
271.905
256.8367
218.392
244.792
262.9258
259.2011
233.0318
238.7958
242.4168
239.0376
295.2691
248.9321
253.4226
268.1076
222.1182
261.1573
246.73
265.0657
225.0035
227.3695
244.5695
259.2685
276.7008
246.6386
265.8991
253.0311
268.2968
274.9667
259.7428
249.6041
254.5217
294.786
286.1919
243.8256
255.2469
231.0995
266.0536
228.1933
254.4086
254.0805
279.3595
239.6973
244.6185
276.4042
264.7347
259.2012
291.9714
270.9053
253.5739
247.7152
246.0315
257.7273
256.9056
237.5056
282.567
285.6386
261.2262
263.2997
256.8306
246.192
277.8229
282.5283
255.8393
266.7615
262.3807
248.1773
231.3011
251.2678
224.3669
247.0938
275.2728
253.4444
261.4441
257.1661
262.0321
257.37
238.9409
281.659
273.8766
273.8666
258.2853
256.8201
232.6192
240.9721
251.6457
254.3854
267.3428
273.8484
249.7858
252.9456
247.8676
249.3878
243.7476
228.3144
218.9779
251.5656
246.4966
239.8639
233.377
267.5407
277.8108
241.7827
227.1743
251.4795
292.6679
225.0076
279.5652
227.8789
243.5623
271.5746
243.4764
256.6037
235.5808
238.27
232.6178
291.9141
245.2678
256.6927
238.5835
269.7848
248.7231
228.5477
223.3948
243.225
233.2612
225.5509
246.8008
248.5529
257.3963
232.549
252.5593
226.3789
259.4791
259.7615
258.0417
233.6821
237.5611
244.5165
240.55
259.8728
231.3961
262.1171
268.3048
256.6898
250.8217
257.9465
244.1947
222.2307
264.6584
260.37
254.4721
243.391
248.6538
279.7457
244.1399
206.7869
224.0133
281.4766
267.9988
245.3681
264.1132
288.8313
271.2499
250.6438
291.0325
249.9713
247.4339
251.6361
257.6349
210.2149
212.5004
277.2476
265.8252
245.5331
239.4742
250.6117
240.1143
246.4995
254.4895
251.1356
271.2214
242.922
272.9275
289.5395
221.4377
277.1424
216.4157
243.8846
257.2123
238.5839
250.4162
256.6807
