0.6737981
0.6866894
0.6493368
0.6511578
0.5981882
0.6203351
0.5955114
0.6041851
0.5477253
0.5458767
0.5247604
0.5039026
0.4733896
0.4432629
0.4301103
0.4440095
0.4256103
0.4168681
0.4210646
0.4485213
0.4361928
0.4518873
0.4318236
0.4349356
0.4218386
0.4190108
0.432352
0.4374725
0.4185864
0.4083207
0.4004064
0.4195465
0.4083325
0.427589
0.4140753
0.4292141
0.4087717
0.4244675
0.3998595
0.4300509
0.4039324
0.4127416
0.4139393
0.4188282
0.4484741
0.4647523
0.4720588
0.4976765
0.498317
0.5279813
0.5058201
0.5061525
0.516629
0.485418
0.4953083
0.5031882
0.5094411
0.4527455
0.4412445
0.4712748
0.4546993
0.4365821
0.4379963
0.4437543
0.4239065
0.4071516
0.4298651
0.4364181
0.4330093
0.4548079
0.4405173
0.4430719
0.4535739
0.4388293
0.4463032
0.437639
0.4364381
0.4302603
0.4447754
0.4562693
0.4591838
0.4591784
0.4450688
0.4441221
0.4230743
0.4123096
0.4029172
0.4000286
0.3933751
0.392516
0.4150454
0.4774324
0.477281
0.4815804
0.4658245
0.4429982
0.4341163
0.436842
0.4705192
0.4900948
0.4571426
0.4708259
0.442828
0.4341876
0.4396805
0.4469688
0.4520288
0.4784305
0.459331
0.4883623
0.4821678
0.5367101
0.5507039
0.5373517
0.5265867
0.5148439
0.5245372
0.5293341
0.5402663
0.5446287
0.5136105
0.5303891
0.5273844
0.5235449
0.5450194
0.5627539
0.5750621
0.5403796
0.5542389
0.5171654
0.5328832
0.5651812
0.5636056
0.5879176
0.5756853
0.5626306
0.5784307
0.6108061
0.6205652
0.6047836
0.6433221
0.6434753
0.6504772
0.6200285
0.6384044
0.6092643
0.6395433
0.6233804
0.6228563
0.5943299
0.5807416
0.566755
0.556823
0.565372
0.5452944
0.5787795
0.5512271
0.5270953
0.550818
0.5283412
0.5580607
0.5490022
0.5141211
0.5094195
0.5119093
0.5251219
0.5343056
0.5553131
0.552854
0.5735056
0.5658262
0.5801627
0.5765476
0.6209652
0.6510306
0.6275212
0.6241761
0.6023259
0.5973061
0.6024903
0.5821718
0.585088
0.5708556
0.5393954
0.5347155
0.5552355
0.5548624
0.5393384
0.5550749
0.5330747
0.5364488
0.512451
0.512133
0.5321034
0.5336276
0.5197246
0.5421327
0.5163915
0.5157508
0.5248556
0.5187576
0.5290609
0.4921144
0.4775472
0.4838557
0.4909709
0.4956168
0.5094578
0.5199813
0.5202987
0.5138859
0.5265167
0.5230333
0.5301551
0.5329398
0.5563284
0.5470312
0.5217306
0.5420882
0.5573836
0.5735355
0.5696043
0.5931642
0.6063636
0.624718
0.5981449
0.5873242
0.5752659
0.5391426
0.5424513
0.5660406
0.5513476
0.5499021
0.5613281
0.5569846
0.5532991
0.5767282
0.5529794
0.5541296
0.5510334
0.5627093
0.5827504
0.5512699
0.5071102
0.523266
0.5373927
0.5170896
0.5250034
0.5070374
0.5196615
0.493129
0.4639736
0.4394348
0.434935
0.4344397
0.4252418
0.4323671
0.4344927
0.435963
0.4099295
0.4034017
0.4214588
0.427401
0.4047949
0.4205689
0.4288351
0.4370673
0.4327395
0.4405308
0.4457992
0.4608008
0.4520392
0.4643297
0.4634351
0.463559
0.4661052
0.4705607
0.4714825
0.4464769
0.4649621
0.4785059
0.4919163
0.4993915
0.4993838
0.501432
0.5086145
0.5183612
0.5278656
0.531768
0.5320842
0.5121199
0.5021065
0.5042844
0.4497904
0.4361208
0.4660957
0.4595755
0.4619357
0.4592674
0.4431635
0.4455281
0.4314942
0.4378693
0.4298382
0.4171715
0.4574957
0.4577366
0.4600493
0.4684998
0.4659906
0.4797557
0.4819885
0.4672152
0.4556682
0.4637282
0.4712162
0.470378
0.4915428
0.4682716
0.4752575
0.4661826
0.4690072
0.4789042
0.4877285
0.4845464
0.4593244
0.4726167
0.4701022
0.5007175
0.4932457
0.4912598
0.5004135
0.4759715
0.4806114
0.4973158
0.491068
0.5104418
0.5128196
0.524035
0.5073953
0.5422396
0.525908
0.5325276
0.5386334
0.5515601
0.548481
0.5303477
0.5216434
0.5072364
0.481573
0.5125777
0.5002372
0.522458
0.5164656
0.5051723
0.5092357
0.5113078
0.5342036
0.5416772
0.5457747
0.5397691
0.5297555
0.5570124
0.5419508
0.573801
0.5269497
0.5257188
0.5012592
0.4999602
0.4968752
0.5008036
0.5222194
0.5091565
0.5063804
0.5174482
0.5030041
0.4925918
0.5059106
0.5182823
0.5108073
0.5138971
0.5241653
0.5001978
0.5139622
0.4898191
0.4919146
0.4759654
0.4752184
0.498185
0.5110555
0.4979063
0.4905429
0.4827221
0.4785166
0.4942358
0.4638154
0.4482548
0.4614113
0.4655538
0.4646948
0.4471307
0.4595242
0.442495
0.4520805
0.4848257
0.4877101
0.4949715
0.5061684
0.4929391
0.5123051
0.5247722
0.5058974
0.5130868
0.520006
0.5295052
0.5330198
0.5299303
0.5362656
0.5440794
0.5144775
0.5026387
0.4886776
0.4799197
0.4843124
0.5017967
0.4957628
0.5001047
0.486828
0.4806613
0.4873413
0.5030053
0.4826806
0.4797042
0.5076507
0.4910827
0.4953624
0.4829323
0.4951649
0.4646565
0.4885759
0.5099062
0.5122859
0.5142937
0.5347451
0.5139075
0.5055452
0.4752255
0.4879232
0.502617
0.5457391
0.5072374
0.4875904
0.4783119
0.4478229
0.426639
0.4209451
0.4274492
0.428998
0.4406399
0.4384006
0.4360331
0.4630257
0.4537526
0.4544983
0.4226379
0.4048287
0.3934331
0.3970212
0.3940166
0.3703426
0.3821592
0.3673129
0.3662916
0.3622241
0.3500293
0.351893
0.3503089
0.3427984
0.3392497
0.3385871
0.3481182
0.3627705
0.3618102
0.3808396
0.3841904
0.3973532
0.3979649
0.4124679
0.4075863
0.3994125
0.3823752
0.4006521
0.360472
0.3741012
0.3827174
0.366452
0.3744513
0.3693312
0.3611891
0.3673792
0.3657036
0.3560077
0.3522708
0.3605502
0.3838151
0.376151
0.3920172
0.404316
0.3871393
0.393718
0.4084116
0.4035114
0.4083108
0.3972741
0.4094366
0.4122156
0.4250455
0.4354355
0.4229164
0.418726
0.4206933
0.4309874
0.4104808
0.429839
0.4351988
0.4176693
0.4300244
0.4328711
0.4338023
0.4127432
0.4249965
0.4414139
0.4312292
0.431298
0.4379017
0.4258013
0.4191351
0.4027562
0.4289477
0.4373446
0.4267135
0.4284826
0.422041
0.441809
0.4610457
0.465759
0.4521932
0.4379144
0.4240517
0.4168263
0.4146379
0.4257494
0.4027967
0.4052283
0.395108
0.391305
0.3989587
0.4145891
0.4063634
0.3985393
0.4025872
0.4008435
0.4343943
0.4151918
0.425773
0.4201833
0.415126
0.4069928
0.3891912
0.4150858
0.4103752
0.4125971
0.3973534
0.4057916
0.3994416
0.4037051
0.4274295
0.4240896
0.4027799
0.406584
0.4019136
0.4013274
0.4143563
0.4080847
0.4043671
0.403575
0.4004406
0.3890061
0.393806
0.3960664
0.4122736
0.416492
0.4033096
0.4061004
0.3899934
0.3937089
0.421852
0.4472434
0.4302528
0.4299674
0.3925775
0.374362
0.3805608
0.3748096
0.3793191
0.363079
0.3541716
0.3566181
0.3643012
0.3485327
0.3370174
0.3300724
0.326343
0.3104086
0.3216336
0.3194579
0.3135798
0.3191746
0.3113934
0.326218
0.3379533
0.3324297
0.3678967
0.3520248
0.3360954
0.3499286
0.3676658
0.3306537
0.3358808
0.3371964
0.3461614
0.33752
0.3375603
0.3427036
0.3608293
0.379305
0.3708489
0.3616309
0.3592962
0.3601531
0.3559387
0.3528948
0.3480359
0.3461847
0.3753534
0.3821396
0.3618929
0.3717079
0.3833217
0.3851656
0.384261
0.3863197
0.3987977
0.392907
0.3886737
0.4026855
0.4089136
0.3868432
0.4184672
0.4022879
0.4129732
0.4658998
0.4305443
0.4181578
0.4097912
0.4162036
0.4200827
0.4162838
0.4277111
0.4558866
0.419801
0.4028823
0.4195955
0.4052009
0.4160783
0.4296719
0.4268301
0.4174234
0.407701
0.4044198
0.4102233
0.4057013
0.4169405
0.4067967
0.3955354
0.3946456
0.4128836
0.3842762
0.376251
0.3734466
0.3887015
0.3945542
0.4154624
0.3940071
0.4117442
0.395437
0.4349438
0.4498541
0.4718869
0.4739738
0.4760966
0.4780946
0.4655371
0.464879
0.4836209
0.5083731
0.516013
0.5186271
0.5320462
0.5395844
0.5035512
0.529012
0.5119323
0.5147597
0.5189527
0.5218402
0.5193088
0.5346477
0.5583212
0.5409205
0.5352629
0.5319817
0.5398357
0.5613965
0.5650086
0.6030158
0.5852585
0.579014
0.5810063
0.5524928
0.5590438
0.536048
0.5466538
0.5472047
0.5673835
0.5614282
0.5565967
0.5314908
0.5273496
0.5397472
0.5381825
0.537847
0.5201845
0.4847387
0.5073143
0.4965155
0.4980623
0.4772177
0.4749922
0.490563
0.5289855
0.494919
0.4818971
0.4558502
0.4409787
0.4336657
0.4294753
0.436563
0.4388316
0.425728
0.4423591
0.4378505
0.4257964
0.4003493
0.3887804
0.3751482
0.3946459
0.3803116
0.3827768
0.3963277
0.4105862
0.3934111
0.3964713
0.3977106
0.4001065
0.403075
0.3962134
0.3849387
0.4163933
0.4267529
0.4428119
0.4404513
0.4446533
0.4700424
0.4606287
0.4707903
0.4959372
0.4906988
0.4676977
0.4579354
0.4359834
0.4223505
0.4167827
0.421639
0.450036
0.4654326
0.456143
0.4505673
0.4581463
0.4497208
0.450544
0.4613998
0.4633005
0.4514271
0.4559471
0.4439618
0.400652
0.4293803
0.425522
0.4273601
0.4074273
0.4175345
0.4255196
0.4100744
0.3953549
0.3887124
0.3755699
0.3671603
0.3755658
0.3618939
0.3693873
0.3732316
0.3773487
0.3795687
0.3724582
0.3832836
0.366272
0.4085433
0.4299662
0.4283636
0.4306964
0.4220551
0.4349837
0.430793
0.4201008
0.4227846
0.4428475
0.4232868
0.411522
0.4213451
0.4022811
0.4197904
0.421036
0.4312537
0.4394128
0.4557936
0.4909038
0.4800951
0.4869429
0.4702986
0.4519468
0.4595614
0.4436242
0.4338453
0.4426396
0.4369673
0.4414454
0.4356564
0.4407981
0.4500625
0.4441627
0.451796
0.4649475
0.4575576
0.4569233
0.461203
0.4973178
0.4842547
0.450236
0.4504719
0.4358384
0.4313334
0.4377964
0.4251021
0.4131543
0.4445295
0.430249
0.4324596
0.4567153
0.466991
0.5029609
0.5098914
0.5257419
0.519596
0.5028537
0.4838702
0.507625
0.4900553
0.472983
0.4807306
0.4610398
0.4785728
0.4885955
0.5201358
0.5055599
0.509496
0.5316671
0.5353454
0.530251
0.5378575
0.5277453
0.531667
0.5633413
0.5392308
0.4803331
0.5165623
0.5175135
0.5148882
0.5302927
0.5166706
0.5101664
0.4883614
0.4936162
0.5040743
0.5183333
0.4881471
0.4656998
0.4786714
0.5107891
0.5317558
0.5207481
0.5364391
0.5469442
0.5751771
0.577745
0.5814905
0.582882
0.5843571
0.5899017
0.5799351
0.5866737
0.5655769
0.5560356
0.5066129
0.5007478
0.5011272
0.5250202
0.4923805
0.497388
0.4865353
0.5086705
0.5066134
0.4978121
0.513922
0.5414573
0.5429944
0.5344193
0.5293014
0.5109161
0.5043278
0.4822082
0.477284
0.5036032
0.5019475
0.5325762
0.5569831
0.5717963
0.5426927
0.5261975
0.5261919
0.4839257
0.5031627
0.5247269
0.5160869
0.4889391
0.5052523
0.5154715
0.4977331
0.4848804
0.4772484
0.4661965
0.4367319
0.4181895
0.4360194
0.4176707
0.4277616
0.4231888
0.413698
0.4023161
0.4006382
0.4126232
0.3990239
0.3972201
0.4046403
0.3946722
0.4040308
0.3881829
0.3500259
0.3555324
0.3433621
0.3224188
0.3255055
0.3219871
0.3233447
0.3209814
0.3151389
0.3254205
0.3363701
0.3251671
0.338197
0.3443021
0.3430434
0.3436154
0.3648337
0.3498762
0.3381052
0.3392281
0.3323934
0.3420067
0.3288023
0.3495735
0.3682336
0.3709753
0.3707265
0.3978926
0.3959931
0.4029696
0.4310303
0.4255098
0.4256987
0.435966
0.4250082
0.4119305
0.3990102
0.3897864
0.3964867
0.4144093
0.4138529
0.3880527
0.3986156
0.3867134
0.3700584
0.4031771
0.4139356
0.4089921
0.4127444
0.4080398
0.4205983
0.4304221
0.4089707
0.3977959
0.389742
0.4014093
0.4094876
0.421749
0.4421434
0.4604332
0.4821116
0.482411
0.470413
0.4715437
0.4608151
0.497665
0.511198
0.5298086
0.5262849
0.5436447
0.5670955
0.5802023
0.5834435
0.5849055
0.566455
0.5875618
0.5557012
0.5546902
0.5619359
0.5290048
0.5348885
0.5383791
0.5525572
0.5846434
0.6041672
0.5967995
0.6080825
0.6050153
0.6204755
0.619912
0.6387204
0.6664858
0.6301737
0.6186726
0.6093252
0.6172743
0.6026384
0.6108743
0.5781443
0.5596618
0.5541962
0.5509631
0.5235286
0.5442708
0.5580688
0.5672456
0.5976676
0.5643718
0.5582874
0.5336308
0.5007288
0.4919199
0.501126
0.5203436
0.527495
0.5056814
0.5094205
0.5232541
0.5179763
0.4877411
0.4936036
0.5225885
0.4841069
0.4938365
0.466813
0.4628326
0.4578228
0.4477306
0.4640935
0.4427123
0.4312187
0.4560908
0.4721921
0.454023
0.4484813
0.4846671
0.4916269
0.4679219
0.4790318
0.4877583
0.4963067
0.5179664
0.4761303
0.51568
0.5224032
0.4999151
0.4866783
0.4829542
0.4802874
0.503713
0.4959309
0.4791813
0.4833898
0.4926866
0.500879
0.5025338
0.5160401
0.5486551
0.5443462
0.510111
0.5160816
0.5032036
0.5207457
0.5295608
0.5417271
0.5851521
0.6109731
0.5765012
0.5635406
0.5617436
0.5521295
0.5487878
0.5376565
0.5338266
0.5337317
0.519223
0.5332812
0.5535903
0.5583865
0.5388577
0.522373
0.5477997
0.5604392
0.5494419
0.5249961
0.530964
0.5317168
0.5324798
0.5219303
0.533925
0.529069
0.5341367
0.5185866
0.5257785
0.5202252
0.5056125
0.4944755
0.5112296
0.499426
0.4897467
0.5059407
0.5239176
0.5352455
0.5586292
0.5411499
0.5434968
0.5402703
0.5281454
0.4832901
0.5048822
0.5213448
0.532209
0.5159625
0.4938213
0.4889398
0.4865009
0.4800131
0.5192165
0.519267
0.5021017
0.4842994
0.4893261
0.4865568
0.4994484
0.5179497
0.5496769
0.5504608
0.5326694
0.5303551
0.5242129
0.5267181
0.4928544
0.5119237
0.5259519
0.5351106
0.5330458
0.5397443
0.5355698
0.5012362
0.4994652
0.4800487
0.5219183
0.5245897
0.5407743
0.5176043
0.5200678
0.5183242
0.5329405
0.5325785
0.5429936
0.5312184
0.4994158
0.5115383
0.4868255
0.524023
0.5492203
0.5122906
0.4960646
0.4979008
0.5174054
0.5187612
0.531324
0.5337279
0.5296445
0.5225781
0.5155612
0.5165028
0.5045287
0.489729
0.4932538
0.4926997
0.4922382
0.5112263
0.511336
0.4959477
0.4950109
0.4896249
0.5033064
0.4992053
0.545094
0.5620148
0.550422
0.527177
0.5141764
0.5162688
0.518016
0.5164069
0.5311133
0.5183872
0.503368
0.5285098
0.525159
0.5590946
0.5383049
0.5550461
0.5580712
0.5654732
0.5883281
0.5990648
0.6577847
0.613413
0.622332
0.6014455
0.5891344
0.6099269
0.6292127
0.6245055
0.6048677
0.6265386
0.6262945
0.6673075
0.6605306
0.6924715
0.7288088
0.6834054
0.6858287
0.6651398
0.678894
0.6674425
0.668941
0.6440928
0.6232954
0.6519342
0.6176124
0.6173252
0.6037546
0.6288865
0.6182327
0.6265666
0.5732279
0.590789
0.6042349
0.5828102
0.5647154
0.6136971
0.6376178
0.6448671
0.6713685
0.6510577
0.6695603
0.7023395
0.695855
0.6621198
0.6666997
0.6354267
0.60973
0.6458029
0.6913794
0.7158934
0.7209707
0.7578975
0.7412463
0.7017715
0.6964933
0.671709
0.7076461
0.7255951
0.6838398
0.7067637
0.7508306
0.7621046
0.7448141
0.7447195
0.7195422
0.7196791
0.7279525
0.734624
0.7477027
0.7238099
0.7302244
0.7475389
0.7356068
0.7394601
0.7268423
0.7042595
0.6944856
0.6412446
0.6384262
0.5863928
0.584894
0.6010149
0.6281363
0.6321355
0.5951768
0.5927586
0.623494
0.6297608
0.6484353
0.6629107
0.6251797
0.6488147
0.6593087
0.68134
0.69166
0.6966966
0.7346208
0.708739
0.7351343
0.6910299
0.7036828
0.7293509
0.7287506
0.7533709
0.7432465
0.7328634
0.7740632
0.7974891
0.7991226
0.7770321
0.8077515
0.8180201
0.8124306
0.7767671
0.7432828
0.7812451
0.7808531
0.7867513
0.7574158
0.7908427
0.7841623
0.7751494
0.8282671
0.8034165
0.7931812
0.8230181
0.8351912
0.8376833
0.8152825
0.8119611
0.8083164
0.7906516
0.8058045
0.7915016
0.7832756
0.7628687
0.7267357
0.7116195
0.7455172
0.7436937
0.7611212
0.7583332
0.7651489
0.744361
0.7548082
0.7732994
0.7261934
0.7005603
0.6873445
0.6936845
0.6973523
0.6700174
0.6543771
0.5967982
0.604483
0.6202019
0.6055271
0.6299361
0.6315136
0.6234043
0.6682932
0.7051115
0.6735737
0.7140018
0.6960979
0.6815201
0.6735591
0.6748833
0.6659167
0.7226697
0.6952956
0.6431679
0.6594853
0.6770091
0.6668805
0.658788
0.6801436
0.6308659
0.6015097
0.5984022
0.5957774
0.554253
0.5717502
0.5645517
0.5866882
0.5628499
0.5724409
0.5758941
0.6052256
0.5896867
0.6151731
0.6134766
0.5908707
0.5581824
0.5374007
0.5728036
0.5547952
0.5220156
0.5441019
0.5791535
0.550756
0.5440631
0.5223794
0.5005009
0.5049992
0.5146744
0.5333044
0.5669595
0.5331415
0.5413273
0.5568304
0.5672252
0.5854636
0.5790678
0.5861559
0.5734083
0.5860119
0.582862
0.5670076
0.605938
0.6474457
0.6423928
0.6278433
0.64264
0.6461649
0.6602282
0.6784375
0.7027528
0.694277
0.6951017
0.6490198
0.666344
0.674379
0.6761987
0.6486259
0.6796775
0.7003978
0.6959527
0.6855488
0.6632932
0.670674
0.6755478
0.6876538
0.7068766
0.7377546
0.721055
0.6737312
0.6931794
0.6961134
0.6907806
0.6940997
0.679294
0.7232837
0.7270723
0.7148362
0.7673394
0.7560187
0.7580745
0.721528
0.7355417
0.6960837
0.688896
0.6525518
0.650542
0.6461203
0.623826
0.6560064
0.6682611
0.6969494
0.6591894
0.697247
0.6855832
0.6797491
0.6816304
0.7134378
0.7107929
0.683694
0.6599087
0.6551607
0.7089486
0.6641822
0.6558803
0.6780884
0.6611925
0.7147539
0.6967812
0.6667403
0.7175775
0.7093197
0.7050642
0.7284807
0.7649157
0.7175366
0.7510858
0.755922
0.7626152
0.776262
0.809393
0.8091449
0.7903475
0.7923667
0.7911737
0.7318292
0.7240931
0.67536
0.6693537
0.6846528
0.7090853
0.6863379
0.6697699
0.6737735
0.6765117
0.6670335
0.7021065
0.6894041
0.6540795
0.6699956
0.655168
0.6483219
0.6396898
0.6178325
0.6330571
0.6195243
0.6295396
0.6234516
0.6371843
0.5917136
0.6000209
0.5999126
0.598892
0.5831725
0.5960439
0.6143595
0.6047722
0.6150962
0.6029846
0.6052579
0.6403668
0.6115932
0.6408152
0.6249508
0.5968297
0.6026407
0.6381995
0.6230876
0.6108227
0.5980393
0.5769714
0.5907976
0.6218603
0.6376628
0.6459688
0.6683896
0.6789752
0.6608941
0.6901619
0.6987517
0.6706721
0.6575265
0.6630957
0.6823231
0.6823776
0.6620072
0.6912968
0.6750653
0.6724732
0.6788367
0.6700059
0.6877949
0.6688285
0.6604259
0.6225473
0.5999326
0.6088579
0.5693667
0.5947516
0.6132568
0.5973927
0.5980893
0.5880752
