probIn scale
0.01686142 9.009432
0.02689947 9.277051
0.04012705 10.03994
0.03769244 9.651865
0.02944846 10.02823
0.02904203 9.244591
0.03456994 10.75024
0.02925601 10.6612
0.02371949 11.1827
0.03587331 10.33418
0.02502266 11.68042
0.01493252 11.7757
0.02511188 11.12508
0.03349568 10.13013
0.02793733 10.53779
0.03783618 9.644598
0.02702715 9.351758
0.03085584 9.251722
0.02931201 10.17961
0.03016359 9.829835
0.01633735 9.026691
0.02521612 10.01793
0.0292569 10.92451
0.03478012 11.54396
0.02607697 10.52837
0.02552827 9.48628
0.04320832 9.674901
0.04080738 8.474713
0.02828494 9.258929
0.02462487 9.809133
0.01987661 10.82392
0.02542273 11.26596
0.02798076 10.8506
0.02903155 12.36223
0.03226248 11.454
0.02318265 12.25395
0.03308108 11.68004
0.04234838 11.18762
0.02880509 11.34479
0.03735928 10.14539
0.03958764 10.6565
0.03342389 10.00572
0.02797157 9.711463
0.02823518 9.717413
0.02500674 10.10362
0.03302333 9.174893
0.03211297 8.908334
0.03972843 9.099039
0.02528958 8.154226
0.02850378 7.931874
0.02568547 7.650008
0.04236669 8.711517
0.03934398 8.215487
0.03877386 8.920338
0.04359337 9.098386
0.03393511 9.121072
0.02322666 9.530626
0.02952927 9.711181
0.03874484 9.063547
0.02992098 9.326173
0.03287186 9.275716
0.04397687 8.053678
0.03815274 8.009578
0.05730642 6.834159
0.02647851 7.541451
0.03274538 7.607933
0.03694799 7.562703
0.03581322 7.542719
0.04562266 7.496176
0.03769651 7.484051
0.03356539 8.259268
0.0206791 8.426123
0.04017573 8.120892
0.03376889 8.570065
0.0408592 7.661962
0.02853724 8.256979
0.02685111 7.987211
0.03145211 8.384525
0.03952513 8.444476
0.03331701 9.384316
0.03337078 8.726509
0.0345589 8.502602
0.023667 8.311671
0.02627581 9.060505
0.02559637 9.245558
0.02199096 9.771051
0.02827588 8.455993
0.02927946 8.794939
0.03169364 9.5252
0.03205379 10.17886
0.0353689 9.771171
0.02967915 8.988486
0.02481602 8.994984
0.04007319 9.512322
0.04845318 8.972589
0.03502462 10.07505
0.01952457 9.66286
0.02147196 9.777497
0.02010284 8.861842
0.02848048 9.627402
0.02257236 9.48656
0.02480172 8.870772
0.0310788 8.589111
0.02230954 8.457565
0.02276784 9.236131
0.02555306 8.446922
0.03537052 8.686222
0.02690083 8.678357
0.02847791 7.406115
0.02460501 7.397123
0.02524063 6.800498
0.03448295 7.159149
0.02949967 6.550046
0.03049008 6.268627
0.03029854 6.158678
0.03625886 5.7697
0.04347778 5.192678
0.05727341 4.881036
0.03558815 5.751965
0.04062139 5.93406
0.05798846 5.430653
0.05848568 4.796076
0.04682414 4.864008
0.05295674 4.932242
0.05752981 4.358118
0.06534763 4.456319
0.0609458 4.172696
0.05863597 3.612189
0.0445862 4.085885
0.04377922 4.596912
0.05138441 4.508948
0.04009905 4.397806
0.04419425 4.566374
0.05436654 4.841826
0.04935173 4.767119
0.0518712 4.759082
0.03412031 5.045198
0.0282664 5.246466
0.03175452 5.697921
0.0451151 5.551964
0.03859047 5.764111
0.04606297 5.534335
0.03740598 5.681966
0.05190986 5.94372
0.04902896 5.210516
0.04057933 5.226884
0.04710516 5.124584
0.0566417 5.218831
0.04633334 5.974758
0.03915324 6.804743
0.05177077 6.9646
0.05012405 6.999345
0.02988782 6.438192
0.03733214 6.633108
0.0475118 7.583506
0.03668246 8.159856
0.03342567 8.486176
0.0244172 9.276036
0.03419684 9.207776
0.05030266 9.160148
0.04960165 8.925206
0.03810145 8.803567
0.04563178 9.237101
0.04184894 9.77727
0.05874292 9.613726
0.05026791 8.82965
0.04286857 9.36808
0.04273911 10.17051
0.03726286 10.71403
0.03439329 9.782773
0.04581446 10.1741
0.04768421 9.686461
0.0300196 9.792621
0.04789634 9.421061
0.03062935 8.998483
0.05659329 8.485678
0.03216482 8.337928
0.03961854 8.162688
0.04528584 8.082909
0.0641491 8.527423
0.03872901 8.291142
0.05925779 8.803113
0.05974398 9.124682
0.05216388 9.678944
0.05853149 10.28594
0.04274924 9.494164
0.04446549 9.091696
0.03872592 9.551653
0.04054082 9.563616
0.05112792 8.840312
0.04097089 8.790791
0.04585209 8.425125
0.03296352 7.891282
0.04662396 9.129446
0.04251898 9.33674
0.04939773 9.045038
0.04322527 8.501193
0.03303679 8.063165
0.03082457 8.096613
0.02997088 9.096291
0.03812232 9.005008
0.01618606 8.914952
0.02314729 8.257049
0.01532784 7.676409
0.02056999 7.010193
0.01402861 6.095425
0.02627269 6.204553
0.02456462 7.548272
0.03373732 7.58151
0.03285539 7.273435
0.02852707 7.227026
0.02953321 6.888086
0.0356481 7.083501
0.02323349 7.567991
0.03891143 8.471918
0.02875004 9.450695
0.03833514 8.631576
0.03493026 9.695077
0.03098814 10.05681
0.04568617 9.709971
0.02629555 8.952768
0.02491657 9.075389
0.03131066 9.383125
0.03256854 10.56093
0.04078426 11.59832
0.05059383 13.19964
0.03160345 13.64668
0.0324619 14.09521
0.0274897 13.04787
0.03312594 12.95141
0.03386202 12.15149
0.0231806 10.98143
0.02650455 11.67783
0.03184793 10.8451
0.02988519 10.43255
0.03694128 9.20981
0.03717435 9.890273
0.02815049 10.45883
0.02100086 11.43052
0.03210692 11.22283
0.03393989 10.82981
0.03375137 10.70585
0.03539499 9.896457
0.03051903 9.783668
0.04274464 10.24938
0.03445843 10.78256
0.03472403 11.63066
0.03482095 11.72536
0.04116863 11.02851
0.02970768 10.89664
0.03448704 11.18941
0.04564113 10.06167
0.0377479 9.816788
0.03786781 9.732431
0.03426894 10.16643
0.04007687 9.92819
0.02708874 9.784092
0.01962199 10.40689
0.03058595 10.71422
0.02709359 10.5951
0.03252061 10.49269
0.03800969 10.55523
0.05048356 10.24582
0.03586301 10.78847
0.04713979 10.83586
0.04048258 10.96073
0.04399459 11.18736
0.04696162 11.02742
0.03881883 11.53652
0.03764588 12.07089
0.02329708 11.67262
0.02633271 11.61515
0.02726859 11.59843
0.02653433 10.70334
0.01799625 10.44819
0.03815282 9.990702
0.02542848 9.076708
0.03221207 9.430387
0.02910853 9.917441
0.0342362 10.94181
0.05409289 10.04505
0.03867066 9.910762
0.05121785 8.915643
0.03494182 8.931385
0.03713808 8.33395
0.04167095 9.116427
0.05342053 8.759629
0.04490424 8.313469
0.04622645 8.455005
0.06605721 7.534801
0.04971596 7.295089
0.05452588 7.79779
0.0365609 7.105261
0.03790471 7.564903
0.05212778 7.060937
0.04085361 6.570032
0.04435701 6.005109
0.0462806 6.123472
0.02938444 6.999628
0.05045635 6.390743
0.04497183 6.335376
0.03154008 6.442672
0.04289987 6.815239
0.03831967 6.670902
0.0349933 7.251015
0.02849292 6.525884
0.03807724 6.154303
0.02554506 6.015818
0.04161348 5.849528
0.03572 5.817246
0.05418283 5.634999
0.05032978 5.856057
0.03336892 5.69068
0.04125186 5.578237
0.0620807 5.315224
0.05203206 5.407429
0.05547831 5.016693
0.05909956 5.169344
0.04653868 5.40958
0.02879014 5.283074
0.01635295 5.215062
0.0278832 5.338833
0.0399995 5.305017
0.03750873 5.827294
0.02701106 6.042221
0.02575327 6.105068
0.03075721 5.96233
0.05928618 6.548277
0.05258196 6.295295
0.02895096 7.053815
0.01923727 6.949429
0.03233142 6.961547
0.02285299 6.50013
0.026337 6.508006
0.0299462 6.365165
0.03445895 6.686568
0.0235749 6.484189
0.03213656 6.19132
0.02687712 6.134719
0.04128025 6.095732
0.03635803 6.635621
0.04207069 6.280986
0.03751131 6.654408
0.04214476 7.257461
0.0323122 7.849801
0.03357101 8.241414
0.04219076 7.746702
0.04492968 6.324277
0.05355471 5.813653
0.06224484 6.269237
0.05124169 5.948675
0.03074292 5.366883
0.03422688 4.850125
0.03124092 4.809567
0.04177757 4.374769
0.0727906 4.14458
0.09460144 3.902739
0.0599511 4.290539
0.05375962 3.920203
0.07863215 3.727618
0.06696248 3.927946
0.05919923 4.016393
0.04787626 3.683424
0.03075605 3.943222
0.05781984 3.627504
0.05192947 3.824086
0.05779364 3.670506
0.04714831 3.661912
0.07249547 4.113456
0.04884208 3.956215
0.04884863 3.20003
0.03977668 3.118465
0.06122112 3.491323
0.06860694 3.334942
0.09283253 3.073695
0.09129696 2.979364
0.07966934 2.579926
0.07885619 2.71844
0.06780488 2.60589
0.0372081 2.787426
0.08390184 2.936775
0.06828337 2.78708
0.06569963 2.943635
0.1071 2.951929
0.0846922 3.342559
0.08533755 3.002853
0.06922929 2.854099
0.07333411 2.762356
0.03139636 2.897898
0.05158095 2.746971
0.05694395 2.853428
0.06623906 2.83363
0.08055261 2.816234
0.05861335 2.854709
0.06941793 3.002235
0.06642664 3.04461
0.05989131 2.886284
0.1112161 2.822287
0.1124358 2.792469
0.09122894 2.973685
0.0668874 3.088639
0.08229652 3.24353
0.08034268 3.272778
0.07708805 2.962999
0.07665719 3.131279
0.0965276 3.245334
0.0821408 3.149785
0.07690038 3.434024
0.06084194 3.336499
0.08869788 3.153677
0.08837239 3.33524
0.1032757 2.941271
0.1022076 2.815286
0.1047052 2.617899
0.1093365 2.367318
0.1478085 2.354049
0.1217413 2.33577
0.141863 2.241843
0.09072228 2.257129
0.07226059 2.293146
0.08633673 2.501755
0.1055224 2.48124
0.1245786 2.40729
0.1019408 2.009567
0.1054903 1.9282
0.09902722 1.913443
0.1010027 1.98393
0.1362223 1.856009
0.1143415 1.993475
0.1347404 1.947334
0.1223964 1.996315
0.1400791 1.852215
0.1419054 1.853257
0.1409976 1.858367
0.1286931 1.972753
0.09996712 2.047059
0.1102561 2.095933
0.1050891 2.198178
0.1130996 2.232506
0.1411998 2.176755
0.1208178 2.017629
0.09296036 2.189363
0.09098648 2.19309
0.09456483 2.306716
0.08361912 2.283269
0.09419201 2.134826
0.08162179 2.27038
0.09110776 2.392137
0.07917577 2.379116
0.1004075 2.309938
0.08203365 2.602308
0.1091026 2.85886
0.08406197 2.463679
0.07216326 2.529861
0.10085 2.442968
0.1083937 2.660494
0.0991545 3.020164
0.1027288 3.409373
0.1217881 3.566094
0.09764931 3.65624
0.09245529 3.756509
0.08380765 3.960703
0.09936288 4.204879
0.1012284 4.302907
0.07240459 4.312047
0.1007463 4.189551
0.07460549 4.345449
0.054032 4.455671
0.04973806 4.534509
0.05663971 4.73542
0.06310978 5.02831
0.06937936 5.422444
0.04897688 6.003474
0.06124392 6.231874
0.04606293 6.129237
0.03920272 6.199632
0.04033882 5.970672
0.04619005 5.870618
0.06815097 5.91579
0.0562992 5.427169
0.06938146 5.829908
0.04773156 5.841518
0.04059048 5.598866
0.03888561 5.516842
0.05400219 5.648986
0.07403974 5.410174
0.0646514 5.855926
0.08019629 5.441027
0.06661102 5.275742
0.07596446 4.864661
0.06861383 5.304301
0.05694791 5.53277
0.06066647 4.969453
0.08133528 5.141726
0.06971397 4.679162
0.06852052 4.999374
0.05488289 4.47532
0.05145427 4.48795
0.02844048 4.345084
0.04401755 4.174963
