35.94643
60.60598
64.45952
79.55857
97.86364
83.20131
84.14098
79.17866
85.22182
110.4856
91.50688
82.05507
67.73989
59.86848
52.15956
51.86279
81.64588
64.55415
74.18718
65.38261
81.77695
72.7556
75.7749
94.97728
142.7684
125.4954
92.60219
86.14935
73.56648
72.73792
63.09076
72.72573
62.59012
83.90762
56.04902
64.77041
80.40001
77.26054
70.95748
69.34112
61.11399
57.16168
53.03241
49.9414
65.2161
80.8455
67.28694
93.40989
88.92681
66.04076
77.7219
61.82583
99.13904
111.1852
125.7219
120.3035
109.4643
72.09511
109.6178
99.76554
92.00635
76.61229
76.15136
60.76272
82.51003
84.60341
67.30245
92.04411
80.35869
61.27109
55.63179
59.7025
75.59086
59.61803
85.15968
101.2801
107.9219
98.40571
91.22866
79.64502
86.62375
94.73862
96.96387
87.27655
90.63666
115.3195
88.83699
70.78557
107.6114
93.89085
85.83688
91.71287
84.30697
86.92308
60.49309
95.56253
92.72128
117.6818
101.0905
114.3989
104.6
133.9215
88.75641
57.48068
89.57192
83.57368
75.43633
71.91089
82.60965
98.06337
76.90793
77.55941
75.94593
75.73023
80.85577
71.23848
92.81761
105.8463
98.94718
129.2949
100.1231
104.5067
69.38155
75.41581
70.65542
60.64778
71.21331
89.78362
80.57683
84.82914
117.4414
81.3482
78.77587
67.41913
65.33743
53.39372
47.66893
80.4846
70.99777
65.17386
54.16364
64.32295
71.53355
69.57342
65.71882
67.26502
74.03267
62.16051
67.20398
65.48649
67.56277
59.13484
67.90338
51.83821
73.97804
88.23976
99.99371
65.06724
73.95242
61.07948
59.78667
49.92024
50.49524
35.55103
55.11684
59.05082
55.15727
41.81783
59.95132
66.37205
70.86631
89.22321
66.14984
67.49466
74.33447
66.49181
70.8209
75.84793
56.67921
61.49467
75.18577
66.69816
69.65905
86.01532
79.1243
71.61719
60.27514
46.49624
42.41232
44.70898
46.96666
38.80306
52.80285
68.92666
76.25339
59.51058
66.10471
75.11191
85.47663
72.74877
78.33111
56.40853
67.23989
54.25336
53.57404
98.5683
69.41765
70.48989
59.70857
66.16748
67.52061
76.00404
75.00249
62.47334
50.67952
57.85869
69.28535
70.87315
65.54176
62.40764
64.67572
72.3223
71.97387
65.42227
79.62109
101.01
86.92174
88.09873
99.19641
62.33001
52.25425
42.44229
56.22642
47.59003
49.07358
38.74562
40.89672
56.8727
61.69128
57.88007
47.68465
44.10654
48.78592
44.56013
42.16441
42.07589
43.26152
41.90893
58.25845
51.01078
58.7873
83.41235
75.45104
58.19251
72.90068
79.15397
81.0222
60.82941
49.29012
54.52433
52.67807
64.94052
60.46578
87.74495
86.78559
76.66553
47.87991
60.18131
72.62198
69.28842
58.42049
71.40899
79.3943
70.39883
65.96198
54.76416
64.4885
72.70767
63.00558
53.17393
70.27901
77.32307
82.56941
62.88888
42.77172
70.42303
88.23356
66.72718
64.4965
69.0935
60.77163
59.41469
49.7374
50.64485
40.36212
34.52428
37.44003
53.61823
49.6932
46.27205
52.63552
65.23944
68.64652
60.99352
47.72627
53.802
57.23332
44.51517
52.48728
64.61556
63.55043
65.82707
69.24824
67.56692
52.47904
60.17935
81.88398
81.25139
96.68572
93.89501
88.35324
101.7737
87.00528
83.88931
81.98593
53.87991
77.78136
77.08178
75.58545
70.41443
63.45928
56.92558
52.4122
56.13444
51.04767
64.62189
61.94413
62.11583
53.03545
50.30061
54.52955
70.39174
67.22818
76.3217
90.1271
90.04997
88.81366
75.61777
57.97225
53.18979
59.67517
66.32075
76.89247
66.83821
64.2812
79.59453
87.00657
74.56932
69.5481
78.92011
55.48479
50.79791
47.15976
43.12601
36.34324
43.92255
60.04522
55.14979
74.83501
78.16939
61.66201
44.63942
49.38931
38.44103
41.55338
51.03266
69.91537
89.49648
92.18052
90.70259
98.29394
82.85968
82.61787
91.82043
98.46403
90.84481
102.6195
65.91853
49.34601
54.60006
64.0038
56.3555
56.10461
73.47844
97.50576
101.5758
110.89
93.92482
93.6785
82.60157
128.9912
111.4234
113.2458
108.6651
92.24757
79.41183
79.56247
75.85508
100.511
77.00588
87.61462
95.05285
90.83401
67.87789
84.86135
74.48671
67.36997
57.58993
84.85304
74.03469
93.12779
72.97005
61.13525
53.72577
50.71795
52.4549
64.10098
78.89279
66.65411
74.05925
81.09833
86.99802
90.67209
72.23718
83.25684
72.07045
63.0815
61.88844
54.43419
72.21789
80.99054
87.24174
93.38362
86.32567
73.51064
57.99417
55.99919
59.25306
73.18869
84.53374
65.27058
59.39212
57.3135
75.02341
76.8124
74.70477
59.68061
60.12099
70.1497
71.76579
61.47328
80.04278
102.3615
73.90786
76.10858
83.60145
102.7187
82.32349
62.36381
44.60179
35.45565
53.45307
53.69982
45.79895
47.45814
52.17455
55.8219
56.86658
68.56564
51.28952
66.21144
91.05731
88.58504
76.95676
91.21592
68.39226
75.86304
70.9325
80.88057
100.8615
111.5267
84.78704
64.97921
58.69066
79.94726
94.95833
92.68507
84.62806
78.72762
97.92715
87.96899
65.68079
70.66144
60.64429
61.91735
62.58893
74.95355
69.02915
72.00669
68.49411
64.22294
50.68366
65.4008
59.54271
42.84726
36.41576
38.22272
56.15199
38.80092
42.02816
28.54449
40.9236
39.10301
35.11095
38.02389
37.23708
55.54632
68.0846
75.7862
71.8916
62.09004
63.33347
54.55435
61.51819
73.15634
87.08134
63.71506
65.87265
47.81122
59.11216
54.44264
56.094
58.55179
43.04877
34.02203
39.02362
46.47724
50.49464
61.24499
68.97988
63.70106
58.48987
54.00265
50.50576
61.91137
52.59925
38.8768
50.92972
47.24547
52.02362
61.25156
72.20645
83.72559
84.77485
75.6538
67.71893
65.67706
62.53499
84.01493
82.16857
85.16228
73.71645
76.68533
85.8914
85.95723
82.48456
52.75507
61.71837
55.2067
45.68582
54.59069
73.59344
89.71841
60.41468
60.04119
64.89604
51.26136
64.47057
72.93205
89.49754
103.2395
72.12546
67.14258
42.33637
47.51522
61.32107
51.50435
43.43275
48.73838
51.29351
52.01758
57.06506
55.53796
79.23618
65.16794
85.03796
82.1149
95.2312
86.11939
100.1449
87.93704
82.8355
67.54936
67.71345
66.32789
44.91323
36.75436
34.73299
33.9849
46.61647
65.89883
83.47948
63.96263
86.09053
73.10026
92.29692
101.4268
90.50093
102.5305
86.22302
107.0153
119.0427
97.7762
81.38442
77.59642
51.47915
60.86949
73.20259
68.52329
82.19776
109.9326
91.58417
91.27292
104.3305
80.27003
64.79928
81.3502
69.38248
61.44196
56.31372
58.32357
50.25693
53.25218
44.00264
66.09942
69.05631
77.4733
69.6655
62.9664
65.12023
54.51358
54.18024
66.21964
71.48219
57.48686
47.30001
39.96204
47.96115
66.02523
69.36348
67.74122
73.01218
92.98229
77.73082
80.04407
84.16552
75.05208
93.65774
75.39328
69.75095
62.65809
86.83505
103.8567
98.42706
84.30338
65.44098
65.09466
52.25821
84.35253
76.7534
62.05336
81.20516
69.42433
72.32781
73.6817
87.39231
87.996
101.3616
85.91791
51.6471
59.91777
50.89659
58.00785
49.89519
74.00701
74.352
77.03901
65.6461
68.91799
58.12
59.01433
86.75993
85.26898
67.61109
55.70364
53.25557
57.62941
63.06736
67.32984
62.12276
67.55173
83.41991
84.82839
80.8562
68.08767
75.39882
48.09405
41.70603
65.90976
77.95993
90.09752
93.92176
84.24507
87.3004
74.87433
68.64243
83.82599
73.15623
79.00404
64.42432
52.83577
49.94453
60.95655
94.27554
67.18455
62.35157
54.25966
61.12488
54.37591
58.50571
53.87459
32.58386
33.01188
46.85012
66.36941
59.96917
66.72836
77.4574
79.34126
85.53175
79.06881
78.35171
77.24681
106.8056
91.47174
81.17511
73.53173
62.45776
78.61866
88.95136
78.93096
65.85452
69.6243
76.97759
89.868
73.79029
70.88873
72.57646
67.65418
79.32862
96.4001
88.37565
103.0882
75.21164
70.87582
62.17481
81.88058
93.42498
74.26839
72.80114
90.7161
106.2039
100.0489
83.90963
100.3201
97.87212
78.15359
79.70488
88.63871
73.64994
61.52876
48.97471
68.55946
67.02275
63.3556
52.5421
57.21879
80.08471
70.00311
61.87338
68.93929
78.16132
72.37801
93.43574
88.40699
63.57561
59.97744
72.09245
63.89812
71.29478
55.45395
54.60537
90.09193
91.99645
102.3679
73.41095
65.61369
53.26012
46.89809
49.86575
51.2665
46.15132
48.19673
58.86555
57.0661
60.32899
52.22282
62.6048
76.17739
86.40599
67.2423
85.40185
71.51418
64.04569
64.90375
91.05654
77.73546
80.16736
64.05818
74.23155
47.7376
57.40349
62.91581
51.75877
76.93419
65.90308
93.23903
95.14915
74.56801
84.89976
70.16515
64.78425
60.35264
50.45606
42.91425
43.9538
45.63631
38.88411
49.95368
67.85761
65.73189
85.40317
90.25618
66.81828
80.69166
107.4197
94.22963
89.65252
81.89882
59.36028
53.07937
72.61435
53.71871
47.19408
39.14949
38.69398
62.53726
55.70165
49.89752
70.32817
78.04019
79.36409
73.79869
80.32483
97.54274
98.61432
109.0177
85.66489
104.1643
76.70391
99.52493
83.41174
65.07556
88.20434
68.55921
58.72058
63.00985
73.82014
62.68232
75.28934
80.28415
78.19615
64.28675
52.11976
61.84479
67.53435
58.49229
45.89252
38.90518
53.17052
69.59718
63.91451
63.74235
60.30215
109.6489
111.1823
86.28979
83.36747
119.2644
108.178
87.92445
87.64165
99.0781
90.46738
59.94671
60.32338
78.10375
68.14732
73.19403
63.04875
84.78396
73.09612
80.64059
47.52274
49.65801
63.8493
63.67033
68.53741
68.98808
59.03522
49.43235
46.64216
39.18795
46.572
50.91608
48.23666
50.23314
48.7751
56.78174
62.69059
58.15476
67.4968
70.82595
55.27199
60.56263
60.70221
53.05601
60.16012
69.42804
67.62678
68.32771
54.5305
45.8535
50.13998
66.48475
68.4067
65.54899
83.5454
71.04057
70.79596
47.55907
62.53134
59.96499
64.79667
76.77485
82.60467
86.22654
96.67645
100.6701
89.49513
88.46809
101.9283
62.82348
65.6252
56.78082
61.20134
64.97758
66.63376
77.41265
62.86255
