31.7086
31.59673
32.24589
33.88559
34.81545
34.1507
36.66736
36.93311
38.27303
39.2179
39.27732
39.88591
41.49191
43.37231
43.17564
41.11794
41.26002
42.90024
40.91731
39.71322
41.38409
40.58633
41.57571
42.4814
43.18318
44.44876
45.49164
46.24496
45.15913
46.68233
45.86124
46.90175
48.37404
47.26911
48.64976
48.18404
49.05624
49.7047
48.97947
48.87774
48.9203
48.97085
49.96845
51.33256
49.53575
49.97167
51.24226
50.6162
49.20272
49.38333
49.62425
53.01261
52.06794
52.14195
50.63521
50.07005
48.44306
50.61023
53.16316
53.41802
55.69196
54.41446
54.81562
58.35177
59.0128
57.85049
62.86849
61.48495
61.47378
62.3024
64.56983
64.04354
61.84526
61.63808
60.66318
61.34816
60.99086
61.45719
60.95925
61.96224
59.38178
58.87115
56.47939
59.39614
58.90836
62.29706
64.30835
65.88103
63.19425
63.74782
61.92536
61.99783
62.8834
60.86296
60.96427
60.53988
59.49289
60.7484
62.2957
67.93261
64.13736
65.84363
65.93496
68.10813
68.45927
67.77192
67.71537
69.02941
70.41983
69.75645
69.74505
71.69836
73.45705
76.24223
72.89808
71.95429
72.26975
71.75953
70.73292
71.36444
72.68237
72.37272
71.09831
68.89101
67.71413
69.26715
70.76156
72.61935
71.67258
71.22049
71.58569
70.0284
71.63917
75.65751
76.88808
76.09805
72.72497
76.81944
76.13695
74.78476
73.65394
73.75788
74.03612
73.28627
74.059
71.84034
73.29429
71.44806
68.00366
67.5196
69.13608
65.79807
68.93007
67.8544
67.07221
67.71782
67.57713
66.37993
67.26477
66.25159
66.88521
73.13228
71.53623
72.51762
68.5884
69.48132
70.71854
68.49217
67.95797
67.22083
69.09958
69.07884
70.80572
70.83298
70.91181
70.71214
71.50716
68.01988
68.5138
66.36204
64.03791
64.58575
61.51506
65.57031
65.70004
66.06824
65.68553
65.3383
65.59941
66.32322
64.91527
63.60053
62.50477
63.3455
65.42321
65.99385
65.99505
66.34442
66.66896
65.51755
62.47067
62.66946
61.44727
61.39944
61.07271
59.87575
62.42216
61.95016
61.15987
61.48347
59.65636
59.06882
58.07426
56.55425
60.0577
59.90053
62.40394
61.28058
59.79508
59.46566
57.60087
58.23779
57.64106
57.31736
59.13632
58.85224
57.96924
59.9004
58.49879
57.06088
54.60604
54.52305
53.19417
52.62235
50.50558
49.98214
52.08365
54.22927
52.9045
50.98544
50.83495
49.98066
51.62751
52.56651
53.02641
50.98422
52.93485
53.97051
55.47178
56.62435
58.82501
57.15854
60.80485
61.51892
61.47008
60.68163
60.5434
62.20563
62.39348
59.07218
57.99345
58.70914
61.82184
60.58322
59.23529
58.83155
57.99323
57.32629
57.78971
60.03793
56.94416
55.85074
57.61414
57.0065
57.92777
59.06149
58.72685
56.39648
57.73298
57.93433
57.69918
59.52246
58.58578
57.03628
57.80185
59.31867
58.77817
57.8368
56.90718
55.34876
54.93947
53.83193
53.98214
55.55573
55.62607
54.37368
54.36005
57.32451
57.35795
55.14758
57.58556
59.25373
59.26572
58.36148
57.81867
53.83723
56.05372
54.20886
53.79071
55.42651
54.67869
54.40653
55.29191
54.57085
53.88182
55.47246
53.33393
53.54776
55.47967
57.53908
56.82633
54.14595
53.28038
53.52136
54.10583
52.70841
52.99267
55.7389
54.30344
53.25327
51.42703
50.96563
51.8752
54.51183
56.49434
55.75485
53.9825
53.80697
55.54842
58.52688
56.7109
56.92835
56.04048
54.1145
53.95636
54.39557
54.65293
55.06719
56.22256
56.35171
57.49575
57.77917
57.96421
54.16409
52.33926
53.21661
51.81414
51.60637
53.37503
55.36502
55.45591
56.1816
57.45953
55.01806
59.15746
58.41165
59.20574
56.4949
57.18934
57.81901
59.19388
59.16922
58.10992
62.1305
58.68291
61.78379
61.83069
59.67405
57.01076
56.11136
56.67377
56.89654
56.59357
56.15161
57.46138
56.40004
55.12971
55.13784
52.89763
53.04542
53.85374
52.88693
50.39479
51.50988
53.36344
52.84222
53.13702
54.71005
55.49635
57.32996
56.53326
56.81265
57.20892
57.3993
58.05726
60.07932
57.93956
58.9125
58.25273
58.41882
57.15109
57.67596
57.99255
56.00572
57.26079
57.07035
56.88561
57.38914
57.87603
58.78824
58.33949
54.92385
55.21582
55.84349
56.43839
54.62602
54.92624
57.05725
56.53649
56.12237
54.77765
52.25436
51.20847
55.0032
57.83174
57.13791
53.47174
53.73385
53.80895
55.22272
55.09963
56.51445
56.23867
56.36312
58.1102
57.67591
57.33755
58.47933
60.20034
62.276
60.87721
60.42702
59.02493
59.41486
58.18337
58.61102
57.94206
56.95792
57.57228
55.0973
57.25734
56.71755
59.59477
58.90341
56.11338
55.73997
52.68547
51.63352
52.71407
51.83817
54.67211
54.00368
54.1887
53.67636
52.99191
49.98125
48.95446
51.10024
49.86658
49.6982
49.40551
49.43231
48.09582
48.62243
47.74357
48.54066
47.88417
46.94904
46.55867
46.37014
47.99995
48.37273
51.04233
49.10339
49.80294
46.8657
46.02642
46.75086
43.53431
44.45443
44.74616
44.56686
46.94757
48.50112
47.86892
45.50142
45.58891
47.60676
48.71461
49.64379
48.40618
46.50167
44.66633
45.56285
44.70583
42.98352
43.96621
45.80851
45.19901
44.04326
44.58092
43.97315
44.50958
45.12458
48.11434
50.5086
52.66003
50.61437
50.14374
51.11118
49.56339
48.41046
48.66919
49.2293
48.78096
49.04829
48.48261
51.07195
49.5332
50.0359
51.48966
51.88151
50.43328
53.4065
55.10947
55.47501
55.5543
57.64419
59.30037
59.34178
56.89975
60.63453
58.75298
59.05209
60.74754
57.27772
55.81053
54.13973
53.216
53.54248
53.76041
54.4575
55.18687
54.66017
56.38466
57.49326
58.13519
61.71061
62.88773
60.06057
62.99768
65.02242
66.25631
67.6758
65.85692
64.42948
66.31382
66.66895
72.26112
72.15312
71.13409
67.42531
66.21
66.22497
65.17803
66.08609
66.16595
66.38989
65.47041
66.40763
66.50516
63.04357
62.57951
60.75199
58.9337
58.64172
58.20213
60.56593
59.70946
59.30927
59.74495
63.06553
63.39258
66.53347
65.71517
66.58112
66.10144
66.23591
67.12319
67.04746
66.92631
66.94985
70.34889
68.18047
68.61214
67.67047
69.50756
69.97021
70.735
70.02173
69.83299
70.02195
69.51472
69.95733
69.81768
67.74866
67.86924
67.41455
67.28008
65.7518
64.8607
65.66024
69.57624
69.76021
67.85581
66.25571
62.89962
61.72446
58.75663
58.39051
59.73196
59.01121
59.2257
60.76434
62.16129
61.16307
60.87719
62.18124
60.74832
59.14222
58.64839
57.50141
57.406
58.597
58.3321
57.59402
59.09989
60.77832
62.18077
59.79933
59.69041
58.9026
59.79417
58.87984
59.29481
57.49615
57.63977
59.8302
57.75523
57.84833
58.01098
57.62928
55.43407
55.64868
53.91988
53.94347
57.81938
58.18229
58.01104
55.65799
59.43063
56.07868
58.1303
57.53273
56.31521
59.33397
56.90291
56.07304
56.92274
54.45168
56.06299
56.66693
56.11946
56.62122
56.98235
54.57686
54.25061
53.89697
55.10713
54.88738
53.00621
53.19424
53.76261
51.62095
52.88088
52.53985
56.12642
53.95855
55.46984
55.28212
55.62604
57.3084
56.12912
52.53406
54.08149
53.25202
53.68215
53.71417
52.84326
51.57004
53.8649
50.4574
51.30062
50.98404
50.90582
50.29646
51.05014
51.70973
50.99953
50.67889
51.15382
50.50019
52.55925
53.73877
53.94833
56.83767
55.90445
56.43968
56.75602
56.35282
53.35666
53.35062
53.91507
53.66031
52.81657
52.46936
53.44865
53.40256
55.38337
53.50908
58.35558
55.83095
58.06435
56.21462
55.88424
56.49483
56.78428
55.94905
56.63573
57.22765
59.45566
57.9407
62.14966
62.74755
63.50636
63.78934
61.78393
61.58979
62.30531
61.37355
59.56387
56.86483
58.07994
56.65214
58.01786
58.08726
59.79472
61.04433
60.26913
59.89603
60.76146
58.25583
58.22918
61.9832
63.02705
66.29631
68.45376
72.19571
74.01477
73.62093
77.19897
78.36518
75.43967
79.35705
75.75985
75.90842
75.36618
74.39742
75.4736
74.06405
76.35808
76.12127
74.75391
75.48437
75.66927
75.79461
77.09464
78.69745
75.65098
77.3777
75.5981
75.68795
72.53706
72.62175
70.51953
74.79757
77.56323
75.55036
79.99935
79.71792
78.02588
75.19003
72.79471
72.36585
70.73857
72.25611
73.91687
72.41573
74.81112
71.45721
71.59545
70.04989
67.31951
66.36581
67.58736
65.64966
63.93337
63.62647
63.10251
63.87867
63.09119
62.20664
62.11824
62.8946
60.60895
61.13513
62.14761
61.86937
60.88676
62.99872
61.42839
58.7624
60.60428
61.25422
63.6296
59.6763
57.40543
58.94095
57.83919
55.10428
54.49748
53.20486
52.9795
52.99914
51.82772
52.25362
52.1801
53.69032
52.05552
52.6967
53.98271
54.51482
55.9726
58.69835
56.59525
53.21163
56.19169
55.97465
54.22451
54.14453
55.23289
54.80929
54.21382
55.13051
56.35873
56.36207
57.34578
55.39293
55.16363
54.67751
54.95895
52.87699
52.55471
53.27511
53.87903
55.45788
56.13969
56.80488
54.95105
55.39461
57.35742
55.97612
56.86789
55.74431
56.80949
57.06068
56.13786
55.58622
60.15022
60.10525
59.15324
60.42622
61.53758
59.84053
62.63157
65.10731
63.62837
61.27227
60.46172
60.4259
58.28666
56.10322
52.77555
51.84349
54.14163
56.62237
57.39699
56.60665
55.69437
54.65927
55.58702
56.25236
57.54392
54.5789
55.52402
60.32683
61.13799
58.31228
57.34487
61.24035
63.19687
62.55049
59.35814
60.24179
58.89478
60.91008
59.18247
59.25475
58.25217
58.52839
57.36576
57.88108
58.32379
58.7471
60.13405
60.1516
59.24396
61.28433
61.05359
60.34911
63.66356
63.79923
64.58482
63.30072
62.99035
63.01611
61.85756
63.56636
62.12245
60.71075
59.14813
57.65505
56.86155
58.41235
55.81732
56.79185
55.16673
55.05501
57.44095
57.62643
57.87369
60.44183
62.18736
63.24046
62.78976
61.33635
62.31252
62.82123
60.96506
59.79755
58.52928
58.09242
57.85674
56.77667
55.75044
55.87088
52.45039
52.97241
55.54033
54.37809
54.96686
53.7498
53.68723
54.4517
56.63429
54.21965
57.49873
55.01678
56.5466
55.30843
57.67479
57.06671
57.05044
58.00502
56.36022
54.29806
55.36796
55.50385
53.13766
52.52641
53.46501
52.1535
51.63706
53.94003
54.60932
57.00199
58.87866
57.65393
56.03276
56.64916
57.07981
59.24841
56.79825
58.40499
57.94306
57.88177
57.29076
53.56772
55.62074
53.64146
54.23208
55.03925
53.94752
54.18697
56.06212
53.99435
54.7271
56.0176
56.19725
56.08013
55.42531
55.41715
52.87012
51.85831
51.86357
52.42164
52.37994
50.47312
51.23215
50.7401
50.24113
48.05062
48.61466
46.46134
48.33612
46.73243
47.64923
48.95688
48.41165
48.29184
48.16229
47.67428
47.69344
46.63174
46.22052
46.47607
45.01831
44.4491
44.98182
44.381
44.24722
45.70578
45.99287
44.6398
42.1935
41.86225
43.71317
42.36521
43.37358
44.20125
45.75449
45.09538
44.47703
44.55769
45.55861
45.14535
44.0864
45.90849
46.32032
46.23275
47.04011
48.11501
47.77922
47.1526
47.12193
45.80632
46.13428
48.32972
46.24853
45.34167
43.98643
45.79419
43.62897
45.17253
45.09338
45.98339
46.38697
49.35124
50.72181
50.52078
50.60028
48.91735
48.35159
47.38201
47.68086
45.90958
46.65731
45.32412
43.86291
43.64773
43.9772
42.65445
42.46692
42.1259
43.7863
42.94654
42.17531
41.65479
41.14835
40.03121
40.8111
41.59887
41.33447
40.83134
41.46954
42.34908
41.25876
42.51748
43.96487
43.34703
41.13973
42.40428
39.96499
40.30862
40.91629
43.47759
43.43541
43.40763
43.79207
43.92716
42.09256
43.52319
42.25733
40.37396
39.91654
40.77092
42.40817
44.18752
43.65738
42.90623
43.79705
43.9907
41.92056
41.14844
41.33001
42.30721
43.09861
43.44228
44.13538
44.05051
43.99801
44.34092
45.76563
46.75485
46.7295
44.56166
42.80235
44.19523
44.55681
45.28515
43.77276
44.10876
44.49177
45.4595
46.06501
45.15819
45.50903
45.42098
44.25372
44.32629
44.08485
44.13082
44.10081
44.08333
42.62476
42.21786
42.25295
42.20923
41.5162
42.84812
42.08734
41.18163
41.84845
42.13368
42.29072
42.7019
43.66442
40.83234
41.33135
41.30296
41.55597
39.88671
38.91007
40.45211
40.19501
39.60306
38.54242
37.60639
37.98345
39.38516
40.46239
43.55349
40.60094
40.25015
40.46935
41.36056
42.11112
42.40501
41.06937
41.40301
42.45229
43.09569
43.78543
43.00274
40.36781
40.17782
39.80244
40.9073
39.41579
39.4287
38.5225
39.67394
41.10661
41.46216
40.42168
41.38088
40.92211
42.12347
41.74536
42.00217
42.8974
43.31046
45.03911
44.70921
45.88852
45.22389
46.91126
48.83932
47.43913
47.41785
47.68891
47.73211
47.82836
47.17101
49.015
47.35318
47.54783
47.51163
46.34688
47.50166
48.90856
47.24129
46.87028
48.46228
48.79154
48.12943
49.15967
48.33509
48.54051
50.46161
51.03246
52.63953
52.67549
54.04563
54.46756
53.09649
54.57318
51.603
52.1086
52.98311
55.5488
53.44115
56.09252
54.58346
54.63815
54.57449
54.41992
53.52224
52.51967
53.31451
53.0354
52.47667
53.60689
55.80203
56.68375
57.28361
58.78288
59.59701
58.47385
59.02636
57.10681
57.48038
60.08901
58.96078
56.96359
56.57587
55.16964
53.36491
55.15858
56.62452
53.67651
53.27376
53.84067
54.52823
53.29302
54.2885
53.5539
54.06686
54.07933
53.81815
54.21978
53.21723
56.04733
54.55174
53.68793
50.67495
52.65072
53.08497
52.50039
52.89806
55.25965
53.84326
54.61017
54.46456
53.80528
55.0374
56.29488
59.3672
58.82659
58.98796
59.62345
60.67766
59.49009
57.71127
57.13872
57.91489
57.63516
58.88441
59.63767
60.6162
62.1528
62.09451
60.02235
59.2912
59.25601
58.23251
57.97099
59.49508
57.09001
59.16713
60.2066
61.19905
60.36349
59.20928
60.44298
60.22712
60.7198
59.33157
59.25724
59.64107
61.06845
64.71334
64.58418
65.45721
65.20255
65.80216
64.46142
63.18859
64.06064
62.81062
61.10595
60.39381
60.38109
59.34775
59.38862
59.49216
58.27454
56.67444
58.22472
57.25557
62.66701
64.02979
61.9353
60.42651
62.40991
61.65587
61.61088
62.19345
61.22459
60.95883
63.78272
63.59522
64.89735
63.50387
61.68491
58.95087
58.52993
58.48753
57.00037
55.47198
56.50976
58.80667
59.31232
59.4398
59.45494
56.31748
54.82809
54.95498
55.8455
53.53284
54.10029
52.77347
52.89094
50.59007
50.29806
51.95624
51.58693
52.39388
53.92982
54.87134
53.93572
52.79822
51.70805
53.94853
54.87417
56.03228
54.56612
55.4138
56.60014
57.62804
56.25104
55.08187
57.06015
55.43515
52.89291
53.56932
53.82818
56.72276
58.29601
58.05817
56.83962
56.76329
56.82256
56.56937
56.27907
54.93906
54.70958
52.1965
52.11558
54.51157
54.79437
55.01424
54.82075
56.85975
56.74834
53.96308
55.9948
57.02248
55.18887
53.80953
50.91623
52.05014
52.9272
54.99663
55.5373
53.6201
52.79761
50.06627
51.84556
53.50278
52.67353
51.97966
50.69441
51.64064
52.23223
51.84355
53.10999
54.22319
51.03667
51.57317
53.52549
52.82548
54.53085
56.89153
55.17585
58.53795
58.0677
57.30633
57.87467
59.031
58.53181
57.7375
56.79218
56.41136
58.2666
57.73251
56.29901
55.04802
53.58926
54.90933
55.05206
57.01203
57.61113
59.54028
60.23326
59.61827
56.11958
55.77252
56.85056
57.29219
56.16539
56.05053
58.04157
58.43049
56.5811
58.48848
55.40351
56.6676
56.29741
55.50509
55.23763
54.97469
53.72672
52.80423
51.98571
51.74318
49.87068
51.36073
51.50632
51.96221
49.89049
50.15158
50.74655
51.87366
52.13372
53.59364
51.59806
49.66517
49.55873
49.64348
48.09078
48.77641
49.05126
47.74074
49.75524
47.86095
46.26808
48.36222
47.11872
48.01396
46.48562
46.51238
46.22419
45.32026
43.85855
42.25175
43.79554
44.80417
44.32985
43.6418
43.33974
44.08896
44.27458
43.72152
44.50312
44.97411
44.88879
45.88891
47.84473
47.81529
47.91962
46.95371
48.38821
47.08264
46.94264
44.55735
46.02854
45.09292
43.82893
42.98033
43.25727
43.50095
42.6928
42.3335
44.40083
42.69001
45.44025
45.87673
43.79199
42.58812
43.3071
44.53055
45.17285
47.04209
46.90118
46.23045
48.88278
50.86939
49.78129
51.66055
52.55121
51.72817
50.7095
47.28878
48.25077
49.74047
47.62318
49.49604
49.48161
48.94195
48.73402
51.02003
52.13893
53.46884
52.95824
50.7539
50.53962
52.8618
52.43394
51.03651
52.76761
53.22998
54.17939
53.54141
52.71084
50.19737
49.21153
51.82702
51.27335
50.43699
49.73779
49.39298
48.94027
48.42979
48.23153
48.04584
