74.58471
69.01562
70.78792
69.43804
64.97376
63.78029
62.26241
64.54138
64.20646
62.57061
64.14936
63.77821
61.34225
59.30112
54.54498
53.13839
52.60134
49.39139
51.03368
51.6209
52.16453
49.31057
49.51012
51.56441
56.14972
56.19437
58.10427
58.56546
52.75731
56.59046
57.88629
60.93419
58.86612
59.71063
58.72384
61.33735
58.06095
58.20366
56.71387
56.38122
57.11177
57.28984
56.3458
55.43154
50.21628
51.87161
51.45925
53.46335
52.4098
50.32726
47.26072
49.62696
47.44002
48.38032
45.32889
45.10119
41.8476
43.17593
45.19286
47.22818
46.48339
45.09498
46.00594
45.1061
45.31191
47.78859
44.81046
44.97153
44.80518
47.81703
48.71665
49.6746
49.77035
47.72804
46.07252
48.72953
46.41961
48.78151
50.73004
48.64184
50.44006
48.18852
47.79572
48.21475
48.48059
44.64963
47.43607
47.84131
48.16895
47.98054
49.51259
50.15386
51.793
52.87504
56.87684
51.71549
50.62377
49.79505
50.33531
53.43828
55.76905
53.3763
52.95092
51.76773
50.59132
49.49786
49.03397
50.65467
51.13759
51.44636
49.80257
50.54923
49.94567
48.74181
47.46112
46.53185
44.68503
44.42626
43.76413
45.42098
44.08407
42.64228
45.09177
46.86991
47.61136
47.4337
46.96904
48.19983
48.34799
47.15227
49.57549
48.32203
51.94879
48.97825
46.41786
44.78552
46.35942
46.3272
44.826
43.32087
42.35699
41.55983
41.27547
41.56718
42.09049
41.02522
44.61715
41.75535
41.69453
40.67779
39.4256
41.77745
43.20178
43.30846
43.60523
43.23136
45.99106
48.56658
49.25143
46.94266
45.90864
46.38376
48.43954
48.47619
47.53076
48.1198
47.01708
44.87006
47.1092
50.86246
46.30456
45.37127
44.02471
43.78255
41.54245
42.78577
43.23381
41.32731
42.72561
43.89987
42.84498
41.51526
42.50862
41.15947
40.64007
39.82313
38.60082
37.01754
37.14689
38.79337
40.14016
41.576
42.17026
41.02419
40.66956
40.01503
42.52989
45.00833
46.30932
45.64338
45.3864
45.16902
46.34386
46.73806
46.22885
44.30994
45.05117
44.50375
43.24677
43.77205
45.1808
44.30217
41.70398
42.72964
43.86747
41.90554
43.03194
43.62581
45.31145
43.42364
40.53914
40.48785
40.46289
39.76003
38.4002
35.66015
35.0882
35.03448
36.59279
35.45769
35.91663
35.93792
34.38646
35.05697
33.67172
33.61376
33.35535
33.60747
31.85606
33.34798
34.61543
34.01807
35.88493
35.2693
34.81244
34.31599
32.57336
32.31528
32.39687
32.27634
32.88874
33.79
33.66511
32.70624
33.72199
36.7556
36.69447
36.36312
34.51161
34.56934
36.84604
35.85069
37.79531
37.6792
38.70148
39.20079
38.68384
37.44376
37.63818
37.26015
34.7311
35.25033
34.39809
35.37215
34.0971
34.90976
34.52709
34.79937
33.62424
33.28619
34.5801
32.3832
33.13546
30.86562
30.5603
30.38001
32.40337
33.05938
35.78481
35.14923
35.40334
34.12419
31.62693
33.36553
34.00722
33.30569
31.08226
30.89288
31.00372
30.65096
29.58409
28.43698
29.33418
28.65403
28.09837
28.96595
28.81756
28.5288
28.70464
30.756
30.63154
30.19244
27.86453
25.9355
25.97823
27.18081
27.35769
26.38975
27.33051
26.82489
27.90669
28.84357
28.21159
27.35616
25.69204
24.7161
26.08304
25.61487
26.73424
27.45853
26.8753
28.26642
29.49954
28.43176
27.79576
27.01278
26.92526
27.43243
27.81108
27.0285
25.16169
26.77208
26.54779
26.06334
26.40045
27.11316
27.96734
28.93975
29.86572
29.45359
32.25249
31.3713
31.98284
31.87153
31.30063
31.44181
31.35363
32.11281
31.93369
33.22205
31.53849
32.57612
32.46749
34.80801
34.20451
34.6927
34.69514
35.68344
36.15177
36.85763
36.57352
35.74704
35.83406
35.88646
35.01721
33.71023
36.66748
36.85987
36.85421
35.89151
36.40191
38.62659
40.99102
40.54352
39.25058
38.44793
39.58522
39.10927
39.00615
37.66054
36.67859
36.95857
37.9715
36.4795
36.06236
36.0398
35.6691
33.57741
34.14453
33.39689
34.40125
35.0043
34.08846
34.0626
34.97177
34.96481
34.10022
34.98009
35.05946
33.81983
34.02463
33.60186
34.66459
34.65166
32.73193
33.50594
31.75133
32.8116
33.17522
32.90129
33.7389
34.32054
35.53274
35.08419
35.09666
32.98776
33.36091
33.77697
33.0891
33.97222
34.62416
34.09422
34.36006
36.07688
33.31617
33.37321
35.4149
34.20887
35.73554
36.01456
35.1623
33.89526
33.30164
32.22697
32.37135
31.26193
29.89805
31.01866
31.60949
32.42721
32.79341
32.39804
31.52429
32.00313
31.83113
31.87896
33.06406
33.09356
32.75148
31.9815
31.17154
32.43249
33.01192
33.21276
33.71576
33.44903
34.02715
32.97188
32.99921
33.86419
35.75474
35.39188
35.08715
32.57218
33.82755
32.83691
33.71625
34.36563
33.37362
32.0674
32.97111
32.20218
32.35034
33.9353
34.68929
35.53034
38.39957
38.8526
39.4543
38.88484
39.69843
38.88061
38.13481
35.54434
36.58757
37.37702
37.20971
35.41269
36.54721
37.13232
35.51806
37.85416
39.56229
39.62563
38.49942
38.61997
38.48443
40.91174
41.85828
43.19897
40.53793
40.43501
41.92355
39.87239
38.95593
39.69441
39.8034
38.39344
38.44042
39.00772
37.69977
39.81367
42.08613
43.12153
42.45219
41.24867
39.98361
40.76655
39.40332
40.45459
39.27168
39.13838
42.01098
40.16007
41.80461
41.66249
40.65168
41.61298
40.26471
41.17617
39.11537
40.37753
42.7785
43.04536
41.97645
40.32813
40.65546
42.71802
46.34872
44.56493
43.90244
42.44424
40.64967
41.52702
41.55887
40.8155
41.88731
40.5739
39.58123
40.34352
42.52021
42.0895
43.30783
43.52034
42.79049
42.00304
41.4593
39.80998
39.19852
38.63065
40.31208
41.95239
44.33741
47.32021
46.28877
44.59315
45.74391
46.00704
45.63681
47.90689
48.27458
46.89981
47.17169
45.58809
43.84362
43.01551
46.09517
45.19646
46.25888
45.9737
45.06617
46.32109
47.76407
50.36934
51.50449
53.9286
55.78537
53.72834
48.77632
51.92505
54.02377
52.31317
51.70642
52.47167
54.53674
54.74743
50.06565
47.04466
48.4512
48.85066
48.107
51.50565
51.55384
51.66011
49.85167
51.69397
48.43897
47.88922
47.43342
47.12449
47.50406
43.85935
42.62044
39.19017
39.81231
39.27855
41.17735
41.53454
39.95064
41.3386
41.84726
41.6752
42.2026
42.9339
41.58512
42.36797
43.76456
43.91105
40.16571
40.36092
42.40213
42.26227
41.79686
42.0979
43.88391
45.09938
47.7829
48.3186
49.64798
47.05544
48.4104
46.10548
44.62043
46.22846
43.75575
44.63942
46.24358
44.68448
43.50143
42.473
43.45373
41.32575
41.85914
44.1441
43.7724
45.44229
42.67244
43.05307
42.79215
40.9348
43.58511
43.96043
41.89281
43.02256
40.91675
45.22013
43.36295
43.01412
43.04288
44.31269
43.17861
41.21722
42.01581
41.67194
40.41954
40.16609
39.44049
40.86342
38.60891
36.70168
37.91406
36.49928
36.46644
36.45384
37.55621
35.95988
34.19053
33.39391
36.4333
33.09752
34.44155
36.99436
37.84697
38.42537
37.51644
36.22197
34.06817
33.70704
34.06759
33.73592
33.08533
35.57996
36.7295
38.06287
38.05666
36.95921
35.54118
33.95274
32.4253
32.6467
30.96217
30.04289
28.79282
27.87071
27.96088
29.54141
30.73122
31.10004
32.12873
31.0441
32.99636
31.07391
31.95862
29.73457
30.21378
30.17161
32.18792
31.52033
30.1098
30.26339
29.92221
30.28726
28.897
27.94704
29.34192
29.70071
30.35528
30.27423
31.07432
29.98507
29.25537
29.24186
31.54466
32.97274
32.57226
33.30386
33.59278
32.50588
30.41552
33.03018
32.11962
32.66917
33.35278
34.03068
34.97444
33.979
33.83279
33.37845
33.56004
32.31319
32.72476
32.02571
32.79285
31.25539
30.75061
34.56326
34.97896
35.39301
36.6883
36.86779
37.05235
36.73209
38.05846
37.54544
37.58955
37.33762
36.40276
35.74583
35.13882
34.99929
33.56553
35.62356
36.12033
35.41419
36.34843
35.94755
38.85063
38.84202
41.46816
39.89861
42.29146
43.61976
44.21139
41.95782
42.84853
45.98326
48.23617
45.15182
46.41845
43.33918
44.22514
41.73777
42.3328
42.3703
42.45932
44.69773
45.11578
44.29754
45.70221
45.24896
45.45801
43.94023
39.87705
39.53196
40.3561
39.67626
38.81658
38.61439
38.21626
40.71362
41.88027
39.50172
40.31416
40.10099
41.32066
43.70887
45.61153
44.34255
43.78374
42.39954
42.16666
43.43628
41.65402
40.35495
40.33509
43.4477
41.39923
40.70987
44.45323
43.68315
42.95853
39.98498
39.21411
39.11531
39.55317
40.80218
40.13268
39.69936
42.70881
43.16489
44.17877
43.18365
41.61179
40.15085
39.79562
37.21075
39.39437
40.42716
39.43267
38.90762
39.23926
41.34685
39.44377
40.65003
42.6699
37.59707
37.40851
37.16268
35.65511
34.82089
34.71111
32.76499
31.61425
30.86775
31.58435
32.84186
30.47751
30.43638
28.84056
28.86819
29.96617
32.56387
32.29753
30.86499
30.06663
29.43348
29.44986
29.67996
30.31338
29.03023
27.76709
27.12756
26.60843
25.82402
24.94549
24.45168
24.08282
22.67871
23.24412
22.83308
23.19468
23.07763
22.98541
23.78374
22.55639
22.3125
21.474
20.24012
20.09166
20.76827
19.9264
21.55843
20.88986
19.81984
21.4585
21.5591
20.19463
20.434
23.42818
22.70212
21.7339
22.55847
20.93402
21.49107
21.57555
21.44266
20.46281
19.90918
19.8086
19.98511
20.61382
21.06479
21.78734
20.57993
21.33792
21.66968
21.30625
21.24073
21.44485
21.38668
19.82925
19.62995
18.02399
15.88758
17.11785
18.55745
19.06401
19.39848
19.72322
19.31729
20.36071
20.19332
20.03471
19.89274
20.8939
21.39984
21.8135
21.6946
21.95224
21.88853
22.75229
22.6772
21.8557
21.42803
20.76872
19.97364
20.12586
19.63204
19.97772
19.99763
20.54081
21.96512
23.54265
24.22131
24.35324
24.11272
25.11963
26.44382
25.25831
27.16275
26.68421
27.99484
25.95332
24.75354
24.40487
25.83196
25.40691
27.03133
28.09059
29.59581
30.8542
28.29025
30.36591
30.15207
29.17318
29.82188
30.93014
32.55616
31.73451
31.71267
31.52655
32.20947
31.45647
30.58548
30.01449
32.68217
32.20294
31.15449
29.51445
30.8886
31.03379
32.84118
33.01813
32.78991
33.14981
32.6204
32.20748
33.21318
31.10044
29.79389
29.38811
29.55105
31.08905
29.26842
29.89013
28.75428
29.86094
28.50716
28.23742
28.09835
27.90079
26.69408
27.24705
28.45316
28.53637
30.47859
30.85494
30.90488
30.86333
30.02598
29.58478
30.32075
29.98111
29.70591
29.45332
29.13498
26.91541
27.0913
25.32909
24.36757
25.44525
23.67713
22.99583
23.4411
23.43035
22.80407
22.29526
22.36153
21.52671
20.47481
21.43656
21.05146
21.36649
21.97468
22.92623
22.67444
22.65227
21.68706
22.8531
23.57377
23.5853
24.66503
26.0201
26.16338
26.99293
26.83731
28.11879
29.72298
29.55486
27.60951
28.60905
27.90992
26.4872
27.44028
29.62944
30.24862
30.99723
30.77594
32.18182
31.14032
30.71976
32.85358
34.26175
32.73243
32.82603
31.69376
32.17352
33.06291
33.7323
32.62009
33.13271
36.17212
35.30632
35.57934
34.03511
34.11071
33.28377
33.19206
33.81271
31.4145
30.3049
32.10072
33.58976
35.28227
37.04838
37.48856
35.93596
36.90754
35.33503
34.37583
34.46037
36.15439
35.72102
33.78842
34.96309
36.00993
34.90288
34.89844
35.03353
34.61034
34.28851
34.95412
35.99533
36.36697
34.34278
35.22429
33.73765
36.32794
38.33624
39.49239
39.55829
38.38337
39.71824
39.63029
41.07034
40.92384
42.56032
40.82862
39.681
38.30135
40.42936
41.57787
42.88499
40.09975
40.22958
42.53438
39.80177
40.06994
40.70589
38.08147
40.53103
41.13313
40.41733
39.18528
36.26538
37.14863
35.75435
35.48832
36.20576
38.08443
35.98039
34.67313
36.84417
33.2896
35.68084
36.01229
34.24792
34.22844
32.90602
32.19061
33.02669
32.68073
33.38878
32.57982
32.96274
32.73763
32.57976
32.71156
33.20311
33.14973
32.68796
32.90958
32.67256
33.09237
35.50762
35.24945
36.83314
36.70841
36.01027
37.66696
38.6891
36.82914
37.33324
37.55797
34.34179
34.58418
34.7523
33.20785
29.67034
29.69377
27.61342
26.14818
27.51843
27.69316
26.22415
26.0489
26.74443
27.1057
27.57708
27.95526
27.45591
27.62133
28.51403
29.81133
28.68588
30.46697
31.09647
29.00922
29.52337
29.8709
31.03561
32.31452
33.15902
33.36877
33.478
34.11966
35.26243
35.0284
34.94432
33.99972
33.2553
32.19579
32.63298
34.01729
35.64924
33.05244
33.4878
35.26003
35.57935
34.91411
36.33829
35.28641
34.6498
34.37696
34.38473
34.41468
35.39417
33.32475
35.02939
34.82969
34.50854
34.78796
36.6497
37.07913
36.86406
38.10478
35.81184
33.58512
33.63457
34.17404
33.39485
33.61
33.50818
31.44015
30.61608
30.50781
29.51892
28.64894
29.21236
29.08134
29.82185
27.50592
27.19258
27.33919
28.65359
27.53906
29.65475
30.19677
30.38372
30.34782
29.98488
30.07863
30.94352
29.33866
29.70616
28.34128
25.93203
25.89439
25.56902
25.00642
24.8933
24.34765
24.66645
24.25661
24.38405
24.70853
26.62182
27.9944
26.16181
26.16622
28.88261
28.27263
28.55001
26.74106
25.47547
25.6076
24.07613
25.3236
26.78696
25.47696
27.68028
27.25641
28.36279
28.68944
27.75871
28.51237
28.34569
28.44302
29.14451
28.57874
26.72729
28.31236
26.42376
27.24394
27.1364
26.8727
28.04129
28.14338
28.86518
29.13428
28.42311
25.89708
26.66589
27.56589
27.8859
27.42358
28.0433
29.14573
29.64807
31.25711
31.24982
32.30944
34.87734
33.92246
32.01053
31.81732
30.45759
30.96434
31.09227
30.61256
32.1588
31.02212
29.04263
28.87022
29.94699
28.88451
29.81138
32.10664
31.87758
31.83419
33.32841
32.36027
33.08136
35.74856
35.30754
34.67327
37.65671
35.33598
35.44203
33.76483
33.68837
32.89603
34.00069
35.84849
34.85965
33.2316
34.47602
31.16259
33.72663
34.27906
32.98465
32.71575
32.8055
32.42377
30.8649
31.59479
32.13591
30.55478
31.28845
32.31236
32.58401
30.49182
30.00459
30.50497
31.54909
30.59501
30.66288
29.97507
27.94167
27.40452
28.8978
29.53621
28.98858
28.51247
27.95374
27.3992
26.24141
27.6595
27.74367
28.69266
28.42078
30.12983
30.09545
31.29786
31.57488
31.67262
34.2943
34.7006
33.34475
34.58413
33.20735
33.70293
32.90491
32.09984
30.72686
29.32846
31.79878
31.82562
33.38894
34.0729
33.59801
34.36392
34.13075
34.21628
34.70963
35.7188
33.99504
34.91514
33.41651
33.51558
32.28598
31.70265
31.95976
32.69782
33.71545
33.01416
34.63858
36.12926
34.72701
31.19956
32.16775
31.69705
30.31666
29.61711
30.18023
27.86618
27.25233
28.58392
27.99819
27.25119
28.03833
27.25492
27.75062
27.38766
26.50995
26.70267
25.70012
25.83294
24.35064
25.22336
24.07103
23.93059
23.44695
23.53441
24.50607
24.06663
24.03298
22.81972
24.96144
24.26979
26.51621
26.0768
24.8192
24.7567
24.21948
24.35745
24.24462
24.95599
25.14839
25.97252
25.31166
25.81502
25.5877
24.68583
24.51349
25.39029
24.67499
25.21311
23.25709
22.95914
23.63561
22.74972
23.26131
23.34419
25.15131
25.2293
26.77827
27.14839
28.6465
29.88765
27.64842
26.61095
26.41911
26.3796
27.88659
26.92007
25.56027
24.65975
25.25576
25.02028
24.96525
24.83582
24.2365
24.66462
26.7261
27.2231
26.15621
26.12701
25.824
26.73658
28.00806
30.01708
26.87524
26.53872
27.21126
25.30677
24.174
23.17077
23.87781
23.20052
23.7703
22.92737
23.87686
24.88086
24.59247
25.73635
24.72614
25.43692
24.73068
26.5365
27.7743
28.24277
28.18148
27.29377
26.56094
26.61696
27.00916
28.97973
30.03477
27.15169
26.79959
26.9211
26.93249
27.30149
26.11999
24.63557
24.57328
25.68026
25.36123
25.36509
23.55186
24.21531
25.20664
26.48803
26.35836
25.33679
26.28165
26.8436
25.22159
25.30043
25.85108
24.64882
24.5931
24.60025
25.51338
26.63622
26.95273
26.43109
27.22712
29.51856
28.43846
30.24823
28.07435
26.68622
26.95243
27.9302
29.25182
28.49165
29.36695
31.26621
31.94718
32.52351
31.4454
29.84032
29.2336
27.53732
28.78537
27.39146
28.59825
29.28141
28.69053
28.54861
29.2771
29.50573
28.50187
26.69349
25.62779
26.40595
25.96278
25.87422
26.04026
25.57308
25.28878
24.52851
24.77892
24.99326
25.68085
24.94719
24.53715
25.39674
26.34962
25.04747
24.69207
24.68174
24.23569
21.80769
22.05699
22.68018
22.55484
22.63045
21.84035
22.17386
21.59385
21.72174
21.05908
19.94134
