104.2846
96.54236
73.5811
78.45805
72.02215
83.43891
66.14592
81.74861
95.42306
113.9078
103.2083
95.72917
79.4126
81.22484
43.07977
41.89968
57.66732
78.22985
63.87658
61.89206
48.09578
61.45381
79.57083
78.15332
58.27317
20.34575
28.86522
63.71764
88.41668
79.36562
62.55738
48.05218
55.03464
40.33631
48.73083
37.08444
30.7713
45.56603
52.39329
61.63866
29.93779
44.71576
65.06642
75.55169
81.30943
80.54652
95.58647
110.6115
99.56846
94.66494
79.84084
94.51824
63.86218
48.60191
53.82089
46.82531
55.5377
66.80196
76.40077
89.35484
80.21701
91.17074
84.01456
111.0238
109.8464
121.381
99.02357
95.9036
93.70149
93.53141
76.34059
70.71319
78.701
63.99819
82.46626
71.59607
82.18018
88.26346
124.7482
119.4742
128.5925
154.7708
154.0112
150.4488
141.1445
127.2542
105.5532
81.33385
73.85565
101.642
118.0301
115.53
116.5182
115.8379
120.6919
123.0691
107.9849
117.9167
84.46218
83.64356
103.059
86.10573
87.15147
74.65228
76.47826
46.69592
43.88106
42.60888
39.66691
54.71019
59.88435
59.49865
66.69788
51.22674
22.0415
12.73542
17.7761
34.19048
51.36982
47.93288
44.97682
42.06319
56.92609
57.18695
48.9989
71.89918
58.49803
44.4196
38.27118
19.29422
25.11984
41.10705
35.03905
46.90193
15.27638
28.85248
30.16098
23.69631
9.55356
16.63402
25.26681
24.00601
41.36415
31.52408
40.49088
64.60024
48.03837
45.07542
55.08994
44.52626
54.10368
74.06938
44.99574
47.7203
63.27346
80.55624
80.63882
90.35517
115.5897
102.8237
85.61054
96.56549
96.68408
80.76206
104.6641
94.80089
41.32094
32.78012
61.70374
56.52938
56.2271
96.96183
92.01606
86.41813
100.6667
113.2978
128.019
134.1015
125.6392
151.5688
120.1318
101.0622
92.86547
76.42519
64.39728
50.19924
65.64347
59.15989
48.30013
62.00577
46.36532
42.95261
53.54432
57.03684
78.59184
71.81238
63.85715
45.88439
51.08089
63.09781
79.94358
82.96368
63.44841
77.74097
91.10333
99.80563
123.5236
95.06683
94.13709
117.0075
100.1857
80.26315
80.70573
95.15763
96.37806
131.9567
121.5263
128.2408
134.9662
120.7437
115.9896
95.8877
93.95094
92.90684
96.83301
110.0303
94.05372
116.8646
123.742
122.9773
93.15333
117.0995
118.1529
120.6837
117.144
112.1719
107.6252
100.1604
114.6034
84.89547
74.25134
97.0132
108.8641
91.61647
111.7611
129.349
106.204
101.9323
95.5503
103.6762
91.13033
85.54772
84.96702
87.99799
77.18791
107.0187
120.3493
107.1079
122.17
140.5904
168.2197
146.9279
131.546
141.1695
150.0359
150.5743
133.6432
93.71837
103.8664
100.3774
67.8357
69.04159
45.43052
42.08821
44.49599
51.95176
46.17589
37.70932
71.75529
68.95365
87.63457
112.3856
124.2917
124.7459
149.9308
148.588
118.3846
116.0069
124.3656
160.6586
167.7084
142.6022
145.6189
158.9388
137.4576
133.596
134.8538
146.142
141.368
141.1599
156.7737
149.1728
154.3137
157.6005
149.8664
175.0367
172.2202
188.7555
172.1617
167.1897
146.4885
174.8206
163.4846
158.1447
163.0165
152.2086
158.1152
150.5334
130.5645
105.8091
110.5632
115.2089
86.31029
126.3294
123.534
116.8499
118.9124
113.8292
88.54716
87.34933
86.10215
57.02989
59.922
26.44775
14.2043
-4.674981
-1.512746
-32.04205
-49.85803
-48.13272
-51.25127
-25.78176
-20.46733
-27.36778
-38.46335
-11.89946
2.849038
23.38748
29.6537
31.4581
11.42781
6.188558
13.27375
21.44485
35.46421
38.38793
65.13681
51.87266
37.85155
73.69298
89.58143
94.0592
72.93616
53.7996
85.78964
66.66009
76.42104
57.50307
55.05259
12.95939
10.01179
10.88669
31.27894
48.31852
47.95501
61.4448
71.34542
39.88469
32.11125
16.72784
30.61511
18.32247
39.21062
52.34498
70.12281
106.0959
124.3026
128.0807
125.8348
104.2397
119.2635
110.4598
99.24221
87.64359
85.85506
99.84259
87.92513
106.9547
105.5993
101.0933
121.5792
105.7776
104.5507
93.64424
90.11451
99.17869
92.64846
73.16909
61.1374
102.27
119.6014
113.8959
112.0725
121.2207
117.6262
96.49468
70.45698
67.64933
68.23996
46.87172
36.82984
49.42256
42.84291
35.23687
34.77287
49.25344
73.87824
54.76163
30.65082
49.0859
66.81405
82.50342
94.85908
103.5166
111.9242
99.20952
115.5608
97.14008
70.57719
50.05473
49.94175
45.75325
45.85923
44.55595
36.22435
32.55345
27.16964
26.03432
18.7727
13.72729
19.95098
1.491401
5.618229
14.98833
28.31407
14.63072
33.37975
13.75134
15.29513
24.03284
39.44407
50.9365
87.17912
89.59033
79.9001
65.33462
67.7602
67.45525
77.4646
74.11413
60.47165
62.37021
86.66691
107.1058
110.9532
133.9451
124.8708
104.5234
105.2734
104.1659
102.5763
97.33824
77.77197
78.638
93.3296
116.152
109.9835
112.9622
107.0634
94.22559
96.71271
47.55458
38.53475
43.11137
41.27137
45.54572
36.55136
63.18671
76.48195
54.47651
71.86413
71.22452
52.52046
70.84453
58.04957
59.9925
60.1728
79.85359
67.102
70.15545
72.58364
83.02253
64.8995
75.52394
54.40478
59.20078
40.89407
58.12856
60.51493
95.40876
84.38661
92.26643
97.3328
101.4671
90.66476
81.73288
102.9778
88.4666
97.59216
81.6184
81.00896
47.72526
42.28814
40.42848
66.56369
66.38958
87.78429
109.4244
96.09167
84.54266
64.33791
46.8143
19.66747
16.06582
18.05072
32.34295
38.70602
32.34185
42.93965
70.59766
66.73716
64.72388
54.08484
68.63579
68.31831
71.42195
98.24574
93.78384
89.44582
70.45098
59.35746
77.27012
62.3763
77.40499
76.16741
84.8756
72.14286
74.4448
86.70423
60.94758
49.28921
43.2238
43.56261
47.75103
56.87248
87.0642
104.7897
95.86279
83.40216
72.314
79.75642
66.83465
75.09744
63.30336
51.29225
39.34183
25.37295
14.98738
0.8863869
10.39333
11.03236
13.70551
1.149873
5.601006
2.276375
-1.251683
-7.684019
-14.33402
-32.76021
-21.27497
-5.359398
13.53478
-14.50591
1.684051
25.45788
39.50665
47.98709
52.9472
71.06412
70.10081
52.0279
24.71585
-1.479302
22.40236
13.18756
21.68721
21.17519
48.03485
61.22808
42.59746
46.28322
69.90733
59.18535
69.72566
72.37671
94.78207
78.04671
78.55525
57.87963
56.61514
22.65692
25.83097
21.91265
29.77416
56.37635
21.26318
33.92521
45.53526
36.99648
63.89247
46.31322
53.27562
41.29471
54.83231
61.57713
42.55514
46.26051
41.55404
63.23863
67.25392
88.98942
87.34555
99.72197
90.38742
77.65794
87.43334
77.42754
88.57921
92.12332
89.88511
99.70173
121.421
130.2847
137.4868
130.2663
123.2469
89.97037
116.7997
128.3808
139.4046
153.4189
162.3242
148.3778
132.6935
121.1784
99.49863
59.19473
57.17018
55.15725
76.01428
96.41813
84.15653
115.5134
102.446
96.28428
77.53427
74.42964
57.86456
62.54408
42.12724
15.12665
8.728021
-2.664031
18.14453
23.26056
4.027893
-13.87436
-27.05204
-27.91184
-36.97666
-6.743746
4.591546
5.290983
18.52702
29.94638
38.71033
50.48237
62.28605
75.26172
81.37924
76.01866
99.08357
108.7671
87.49145
94.81356
112.5465
126.3225
143.0888
133.8637
144.8831
117.4172
125.9084
137.7799
125.1713
127.007
109.4754
100.2121
98.54696
95.31361
89.412
108.5616
117.2766
111.919
123.8526
121.4759
103.8555
106.6841
127.9848
151.4408
146.4253
157.2152
159.8734
178.1409
185.7045
173.2466
186.5747
149.5608
155.2879
132.272
129.7192
112.3392
104.925
114.2163
120.1036
100.5664
107.5092
99.00256
82.14176
96.38934
106.8886
97.88111
89.04578
100.3511
103.0126
98.10457
90.41089
113.4486
152.2168
163.5934
166.6093
168.614
149.8711
141.6423
153.5609
174.6694
165.8448
160.6209
177.0906
151.1507
157.8843
182.1784
178.8532
157.4376
141.8866
133.7262
126.2485
113.4339
90.15129
95.20744
104.7371
129.7421
100.7898
134.2341
124.1738
115.9392
131.1881
105.2215
119.4899
118.9887
102.1597
77.95738
92.82933
106.4598
105.511
101.8841
98.02486
115.9852
86.33226
59.54452
89.54751
97.78758
91.18569
54.47705
52.22613
53.98871
67.12377
86.43868
71.74451
67.52231
47.62866
66.53788
61.63256
80.83751
92.43548
105.7519
109.8046
114.5219
124.935
112.4422
112.5178
109.2106
109.0851
116.3215
121.0564
91.35899
102.3493
108.1813
86.13408
71.6555
71.35584
48.9821
16.26351
8.361892
38.82201
52.03845
30.39392
55.85136
61.68913
51.29943
30.12511
17.18766
26.67764
12.44168
37.40369
67.73334
62.2877
55.32426
68.27032
45.0487
58.20303
84.42165
75.73889
84.35055
77.72164
77.00184
73.51513
64.227
72.74603
86.98603
90.87498
76.16851
73.83475
78.70535
94.38144
82.35534
101.6709
96.54707
96.34993
100.4124
86.60243
75.04013
87.44204
82.29469
90.54293
79.20863
52.57261
37.77758
44.88043
41.31919
39.49901
49.26798
48.93085
77.57938
82.35443
93.11614
89.22439
68.37376
86.68188
94.20922
98.66554
130.4
133.6896
138.7178
156.7147
144.8988
158.1306
156.4393
145.6978
155.004
183.0989
154.8748
148.5705
150.6019
141.6634
128.2709
135.2379
143.116
145.4132
118.6572
122.0127
121.0929
125.6229
114.6157
138.5513
162.4476
166.5926
155.7532
145.6436
150.5865
155.9138
135.9018
144.9826
170.8155
157.3467
139.2082
141.795
148.6756
111.8495
100.125
108.692
122.117
108.7451
121.2993
124.1852
116.3326
132.3141
114.8631
109.7719
109.4248
102.8916
93.30856
79.4807
79.79952
95.57984
98.61954
94.80965
103.8388
107.1233
88.04338
110.0624
120.8611
127.8225
141.5315
129.3854
108.108
116.1165
115.2849
131.5647
129.9698
112.4715
124.7941
147.2296
123.5333
107.4193
116.2537
115.864
108.4107
111.0103
109.8143
109.091
132.6907
121.381
139.4505
141.5937
127.713
114.403
127.0054
123.6165
124.773
86.98416
83.14172
89.26695
108.8646
126.8718
128.284
104.9739
96.50174
77.2278
78.20385
89.54773
